1.405000000000000000e+03
3.082000000000000000e+03
4.287000000000000000e+03
5.389000000000000000e+03
6.176000000000000000e+03
7.212000000000000000e+03
8.543000000000000000e+03
1.003800000000000000e+04
1.086700000000000000e+04
1.151000000000000000e+04
1.237200000000000000e+04
1.324200000000000000e+04
1.499900000000000000e+04
1.705700000000000000e+04
1.892400000000000000e+04
1.997900000000000000e+04
2.172800000000000000e+04
2.329700000000000000e+04
2.475700000000000000e+04
2.601500000000000000e+04
2.758200000000000000e+04
2.880400000000000000e+04
2.986200000000000000e+04
3.093500000000000000e+04
