6.180000000000000000e+02
1.658000000000000000e+03
2.499000000000000000e+03
3.378000000000000000e+03
4.012000000000000000e+03
4.368000000000000000e+03
4.789000000000000000e+03
7.764000000000000000e+03
8.143000000000000000e+03
8.779000000000000000e+03
9.139000000000000000e+03
1.022800000000000000e+04
1.146600000000000000e+04
1.306800000000000000e+04
1.474700000000000000e+04
1.543200000000000000e+04
1.779600000000000000e+04
1.967700000000000000e+04
2.078400000000000000e+04
2.177500000000000000e+04
2.246200000000000000e+04
2.318800000000000000e+04
2.397300000000000000e+04
2.499000000000000000e+04
