2.190000000000000000e+03
5.209000000000000000e+03
7.209000000000000000e+03
9.269000000000000000e+03
1.152500000000000000e+04
1.451600000000000000e+04
1.813600000000000000e+04
2.191300000000000000e+04
2.561700000000000000e+04
2.869600000000000000e+04
3.190900000000000000e+04
3.475800000000000000e+04
4.067200000000000000e+04
4.622000000000000000e+04
5.178100000000000000e+04
5.767400000000000000e+04
6.036300000000000000e+04
6.254300000000000000e+04
6.433600000000000000e+04
6.641600000000000000e+04
6.988200000000000000e+04
7.383600000000000000e+04
7.795000000000000000e+04
8.177500000000000000e+04
