2.340000000000000000e+03
4.851000000000000000e+03
7.428000000000000000e+03
9.843000000000000000e+03
1.232200000000000000e+04
1.504100000000000000e+04
1.757700000000000000e+04
2.076700000000000000e+04
2.320000000000000000e+04
2.650500000000000000e+04
2.933700000000000000e+04
3.196900000000000000e+04
3.503200000000000000e+04
3.813800000000000000e+04
4.129700000000000000e+04
4.474200000000000000e+04
4.621300000000000000e+04
4.876600000000000000e+04
5.159700000000000000e+04
5.320800000000000000e+04
5.682500000000000000e+04
5.992600000000000000e+04
6.315800000000000000e+04
6.626700000000000000e+04
