2.158000000000000000e+03
5.851000000000000000e+03
9.345000000000000000e+03
1.169900000000000000e+04
1.555000000000000000e+04
1.988600000000000000e+04
2.313500000000000000e+04
2.708800000000000000e+04
3.036400000000000000e+04
3.381200000000000000e+04
3.605900000000000000e+04
3.873700000000000000e+04
4.431200000000000000e+04
4.971900000000000000e+04
5.498500000000000000e+04
6.109000000000000000e+04
6.423100000000000000e+04
6.618900000000000000e+04
6.768700000000000000e+04
7.026300000000000000e+04
7.441500000000000000e+04
7.762500000000000000e+04
8.274500000000000000e+04
8.753000000000000000e+04
