1.092000000000000000e+03
3.702000000000000000e+03
5.972000000000000000e+03
7.902000000000000000e+03
1.011600000000000000e+04
1.251000000000000000e+04
1.478700000000000000e+04
1.799800000000000000e+04
2.083300000000000000e+04
2.382700000000000000e+04
2.616600000000000000e+04
2.818400000000000000e+04
3.127200000000000000e+04
3.461100000000000000e+04
3.759700000000000000e+04
4.096700000000000000e+04
4.299100000000000000e+04
4.435800000000000000e+04
4.616600000000000000e+04
4.778600000000000000e+04
4.971500000000000000e+04
5.187100000000000000e+04
5.398600000000000000e+04
5.568500000000000000e+04
