-6.416220920769566760e+01 -2.223880543443383573e+01 6.122624171340130772e+01 2.996839735371564117e+01 2.997013024494850963e+00 8.159788007665360610e+00 -6.519817961136525675e+00 -1.692316490372873128e+00 -2.154757031965189995e+01 -2.541637157693314464e+01 1.236463379608624713e+01 7.670867577478202026e-01
-6.023562468281198079e+01 2.725639149277913731e+01 5.139233374090463258e+01 2.955227987968252279e+01 1.133514650765241072e+01 4.089984526356357009e+00 -7.236935667651432702e+00 1.076365620374459553e+01 2.862161023442263641e+00 -9.718281068257979882e+00 7.731388947143434720e+00 9.420726024196625303e+00
-7.087426596291152237e+01 1.618229513091493654e-01 3.394324364870698219e+01 2.661317483287894348e+01 1.205510511250516359e+01 4.726055994688208806e+00 -8.006332102305810494e+00 1.633523276840885785e+01 -6.469046475642933558e+00 -2.217443423094260169e+01 5.211202596823543587e+00 1.165649912054836612e+01
-1.080628560452640272e+02 -2.637515616128023410e+01 1.471576464750734026e+01 -2.283657557115272141e+01 1.100390128459854466e+01 -6.002876981318466143e+00 -1.969785469939825617e+01 9.732154884070096657e+00 -1.100979285954464615e+01 -9.942717256748744958e+00 -8.975214317583219525e+00 -9.423372113682773943e+00
-1.058952420882093008e+02 -7.200301243951986407e+01 3.593280764548538286e+01 3.175426444735678899e+01 2.709599270868525878e+01 1.210193945918916469e+01 -2.914873808176372538e-01 2.841400010885710259e+01 1.133900894870784448e+01 2.475261126901100450e+00 1.488114242500576978e+01 2.104620668115201987e+00
-7.168587205308011789e+01 -3.973381378559120236e+01 -2.969045128502270092e-01 1.680207876604347206e+01 3.977605432173339750e+01 -3.208285056660508161e+01 -2.421332484158714493e+01 -1.339215999852013894e+01 -2.474241346459367108e-01 -3.551552495351982586e+00 -3.404994060668968814e+00 1.465915066616263829e+01
2.917221550445809441e+01 4.339006913405330579e+01 -5.009536578510743965e+00 -8.944054103055860239e+00 3.148569102918269280e+01 -4.027067008916279889e+01 -1.409127146067662117e+01 -4.697856267459854962e+00 4.107045059161745115e+00 1.207533504445380679e+01 5.232615947890794095e-01 -5.966353140683313683e+00
2.319149455098401091e+01 9.565681291999878155e+00 -1.722995093477896944e+01 -1.847400416660542533e+01 3.761669873551854337e+00 -3.761349006285672658e+01 -1.909135625363671096e+01 3.441530337904196379e+00 5.854664129993839339e+00 2.818293784012496772e+01 1.857190428763027423e+00 -9.801846700238794341e+00
2.058776507869146855e+01 4.717344909740005754e+00 -1.005389620261435546e+01 -9.909613923589501994e+00 3.759322988631399909e+00 -2.789767773990141109e+01 -1.922418452978439518e+01 8.094150385312623985e-01 2.242290118949532562e-01 1.566612501704160465e+01 4.749786293424023143e+00 -1.628892240073476927e+01
2.906196785075921341e+01 2.101571133757082066e+01 -1.413775183155819182e+00 7.126001370305260707e+00 8.257355946619252762e+00 -2.546523848363905174e+01 -1.071631249769329131e+01 5.549479661688913268e+00 -3.623330064533570649e+00 2.356534064854948340e+01 3.360468318605357663e+00 -1.565370322831174121e+01
6.571360373821053535e+00 4.248517510893535132e+00 -1.917629428929039292e+01 -2.539015672555634850e+01 -1.942504382036689137e+01 -2.512046539175495496e+01 -1.537253405293295749e+01 -1.008000370965546644e+01 -1.675603293529308857e+01 2.657492839697129128e+00 -1.807561163844597019e+01 -1.797611350744441694e+01
8.244889144057042429e+00 -6.339409763212002780e+00 -9.555177357341078093e+00 -1.934941843051385391e+01 -1.291429061421954572e+01 -2.102814792806070443e+01 -1.671629985200654289e+01 1.900650144517554985e+00 -4.875454747743859230e+00 -1.715887093477968861e+00 -1.555588511979875577e+01 -1.007995820800790909e+01
3.219166769888587254e+01 1.211161996522669781e+01 -2.573997876106592031e+01 -1.931400265712219877e+01 2.627392340596123255e+00 -1.530962126998903727e+01 -1.912878026782495056e+01 -4.774464592933025386e+00 -4.208695667060847079e+00 1.062555683651591387e+01 -1.130929025704330515e+00 -1.880453367485408478e+01
1.019267415848007730e+01 -8.779394324571835995e+00 -4.954468299103685069e+01 -2.577511253148078652e+01 -1.751453970386823400e+01 -4.030082966950871537e+01 -1.605083450743952156e+01 -1.625204866946233651e+01 -1.804394051811166477e+01 -9.495956210535592135e+00 -1.218844064640801683e+01 -2.523565786687515100e+01
2.323619747342846864e+01 6.023017091951668789e+00 -2.120113475883039911e+01 -1.381614083882709920e+01 -1.781059704456507831e+01 -1.375824038682065975e+01 -1.302513141800439200e+00 -2.196598067875105365e+00 -1.189375829412694685e+01 1.816748225104979753e+01 5.390406984489481967e-02 -7.906531559893975825e+00
3.459260722556935974e+01 9.548253988976644901e-01 -2.281878424224957058e+01 -1.667449898147417997e+01 -1.799318100797544417e+01 -1.102371133499751465e+01 -1.348388940293070704e+01 -5.617255667211445314e+00 4.310606035471711728e+00 1.155617447465630221e+01 -2.334849632583544388e+00 -1.603594162107180665e+01
2.182508118485101889e+01 5.028669727194801986e+00 -1.263791765587891724e+01 -1.688134418546096072e+01 -8.370950035024124603e+00 -1.713822377263570829e+01 -8.585084893221748281e-01 4.541838377036444996e+00 -1.211704216216888241e+01 1.679751325426256869e+01 1.538113202691693715e+01 -2.116948640774480594e+01
2.577113209874444522e+01 1.423533118183906865e+01 -1.885954203313848865e+01 -1.281147787435029528e+01 -1.516695486119323988e+01 -7.072056301258297317e+00 -7.264027648691885553e+00 6.385417506518560771e+00 -2.497664748170863369e+00 1.390734072039133018e+01 2.789178297464267153e+00 -1.815542668422193628e+01
2.605016684408112226e+01 2.080595495747581403e-01 -4.227113785992759887e+00 -1.500478747428724269e+01 -6.776561338474332175e+00 -7.618025921233702036e-01 -1.340281446039752566e+01 -3.554766372651240403e+00 2.375539969354708347e+00 1.436881683533741416e+01 8.271114024102196538e+00 -1.688936960671119181e+01
2.283414050798413086e+01 4.561077852916637809e+00 -1.230540179645447374e+00 -1.904261790459609927e+01 -9.325304288186604396e+00 -1.081456566734036073e+01 -4.073732984845893412e+00 2.640317471982733810e+00 -7.487994148426242447e+00 1.460408380494718372e+01 7.101308780333043913e+00 -1.722334695079376843e+01
1.285355928492965027e+01 4.285451640453832312e+00 4.192398616188947713e+00 -1.618051678578626351e+01 6.846471316233578186e+00 -2.014239085808799956e+01 -2.223730454979338411e+00 -4.240128928265011865e+00 -6.781711665911801745e+00 1.476708716272114152e+01 4.494690448767357793e+00 -6.506746033459551271e+00
1.823388904626659013e+01 7.920242789869234912e+00 1.648986920632697917e+01 -5.030809034876147834e+00 -6.470583200415829239e+00 -6.427688884578884654e+00 -2.389944779603874281e+01 -2.416647276869821059e-01 -5.570278482220270888e+00 1.649241168241066902e+01 1.172143556544416398e+01 7.568394733737500601e+00
1.582307652257650155e+01 -4.524522700228974514e+00 3.036812752967306039e+01 -6.815408606318831275e+00 -8.391290803638806750e+00 -7.942528493419429125e+00 -2.004979635992139109e+01 -1.360270463276635233e+01 3.640739436077009561e+00 1.794592896883439792e+01 1.382995861884789512e+01 7.089495298188865924e-01
1.592452660201501402e+01 8.486704925135128974e+00 2.974132962419285064e+01 -1.818609499694221654e+01 -1.100103885793304315e+01 -8.936684036274556320e+00 -1.628664812794021799e+01 -2.911023957106312565e+01 -9.054559758965249117e+00 1.076103068625899084e+01 -3.399082049551655160e+00 -9.165767358841575785e+00
1.371859080738080294e+01 2.100857295845435857e+01 3.264824771215534582e+01 -2.152362387673614563e+01 -1.904772481831503228e+01 -7.068047487526220252e+00 -1.829742679544940032e+01 -6.257517156340852260e+00 -1.243192886022668908e+01 -7.178098122168932171e+00 -1.116126349191001665e+01 -1.860011723079809087e+01
5.897327632036443390e+00 3.672846009222392638e+01 3.947819818229731226e+01 -1.390654737159010423e+01 -2.342481964096634073e+01 2.071692311858328850e+01 6.049561165012380393e-01 -5.309341977431934367e+00 2.879095222880496685e-01 4.978139543308355286e+00 -2.152690911679842500e+00 -7.182182306470553890e+00
2.463448629227194075e+01 5.559093104479730130e+01 -1.194565858260803637e+00 -1.288052123628569667e+01 -3.149346637113572100e+00 2.098287455739020757e+00 -1.220976189380985666e+01 -2.661198470562366580e+00 2.517911729704897184e+00 3.285094268590174060e+00 -1.225870281491339142e-01 -1.518813844962973647e+01
2.335313352484149618e-01 4.785554154176039532e+01 8.841207591287197687e+00 -1.212995020427551474e+01 -6.489088086936856570e+00 8.328052850050729816e+00 -1.454159453311550010e+01 -9.807195858134111432e+00 -9.448746888555858980e-01 1.746726122807519932e+00 9.745912199415805333e+00 -1.133148395340142045e+01
-3.246992807084063770e+01 3.545426333749246339e+01 7.029639627265305890e+00 -1.119827202080858086e+01 -5.497459747971600308e+00 -2.968166176063903539e+00 -2.723960897028710093e+01 -1.077118508087190563e+01 3.551428609991602592e-01 -1.985351332505290500e+00 2.804913664999358680e+00 -1.448911407156116216e+00
-2.124181297300868820e+01 4.363539227755145333e+01 3.624737244266501790e+00 -2.649954858934293256e+01 -9.607066296633092861e+00 1.062590994499461949e+01 -3.692902289069930788e+00 3.067981175454823628e-01 -7.102078009971475758e+00 -1.020837242858688754e+01 4.573435521157998451e+00 8.779793286694820509e+00
-3.466275109351101946e+01 3.084123339684461484e+01 -5.834245804903430255e+00 -3.473917703613189190e+01 -2.655792946748128713e+01 7.428957819683109420e+00 -1.319246436628616870e+01 -6.233298196480760112e+00 -8.564071002175545289e+00 -4.181512900344647399e+00 9.703686292191058271e+00 4.568042341274711760e-01
-1.142346276203344217e+02 -2.371929278388851259e+01 5.491614762547963835e+01 -2.817438075069743775e+01 -1.952756774940044693e+01 1.641485877032901719e+00 -2.960948200566046040e+01 1.189625766294056319e+01 2.222635029013486019e+01 1.375260364391263757e+01 1.207482053282152279e+01 -3.518464051396911874e+00
-1.343644580365825050e+02 -4.161183692462724792e+01 6.303806574528577755e+01 -2.641110464656810208e+01 -1.498032355951629668e+01 1.920495958373580692e+01 -1.730766671862349426e+01 -6.929495582422355859e+00 1.146001114045163760e+01 9.563613617229309583e+00 9.075637315173505471e+00 -1.120940211524679775e+01
-8.656387050012600071e+01 -5.546374137545133465e+01 6.594712789904141914e+01 -2.857843485126859928e+00 -7.857430992339187625e+00 7.891409119575532038e-02 -3.258984541605138219e+01 -8.961972943937453806e+00 1.166150777067032607e+01 6.404879124805535895e+00 -3.926950982929826584e+00 -1.676186043430376316e+01
-4.342365703842742164e+01 -7.787652145339351684e+00 5.155715877809193159e+01 -1.542841551397916966e+01 6.072399262017116328e+00 2.772168319691319827e+00 -2.264349663412443192e+01 -2.230564303663411607e+01 -4.919779740021532177e+00 2.623095129781191304e+00 -1.661428362637654033e+01 -1.946555565294869794e+01
-4.529366101670592393e+00 1.375967759267190083e+01 5.525443956469952411e+01 -3.337813023032932147e+00 -3.659016744665772869e+00 -6.343078204379648533e+00 -7.312351791758617381e+00 -1.826359617886931375e+01 4.241889774498083909e+00 2.623036970832325121e+00 -2.254639966320220879e+01 -1.454007263248831450e+01
-3.253709339165267522e+01 1.822430068721562435e+01 8.536105706995255105e+01 1.998165776676275840e+01 -1.970808202827702615e+01 -5.779801418853953976e+01 -2.682239597639811990e+01 -1.895770511486403365e+01 1.540402991632985330e-01 -4.972677612262829783e+00 -2.070565697501410796e+01 -2.318839729334517585e+01
7.239396258460637057e+00 8.061386548235155658e+00 3.894916424873821370e+01 1.605570364290246133e+00 7.075180901004549661e-01 -3.768626128235879946e+01 -1.267581981327788831e+01 -1.645763428630160519e+01 -9.139806183943161244e+00 -1.581227318131635418e+00 -1.175398871065709727e+01 -1.248718570645507953e+01
2.426252192304377164e+00 1.641408776088768207e+01 4.618600775785205315e+01 2.185455295048474511e+01 -1.336507607358228533e+01 -3.596364738588231802e+01 -1.031429427457983294e+01 -1.702598656561614376e+01 1.164964748480320011e+01 -2.644404160933156334e+00 -3.837089477977253082e+00 -1.407538763142224880e+01
4.154675257795187093e+00 1.774496550717103105e+01 6.204652330496779911e+01 1.448622405434508664e+01 -8.514859412225908031e-01 -4.980344778816531459e+01 -1.860438834601240643e+01 -4.121209265709600444e+00 1.032479918369374516e+01 5.319566195040702716e+00 -8.311118588243045835e+00 -9.461743042453205632e+00
2.172173624695527394e+01 1.137568699692254626e+01 2.562088099524872575e+01 4.332932625694625450e+00 3.577264548440288738e-01 -4.465519812595000815e+01 -1.432877739852842680e+01 -2.150747694660103626e+00 2.277864269516713058e+00 -6.878747768693298070e+00 1.380279263794820910e+00 -5.787476446304653521e+00
8.375527022374166464e+00 3.185299243837342864e+00 2.192054194341513096e+01 -1.151468100267086214e+01 -1.753303460289506788e+01 -4.423059492349431565e+01 -1.611794498875640258e+01 -2.312344988076575447e+01 -1.037196198152840410e+01 -1.021747735359108233e+00 -1.029911478314076589e+01 -1.428052168346528461e+01
2.391059507591557942e+00 1.158133497424900327e+01 4.878212078955074560e+01 1.551489414537004663e+01 -9.746074624673676468e+00 -5.110579792293599155e+01 -3.021054946253267204e+01 -1.861916655335837589e+01 -2.915325153074044273e-01 1.508808232090420276e+01 -8.508967845657757323e+00 -1.177169030914139469e+01
1.481197879069936540e+01 2.083883780869141589e+01 2.340589623755092319e+01 -1.037099584319745027e-01 -3.852972649603670696e+00 -3.960720862706207868e+01 -1.863925261430281921e+01 -8.541440414270301318e+00 -1.311477037213503927e+01 -1.704823841614642177e+00 1.047453034239835468e+01 1.095390970041157708e+00
1.932885454731104602e+01 2.896775263426156499e+01 3.567138032808162507e+01 -8.402376090907893058e+00 -2.073012851839657600e+01 -2.449894634785440672e+01 -8.759063200582216879e+00 -1.545224679196185313e+01 -6.237357022421269548e+00 1.742504993785212974e+01 2.256272301574478334e+00 -6.791719377238980115e+00
4.166403349468701833e+01 3.103921813115380957e+01 2.368654678822749560e+01 -2.486795690493280198e+00 -9.133497616922635842e+00 -1.943222618703697435e+01 -1.217822534659853062e+01 5.807818649502842767e-01 -3.835024437342049453e+00 6.792912310953814981e+00 1.268402174786764647e+01 4.212988456769242163e+00
3.769459348740015514e+01 1.218214262084675426e+01 -9.989729103853849379e-01 -8.645537385648591311e+00 -2.301342990896312557e+01 -1.996751689107957972e+01 -5.387600518533222527e+00 -4.779971382451728701e+00 1.555174169015141494e+00 -8.286363612054959304e+00 -1.094527969458439287e+01 1.284623210948208083e-01
4.370909874659265881e+01 1.570714699699996331e+01 -3.575122848716648871e+00 -8.401001543043317810e+00 -1.001615429694941639e+01 -4.092981933255898497e+01 -8.044574184754147428e-01 2.213808069968532521e-01 -2.184396166406507689e+01 -9.318524266768070774e+00 -1.110739698756855631e+01 -2.630393979245496006e+00
2.681620258255102129e+01 1.009738403541744134e+01 -2.954589764599955259e-01 -8.099550380216648193e+00 -1.328190511325990109e+01 -1.683412355930379789e+01 1.032856562149185642e+01 -8.812205315473220502e-01 -2.303539910022472270e+01 -1.501136187592377524e+01 -1.377344538809094843e+01 -1.134776251990088092e+01
3.842229623287627049e+01 1.905433412413903227e+01 9.554525787295769845e+00 -2.428401035803531727e+00 1.562316336938176953e+00 -1.842751926798676010e+01 7.834953052477700908e+00 1.542631356245751206e+01 -2.299186528996590084e+01 -1.278980967588986495e+01 -1.101047882268684575e+01 -1.474374816908860852e+00
4.295209636211095727e+01 2.586237089859537974e+01 3.570613961474283560e+00 -9.041140183957674381e+00 3.335000343871150186e+00 -4.851975043800928589e+00 5.506365522796883738e+00 2.347936206396354919e+00 -1.914835469432641091e+01 -1.160985419819701114e+01 -7.563194933298918343e+00 -4.206982340399320286e+00
4.250076656022338284e+01 2.884179432694247325e+01 1.164433437546835748e+01 -6.880817895219122349e+00 -5.923780965244910490e+00 -9.213717883226713923e+00 1.314375048465591966e+01 1.517264914487054384e+01 -1.744953545222468705e+01 -1.580806970750536067e+01 -1.638165578268419154e+01 -6.282363866380231698e+00
2.789163905068272697e+01 3.539521833992047561e+01 3.657361034544896472e-01 -3.803644334187916698e+00 2.049066284370576696e+00 1.084223535045808040e+00 9.846038167588254675e-01 3.239712667690034742e+00 -2.082015421533521504e+01 -2.632907791563713928e+01 -6.593820094949868427e+00 -1.146464102036309640e+01
2.208091233062208758e+01 6.266276735000740672e+01 2.414029314493652123e+01 1.516039178765406170e+00 -3.718903397246246634e+00 2.294032572287722616e+00 5.693492440753196604e+00 7.931892242330251364e+00 -1.319022520773103579e+01 -2.515909268537914301e+01 -8.076948956975074978e+00 -5.596296185883419483e+00
1.643806796493842270e+01 2.998958464933492252e+01 -7.884166219461850034e-01 -1.267677970783962493e+01 -9.731738723853537110e+00 -6.487545472168440241e+00 -2.422342220528955092e+00 1.962094894873464446e+00 -2.970787369714868476e+01 -3.827271316261783340e+01 -1.590106667631158466e+01 -5.913720406465163393e+00
-6.147454457462330879e+00 2.637110354021789504e+01 -2.386800169217297540e+00 -1.122281073919653593e+01 -8.226938986369674467e+00 -1.895528352295415431e+01 -1.392345230009020085e+01 8.713859767328335337e+00 -7.466342832102526472e+00 -1.952545994467782364e+01 -3.341583011542791581e+00 2.781397259810093558e+00
-3.894451658937219207e+01 -6.319739734982814383e-01 -1.717682757349026090e+01 -1.035238242442788525e+01 -1.112124461752533300e+01 8.569222627315888019e+00 9.988162550274601870e+00 2.710372822955090300e+01 2.600588527255890625e+00 -1.850776719910732027e+01 1.121235395158617010e+01 7.232994740066022388e+00
-3.497250352939364149e+01 4.500835241040532786e-01 -2.777069519219840643e+01 -2.358998019146334713e+01 1.169190730208842011e+00 1.627442533491260690e+01 -7.535365974915322340e-01 2.892737299596755296e+00 -3.647964268258228948e+00 -2.090367920934726698e+01 1.346765940165640352e+01 2.630226385973593040e+01
