-1.097643972802566452e+02 -3.591351716956544760e+00 2.723768014595921549e+00 -1.977820215009601590e+00 -5.795573929343942332e-01 1.459494656288115877e+01 -7.133767477890517128e+00 -2.004980145428029381e+00 2.332475868517369122e+01 -1.293625729320075024e+01 -6.209331868755203487e+00 1.240785873709073250e+01
-1.158928243000353859e+02 -1.996021681988134677e+00 1.446579031035198781e+01 -1.621081628810413733e+01 -3.949313756987902213e+00 1.804740769955861168e+01 -7.292304903323048038e+00 -1.293560400826791223e+01 3.010939626460201168e+01 -1.395876504904676452e+01 7.592347393641121656e+00 1.812957232625836212e+01
-1.191110321389060402e+02 -2.980855016723629802e+01 2.660983216390842188e+01 -1.286984171182200853e+01 3.248901354173485245e+00 3.371476410368262577e+01 6.553080372057099590e-01 -3.078694547706633866e+00 3.425002170773613841e+01 -1.554101660580559496e+01 5.292473616092018496e+00 1.887073986857714658e+01
-1.197515802930587370e+02 -5.705772719170496998e+00 1.837016821217861917e+01 -2.405608305974658911e+00 5.103048703732183000e+00 1.059123744455618521e+01 -4.996071036937369314e+00 6.284858863189333178e+00 4.360531167863840096e+01 -9.396506902983977838e+00 4.488145882945691056e+00 1.962371373392644713e+01
-1.083014341693550051e+02 3.969534716433269494e-01 1.830567850446899314e+01 -1.041143543438281505e+01 4.031200694361496417e+00 2.815970467264111932e+01 -6.189184810170268669e+00 1.225810087617769550e+00 4.379806478295966343e+01 -2.054842311032381019e+01 -1.481835872027511236e+01 -7.194545168141550207e+00
-1.070221563266970151e+02 -4.670822505933590385e+00 4.260761941164621192e+01 1.403899573616365082e+01 -2.303923243032775847e+00 1.395679976626551522e+01 -1.554894378323209203e+01 -9.056227972586091468e+00 1.620100259012416544e+01 -2.777013192777664230e+01 -1.236599698596974051e+01 6.122492569795152662e+00
-1.840034422306183615e+02 -3.331770451076936013e+01 7.947163247682026110e+01 -1.630027048835739478e+01 -1.145329511991680649e+00 -2.979265811642549000e+00 1.382419856603013031e+00 -3.672549760036312172e-01 -1.611042554888751965e+01 -4.734025167225014208e+00 1.100158422090178778e+00 -1.975448197977262055e+01
-1.116639058056852889e+02 -3.083415570168079967e+01 6.544950915659796919e+01 -3.941280106879322176e+01 9.076745126032633948e+00 9.918219008053100083e+00 4.699467131975977097e+00 -1.602677068645721903e+00 -9.813619787539799022e-01 1.841609556484347365e+01 -1.872337815132928540e+01 5.681079420153215764e+00
-5.345201297666014284e+01 -5.380815428394927835e+01 6.535925354731190851e+01 -3.869489408088185201e+01 1.517645827747478693e+00 1.880024880410385890e+01 -5.038592377590418891e+00 -1.316762384657733875e+01 2.632330624074466385e+01 -1.172967426740789065e+01 -7.910159472015150683e+00 2.219393186530605178e+01
-9.349345595254496288e+01 -4.073020631383781875e+01 4.529076832166164479e+01 -3.148849866859117697e+01 -1.544739570871532663e+01 2.544269445521555895e+01 -1.090962973810373171e+01 -1.951844995982308717e+01 3.495270093138459799e+01 -2.211716121530122336e+01 -3.065527974917056309e+00 2.190233238104589475e+01
-6.689882166398237473e+01 -3.742788746496037078e+01 5.683676348569549930e+01 -2.687119271092088724e+01 -1.440312847809065655e+00 2.313629437416363999e+01 -1.013072633992459171e+00 -1.403550432573804230e+01 2.927137679223441680e+01 -8.591997478624541884e+00 -1.404315317372377514e+01 2.973744595553888104e+01
-2.195140759440517968e+02 1.842329193352650307e+01 1.415804362982641180e+02 -1.645071291959290960e+01 4.608239751469655232e+01 2.478730091352412046e+01 -1.339411555785920349e+01 -2.888089127671688239e+00 2.358689137483075626e+01 -1.716202302579090855e+01 -1.648867978075089269e+01 1.166022800984540098e+01
-2.066070453048747311e+02 -3.286320433527002649e+00 9.805122024166871597e+01 -3.125128622686231239e+01 2.624733489102818496e+01 2.002184894388772207e+01 -8.394592618309149046e+00 1.188359100093132881e+01 -2.228210178466334845e+00 -1.398666607610561741e+01 -9.095017012504257536e+00 -1.905266476144837640e+01
-1.587013461161914734e+02 -6.117850925333152112e+00 6.895850336872922526e+01 -4.949331501073565676e+01 1.332172428694794775e+01 2.337109871073351997e+01 -2.040372863580178375e+01 1.251994973931406818e+01 9.711463179572835003e+00 -9.131899430787533412e-01 4.732155685705633497e-01 2.696542414598247284e+00
-1.682274634141264755e+02 -2.788728103774714473e+00 6.816996434023378981e+01 -5.293635869386594095e+01 1.906326761060346442e+01 1.006569022513443379e+01 -7.948257808572892991e+00 3.660557766761212584e+00 1.632925771823883210e+00 9.586941704860610258e+00 -1.785980103711321831e+01 7.845024802328134150e+00
-2.148738118125716312e+02 -1.760423852578162496e+01 1.026311988911865996e+02 -4.157362560268447282e+01 3.311601068922098534e+01 2.185229791330319316e+01 2.461048964620119506e+01 -2.998677487082924698e-01 2.682651804555764841e+01 2.960136261212542585e+00 -2.153088000628527343e+00 1.039002689671443846e+01
-1.204950468658240652e+02 -1.737411770612801476e+01 5.610897464698438597e+01 -4.678598426094563933e+01 8.780895197025660792e+00 1.680107760818342655e+01 -1.271282260050758595e+01 -7.235617719782837298e+00 2.430928616272790777e+01 -1.985618720718877483e+01 1.637289418941565877e+00 6.436314418000954163e+00
-1.849854907760374090e+02 -5.041443532662398042e+01 6.684850357711067659e+01 -3.656330916715103996e+01 -4.525600447436762153e+00 2.067121316938153086e+01 4.812333529819234457e+00 -3.044682319696841688e+01 3.881063184688184009e+01 -1.230181479441333003e+01 -1.797683717943051818e+01 3.092562870306618450e+01
-7.147537079427786466e+01 -5.550586864481968519e+01 7.050341645810379987e+01 -3.985073102514110133e+01 6.493192968977268276e-01 1.254722065070224524e+01 1.026411009569939026e+01 -2.857419940860101804e+01 3.494981954193658424e+01 -1.097059382771981717e+01 -1.035257653245194831e+01 1.801486446587735912e+01
-1.310702157715913927e+02 -1.997656979884429518e+01 1.130353051790968237e+02 -2.153968644184002912e+00 7.537238730725169589e+00 5.626626663011691676e+01 6.667107541844470298e+00 -1.568469780171255934e+01 4.409023249758568852e+01 -3.135438671346681083e+00 -6.836132269902235770e+00 2.574781551214930531e+01
-1.059065700158411119e+02 -9.721053871208361841e+00 1.156338093931016999e+02 9.483559744432284333e+00 8.220678058574542035e-01 2.156013218648841701e+01 -1.358015996267659986e+01 -2.004650102840620818e+01 3.334310726232980926e+01 -1.367764158593855139e+00 -1.099000967986967225e+01 1.920547297268581843e+01
-9.693007924444324885e+01 -1.017829431223549186e+01 9.704493880610509393e+01 1.046759102964029520e+00 -1.038230581299999855e+01 1.853067108839158195e+01 2.897294360896928822e+00 1.759680158878329514e-01 1.132246870474523348e+01 -2.415333048823981699e+01 -2.341651884344487300e+01 5.603832440835708084e+00
-1.101046800878168597e+01 2.301193719577898378e+01 6.582890897326554125e+01 -3.456776736566448704e+01 5.458032666679986100e+00 2.039435402038577649e+00 -2.550793787514420075e+01 -1.002998234482916473e+01 9.458179641662290749e+00 -2.564418095815164733e+01 -2.270372455078576479e+01 2.626272787468401759e+00
4.584855440216598765e+01 4.702685525828442792e+01 9.306417086198709399e+01 -2.425306314426778442e+01 7.496244543125573756e+00 2.419179258752519246e+01 -3.363407499835390269e+01 -1.396325238051256079e+01 2.027272971109571387e+01 -1.059238601812939606e+01 -8.384268538098426760e+00 1.003258943243594992e+00
4.314293969024618747e+01 4.242081405371244784e+00 4.136463225734792104e+01 -3.039309792583156877e+01 -1.246639925346778099e+01 5.243779637258685344e-01 -3.992371744101519937e+01 -9.658588546061288582e+00 -1.959031666548501693e+00 -3.481581949060302605e+01 -1.789383523202675264e+01 -9.054852212566476766e+00
6.215592128017661366e+01 2.010194754930658334e+01 6.726348924769430937e+01 -7.707769587454302851e+00 1.035436253016132468e+01 1.595319430092039958e+01 -2.721581468477648258e+01 -3.747148539179807614e-01 1.210976863084552946e+01 -2.279253606559394285e+01 -9.329454688953630281e+00 3.284931158568846321e+00
5.919880517190112812e+01 1.246183835880495394e+01 5.773895997001214653e+01 -9.062436667115674638e+00 2.164627559047852756e+00 -1.230332449611981849e+00 -2.271849166444530255e+01 -6.627307379002880694e+00 6.470522000878369262e+00 -2.682115704959650415e+01 1.863366222068092437e+00 -6.984896368835800118e-01
5.202172081553506189e+01 9.480429742644261637e+00 7.271619293443200149e+01 -6.480256473622165281e+00 2.661265922747807711e+00 1.137526459968933779e+01 -2.947077066300103354e+01 -1.538890103503996798e+01 -1.582193407431410570e+00 -3.358922384255738081e+01 -1.469344963027300466e+01 -5.247190371932850539e+00
6.314091910103742578e+01 2.693373741704609969e+01 8.315402644864380477e+01 -1.164740632105377038e+01 1.175236424964037418e+01 1.960198099731533716e+01 -2.460371008607805976e+01 -1.017482363663300404e+01 1.919423441428768484e+01 -2.941504104599127700e+01 -4.519000318557039542e+00 -3.796553880996387242e-01
5.968626635483502696e+01 1.229688170521847468e+01 4.710659146225021487e+01 -2.068272404585606239e+01 -2.602295730076986668e+00 1.817306403433724071e+01 -2.153859537415845793e+01 -9.554264466152080360e+00 1.059631930696251523e+01 -2.654614814705639247e+01 -6.307813261761099355e+00 -2.414141200919765140e+00
6.330202597184964475e+01 3.279903578716031376e+01 5.580594590698402158e+01 -1.419347889019725883e+01 8.729061566074168610e+00 1.450659420668757704e+01 -2.216573022878526444e+01 -2.586573315000783246e+00 9.796345963721897476e+00 -2.220635023481865744e+01 -5.045810217829703959e+00 -4.432883674038917476e+00
7.411557603370417269e+01 2.011793006036973708e+01 5.275977469575532552e+01 -1.499500231575091291e+01 2.192746122856334523e+00 1.200523846903540282e+01 -3.411978354792944401e+01 -6.476469465394663061e+00 1.722786350011225487e+00 -2.033059872772884091e+01 3.435196575422840848e+00 -2.047765728519934658e+00
5.839566460464919118e+01 2.578579896348231415e+01 5.692797776588663794e+01 -9.958322597003762766e+00 1.204518274900477159e+01 1.446358302474565960e+01 -2.642622227492649500e+01 -1.167677780532049425e+01 -5.858457161269548408e+00 -3.191744152239251520e+01 -1.367973577606279711e+01 -1.367303395620248985e+01
7.560012907444777852e+01 4.917733736800882127e+01 7.622426988333461395e+01 -1.668207123483936272e+01 1.089579128051807899e+01 1.415196843552872963e+01 -3.176201159968764998e+01 -4.364681998468067370e+00 -2.764568191268818254e+00 -1.633831221127559274e+01 1.566882075770910321e+00 1.254792099681368178e+00
7.371803875959932384e+01 8.875616169582418280e+00 2.616272644852281104e+01 -2.234074715865677518e+01 -1.410190939957949752e+01 3.624259542642366050e+00 -3.125427438458476459e+01 -1.857680453541976817e+01 -1.176472466868284883e+00 -2.484966549897801613e+01 -1.696541401759658996e+01 -8.452172925440844864e+00
5.966896757843594656e+01 -2.965885779956760260e+01 5.079910285312824669e+01 -2.587059687408562780e+01 8.718284223258191190e+00 -8.155457565996027114e+00 -5.181246777094364120e+01 -9.930664549375236572e-01 2.211906492312808581e+01 -2.705779422346100915e+01 -7.684238863060270930e+00 -3.116855314975559565e+00
3.614154866633423069e+01 -2.955794488240780282e+01 4.495149865094924735e+01 -2.498010289442562737e+01 1.141352421691063235e+01 -1.590769354419286330e+01 -5.282701580972508992e+01 -2.127406370645211098e+00 1.211817688839119533e+01 -2.209581935944802211e+01 -6.246946321671345004e+00 8.545227737215654429e+00
2.973894782750838317e+01 -2.924360229352068785e+01 6.462306643176646048e+01 -2.523178229939795258e+01 2.078210893581177388e+01 -1.864342980278873796e+01 -5.782630170263941949e+01 -3.164989002422312403e+00 2.592928994068667237e+01 -2.589225717761276968e+01 7.351056400669341073e+00 1.320962763381242056e+01
2.749923952642204483e+01 -3.006412322915415913e+01 4.842014131902753604e+01 -1.984411968370088175e+01 1.078645093547704548e+01 -7.674393117080173354e+00 -3.523530288694102808e+01 -9.303975424638299963e-01 1.323014017556773148e+01 -1.500313630952787314e+01 -1.289301719769279764e+00 1.537095743580456642e-01
1.109985092248201610e+01 -5.065194483748578591e+01 3.520560726654859707e+01 -3.877828953421632718e+01 1.902728873244516894e+00 -4.186285820120576773e+01 -6.433128187509555573e+01 -2.596308155411601604e+01 1.362518720604705535e+01 -3.165319393893384259e+01 -1.516192920314970216e+01 -1.127620110137012688e+01
1.356935148137149838e+01 -2.136420100710621739e+01 6.041380885611587814e+01 -1.929904806021568220e+01 2.366974902392119873e+01 -2.873213030826838121e+01 -4.797827163663452410e+01 -7.694330401661587437e+00 3.137332578298017793e+01 -9.533102197353521490e+00 3.693520043047000101e+00 3.755888927201190164e+00
2.481622208691799969e+01 -1.308277409197577867e+01 6.705274150062604122e+01 -1.142673928142562900e+01 3.501416592179488418e+01 -3.300233365633739879e+01 -4.556853503105688930e+01 -1.192419328167714276e+01 3.395669105621932005e+01 -1.538569456826140325e+01 9.288617958928863771e+00 -3.691974853246368760e+00
6.078346964317887569e+00 -2.385753145343819170e+01 3.907336811535866161e+01 -2.542324535201211688e+01 1.569702029265648591e+01 -4.717100641489251700e+01 -4.786672677237342555e+01 -1.955885005650569042e+01 1.391893652185334496e+01 -2.089102758844977004e+01 -6.344845993750235280e+00 -1.309476954668530801e+01
1.977604227904351575e+01 -2.160471956430706086e+01 6.028868067397157660e+01 -2.240869291331117097e+01 2.032246826914881410e+01 -3.226718797875798828e+01 -4.337434451174009098e+01 -3.248411855841698781e+00 2.109215844018541475e+01 -9.117953192792624506e+00 3.899537109684577452e+00 -1.591314778338459135e+00
3.286455741831726840e+01 -3.012396369472259750e+01 4.838860083133565126e+01 -2.614915380913227594e+01 1.421116562172879760e+01 -2.889030428463241407e+01 -3.554462122380243727e+01 -1.110790160002610882e+01 1.901596871330153959e+01 -1.599544990173497538e+01 1.399641292980825069e+00 2.367631618417636474e+00
2.892679737541164542e+01 -2.854321708349095132e+01 4.873714815571560166e+01 -2.077969216902467053e+01 5.733172161466716155e+00 -3.189521053949115981e+01 -3.973827885024859086e+01 1.990605977676582761e-01 3.862490332654624492e+00 -1.687958205241952925e+01 -1.200325392265270175e+01 1.538007302616307470e+00
5.047756188118364662e+01 -4.449894929612506900e+01 6.618523901847379420e+01 -3.465468065303112155e+01 1.710657605677335269e+01 -2.317514909032590253e+01 -4.701507479071138818e+01 -1.367305116037529800e+01 1.118154791263213710e+00 -2.446758807887813703e+01 -7.580454320370348498e+00 7.525926333955045955e+00
3.166843548423500110e+01 -2.198792982285568343e+01 5.048242539763491266e+01 -2.191175878350054518e+01 1.176493578688126718e+01 8.531847758139655014e+00 -4.404874450089801030e+01 -1.052615039105260220e+00 5.309285704471911060e+00 -2.030179840805853786e+01 -3.083459718357028478e+00 -1.464425741861711039e+00
1.754558591934519995e+01 -2.501128698280160823e+00 5.962549330055945518e+01 -2.075295868895885576e+01 2.760339788086402280e+01 8.430166601070062882e+00 -2.618638643704818492e+01 -1.293210754663298090e+01 1.939334075454273432e+01 -2.060145970024291984e+01 -1.111144136631786061e+01 6.070175957814743839e+00
-5.091150966216942209e+01 8.777766281882563248e+00 4.980886104809081871e+01 -2.787512402909968046e+01 -2.494383210260370243e-02 4.365099548001428076e+00 -1.842060472105104907e+01 -1.455388940070849735e+01 -1.883697369538314792e+00 -2.512658785926773319e+01 -1.349204454200609682e+01 -3.476634641002600112e+00
-8.362342341205166463e+01 1.142535273501445303e+01 3.232436488050733203e+01 -1.470421698476727101e+01 -1.204228894831737762e+01 -3.592033278598376178e+00 -1.876114656550668514e+01 -2.199268589968034604e+01 7.078390390266109833e+00 -3.948996861214403964e+01 -8.859012063262072800e+00 -2.565533567977012552e+01
-1.066385583337855394e+02 1.987280464121582213e+01 3.788442537050984527e+01 2.566279576723770361e+01 6.001707319393934092e-01 -3.861448300051285809e+00 -1.373913809171416389e+01 -2.375460510722276553e+01 2.259835305625798441e+01 -2.218645233812901907e+01 1.800068455523840871e+00 -9.265363492902800147e+00
-1.081732377389850370e+02 1.746987624468177103e+01 3.441872257806119961e+01 2.260339450484149637e+01 5.905642982478155112e+00 6.284200807118195620e+00 -1.019411933358090394e+01 -1.581610649409347857e+01 2.842452420880685793e+01 -2.235055711011622748e+01 4.903204136098529453e+00 -1.127873603700043503e+01
-9.758517189238594369e+01 1.729936458813000755e+01 2.635492364963371159e+01 1.294649196975829586e+00 -8.487767325881977243e+00 -3.397109498868269739e+00 -3.265505853477021247e+01 -2.617733305748676287e+01 2.243086367136545078e+01 -2.357659826992478713e+01 -5.527677451036176137e+00 -2.362677361667014253e+00
-7.861103493389890673e+01 1.936169461894648336e+00 3.870937056390157238e+01 9.300328739924598409e+00 1.028656054933471253e+01 3.638459053619456984e+00 -2.815006676580342670e+01 -1.797445964519952355e+01 3.265300088094349462e+01 -2.466608813108582154e+00 -5.243664935748249434e+00 -3.014981255912331903e+00
-2.607844161096821978e+01 1.429918150479907979e+01 6.461820649319903964e+01 -7.082958719511328383e+00 1.012423491276419796e+01 2.281989570488011054e+01 -1.201222533252979474e+01 -9.069159346691893830e+00 1.755527753139854497e+01 -3.004951625719144559e+01 3.031725208476176991e+00 -5.813116371219643419e+00
6.988065628846075583e+01 1.631712398541049680e+01 3.128347070744015213e+01 -5.462918090983539798e+01 -3.808074722541226720e+01 2.112233127058033233e+00 -2.613687696547607686e+01 -2.334016535721776364e+01 2.688562723042565139e+01 -3.831556190336357304e+01 -8.636734862541768365e+00 -4.791030747022118064e+00
8.475073687378950638e+01 -3.733453336864422312e+01 1.512553899664813173e+01 -5.034199785987321007e+01 -5.692765552495308157e+01 1.002268323800078420e+01 -3.657521797803686781e+01 -3.546638917088668563e+01 3.118367772198540777e+01 -3.725271595932382951e+01 5.250603314034009372e+00 -1.489827969817605435e+01
1.096188606686999378e+02 -3.841847682757313009e+01 1.923732823533980962e+01 -4.606005582461902748e+01 -4.848390050821033981e+01 3.117759712125420890e+01 -2.806815923761175569e+01 -2.279497941323565868e+01 5.804790261097348747e+01 -2.696200740399058304e+01 8.525605158265566530e+00 -8.872821917617844889e+00
4.046517731420605202e+01 -2.348108490280164062e+01 1.964943182839061819e+01 -5.323928400885807832e+01 -3.409719596948494313e+01 1.862016131505285799e+01 -1.098431672800425574e+01 -1.420953534007668928e+01 3.209633492535245836e+01 3.386787726496949702e+00 -8.390172103461015496e+00 -8.173628726023295599e+00
6.642529689134039472e+01 -4.424052636095809987e+01 2.027818078583992190e+01 -6.235136180111479831e+01 -3.989754895865063133e+01 2.967460850791695393e+01 -1.121701769897625489e+01 -2.580616703862261119e+01 4.093050684618479806e+01 -5.925969948086605044e+00 -1.171105109605944961e+01 -1.248065968742463738e+01
8.394282629021493847e+01 -6.124430450324513231e+01 1.942952084505499144e+01 -6.159966122755295004e+01 -4.499716358606383437e+01 3.700803801849251329e+01 -1.616892475703844312e+01 -3.565046943246290567e+01 5.777962051164382018e+01 -2.378363658711164419e+01 -1.227564958872750900e+01 -5.393047625825452940e+00
8.051782505675629409e+01 -6.801131056689811771e+01 3.767267378087250052e+01 -5.761250287063062103e+01 -4.467016896312197360e+01 5.426271607629139027e+01 -2.066666904054763521e+01 -2.483483760514977234e+01 4.973459430899893619e+01 -1.542672305153610068e+01 -1.082326606281892190e+01 -1.148223070502355947e+00
5.882513418792187565e+01 -5.262106906361872660e+01 2.281332193665562613e+01 -5.169524746396810855e+01 -3.409319776152422321e+01 4.998463335984320821e+01 -1.471888589594934871e+01 -2.880476878879251146e+01 3.806577485392796234e+01 -1.132332058722666979e+01 -2.467895419467392060e+01 -1.717711096569806584e+00
7.975109321760088221e+01 -5.951768541989852679e+01 3.641332746016276189e+01 -4.993754633818524269e+01 -3.433528212006601876e+01 6.136653754578905762e+01 -1.751706571565010151e+01 -3.221722303314028579e+01 5.936851667049977976e+01 -2.386269573909049768e+01 -2.335494411493561273e+01 -1.351357223679789721e+00
8.675338593968245959e+01 -6.665730763617787602e+01 3.847410421646681300e+01 -5.107867343946552552e+01 -3.136555767070344203e+01 5.044486761290247046e+01 -1.267732124460296994e+01 -2.737097874882289972e+01 5.488861950719646643e+01 -2.365774470467183832e+01 -1.582385330923449374e+01 -8.511508583305470665e+00
6.614064618205117085e+01 -4.580179478533550252e+01 3.407678413192857647e+01 -4.456666611383741383e+01 -2.681988530533859461e+01 5.409290369886323901e+01 -1.473307772191656007e+01 -2.082209930326251879e+01 4.919813866246826706e+01 -9.669383919827616580e+00 -2.320224469703279624e+01 -7.615611887393881396e+00
4.771945865809335885e+01 -3.820643603444591463e+01 2.343814271166077745e+01 -2.986018034778632213e+01 -2.473507218617100278e+01 4.138703915353932672e+01 -1.300207061742116821e+01 -1.345175552472567126e+01 4.238584910732780031e+01 -5.255047328319316868e+00 -2.785098666964765357e+01 -3.955507996114603575e+00
3.427760484462588408e+01 -3.072245419789957666e+01 9.292675181037150622e+00 -4.777442533157955040e+01 -1.390764635218350520e+01 2.436490551092096979e+01 -2.953636548474970880e+01 -1.551146499292112857e+01 2.258208590312901265e+01 -6.238743815785802838e+00 -1.756577361567866191e+01 -4.645971431157887466e+00
6.623436495979849070e+00 -3.355706461892278014e+01 3.423501716881583334e+00 -5.596922579256087715e+01 -1.029684060286905734e+01 1.815866275074434100e+01 -3.728382905171102379e+01 -1.617487177606651017e+01 2.151100396176263629e+01 -9.364280144969660213e+00 -1.615749622719568990e+01 -1.159998386672707271e+00
-1.363106955379607355e+00 -4.833173082708297130e+01 1.522848369591674533e+01 -5.436091368837138305e+01 -2.363238261414615238e+01 9.057511996611163241e+00 -4.277775096500742791e+01 -1.302928799399589010e+01 2.795651710758097863e+01 -4.995270494057057142e+00 -8.353876409039546758e+00 -5.248471124932212462e+00
7.005341558595719675e+01 -6.368229209581843975e+01 3.099203801364821231e+01 -5.091497387611502035e+01 -1.158092679619800691e+01 5.872995610904541142e-02 -4.597401267588904261e+01 -2.593265054522053248e+01 5.139679075823592314e+01 -2.355732324436435476e+01 5.487461071108928223e+00 1.168224339487459673e+01
5.983746360964903488e+01 -4.771785029489696228e+01 1.951210249048997269e+01 -2.843749590654710602e+01 -2.378871427633871605e+01 4.112317441986396815e+00 -4.856111060191066997e+01 -1.565167969532764758e+01 3.779130874712750909e+01 -2.239571632461242601e+01 -1.488153028835054403e+00 2.326399602234372921e+01
4.976352585229659731e-01 -5.995498929967845925e+01 5.973471399475161370e+00 -3.681286926001501314e+01 -5.148508165768554079e+01 -7.470292423153122030e-01 -3.613569059880313183e+00 -1.124291204797780708e+01 1.288982963428755113e+01 -2.455726050206880018e+01 -7.102827505735877622e+00 1.165445833325576430e+01
-3.071381594632547873e+01 -8.069147745638576907e+01 1.521579823314987401e+01 -3.097338120055123056e+01 -3.813952747826357381e+01 -3.821853382420442102e+01 -3.254647700149520517e+01 -4.397529514914757520e+00 1.787276895635530849e+01 -1.228312340008826098e+01 -9.874786874667598191e-01 6.026109703079921331e+00
3.312086338752627057e+01 -3.429155784075710756e+01 2.165757868845869893e+01 -4.691231824353327795e+01 -6.225866210340966767e-01 -8.973851351053673042e+00 -5.161981846241158678e+01 -4.260382550433327253e+01 5.782165103116007288e+01 -1.603122063432312316e+01 5.186620068726108812e+00 1.804148593135758816e+01
3.163937019365751979e+01 -2.791927857501192278e+01 1.703531008366561394e+01 -3.873215516650841295e+01 1.190476399513439310e+00 -1.458732353635796386e+01 -4.933314118415027139e+01 -3.884640773072264608e+01 3.227360936782029910e+01 -8.960573522510951960e+00 -5.029273758259073190e+00 8.012804972094276224e+00
3.129544011804831527e+01 -1.566131649443236817e+01 3.274661593797326020e+01 -1.402839970606091491e+01 9.156325065567157750e+00 -9.579615814799950613e+00 -2.648481322593874054e+01 -4.383533969707764300e+01 3.537205965490107928e+01 -7.228639322875253015e+00 2.080714175961978718e+00 2.107291154728956784e+00
1.434038849107552061e+01 -1.299103561368945847e+01 5.018249390950008149e+01 -1.620854075509394221e+01 1.586094840000097683e+01 1.035007724988859579e+01 -4.647813718037757269e+01 -4.345877595902239676e+01 2.694531589376160241e+01 -4.059503325979155974e+00 -4.412409438135490802e+00 1.019054685317967390e+01
-2.773853871724985609e+01 -8.673600880188067208e+01 6.151069380814308829e+01 -1.776226449011566189e+01 -9.027553201139184580e+00 2.536168754241039380e+01 -3.318024006509723733e+01 -3.328812129905013251e+01 5.822623256048714779e+01 -5.322683632963693956e-01 -6.276689848034345154e+00 8.462294809865470668e+00
-1.781486265376159039e+01 -3.396713017155543923e+01 7.588217097025344415e+00 -2.741939294171112351e+01 -1.104184862794809519e+01 -7.043861946911469385e-01 -6.455899304539588002e+01 -4.661640223957013518e+01 3.009167788815197042e+01 -1.675913892059981691e+01 -1.935265108313529225e+01 -5.825924730735200896e+00
-1.348277449389630789e+00 -3.983426161850192049e+00 -1.475027221229888852e+01 -3.234277664004899577e+01 -1.287008064605280389e+01 -5.629398757917987162e+00 -4.528559458056678011e+01 -3.755562231763520487e+01 2.375120094134639714e+01 -8.418390190141483487e+00 -1.123820606933650801e+01 -7.260432223700602705e+00
3.238014694375300095e+00 -1.394263106542454445e+01 -3.634787499173775416e+01 -5.123332389874055082e+01 -2.505589473781925136e+01 -8.873188747414207711e+00 -4.102290626172306531e+01 -3.801594903011382343e+01 3.759747436060808923e+01 2.964655538629763054e+00 2.250108091679532407e+00 3.291094398959590883e+00
-1.984396682980962368e+01 3.247405125268504111e+00 -8.655453293288493555e+00 -1.813321024169606943e+01 -8.452514498261189502e+00 -2.645675008952390606e-01 -3.823855524403361983e+01 -4.371657219405616956e+01 3.539765348969883973e+01 1.358112359580387896e+01 2.373607228567404093e+01 9.860223713309455462e+00
-3.113358103245345632e+01 -2.011486647886186585e+00 -3.949702204932056304e+01 -3.521284802314961837e+01 -1.215688411303251115e+01 3.050023159774858605e+00 -4.118155535919848376e+01 -4.594214858971511006e+01 1.417102027254778918e+01 -7.080856520464501536e+00 7.040861450436231905e+00 -6.502347600489106760e-01
-2.729893425369822069e+01 1.267582348166012451e+01 -1.770779505738601500e+01 -1.905032993896071503e+01 9.802860170901794845e+00 1.908641635448572771e+01 -1.851361128595578620e+01 -2.352195391069452057e+01 1.872927194017700003e+01 -4.326612483775051032e+00 -8.235519431265419854e+00 -1.270411488504365138e+01
-1.410457438307051348e+01 2.734915982496084297e+01 -1.451229180369163707e+01 -1.197328167632004892e+00 8.720062826284474156e+00 -3.480137736322751474e-01 -2.092333076004607761e+01 -2.783978463461463804e+01 1.067516116561927575e+01 6.570191726567608193e+00 1.280081225196064665e+01 6.189963099085504794e+00
-2.755554153725136857e+01 2.937360029202147160e+01 -1.643282557305797553e+01 -1.080568445059308758e+01 1.237838640950256952e+01 1.144529289874270006e+01 -2.290094205810444095e+01 -2.990787147950445402e+01 2.003686010897319036e+01 -3.699898177304769220e+00 3.488497154097489172e+00 -4.712256081256362972e-01
-2.377627899633019837e+01 3.448517709841057410e+01 -9.355789311954078258e+00 -1.289769471243728738e+01 -1.481441966261161269e+01 -4.836389084754324941e+00 -1.895615912283772531e+01 -1.429448422404272279e+01 1.707534123015680549e+01 1.439369672552601731e-01 5.506203101368996045e-01 1.582139851028864541e+01
-3.648876851230540552e+01 2.286974087038768388e+01 -4.239844789409481507e+00 -1.273342856505980336e+01 -3.211631629237572394e+00 -3.494544885638117382e+00 -1.109086537463420896e+01 -3.450534064503125364e+01 1.462235059258185288e+01 6.972473715161445540e+00 7.925163637524230253e+00 -5.530789116495112623e+00
-3.337512248285736405e+01 3.813721434979645153e+01 -7.303908881585251756e+00 -4.914305489833687979e+00 -6.176864465204916499e+00 -7.838619123684754442e+00 -1.105426490622916802e+01 -1.458235981138585124e+01 8.047475039123664686e+00 2.571715511678100086e+00 3.665083827702654951e+00 6.776208292190217364e+00
-3.585056941903592787e+01 2.585267202041411139e+01 -5.284930712202074332e+00 -4.119547005020463892e+00 -1.028367996767479653e+01 -1.858660570609980311e+01 -7.862420430731903664e+00 -1.194169786268243350e+01 7.988966526903203302e+00 -6.657506438347855493e+00 3.960971216402309203e+00 4.188701258011411355e+00
-5.780679643332901918e+01 2.269494372373510060e+01 -5.389237810208749480e+00 1.616844966580773146e+00 -5.644594521945448307e+00 -8.464310218027708999e+00 -1.327960357936517255e+01 -2.689542119980988133e+01 6.007145864010413838e+00 1.092036779542788238e+01 1.681053854763090527e+01 5.903394432636281941e+00
-6.257869780139263582e+01 -1.059325508979128898e+02 4.304218655919049041e+01 -2.720060779167484100e+01 -4.691257005728643459e-01 3.297897324647772521e+00 -3.562819881030274871e+01 -2.102774674755887929e+01 3.528538746079784971e+01 -1.977046200243739893e+00 -1.557604084033583192e+01 4.492082260129173221e+00
-7.067985868663534177e+01 -6.702025572887674798e+01 4.564744317272241148e+01 -2.931520989242002884e+01 3.763510667588882974e-01 -1.021707333639183091e+00 -1.912316102981178290e+01 -1.368982074627531631e+01 3.924395449372720179e+01 7.574058245093144848e+00 -1.273545299883408966e+01 4.493890459439522367e+00
-7.609366837337572065e+01 -7.499143241587296416e+01 4.593503894823420808e+01 -9.605567475913003861e+00 8.001540198323326081e+00 1.411356888952584576e+01 -2.996285495151073519e+01 -1.350398905968737040e+01 3.091560580734644148e+01 -5.110521445541241548e+00 -1.603952671328586277e+01 3.612493314571044056e+00
-6.122683122443982029e+01 -9.885135328956467049e+01 5.359012483976738395e+01 -2.670767161050449090e+00 8.774537029777242481e+00 2.245788606275608945e+00 -2.074268946224015764e+01 -1.219576201976541796e+01 4.083134972843171795e+01 -2.719946754058618854e+00 -1.570299555405674141e+01 -6.165626874496421550e-02
-3.709548489907475499e+01 -1.252754191275461437e+02 4.162963134925259112e+01 5.103121901875177002e+00 -1.545501550931879908e+00 -5.593555234991330893e-01 -2.142805442130065430e+01 -9.576019405932122197e+00 2.941888063188682167e+01 -2.159201599265242244e+00 -9.648476056844616622e+00 1.507158977247386389e+01
-6.877847593020246109e+01 -7.924865093271134242e+01 5.096441135596019478e+01 2.094218333544176858e+01 -5.752501028984142728e-01 7.974483314722244032e+00 -3.196471837112497738e+01 -8.928385408446176896e+00 4.806847777360535190e+01 9.598983655967703754e+00 -1.510452305731526934e+01 6.844844370111220044e+00
-3.323533218544990397e+00 -5.923038243809514825e+01 4.764355152804161264e+01 -4.368864963259499135e+00 4.379364264022000519e+00 -9.897555331524809930e+00 -3.040519581005888838e+01 -2.124539620412600271e+01 4.582400715466047814e+01 -1.258576329845730157e+01 -2.382608644485332405e+01 2.882750952930209998e+00
4.014087962512963514e+00 -2.528781222464743905e+01 5.036587454153568899e+01 -7.565840341192730634e+00 5.694334591527955070e+00 1.489343900640920459e+01 -1.557214694400998489e+01 -2.972302271277231966e+01 4.422513899927549375e+01 -1.690331034310937497e+01 -1.686386784747881507e+01 -5.866925370006657481e+00
-1.225082624833480516e+00 -1.328039208373782998e+01 6.037236030572634604e+01 -2.422349842100980766e+01 -6.723709922600447086e+00 3.224810247826356857e+01 -1.870626966924184842e+01 -3.409390292766654085e+01 5.700806787731776382e+01 -1.845100975318212377e+01 -1.732449326961592106e+01 -2.285099618273486399e+00
8.770914340206276805e+00 -1.977175535687107200e+01 5.901967094912660627e+01 -4.543951100838702928e+01 -1.592930233821812713e+01 -8.158695112577259323e+00 -5.109939782522626217e+01 -3.202797745192191314e+01 4.898164117486662406e+01 -1.542360199274011734e+01 -2.416887313239387680e+01 -1.409302362220159566e+01
5.593927046785569956e+00 -2.114716807727565850e+01 3.490400607766338226e+01 -5.651268864514531742e+01 -3.758666932953672557e+01 -2.599880002576095084e+00 -5.234434120033594695e+01 -5.344709322414002628e+01 4.774060684622380535e+01 -1.983332123188441543e+01 -3.303790089698832588e+01 -1.193899598964471664e+01
9.050136136072801207e+00 -8.954973493216339619e+00 5.196364912176667161e+01 -3.067329857131574755e+01 -1.986420544432688473e+01 3.133796356191417054e+00 -2.448423236716115170e+01 -2.319720274745979438e+01 4.879423265677463206e+01 -3.401039923017834532e-01 -7.613140885168800942e-01 6.637200064144796130e+00
1.304554124502343271e+01 -2.561837511463626527e+01 5.447290468340911929e+01 -4.114235213734455954e+01 -1.921639387591270776e+01 -5.810261030361978385e+00 -3.980393103120237441e+01 -3.428971063621898452e+01 5.479829978014180369e+01 5.310811280394225342e-01 -1.150071551469568476e+01 -2.326564295039430519e-01
1.246011018422325378e+01 -4.194733242947529561e+01 7.067911953077805265e+01 -3.192529159181810883e+01 -2.617204168809166376e+01 -8.224655067184363233e+00 -2.688375498272520048e+01 -4.908380222209363097e+01 5.752355729767355541e+01 -3.169796924136774052e-01 -2.941441190347555690e+00 1.245768024950520747e+00
1.372816639647498960e+01 -4.512723820387302709e+01 4.473044010877773502e+01 -5.120759522832345567e+01 -2.355120448905878305e+01 -7.760569395558520878e-01 -3.151225006120831296e+01 -4.856067822900274678e+01 4.577013889012080483e+01 -8.482237003045973722e+00 -1.906700799003647617e+01 -1.487902516925394325e+00
2.270277446380708852e+01 -4.115669856853167374e+01 5.925139797934306785e+01 -3.228481935122022151e+01 -1.030645012397526372e+01 1.057431390420817685e+01 -1.363199510107059886e+01 -4.750692705488952328e+01 6.074865711589424677e+01 -1.040686195892688026e+01 -1.318902152163169816e+01 3.037167988536772611e+00
1.746784227096369335e+01 -1.694870577057258743e+01 6.145938018248793355e+01 -2.309482386653982999e+01 -3.259521952817165058e+00 2.050969201113999318e+01 -1.653949059045519832e+01 -3.218067376951641734e+01 5.472316715166721934e+01 -1.264070356607814816e+01 -1.196904585443834357e+01 -2.430089278433655409e+00
1.181388231322099003e+01 -8.530239493129441186e+00 5.245773818404013866e+01 -1.872754029813403776e+01 1.208434026135780925e+01 1.760945825373935847e+01 -2.017078998452706884e+01 -3.429326521196828281e+01 5.435681469292583756e+01 -8.601482796758206817e+00 -1.023303504296216815e+01 -9.841988828844083770e-01
1.370343279063407849e+01 -1.031109791771128670e+01 4.697515549699677706e+01 -2.777886531157869854e+01 -5.771253381528721249e+00 2.312151594149664646e+01 -3.023233273324231973e+01 -2.898315192553978648e+01 4.074959341414168534e+01 -2.423718641583672806e+01 -1.268742112131360233e+00 -1.075562456064083294e+00
1.299164847307342008e+01 1.133349949357683428e+01 3.985423520041415202e+01 -4.537384297362909535e+01 1.742329891448414880e+00 5.784137603408164630e+00 -2.575757890435345843e+01 -4.217673465437923852e+01 2.723847544009361599e+01 -3.107990216826709329e+01 -1.226475873521333249e+01 -8.116545605921592355e+00
2.530287951926536039e+01 -2.676361625221455931e+00 6.182979942206425505e+01 -1.125459783151231896e+01 7.611150611118477016e+00 9.865844795731819161e+00 -1.532319778163129165e+01 -1.901112580582628908e+01 2.827862125190826603e+01 -3.801942339205842813e+01 2.308065717107103065e+00 -7.467903200158545474e-01
3.923485449172251549e+01 3.364417252116752022e-01 5.439245463295793570e+01 1.183903467827909495e+01 2.143710973432332523e+01 -3.274062007279649578e+00 -1.617006619394427958e+01 2.006763773206601265e-01 3.371808162722658153e+01 -5.143588198915709597e+01 -2.726795678458562300e+00 6.990049878858889620e+00
5.462526694129078919e+01 -2.746154722250909330e+01 4.209112974473610080e+01 1.438605345970174909e+01 -4.819743105528925042e+00 -9.027718755948495044e+00 -2.993992411604371284e+01 8.753724435555907846e+00 1.631586207775661990e+01 -4.877111742704895647e+01 -1.312052666275369717e+01 5.307542082553839080e+00
2.098098582095150988e+01 -2.419653105995645959e+01 4.078788209467995785e+01 3.028700616588720251e+01 -1.390431120619548544e+01 -9.560044540783014355e+00 -2.109794517474384890e+01 3.543195712106604223e+00 1.239173952415179691e+01 -5.275217674627575093e+01 -1.569557683852385210e+01 9.771037047714276724e+00
1.449044365461898387e+01 -1.927590950520608715e+01 3.808208147452596393e+01 2.199087191540648689e+01 -1.409882864491889976e+01 -2.404469763652107517e+00 5.282318031132985148e+00 1.451261359295729036e+01 2.473793611075909382e+01 -4.301975748418210088e+01 -1.861388721298123983e+01 9.453072295344810527e+00
-2.812581096815763004e+01 -3.451338003537660626e+01 1.657326507645695557e+01 -1.189107350753018544e+00 -3.104694443663944625e+01 -3.554388296542555281e+00 -1.105205576017508307e+01 -8.657876776034994393e+00 6.361506745744268443e+00 -3.915374803643049972e+01 -1.174878992733503580e+01 3.108405083109001765e+00
-3.484912831961617741e+01 -2.155578718527589643e+01 3.290865121985490305e+01 -8.577663907425693068e+00 -2.936934824269779654e+01 1.445134471181525981e+01 6.962597168109614820e+00 -7.939917776790285764e+00 9.244842074209188354e+00 -2.909885753838516464e+01 1.275913075141710262e-01 7.383195725367050599e+00
-7.463652577754149320e+01 -5.738708465558428884e+01 -2.742122700544593172e+01 -3.791438382876806656e+01 -7.328594473897908301e+01 -4.631243013258746544e+01 -1.571547916982626703e+01 -3.751021441193430661e+01 -3.174870742538394452e+01 -5.080980172745159251e+01 -2.791884341889162968e+01 -8.120941144087728603e+00
-3.474248239235708269e+01 5.029537576910835028e+00 2.418949682682963243e+01 1.661703544307813019e+01 -1.944159128156130834e+01 5.448762877159882834e+00 2.715050869743308937e+01 2.046415439550826321e+01 3.372207683973907422e+01 -3.047960288085569402e+00 -1.337379351912168168e+00 5.124018367000528151e+00
-4.322430011921701620e+00 2.388459795530646801e+01 5.289473283252030811e+00 2.297445518899408512e+01 2.931251206778079599e+00 1.913469209872680210e-01 6.369320317663595965e+00 -9.154668255200245852e+00 4.158379197223455392e+00 -1.767746371221425505e+01 3.079258710011592903e+00 3.936398918305063610e+00
