3.581951352260042398e+01 -3.208408817741498353e+01 -2.499017992722528092e+01 3.342922558545956235e+01 7.074250239289861852e+00 -1.063901249998070675e+01 -1.276671525542134056e+01 1.002563477528425473e+01 -4.777794865064598717e+00 2.252340815348131997e+01 7.807686783381680762e+00 -4.219340646727987476e+00
4.248989477066006515e+01 -4.506505722431832339e+01 -4.908189235465883371e+01 2.055175567839052775e+01 5.139432568317144678e+00 -5.155473292862942536e+00 -1.680041861899387001e+01 -5.559184044205951913e+00 -2.948763601266469436e+01 3.819384977786528523e+00 -6.495787276761110007e+00 -8.530964266620834735e+00
5.012956542030353546e+01 -3.940998257024016027e+01 -3.663733336324476397e+01 2.822194898093253101e+01 -2.300983115070394547e+00 -5.293186651398356979e+00 -7.891114835147588380e+00 2.308543231469054824e+00 -1.869410124469267487e+01 8.803427233188873657e+00 -1.220961640236312107e+01 -4.558793027111073926e+00
2.235173090609804092e+01 -5.241019618202524555e+01 -4.049598768732881382e+01 3.367915457715064775e+01 1.336050478653475437e+01 -2.490650955799679878e+00 -9.207689234230624464e+00 9.944076844786842173e+00 -1.131650738499215336e+01 1.333680305164350344e+01 8.535039921754958847e-01 7.589591701136926716e+00
4.443765759115667890e+01 -3.502645759374248513e+01 -2.958949374261652210e+01 3.693282214524509044e+01 1.512338835441300056e+01 8.236488087307400896e-01 -7.246937921905864499e+00 1.325452888517029315e+01 -9.397019613605188226e+00 1.336933963693436667e+01 8.573357808045081185e+00 9.242627093169843988e+00
3.285208447380039587e+01 -3.808880062812897194e+01 -2.764050280973441431e+01 2.020302955313596982e+01 -3.134590371597079539e+00 -6.582264108461577834e+00 4.387281748405725601e+00 1.776489677486949148e+01 -5.448716533944075735e+00 1.147315620521549207e+01 5.690727514529148934e+00 1.207519487175318318e+01
5.812849862727539119e+01 -3.212987021176816427e+01 -3.486990334004862291e+01 3.261351432014864571e+01 9.171462753818875768e+00 1.256871051905689818e+00 3.871976559951127328e+00 1.839819533358524595e+01 -1.830886803440849420e+01 7.714805277589332988e+00 7.485477724570479552e+00 1.384400327135367803e+01
3.874618667526875981e+01 -4.464451315154047251e+01 -3.959079131008412844e+01 2.139687650537356944e+01 -3.786227847237026545e+00 -5.577531613991162374e+00 -5.897916706969930090e-03 1.221811646335943990e+01 -1.357005571339732697e+01 1.180215446070269003e+01 4.922018471352125335e-01 1.235227739098226252e+01
1.047309653764030912e+01 -4.514156351972420111e+01 -2.800091758912131112e+01 5.410433922526387107e+00 -1.905618880004197546e+00 1.718160979209576666e+01 2.594741543311965870e+01 3.134248668812987759e+01 9.043068196324957952e+00 -1.877668724730919170e+00 -8.701982945609877618e+00 -2.697045361430625121e+00
7.777309165696851778e+01 -5.989168556854316705e+01 -7.361115254285705589e+01 4.791587047545139200e+01 1.000152501753400713e+01 2.170541789256417786e+01 -1.989541115690953488e+00 3.118110723755865621e+01 -1.933032405630866180e+01 -1.047239022329663882e+01 -4.205021270876483896e+01 -2.135219289381479868e+01
7.282220694651859105e+01 -3.316979998680541541e+01 -5.535483069207664641e+01 8.107655542545710858e+00 1.061194055254250301e+01 3.086897287532156042e+01 1.435390540388827318e+01 2.435437004528133542e+01 -1.261737056352823139e+01 -1.064415611296289299e+01 -1.970886966299107712e+01 -7.144570456803028158e+00
8.476676125995858513e+01 -2.666197501649656942e+01 -4.363956876154151843e+01 2.613826539306977992e+01 1.373241612330843431e+01 3.401173420398058056e+01 1.543203471445047548e+01 2.402474576712541676e+01 -5.459708765056799251e+00 1.025851390972943555e+01 -2.749969406220071910e+00 2.942123861334174251e+00
1.908612430698041749e+02 5.608841133398968282e+00 -7.047634406098339355e+01 4.560937598660200365e+01 1.656812789601219293e+01 3.289613848793618445e+01 -1.025417909955637086e+01 2.235513914329080620e+01 -3.010932727469079850e+01 2.640261323452809172e+00 -2.509079034539161768e+01 -4.412282895768131041e+00
1.586353033654220326e+02 -2.383354935781743844e+00 -7.177101706593066410e+01 2.097209572427350111e+01 9.652618359715166463e+00 3.385225080650182150e+01 -2.310252268755104765e+01 -2.497779675013168443e+00 -2.970194282797551111e+01 -3.274563846283647717e+00 -3.584250641670616488e+01 -5.621409308871927024e+00
6.301574713350303369e+01 -2.138562341139309808e+01 -3.864361562865715882e+01 2.134738701653218129e+01 3.808703497669462479e+01 4.122368092656122229e+01 -1.039140302607375332e+01 -1.656639337614944907e+01 -2.891915325377998869e+01 -1.196386498447711233e+01 -2.397916055280424885e+01 -7.202092438048806500e+00
1.353594396056340372e+02 2.594653253373271351e+00 -5.544730469651200622e+01 3.568388993097719464e+01 3.749659747368757223e+01 4.825251264656110806e+01 -1.766248248472160753e+01 -3.777269340651357332e+00 -3.054591295421502650e+01 8.279274215849148355e-01 -2.420444109267632982e+01 -2.949491497352584091e+00
9.358227003818049639e+01 -1.576726710197478099e+01 -5.360078156919557557e+01 3.376335274391612984e+01 4.415137715082845205e+01 5.256479685815128278e+01 -1.074975457150261349e+01 -2.955969366240684515e+00 -2.413596601180418233e+01 4.178828549322668451e-01 -2.325777352661297570e+01 -1.057253036404738111e+00
1.385055392347393877e+02 -9.074185698562267532e+00 -5.936457722094827716e+01 4.923451011290703150e+01 3.607651072932968361e+01 5.916908541133116728e+01 -6.498011441774801611e+00 7.189075832766682161e+00 -3.446644509351878582e+01 -9.301532248159238847e+00 -2.758574574122163625e+01 -1.447838675752968651e+00
1.505175701518691938e+02 -1.228305614548104963e+01 -7.160108100898241901e+01 5.316878732536927998e+01 4.137832068991471601e+01 5.163532498527743542e+01 -6.102178892535381038e+00 2.236774362742760758e+01 -2.999520560091636412e+01 -2.071521936638018424e+00 -2.169545244960741570e+01 1.080752182363950276e+01
1.578884797138113640e+02 -2.127500519518726563e+01 -6.675036348344264070e+01 7.003613498392884651e+01 1.268639616754574995e+01 5.081314544941389499e+01 -2.200761580454330968e+01 1.397693236166680109e+01 -2.341022454863484725e+01 -1.996531665592651272e-01 -2.150625470351905477e+01 -7.871036089260219359e-01
4.604353556556822014e+01 -2.104197529428138225e+01 -1.609618456211910598e+01 2.363210190224828722e+01 2.231262687927871013e+01 2.074875677156903464e+01 9.590137253001145279e-01 4.013757381997751672e+00 -8.680099134200723654e+00 -9.776447686222933697e+00 -1.797744007098865282e+01 -7.602861939441037720e+00
8.747473260507811688e+01 -1.042881833553737536e+01 -3.739755977868431103e+01 3.283185916808166382e+01 3.772832221623600901e+01 3.538232837248671103e+01 -2.016726540927467326e+01 -1.224917639209019171e+01 -2.224343211877115323e+01 2.706466768638087661e+00 -1.381762059277295407e+01 1.050595029688119908e+00
1.571524577560804232e+02 -8.946300269906879876e+00 -6.672198650239543838e+01 4.489089842772594352e+01 7.627133220162020777e+00 4.535108138715121129e+01 -1.870132294478178991e+01 8.500210888364577499e+00 -1.838714188320667020e+01 1.316542259412717542e+01 -1.978740544820219327e+01 -5.151422835371506359e+00
5.987832395051474776e+01 -1.654482001804924707e+01 -2.589117357638174610e+01 3.970877552626222240e+01 4.920837800331468515e+01 5.440275331534726178e+01 7.490941601533982919e+00 3.632820951393408215e+00 -1.825899830771864174e+01 -1.108342102665383422e+01 -3.065146542834941101e+01 -1.178742960130481521e+01
1.248962275412495586e+02 -6.844494428130881714e-01 -4.799004638104756992e+01 3.542133925864609267e+01 2.998668296477913486e+01 3.204416947414368622e+01 -1.642972397309227972e+01 6.367045287444411450e+00 -2.344711751734144656e+01 -1.214654044597226701e+00 -1.746085931324482488e+01 4.126610299737747845e+00
1.572588221113667544e+02 -1.535012553471061025e+01 -6.259764152197999465e+01 5.529036357217461273e+01 8.195240896817448828e+00 3.045952918363755302e+01 -6.397948496634100479e+00 1.941323522905493348e+01 -3.548109219152532035e+01 -1.028168649419675340e+01 -3.612405592309397662e+01 -1.332824711231453563e+01
9.744178095519004046e+01 -3.609316714030453710e+01 -6.094262783429599040e+01 7.001484041829129978e+01 4.274047631979625805e+01 3.177162981616685045e+01 -2.515348021666072498e+01 1.538909601990769360e+01 -2.501851432061059910e+01 -6.717901174064025760e+00 -2.344505796034037104e+01 1.497567227375152754e+01
6.946885434835215278e+01 -3.867768616726380060e+01 -4.825789799884097420e+01 5.471257715359315910e+01 3.464317452219426485e+01 3.226183797285629851e+01 -8.924385999828295724e+00 2.302956909422208653e+01 -6.655107455524484017e+00 -2.591338537352769311e+00 -2.911250655858947312e+01 -5.062609677034529021e+00
7.377942548773123121e+01 -3.963102631709705292e+01 -4.188240623635985571e+01 6.921662884185437292e+01 5.122796027508253047e+01 5.164472458376555153e+01 1.288163438054018428e+01 3.040299822567021693e+01 -1.736363810272552755e+01 -1.460375660532534070e+01 -3.288798955574571892e+01 -1.008784086725568585e+01
1.145207782420771707e+02 -2.989533735888981170e+01 -4.703638433319738255e+01 6.908172575496780610e+01 1.633720237747406401e+01 2.333771334589297197e+01 -1.515056448406774781e+00 3.218362834480323897e+01 -1.585178346354263823e+01 6.704885565914108447e+00 -1.124204177100910584e+01 -4.537960334867044310e+00
1.096224850000708386e+02 -2.382647501341229201e+01 -5.099183567478601731e+01 4.716464282826277099e+01 1.462405117436783009e+01 2.142474287104995767e+01 -6.243800533864909852e+00 2.558386818357244863e+01 -1.715174024100944550e+01 -1.056240473502603372e+01 -3.765722790133186493e+01 -1.576732450296715626e+01
7.854311042107687513e+01 -3.621645300938688194e+01 -5.295980283523004317e+01 3.411641279142494909e+01 6.657331768584814569e+00 8.258964782943460037e+00 -2.740476632242881649e+01 -1.024368312078922827e+01 -3.550365942131769259e+01 -1.624809666324771129e+01 -4.572408685199431488e+01 -3.181887939676719768e+01
1.010143804806761949e+02 -2.255823872787769346e+01 -5.766789231505654811e+01 3.831129440950375908e+01 2.531604194998137558e+01 2.105772294723647775e+01 -1.787408222515495027e+01 8.875423225921391435e+00 -2.541229619551435803e+01 -1.426477102441812805e+00 -2.165239026294640112e+01 -1.589074451866564175e+01
6.270764331173700867e+01 -2.985972437335840368e+01 -3.720396047825083485e+01 2.600930513069578609e+01 2.401574996702026787e+00 1.967124917336924517e+00 -2.094616668592131958e+01 -6.727500625234142717e+00 -2.839634884324971154e+01 -1.165015877810872880e+01 -2.141077529057950812e+01 -9.369223591432515263e+00
3.667382603451562773e+01 -3.697686021128312461e+01 -2.074260063263232468e+01 6.007409207294591624e+01 -7.108063349024468458e+00 -7.100682052204845718e+00 -7.194468738894149951e+00 2.928079300135615171e+01 -2.170309753100543659e+01 -1.316696701987259388e+01 -1.220598099549236792e+01 2.279505083362789897e+00
1.285399254081533016e+01 -7.943694189157443475e+01 -4.862313869893111473e+01 7.612214060947565031e+01 -2.652160285210490542e+01 -2.533230132479116392e+01 -4.070054405984386392e+01 2.915301680805436746e+01 -1.170456726660512103e+01 -1.067276310793923599e+00 -1.130348060443378344e+01 6.882998790421018143e+00
5.301236916411643563e+01 -5.863521090895621768e+01 -4.852379790057592857e+01 5.858057713244599540e+01 -2.006757166259347969e+01 3.649208861799223769e+00 3.049694727587166199e+00 3.813504671581270600e+01 -2.185457278862391917e+01 -8.549556336076825858e+00 -1.221682866122747768e+01 1.029402515509554306e+00
3.465633441008615279e+01 -6.256104714402786726e+01 -4.612576033965461164e+01 6.282104914569946885e+01 6.580079785288972083e+00 2.199321367890377132e+00 -7.950382294307830833e+00 3.517745762520070230e+01 -1.041951739070428218e+01 -3.426909213611059712e+00 -1.987948630777446368e+01 -3.370337886144668893e+00
7.119486738185723596e+01 -5.766353578429337290e+01 -6.256095068262354886e+01 6.885513520211611649e+01 1.130883731534617098e+01 4.297193260370388401e+00 -1.028337711809139066e+01 3.189927567422631327e+01 -3.172678125297487384e+01 -1.100323266393780131e+01 -2.690887013324688226e+01 -1.044222860360161675e+01
5.026923219716886138e+01 -4.188539310003665861e+01 -3.590345740689102882e+01 4.724699584670298691e+01 9.157910135920182881e+00 9.033778196463866372e-01 -2.297140929053956171e+01 7.389543051594428036e+00 -1.340853439686343229e+01 -1.246830894434342252e+00 -1.420163188023514245e+01 1.954026959920113216e+00
6.281897752685992486e+01 -3.678224151768885974e+01 -4.046362978662686771e+01 2.892005452549897626e+01 5.350287162013204423e+00 9.593952281758429734e+00 -5.536653739477844560e+00 1.023391139132871608e+01 -2.044622968434973131e+01 -1.141377935928725762e+01 -1.658698609644115507e+01 -4.089371820824823089e+00
9.544437096801866005e+01 -3.970846032906332823e+01 -5.517167905664422278e+01 3.523483069894700748e+01 -2.918606642733532297e+01 -1.020779205083389840e+01 -9.646954222663932654e+00 2.259499631934557939e+01 -1.823981779188238761e+01 1.994256256830020835e+00 -1.828228804622344938e+01 -1.091060215094748287e+01
4.997142836692685819e+01 -2.524623265778685521e+01 -1.760090413384833496e+01 1.793889361810198579e+01 -1.495675060174263393e+01 -8.730489576451535783e+00 -4.885896326811677959e+00 1.823379054442791158e+01 5.742196445092906387e+00 3.027245054127614132e+00 -6.938481020099463770e+00 -4.858152311135929935e+00
7.001393726233951043e+01 -6.225223096955085822e+01 -8.603495003033751232e+01 1.311917839774955041e+01 -2.617723238169676137e+01 -9.376062429248190000e+00 -2.708679643752163457e+01 2.105544806469368524e+01 -1.211315614606291824e+01 -5.812133835491422040e+00 -3.702509908834567653e+01 -2.537051698694087065e+01
1.360868344852448786e+02 -5.578100186904607938e+01 -8.340040803373037193e+01 5.206099710847280448e+01 -4.963670627446141737e+01 1.599379253865403072e+01 5.049495997194584085e-01 3.990677940243736543e+01 -8.951240254706458899e+00 1.747693237372268626e+01 -1.183598663235436632e+01 -1.477871972381343291e+01
6.147038102711113794e+01 -3.353911890470099877e+01 -4.515887803914833398e+01 5.102609776938031416e+00 -1.487112906641949905e+01 -1.262916430860293815e+01 -2.062210100890787601e+01 5.376167879464510690e+00 -1.114234368865966651e+01 -5.161320432679199044e+00 -1.689495771076587616e+01 -1.013276605200439562e+01
1.247989988312128844e+02 -5.640833773776316207e+01 -8.581500674039995147e+01 5.533656294863516933e+01 -3.302020419717599964e+01 9.875360416118994067e+00 -1.299768581308801707e+01 3.325999962684274180e+01 -2.667674951506148417e+01 -8.926078706962231601e-01 -1.435596214706490059e+01 -1.010587214944821000e+01
1.488706243201411326e+02 -5.960484878049284418e+01 -7.714002623570593187e+01 9.563334831452331741e+01 -3.294016012101299395e+01 2.897874300720207330e+01 -1.815087351979328290e+01 3.121715071218793724e+01 -2.892443371034540434e+01 1.059290867336097897e-01 -3.897828084282489058e+00 -3.667110436349461988e+00
7.149708984439727999e+01 -5.193394136265149541e+01 -6.676752391548701837e+01 1.743408595408104134e+01 -2.106166288077497839e+01 -1.125528049322406332e+01 -2.720228956626099048e+01 8.403924392863753923e+00 -1.878875865968632652e+01 -5.787130152523054072e+00 -1.782014300569442966e+01 -3.027720943720346725e-02
1.425148189986578871e+02 -5.020495433631938198e+01 -9.022295350690880866e+01 6.894574231783673213e+01 -1.580216375653319538e+01 3.531282349450514779e+00 -2.347874344771608435e+01 3.734934675224614864e+01 -2.058957729783812240e+01 2.062563630921864188e+01 -1.905040883331367674e+00 7.641615887311605348e+00
1.005326616102547064e+02 -7.087953750103736184e+01 -1.100636342234951712e+02 3.784101520471688218e+01 -2.277012391004540337e+00 1.540730767314819261e+01 -8.415152036346611908e+00 4.895930504629573221e+01 -5.411128140724440705e+00 3.038694859429010009e+01 1.773105123683807705e+01 3.275697648945401852e+01
9.418552232466271334e+01 -8.808147306272448418e+01 -1.147358506824732132e+02 3.358438301131918990e+01 -3.446805409704801093e+01 5.077832467382151549e+00 -3.312291762286514540e+01 1.583119845686814031e+01 -2.962367138130096933e+01 -3.495470584056215024e+00 -1.821607513305742287e+01 -3.498431349686272007e+00
8.141693210184374152e+01 -6.778599580964572624e+01 -9.463723200237069477e+01 1.298934020542095347e+01 -2.921445924583953868e+01 7.862098091452551785e-03 -3.467275185706994733e+01 2.965255233360850617e+00 -2.390431352371387419e+01 -2.561557767011596098e+00 -2.590435134691476549e+01 -2.064972277183194649e+01
1.259656567284030757e+02 -1.788635357338245058e+01 -6.640782735185945285e+01 2.084106485483430760e+01 4.636335528986055721e+00 1.346797971462935450e+01 -2.424697501081804774e+01 1.191400783671930164e+01 -1.543450650150125725e+01 3.216896579489113561e-01 -1.712248196274896372e+01 9.061106447377362372e+00
1.080141809754887845e+02 -5.024518682289701843e+01 -9.495609160849619457e+01 8.828225559844433690e+00 -2.098801644807610955e+01 1.598716454414326194e+00 -2.919079156542485265e+01 1.298204020172480355e+01 -2.558411614075166796e+01 -1.521605965276438965e+01 -3.238607709481806296e+01 -8.423441610170574023e+00
1.455005292953346725e+02 -2.182492318428379718e+01 -6.554400888631090538e+01 4.569695841447048679e+01 -1.461941479031656499e+01 8.366695455206295762e+00 -2.936152000907473436e+01 1.906438492403194829e+01 -1.537145657537207200e+01 3.552063672471961198e-01 -2.559527893118466579e+01 6.717689409441337745e+00
9.044726013412129362e+01 -2.793180606483280570e+01 -6.069571062556858010e+01 1.300086466258198570e+01 3.026756344103363361e+00 2.992038744769509595e+00 -3.030389434671829463e+01 4.981896442046769735e+00 -5.663110445527130388e+00 1.090241083616647089e+01 -4.332446466796565865e+00 1.641498933292762885e+01
1.178523708580530069e+02 -4.279532749860597285e+00 -4.763944808471075021e+01 7.873948325928452618e+00 -7.266481569807186958e+00 1.807248698111245666e-01 -1.730019492225110866e+01 1.679570483034618888e+01 -5.392296782152756762e+00 8.312023914514030665e-01 -1.054156841450382665e+01 1.522483809517278885e+01
1.869991543911766883e+02 -1.451079311516410186e+01 -8.643246284013524416e+01 4.933646848577439670e+01 -1.713176360945828947e+01 9.890066712376038183e+00 -3.808238610258729295e+01 2.984692083828546316e+01 -2.390150759548914650e+00 2.463838731368224444e+01 -2.075311695561838832e+01 1.091756791620430178e+01
1.779324466724276022e+02 2.534115723867059522e+00 -7.089998768451860656e+01 3.284578177720144510e+01 3.474247896338293451e+00 2.322694527391159625e+01 -3.689579264191976904e+01 7.600676261661364563e+00 -1.027240878416331071e+01 1.847586635297134094e+01 -1.529744585930688849e+01 4.746739035752313818e+00
1.482993355270522500e+02 6.150197720810371749e+00 -6.017358779103227562e+01 4.684820819061345176e+00 -1.150631152684943714e+01 -6.928418486354428474e+00 -4.675608410283566485e+01 -2.796583735184932973e+00 -1.036828477869155307e+01 5.996938781608763591e+00 -2.386019316065765139e+01 -3.738175945204019079e+00
1.173566718295165572e+02 -1.449558807770605640e-01 -4.530192860391135667e+01 8.841857810010417040e+00 -3.593752033997898110e+00 -1.474903565545778505e+00 -3.335092714739185027e+01 -7.467085679636451534e-01 -7.358454467750287442e+00 5.636755175034027232e+00 -1.855960290640969035e+01 -2.249701750293811031e-01
1.444891296570266093e+02 8.275778539838917425e+00 -4.861507399614603031e+01 1.262361952557989042e+01 -1.123866334620250917e+01 -5.048811210540153915e+00 -4.373629659660152669e+01 -3.729762676019340972e+00 -7.103348327900731007e+00 1.229769888808921685e+01 -1.525300872477612657e+01 1.209348381704662856e+00
1.845764438552717479e+02 8.173343006788713616e-01 -8.596869379563756297e+01 2.474816063581538117e+01 -1.640313671472306112e+01 -6.916862004119532337e+00 -6.696161031915414696e+01 -5.266188223171392124e+00 -2.391197271923097745e+01 1.431387229171481223e+01 -2.128495789378791159e+01 3.526814722855439399e+00
1.812532830445607601e+02 1.397498879618654755e+01 -7.176944279657801928e+01 1.516764527846261501e+01 -7.554737329944204660e+00 6.513251310301687802e+00 -4.565450709139368257e+01 -1.927827863064385916e+00 -1.627752784133562614e+01 2.678215457851842629e+01 -4.485746797914177186e+00 1.055349054470588044e+01
1.131459222102156161e+02 7.487204387830267649e+00 -3.373713733919475288e+01 8.535768537821417645e-01 -9.723998574323978517e+00 -3.159298746285803539e+00 -2.674686911581543569e+01 -3.129647793459763072e+00 -4.159028932027035275e+00 1.258598551965810941e+01 -9.216784484630958119e+00 -5.097067572209473596e+00
2.029390172733942563e+02 1.541128696553971622e+01 -8.453076147120125938e+01 3.169116442417618629e+01 -9.856552924659300885e-02 1.179917337369230879e+01 -3.980151870024781147e+01 9.289892427740795711e+00 -2.547534219104581155e+01 2.586533970398485138e+01 -1.983884443585446888e+01 -4.710671725012511857e-01
1.364314751005955486e+02 1.457234533608458804e+01 -4.840885825202286696e+01 1.063005435290318434e+00 1.603934837140039704e+00 1.883361707910810168e+01 -2.957491954355356256e+01 -1.100016747049035537e+01 -1.383414090869695556e+01 1.137392069667190597e+01 -1.688591673481518285e+01 -6.503780527264345857e+00
1.260705939703004219e+02 7.010037256700145658e-01 -4.701150199028487719e+01 9.663932976403017960e+00 -3.717042127942332130e-01 3.326517962102468751e+00 -3.568138389947172584e+01 -9.134678669158953213e+00 -1.341933038307013426e+01 9.185066612406657782e+00 -8.406663083345584653e+00 4.084124509547176984e+00
6.927116142961023115e+01 1.626274188792641961e+00 -6.249362848257125513e+00 4.286985626549927098e+00 -5.984927786562881380e+00 -1.183605433160041187e+01 -1.840842857194808957e+01 -3.688840759433980487e+00 2.276109775682870762e+00 6.679091048611205395e+00 -3.501324224227679416e+00 -6.084494969476344828e+00
7.696680077259151176e+01 -1.187994889635451079e+00 -1.453970138085331421e+01 1.065148596383340518e+01 8.334867425947713571e+00 6.148769381636999043e+00 -1.272068943634750937e+01 -3.672360699413396823e+00 -2.217175905379337841e+00 7.573635674624846992e+00 -4.533954146715997169e+00 -6.570722090578776431e+00
7.700373105392455386e+01 2.657644393542336836e+00 -9.048616609745266715e+00 1.380890957613840442e+01 1.224924429388026326e+01 8.835523298134582149e+00 -1.308654435389455095e+01 -8.554614278343970923e+00 -6.086298810028010209e+00 6.795239336478578807e+00 -2.009324801571314101e+00 -5.265189637068007578e+00
6.447130613044078018e+01 -4.332503788901240327e+00 -1.284146484114463505e+01 6.023926383300995724e+00 3.956307516368563704e+00 4.374614073434816675e+00 -5.237911808905150401e+00 6.965263455519199454e+00 8.094073083928076784e+00 7.550968086874171981e+00 -1.228781332897822054e+01 -1.860330007651414519e+01
1.143702153832314536e+02 1.039172434201410233e+01 -4.295625620596686645e+01 -1.741198943739350469e+01 1.206235710720077847e+00 1.836804432058705672e+01 -5.859275531369320333e+00 3.865076728727354194e+00 -4.243272556183505628e+00 6.032014020002988808e+00 -1.665926677802492506e+01 -1.351349051798833401e+01
5.820359680093009302e+01 -1.725954382441244661e+01 -2.910227808321633702e+01 -8.908211884996521945e+00 -9.556446894740869169e+00 -5.387343088314400674e+00 -1.399265465292356758e+01 -3.231882170343536753e+00 -3.547973218414179009e+00 1.719445648785055791e+00 -9.281100635502582463e+00 -1.208592613776142599e+01
1.372637520814117806e+02 1.140206294448571711e+01 -4.900843091740762958e+01 -4.658757318007909376e+00 -6.087098948633535400e+00 1.408307458284756919e+01 -2.052312655976963995e+01 -4.925483458494642974e+00 -1.620728026515743636e+01 8.971283189566996441e+00 -9.882696012504142757e+00 2.041925389695542492e+00
1.307617177228259493e+02 1.171722922815449586e+01 -4.378645448377213256e+01 1.146392538295551766e+01 1.049817983962415546e-01 6.793173563232219436e+00 -3.150729027736738885e+01 1.426541441996057813e+00 -6.742293465459685997e+00 1.034406338420275695e+01 -1.628456032408045928e+01 -2.005286666676292517e-01
1.263742201932768410e+02 8.996442996914785439e+00 -5.465966706875438774e+01 -3.898279731965534900e+00 -4.540540627559440878e+00 7.728648358834373511e+00 -4.005865285611109528e+01 -1.303636936098184052e+01 -7.970217697373199073e+00 2.379171936605870741e+01 -8.080967909095607027e+00 -2.616011836848042726e+00
1.227118629545375796e+02 5.580138608001118605e+00 -5.126860333360376387e+01 -6.680350140901227363e+00 -6.213310124211485430e+00 5.984047627137750069e+00 -3.170060469257082048e+01 -9.234459713184998364e+00 -1.201104203459916775e+01 9.432758305472864535e+00 -1.613510740800845156e+01 -2.116921011289347287e+00
1.235445485736314595e+02 -4.469493606574157951e+00 -6.362975906760784284e+01 -5.056042592189810669e+00 -9.676147212328695346e+00 2.685936178656589846e+00 -3.436624584027705964e+01 -3.300564985436475585e+00 -1.174218488202303412e+01 1.137976421859244525e+01 -1.365779146014470058e+01 3.892206305962854440e+00
1.329385812597949155e+02 1.400869301911519038e+01 -5.442884439239496430e+01 -1.091447571592391874e+01 2.050470774074985680e+00 1.242322408796892219e+01 -3.289530216721476563e+01 -1.183072731834379709e+01 -1.300661967533865493e+01 1.064255025372092334e+01 -1.483740591332278136e+01 -3.307280486973485978e+00
1.355690178910144255e+02 5.736824019016112608e+00 -5.086734901990185875e+01 1.659734615642965849e+01 6.849265546892532086e+00 1.822598001698177939e+01 -2.765681427809731474e+01 1.033977364931037979e+00 -1.282216057337444326e+01 2.397470703982187423e+00 -2.788918391546490483e+01 -8.792701796357341948e+00
1.198671172897984007e+02 1.359625557966515075e+01 -3.944451968468267467e+01 -1.992054410291659394e+01 -1.252454134589330792e+01 2.971152971524904096e+00 -2.009046890896680537e+01 -1.315647734140492453e+01 -2.378077059309612551e+01 -1.135659618218291911e+01 -2.512260388893761842e+01 -1.341574203555622447e+01
1.159127848323477679e+02 8.979981951716990096e+00 -4.225172716112552962e+01 -2.227989262419053773e+01 -1.764166373255758202e+01 -5.190647997141811132e+00 -2.891669689189101433e+01 -1.954559036368616631e+01 -2.512201872638227940e+01 -8.334852804258265024e+00 -2.131698224368217964e+01 -1.329535925090349302e+01
1.214905918113895495e+02 2.304694986080500740e+01 -1.894911649618049410e+01 -3.214125482044563942e+00 -5.658799013955246870e+00 2.548913718975437170e+00 -1.771316889048087972e+01 -1.028392489595018233e+01 -1.818457928997730022e+01 -6.088958050881432271e+00 -1.415356200581817880e+01 1.280040003898109124e-01
1.225027862063540880e+02 1.890739600762380945e+01 -2.875042976125456207e+01 -1.129542358252319190e+01 -9.324582689121600154e+00 3.007150832122047035e+00 -1.918747356542643701e+01 -1.325229538095170057e+01 -2.007274204138456497e+01 -1.854037397444814772e+00 -1.032473961984070954e+01 -5.444760072073115964e-01
2.014981236145346486e+02 3.093325902083140733e+01 -6.948078736242445075e+01 8.288890284770307204e+00 3.147030407318958112e-01 1.407842096308216639e+01 -3.619613835240809152e+01 1.801386506638968044e+00 -2.365641722477555220e+01 8.319057822799695856e+00 -2.688214801835717793e+01 -1.152521799867346264e+00
1.452957481723803994e+02 2.204015730339099832e+01 -4.442216995970260740e+01 -1.944763585359918423e+01 -1.706795743600686777e+01 3.930791578712173884e-01 -3.045566665220718505e+01 -1.704519332659979369e+01 -2.007996415844556282e+01 4.023787137867573804e+00 -1.140055262154792359e+01 -4.175971743501866840e+00
8.766523134564482689e+01 -9.426615753269196318e-03 -2.807246625150150621e+01 3.547756705197399718e+00 -1.954969902198443688e+00 5.671070788860952394e-01 -2.011294696544150540e+01 -9.136358123883239202e-01 -8.054290647988445073e+00 -9.542684769995519289e+00 -3.847724771608056216e+01 -3.081048046346460012e+01
1.434231227809759730e+02 2.324056674360151931e+01 -2.898705888653113760e+01 8.448690972695661827e+00 -4.623764155225346784e+00 6.346147144789741290e+00 -1.715044270397422110e+01 9.238488236562789169e+00 -1.120953935519241274e+00 9.235459639018367639e+00 -1.838134356103025624e+01 -1.465955195584311710e+01
1.207551837825185430e+02 6.201335250321977632e+00 -4.451458063742030191e+01 -7.463271000171722847e-02 -9.611348857027030235e+00 -4.653853286327167993e+00 -3.488816867355765794e+01 -7.009089806056203464e+00 -1.512746445580326338e+01 -3.031073828498946909e+00 -3.021062831701966189e+01 -1.154108614434831104e+01
1.361910925464609079e+02 2.390415460343091780e+01 -3.926550040633630800e+01 -1.750853533653553740e+01 -1.633431020677465995e+01 1.189062802354352577e+01 -4.866289993108956047e+00 1.500915054213936628e+01 9.407727197448780387e+00 2.331040536380519512e+01 -1.077559693984542832e+01 -1.000905055446730074e+01
1.174352590107533132e+02 1.167913743809216598e+01 -3.637413717679307013e+01 -9.250274971523332113e+00 -8.353153450983349160e+00 2.290434347774132906e+00 -1.964760165639517453e+01 -4.262161800742599205e+00 -1.357764549529914966e+01 -5.064199329713263253e+00 -2.736185391403234135e+01 -1.431255097035558066e+01
1.312317921386958801e+02 7.498981270527113274e+00 -4.541919711108954516e+01 -2.210233168680287630e+00 -9.455307641106923455e+00 8.890095301645834169e+00 -1.230334100643758788e+01 9.989028196932036252e+00 -5.109111288101633619e+00 5.625760350904854157e+00 -2.084845765769215475e+01 -1.047916397936108268e+01
1.332694147391088393e+02 2.598034756814612933e+01 -2.424156305354035723e+01 3.153488876870447211e+00 3.698566017766830694e+00 7.647885728988007337e+00 -2.153989499946887776e+01 -5.333863182639116296e+00 -1.353438728405644298e+01 -9.370475777872471213e+00 -2.855227076116978679e+01 -8.685060091894925449e+00
1.154394810207591036e+02 2.102438297923811916e+01 -1.569381764233179410e+01 3.299530940540540414e-01 -1.051514063291992152e+00 9.465772089275795054e+00 6.161650557807949458e-01 1.198862102532704021e+01 -5.278495004382956601e+00 -1.165520968910388611e+01 -2.645246250050341175e+01 -1.061711782763419087e+01
1.460167979093420740e+02 2.589800989224995931e+01 -4.260686230446387412e+01 -1.692342465518739658e+01 -1.785262526599942845e+01 1.181002414469900685e+01 -9.766922564387069627e+00 2.267337059055329007e+00 -2.583114496076902356e+01 -1.521567908763716481e+01 -2.928854122663874904e+01 -7.631484670041960072e+00
9.736914083177309465e+01 -1.892941337043724914e+01 -6.241536398015271914e+01 -4.536158661874021725e+00 5.113986858188678042e+00 2.696461084389011376e+01 -1.730549896074200067e+00 8.078957634480097738e+00 -1.901110333269984665e+01 -4.160049029333829473e+00 -1.239219317167734502e+01 7.041243346161937033e+00
1.105929603862415718e+02 -9.160856723246453726e+00 -4.685361818152701119e+01 1.042404071763420781e+01 3.893432867503819672e+00 1.910718658475601828e+01 -5.513060647737790809e+00 7.432779217952795392e+00 -2.198929728026052288e+01 -7.575441555363626733e+00 -1.124866236399861386e+01 6.270179316433891259e+00
1.486593626733279621e+02 -1.730455675275271110e+00 -5.228248572449435017e+01 2.856119835670183349e+01 -1.744237438540968554e+01 -8.062521209124271948e+00 -7.936477579241238978e+00 1.109231810739492019e+01 -4.124827859154468257e+01 6.460221139634674259e-01 -1.731822771625131097e+01 -3.526302946618374179e+00
7.187573697264799932e+01 -1.853703429593858232e+01 -3.061346577807196923e+01 9.420089667327536276e+00 -6.447734525900848723e+00 3.951516966364291950e+00 -4.782980139434938494e+00 5.125664943956614650e+00 -1.503239186495550328e+01 -1.848221273497189010e+00 -1.137037433734270131e+00 -6.136004563627797115e-01
4.379397035104672398e+01 -6.433419707381973751e+01 -7.632018624729528256e+01 1.632669816517203998e+01 1.402665373148573913e+01 2.348968530975220759e+01 9.575587735412582902e-02 2.676576427809628456e+01 -5.923095415759727089e+00 3.099366381674308002e+00 -2.457522332873808502e+00 2.226112364652216158e+01
8.471285098221741805e+01 -2.033891334891236724e+01 -4.839468986465287514e+01 8.466821926881513249e+00 4.957978659884208383e+00 2.297219596358883820e+01 -1.674747961238773897e+00 1.514950779897515698e+00 -3.136189288388359486e+01 -1.156779518972863663e+01 -6.683372326407985398e+00 1.899929562200409450e+01
1.340864824007234120e+02 -1.702712580878407422e+01 -7.090237016580024942e+01 1.594771205713647255e+01 -7.749609133686026219e+00 4.787129397184575197e+00 -1.403587177897691340e+01 1.392388530196753038e+01 -3.655053684380092704e+01 -1.445679551302362498e+01 -2.235222393999646329e+01 7.071327510191241394e+00
6.806398288804354024e+01 -9.381160799104241832e+00 -2.172553687098765351e+01 1.448067313600619421e+01 2.196988041392371116e+01 3.550560227836629679e+01 1.650392674368085366e+01 1.064104012020176349e+01 -1.529983955443457866e+01 -1.648320700285733054e+01 -2.095957914214995554e+01 2.055106217050052031e+00
1.482369282857274584e+02 2.344519860842768111e+01 -3.005396195095678991e+01 1.898237451091688399e+01 4.013388989837224585e+00 2.716862284935869098e+01 1.188559542698793692e+01 1.589334279521087367e+01 -2.908325250194146605e+01 -1.224152886964432163e+01 -2.674141519592146565e+01 -1.023961630627514374e+01
8.980513951044981980e+01 5.824999750632718687e+00 -2.091689537081424888e+01 6.559057618272520207e-01 9.713207935740697963e+00 2.035854366135238891e+01 7.474127923660187633e+00 9.288081481935579475e+00 -6.134859322748251742e+00 -6.234803432841597548e+00 -1.941071110996653459e+01 -5.813003510896758819e+00
1.048347375467897677e+02 6.154578249986125904e+00 -1.710296542325013647e+01 2.201267966497276873e+01 6.343798643390901049e+00 2.683862922597851153e+01 2.322994835689777915e+01 2.617587375055656196e+01 -1.170903435552579630e+01 -5.829181763252043069e+00 -1.383433863507339368e+01 -4.505325477932295541e+00
9.656016951011702076e+01 5.302951919762925570e+00 -1.342630965870558057e+01 1.542939857822209504e+01 5.887294275180899206e+00 1.068585987870762821e+01 -2.926091315176040375e+00 4.715474354192064510e+00 -1.081427388036777337e+01 -9.013041665055242291e+00 -1.685344299234684584e+01 -1.214794297161384939e+01
9.467403815989055715e+01 5.784714298084832507e+00 -9.556049216514763245e+00 2.493715093153089768e+01 9.650836849493453329e+00 1.423672298428055427e+01 1.107892044093707362e+01 1.900328935332026958e+01 -7.046798035684211925e+00 1.232521479900548833e+00 -1.697726775545596034e+00 1.252601822708613355e+01
1.520512311857061718e+02 9.223844601926661113e+00 -3.788807809631335033e+01 3.627840634612725523e+01 6.175764372220005072e+00 1.468782993848572715e+01 5.804087560352309438e+00 3.032635108112761202e+01 -2.397066552766085579e+01 -9.253663778460069267e+00 -2.484223975313272703e+01 -9.075267540254362331e+00
1.192156454166807862e+02 1.970760812850653565e+01 -8.708567438810771222e+00 1.927506970751113968e+01 4.862593879148104037e+00 1.062811963375454738e+01 8.784537000940789042e+00 2.340428288794671374e+01 -3.259795383525807999e+00 -2.025748022054403741e+00 -5.914025382562968502e+00 5.704852644011964458e+00
9.980390873190262369e+01 1.550169029346696092e+01 -1.128628857968683086e+01 1.578669833818952206e+01 2.046474983110763546e+01 3.538816794072484839e+01 1.371746774276893710e+01 1.193259770882034054e+01 -8.720806836988135302e+00 -7.519766575575379974e+00 -2.055351152331869358e+01 -1.475880713461858029e+01
8.746516722964651080e+01 1.400105340359713013e+00 -8.649351506693840008e+00 2.841703075620793584e+01 1.942756302036642069e+01 2.139711303760938677e+01 1.226578420944230530e+01 1.874520167822207384e+01 -3.940718742273618513e+00 -5.772603529586294968e+00 -1.620490252707634937e+01 -4.038154735949833096e+00
1.345378637609799739e+02 -1.175899479178784723e+01 -3.440029253374079588e+01 7.835660064156681415e+01 1.639721683914449102e+01 2.114132403615418809e+01 4.488021482520817784e+00 4.233579040897592449e+01 -1.718754763235155281e+01 -1.133579615935959684e+00 -1.375457591763865395e+01 7.854690721025805900e+00
1.225648800999331627e+02 -4.914315870163733280e+01 -8.083194019947706010e+01 8.775745393326846511e+01 3.375212617841951612e+01 2.699245812607548700e+01 -1.088152062482472537e+01 5.231585493089228578e+01 -2.556535340273451595e+01 -1.225737993411847704e+01 -2.883964665873719468e+01 1.723482559613762177e+01
1.424460531817180424e+02 -3.828694153937862410e+01 -7.164688252447059824e+01 1.007515780547371662e+02 2.296668442185751502e+01 1.267386997976126217e+01 -2.190755456848950189e+01 4.235317686600750875e+01 -2.022785933571505979e+01 1.850077758591996258e+01 -1.674970034533289365e+01 1.762276306578361584e+01
1.353886672304861918e+02 1.129551537135237105e+01 -1.539497392333114334e+01 6.557297817961656961e+01 1.756995023284213531e+01 6.800782255571014900e+00 -1.051615058789360369e+01 2.466963647288364214e+01 -1.133797567298562115e+01 1.240210232962149561e+01 -9.378224575092783510e+00 -2.459942261532388486e+00
8.871348586869143560e+01 8.428809285302047982e+00 4.262260948193274945e-01 3.784375553963110406e+01 1.075001504676683872e+01 -3.200099491190174561e+00 -1.140600584522941574e+01 1.720828348742552194e+01 4.116862061019210373e+00 3.280326487828351123e+00 -7.066355699669019330e+00 1.072573074258174053e+01
1.020451896142655244e+02 1.670283054867389438e+01 6.556433601016623314e+00 5.074917077771227980e+01 2.411954054581179463e+01 1.361786754123008869e+01 -3.560166489400310219e+00 1.838608539856907242e+01 3.294285395928088001e+00 1.097326936132397357e+01 -3.753167905288359307e+00 -3.748670753149133672e-01
1.034564856429197164e+02 1.292248065169684601e+01 2.816778266982542522e-01 4.032334771960618269e+01 2.009937173420382095e+01 1.777830451667285061e+01 1.597466342496649983e+00 1.405455141442097045e+01 -1.972687380229967591e+00 2.260106509356941018e+00 -1.086274481339314946e+01 -2.498981227055305787e+00
1.011987127196938729e+02 1.698793795281252983e+01 1.306587874673950367e+01 6.272141614682344368e+01 2.632854889887935457e+01 7.685855023315298240e+00 -4.960533930221786569e+00 2.166947554388817210e+01 4.742169966515775492e+00 1.418770375712551868e+01 -7.812779303057970637e-01 3.542200948765441559e+00
9.801878115347329867e+01 7.239111416512196584e+00 -8.232766824395689298e+00 3.429868353347539056e+01 2.125524478184951249e+01 1.237693899656586893e+01 -5.350565470575514126e+00 1.386215923532511241e+01 2.809633783501380044e+00 1.111489614469831722e+01 -1.715071148510042276e+00 1.672311864400460646e+00
1.419782594536895601e+02 2.170368301374527675e+01 -1.120545275705990917e+01 6.151199393434324492e+01 2.757556057494996793e+01 1.045369871293924646e+01 -4.435636945646962204e+00 3.034351623627389927e+01 -1.870309571263386816e+00 1.503738800812845078e+01 -1.273283751306381006e+01 -7.073452791594192490e-01
8.818889922967912298e+01 -2.922364615674829302e+00 -1.375082064379903457e+01 3.414898317700890118e+01 7.879686552089443019e+00 -9.684163392569406170e+00 -1.973278297521266822e+01 1.454566594529907775e+00 -1.538247451627218254e+01 2.567767077114740282e+00 -1.075234863727576240e+01 -8.417177512085325830e+00
1.103958662757104889e+02 2.430149138227151440e+01 8.020820128140908167e+00 4.130533913213223940e+01 2.611279990808877827e+01 1.741247325825220571e+01 -6.090854025984493880e+00 4.052004786557509952e+00 -5.904913182567915086e+00 3.226558722911045063e+00 -9.803266579932532920e+00 -7.159712228858765570e+00
8.792383671745460560e+01 -1.161864108761959358e+01 -2.713520155315630689e+01 3.126426866924169445e+01 1.574092048733282567e+01 9.854073293916005838e+00 -9.141367135006303712e+00 5.041853797375972945e+00 -1.505112394326475389e+01 2.333860920921003057e+00 -1.403149607533847920e+01 -8.480322646340219706e+00
1.038056864164579167e+02 2.119873511709529978e+01 4.859465874835624533e+00 2.596441782710214241e+01 1.046724544221840247e+01 6.680816973733125330e+00 -5.431830164461807442e+00 4.727977464696019538e+00 -4.863194920386471054e+00 -3.484262386739129802e-01 -1.175307929305352950e+01 -9.344882808028076582e+00
9.835027198956345273e+01 -6.762563251964945010e+00 -1.816558735214159626e+01 5.494260126999185445e+01 1.514847864260574184e+01 4.649565355944581313e+00 -6.776897700884472187e-01 2.692052742889101324e+01 -7.928119495535328909e+00 8.639285313456264603e+00 -1.612666103937442230e+01 4.001104139757980960e+00
9.234661850948353390e+01 1.023208191366667030e+01 -4.800294659084478610e+00 2.644244808790814716e+01 1.207745580889137749e+01 7.421999024944641477e+00 -9.047969376803569830e+00 3.759460571081632452e+00 -7.481687646971774797e+00 1.727366488037059167e+00 -1.013488305929558919e+01 -1.094036308969197613e+01
9.705106206950028991e+01 -1.050728155744097592e+01 -1.502913774933842994e+01 6.519487588061728900e+01 1.801111910876772981e+01 2.027054623193528471e+01 -2.462289317856471982e-01 2.121538161746892825e+01 -2.100329589436866762e+00 2.343111241170604231e+01 3.133053883074421897e+00 2.108004788753516934e+00
1.025661540167734529e+02 1.145041943135724871e+01 -1.663563260202283800e+01 1.750089991886075325e+01 7.161526163633155306e+00 7.488431154459075145e+00 -1.587091545650473279e+01 -1.138980996933993239e+00 -7.253472147637181955e+00 7.504605745633083913e+00 -1.454017398910342074e+01 -1.525872334286682985e+01
8.498639682603931078e+01 -5.806051932504903590e+00 -1.252615923447302038e+01 5.693275214873035850e+01 2.332516655564755936e+01 1.660666376843330738e+01 1.927437255102100622e+00 2.511175100892804579e+01 -4.147478039814678219e-01 1.554085813247056080e+01 -1.244056628919052443e+01 -4.444827127439692660e+00
1.082066706073137823e+02 9.115421892717591845e+00 -7.771273427545374979e+00 5.227026468311750307e+01 2.359808880269476816e+01 1.662846363537510541e+01 -1.550196608528392517e+01 5.371902891539424019e-01 -1.606559476936090292e+01 5.023553329512402854e+00 -1.296022907476552888e+01 -1.072110367104821016e+01
1.105752545116768601e+02 4.830746989968695893e+00 -2.804605022004410841e+01 4.435461808464039990e+01 3.198311871550808405e+01 2.865268885071115790e+01 -2.188393747606523476e+01 2.059851802176839275e+00 -9.229283693529243493e+00 1.049220959199623771e+01 -1.688777260545238335e+01 -6.859487397628131866e+00
9.719454566199189571e+01 -1.918718441663299146e+01 -4.156663748136731584e+01 4.782365204147012605e+01 2.179561413072782283e+00 8.025035277812742507e+00 -2.020502244779878609e+01 3.628115923480296878e+00 -2.663585802593322427e+01 6.259145628965492314e+00 -1.915349999541963300e+01 -2.026025491341219009e+01
8.907928389627659271e+01 2.471287326082834968e-01 -1.087721857198525655e+01 5.498989906100020164e+01 3.475267415988611930e+01 2.480548846237044813e+01 -8.002172334539652709e+00 6.764480278630006893e+00 -6.930856810910254850e+00 1.562549474085484036e+01 -1.298457011877655631e+01 -6.107443919471300831e+00
8.992875110972772745e+01 1.842035425149098771e+01 1.233680779553289142e+01 2.698839911323267415e+01 9.403018037323938927e+00 8.779753456313407867e+00 7.969202998462169063e+00 1.506739105886770425e+01 8.121987188728962970e-01 -3.234407495121737419e+00 -1.143003508098227172e+01 -8.340836505579925841e+00
1.537271363568735296e+02 -7.428803122715185836e+00 -8.056507639932900133e+01 5.939196197505206243e+01 2.693661206118725460e+01 3.916216050402782400e+01 -3.705619936145198778e+01 -1.302464435359047989e+00 -3.462954392956145000e+01 2.556751546024444011e+01 -2.515654351818313117e+01 -9.379669800532461466e+00
7.874229253262114980e+01 -9.993388411892468071e+00 -3.354822748840046387e+01 5.027878213639035465e+01 3.030992583278460728e+01 3.250836032073194559e+01 -2.218582258616294567e+01 -7.579643304070700083e-01 -1.252849993745895674e+01 2.247347372525733533e+01 -1.348939779478094181e+01 -1.008278031046150147e+01
1.052463155992570023e+02 -2.504429820454543432e+01 -5.918320468074677621e+01 4.537473354837560180e+01 1.652362508780581152e+01 1.854971629152996115e+01 -2.164549358464789464e+01 -2.879742257770345759e-01 -3.086762378578620769e+01 1.348038152826405778e+01 -2.095731421811416340e+01 -1.199515718448883206e+01
6.065157007107350040e+01 -3.009814365997549501e+01 -3.948351581298184243e+01 4.352894088777539139e+01 2.344839814418480373e+01 2.936919804518982957e+01 -9.863733045639017760e+00 1.650120967395026739e+01 6.913925142038787719e+00 2.871752809881441948e+01 -6.181806560099547099e+00 -1.014414146164240904e+01
4.942223330740333154e+01 -3.703214309381721137e+01 -4.064430526266396981e+01 3.250829043778928451e+01 3.223700487247908697e+00 1.487861388168901566e+00 -3.364378499324788407e+01 -6.883528642805114117e+00 -1.652628696750948833e+01 8.708022464108013949e-01 -2.676709403694328415e+01 -2.692516584932950963e+01
6.013842772163641826e+01 -2.735936985937215482e+01 -4.070082838757910082e+01 1.283807633422169836e+01 1.348693176360526280e+01 1.066436191349341911e+01 -2.360636031105149968e+01 -8.629780547585596651e+00 -1.000027520525440039e+01 3.954309807900322937e+00 -8.889902388399509192e+00 8.359007163913544369e-01
1.126902045785494408e+02 -1.188806356051209079e+01 -3.750263796164874464e+01 6.816360928695743837e+01 3.244139753605346499e+01 2.562571808830421816e+01 -1.506575185117791094e+01 1.031404417438093191e+01 -2.765814873261702544e+01 4.985227356713100910e+00 -1.932878405638849273e+01 -1.062216205391508339e+01
8.260879494259549460e+01 -2.854923537049829818e+01 -4.885597959432428183e+01 3.586057309326484699e+01 2.178263153427676713e+01 1.816295531214667136e+01 -7.216734793143666948e+00 7.440167498958184744e+00 -2.536229516492742420e+01 3.757623653054837476e+00 -1.071220945596641627e+01 2.161507586177673357e+00
1.101060524354173680e+02 -1.086279937155252284e+01 -4.533624522211798791e+01 6.133751891364450159e+01 5.915723805913970068e+01 6.633107303609740768e+01 -5.110880660000319153e+00 -5.409430096830603496e+00 -4.454299459935442940e+01 -1.241492638064133303e+01 -2.870681522060046120e+01 -6.256364724861303017e+00
1.121886225739702923e+02 -1.920263200703125150e+01 -5.594968805728161243e+01 5.858077388268530683e+01 2.562900451315090322e+01 2.658010890436737839e+01 -1.006828750864044686e+01 8.986263808444032719e+00 -3.117456469860965029e+01 1.940135013375900996e+01 -2.356093698768366451e+01 -1.294625535444470188e+01
8.251049659929735469e+01 -1.839914188220706137e+01 -3.731048946024758806e+01 3.938708859458794365e+01 2.428429921974212391e+01 1.888470307213510324e+01 -2.121517008214451749e+01 2.062191993669562962e+00 -1.337768346855652268e+01 4.584718074569426705e+00 -1.661090192539570509e+01 -1.250126894591372828e+00
7.623338421634406359e+01 -3.626035433501824912e+01 -5.021437788048398687e+01 5.134022314518941243e+01 3.972447141657734448e+01 5.112461636977097612e+01 1.539319812396408871e+01 3.082225030405810529e+01 -8.499422522771199695e+00 1.206109712840584258e+01 -5.808097255082933508e+00 -3.898177369295492412e+00
6.734953617759735778e+01 -3.524711267563945682e+01 -3.989556759750117720e+01 5.273059794341035200e+01 2.355639002735485121e+01 2.932086665035963335e+01 -1.139286127125833659e+00 5.597073139420093213e+00 -3.256411145914682947e+01 -5.374226434026111221e+00 -2.243301341910625979e+01 -1.444039073459562594e+01
8.946043687290921298e+01 -1.878390016730392276e+01 -3.153818767129990874e+01 6.206234268118641495e+01 3.504109491499355045e+01 2.154490307746937106e+01 1.969559221347087163e+00 2.077482461901840338e+01 -1.859556239444618697e+01 9.743865896738656218e+00 -1.458497742641797146e+01 -6.783478430032925388e-01
5.096834331882998015e+01 -1.540045234003377317e+01 2.287438367421390506e-01 5.545825794047951263e+01 2.462126338795095393e+01 2.277708138174664043e+01 8.348718461300569160e+00 1.233544914664063263e+01 -6.923939447726014329e+00 1.504003586732027031e+01 5.605302787557864264e+00 4.408475487526841152e-01
9.533085876580636864e+01 7.002193145114098627e+00 -5.596368007088939889e-01 4.207322819495945510e+01 1.401401657325954631e+01 7.908918543684989366e+00 -4.314793561533107891e+00 1.208510680267584192e+01 -4.902101218906279811e+00 4.757817533597238580e+00 -5.510822906596497539e+00 -1.125950611860792705e+00
1.009728398425409921e+02 6.654692655318825700e+00 -1.834607919317048141e+00 4.494376557483337109e+01 1.554005331793749534e+01 9.544968750167589278e+00 -4.496737154691209604e+00 3.286660008805609934e+00 -1.499519339318339384e+01 5.120833854755360903e+00 -4.464151079206759576e+00 -2.005482303459112714e+00
8.169220777591583271e+01 -2.501202505353955274e+00 1.834830961149623407e+00 6.646893418859524161e+01 2.776373930059695994e+01 1.140755145677757554e+01 7.582460401291099217e+00 2.100997819891642848e+01 -1.254586473906067390e+01 1.411894561876641241e+01 2.780003328344732960e+00 2.105229346268329138e-01
8.081395890334812293e+01 -1.349516291026045600e+01 -2.167169275398619277e+01 4.686932424763736549e+01 2.109339201004906883e+01 9.385066161870001977e+00 3.843158724859382147e+00 1.549844807117119494e+01 -1.385038841407003574e+01 1.449864210649393925e+01 -1.095396815618313902e+01 -4.933593987160643124e+00
5.980450530190253744e+01 -1.638322391954328339e+01 -7.595637477011777605e+00 4.876952397722898525e+01 1.184235791491927969e+01 1.117621753763570780e+01 -2.762408697639465061e+00 1.000411546435667987e+01 -6.180293717290634703e+00 1.307463701607894535e+01 -2.668063681469323711e+00 -1.642381923732758153e+01
7.398184744704150262e+01 -1.815967824767131233e+01 -2.155873513962076160e+01 5.607142434283217369e+01 6.231871517453224651e-02 -7.411707073451643701e+00 4.087759245052768442e+00 2.739462712641045528e+01 -2.437888904133185264e+01 1.779297584781939223e+00 -6.274081164153600731e+00 6.799248840943302064e+00
6.271965764331382331e+01 -2.390717081982678849e+01 -1.326431259219434899e+01 6.143810064868492304e+01 2.699077532196815099e+01 2.170066855407717554e+01 5.612539280708816136e+00 1.939647462481153894e+01 -7.195458245504450012e+00 5.514302872178979520e+00 -1.777267159352244263e+01 -1.583161775293538831e+01
8.596419559507808117e+01 -9.037421516285210288e+00 -1.341411178971949525e+01 4.344894544938071590e+01 8.349877601340155664e+00 3.917014337260549262e+00 3.835207271731970735e+00 1.864336052658592280e+01 -1.207477156501762039e+01 5.537058274908167377e+00 -1.044336561043523304e+01 -6.862014408444283120e+00
6.335402187984368538e+01 -3.778247633726795129e+01 -3.019295757515430978e+01 6.523765127158715416e+01 -2.191433910229818594e+00 1.928386398035286664e+00 -1.352852857111073881e+01 2.136836085168395627e+01 -1.555183145168945913e+01 1.222205097067977064e+01 6.138678245123839972e+00 3.359721157519124368e+00
4.600194091617393610e+01 -4.102989490685046547e+01 -3.327240749415869914e+01 4.460192571339574386e+01 8.008890413420907350e+00 -3.183503830922161715e+00 -6.696080419406226447e+00 1.904596531981737684e+01 -1.399338966198103051e+01 1.775543912593898543e+00 -1.467557457453808212e+01 2.242048703690352252e+00
3.759606305362186163e+01 -4.000584194080671807e+01 -3.239622842037864103e+01 4.038826104637730907e+01 9.006397468113704008e+00 -1.336015405656818977e+01 -1.785870072462098079e+01 6.619844485551154456e+00 -2.623001397843766824e+01 -7.960442930706580711e+00 -1.346682954964378887e+01 3.183714594166270118e+00
6.833156456647827781e+01 -2.996152228651602911e+01 -3.361740232855963484e+01 3.904015992588244899e+01 1.370691322247955668e+01 1.409083067237958531e+01 4.270283443308991345e+00 1.670177684794651185e+01 -1.396581049278080400e+01 1.047201100786515937e+01 1.384814314233172805e+00 1.881290145921926671e+00
5.603135487128982106e+01 -3.309012709245394035e+01 -4.182379323670301119e+01 2.411129032712278075e+01 7.743693100374233751e-01 -1.715850216819670493e+01 -1.854301904769911857e+01 1.015591053143402434e+01 -1.205754720605466446e+01 1.517293629818304268e+01 -1.951379729148825737e+00 -5.558273266107321753e+00
7.653876874571017197e+01 -1.615729270609396906e+01 -1.449795846954656753e+01 4.449278241614507579e+01 -8.215645329879666114e-01 5.211205337408157945e-01 -1.920100276985261090e+00 1.942716190820164357e+01 -6.298399524809646266e+00 1.178923622501132584e+01 2.228135128598767167e+00 -7.956879735360661954e+00
5.093967196741418491e+01 -2.495625632615194434e+01 -1.863548355477673368e+01 3.064688981255832090e+01 6.735208717006843315e+00 1.033953744338024094e+01 1.540072018914691299e+01 2.983591615278332299e+01 5.183935129955220766e+00 1.051139267102539421e+01 -5.099239617687395310e+00 3.253257171621641852e+00
3.371202929701605200e+01 -5.138838600795145339e+01 -4.806155694293879321e+01 2.659891871745168146e+01 6.519809058349647302e+00 6.413200576834288569e+00 2.510459528916073602e+00 8.398320449063545468e+00 -2.840726766329619579e+01 -1.806279391611979035e+00 -1.387826630390044080e+01 -2.113428333785755697e+01
5.032366236363900214e+01 -2.943267239661453871e+01 -2.265009916416077829e+01 3.864179720630694703e+01 8.017036923005953497e+00 1.173219281815114101e+01 6.349950547344744400e+00 1.415043827170645407e+01 -1.380677435511066165e+01 8.247192083337431256e+00 3.624992199383652025e-01 -1.171675556408737862e+01
5.274726966332799094e+01 -2.930208597729269826e+01 -3.075481900174625594e+01 3.597174560713874314e+01 1.470153964166221172e+01 6.559918118395169806e+00 8.372824584190594166e+00 2.113723905189410956e+01 -1.915898829922051760e+01 1.490581918332374300e+00 4.490011501866757460e-01 -8.499274752483167106e+00
