-5.583564654539974015e+01 3.817514203956510244e+01 1.951029805923229787e+01 -1.038532458183056839e-01 -5.598272383779985262e+00 -4.436611301474954416e+00 -2.517943830334197486e+01 5.970099223417451029e-01 -1.902761888477112606e+01 -1.961525732756652474e+01 -6.282937576794262569e+00 -1.534358097513352703e+01
-3.093562178687116582e+00 3.460422314861641269e+01 -6.344533736506475563e+00 -2.182593345260262296e+01 -2.155391166736877295e+01 -2.350700388255146223e+01 -4.002762342339229917e+01 -2.823406624881199889e+01 -3.176416887579470938e+01 -3.402181757091015868e+01 -3.347578932670850804e+01 -2.773468283708341531e+01
7.278783506143335558e+01 5.244329155057955916e+01 -3.586448766408688371e+00 -2.363975899891579502e+01 -3.365714674029561593e+01 -3.201013729305824285e+01 -1.866914472043484707e+01 3.378808678917194719e+00 -4.685452572449582576e+00 -1.118513711420445489e+01 -6.572670394964964302e+00 -1.194172050300671550e+01
8.054077553387197952e+01 4.608705725467108749e+01 3.338300832904154802e+00 -1.841675941687019247e+01 -2.054239534150279312e+01 -2.024581471500730601e+01 -8.788729159396655888e+00 1.193165521007265539e+01 8.765087835335400257e+00 3.959887684781617345e+00 2.779583308494403049e+00 -1.017346802186287213e+01
6.715461860907616654e+01 2.776929561416396197e+01 -2.823793871741784312e-01 -3.195968928683941712e+01 -2.060136581084590546e+01 -8.202674751640600448e+00 6.203031999396699803e-01 1.101767036477319905e+01 4.660072294657842562e+00 3.415249575635060264e+00 1.293435910124676269e+01 -1.576389885307065342e+01
6.007194301554901017e+01 2.906821892247334205e+01 -4.588707486930122315e+00 -4.430575010195684627e+01 -2.290778778469860910e+01 -2.049849436502047695e+01 -6.525437698493396610e+00 9.163534504590437280e+00 -1.966787703437655299e+00 -1.507520789809615280e+01 3.116801438216578291e+00 -1.903315598293049504e+01
6.018355872293281550e+01 2.471850142622998803e+01 -1.677284600859844943e+01 -5.200990033970374071e+01 -2.557644016172692858e+01 1.949121075417328930e+00 1.090198359233976788e+01 2.090393039279300069e+01 2.496893486081681601e+00 -5.522473336338315164e+00 6.748039547691790929e+00 -2.128324042197181853e+01
6.272464740612967660e+01 -3.446538320476892014e+00 -2.171539661478350070e+01 -6.908493305697498954e+01 -3.303758402704912100e+01 3.610714911738350796e+00 -5.039835972500750216e-02 4.801640147675345638e+00 -1.307316312832481486e+01 -1.275588738500272967e+01 7.855087780628823069e+00 -2.948108034235551145e+01
5.451942613253321213e+01 2.600617707355932673e+00 -1.452281606500476663e+01 -4.525795942162213237e+01 -1.244688482484216863e+01 1.033808170474312149e+01 -4.675956981085656494e+00 -1.650952596108538284e+00 5.139228617142670430e+00 1.997727207947650907e+00 2.344154052084052253e+00 -1.994206424850442616e+01
6.502929535950061180e+00 -1.163433701356716732e+01 -3.982802065675976877e+01 -6.578027217809494687e+01 -3.736715870782130366e+01 -2.799639038616523123e+01 -2.906568434970987624e+01 -2.886964187180382879e+01 -3.224817601299120895e+01 -2.113850786758140288e+01 -1.725823718609109392e+01 -3.102136879652881873e+01
2.121439063123592916e+01 -1.063423323118789554e+01 -1.709477602449782196e+00 -4.736599250856491494e+01 -1.699812922016556982e+01 -1.196036245240833296e+01 -2.101225879551868303e+01 -1.227632635253496574e+01 -2.321202974961819621e+01 6.230241556084147092e+00 -2.472094054048888268e+00 -1.948051495956104873e+01
2.236205676129181796e+01 2.306445755746962423e+00 -1.567986114069393722e+01 -2.896208469401405239e+01 -8.233963474925994674e+00 -1.605652397475595450e+01 -3.570328456164047282e+01 -9.296500732715891502e+00 -1.425227719277533289e+01 -3.483265183292988620e+00 1.117717538180947123e+01 -2.302069626889913678e+01
1.355151287056784426e+01 -1.575707136332860792e+01 1.946180155186134897e+01 -2.854346757823258685e+01 8.897511631411036959e-02 -2.018440462931351931e+01 -3.273063995718629116e+01 -2.521463832954376727e+01 -1.057935292746675593e+01 1.378747873089551845e+01 7.837040824157920582e+00 -1.825812416991845311e+01
2.065918282671083972e+01 -1.747674827276763665e+01 1.475831902877348512e+01 -2.531714161111038308e+01 -1.374375229426744660e+01 -2.056623594454612913e+01 -4.069439422194520262e+01 -2.115730813520058007e+01 7.756127016556413345e-02 1.291530687551144041e+01 1.091942989583752777e+01 -2.509657344220003949e+01
1.955676982321095636e+01 -9.615888502882022237e+00 2.640955949094745137e+01 -9.790038063193586382e+00 2.566480708402239408e+00 -3.365084948101802098e+01 -4.021773373000827689e+01 -1.141618133036938154e+01 -1.966145490354588965e+00 1.212827388440490850e+01 1.979892865565686577e+01 -2.400875260195560656e+01
8.421219064595147685e+00 -1.610986120564905866e+00 3.572430961738636768e+01 4.753305993920871941e+00 -5.002104498360740337e+00 -2.334354497246079063e+01 -3.287892716767466084e+01 -1.189891677612957110e+01 -3.545798691756583132e+00 1.326246838305721987e+01 4.289417177244851942e+00 -7.411349354893132180e+00
-1.364400389603310160e+01 -7.968664513719530440e+00 7.665202475329020615e+01 -4.033490149673541580e+00 -3.018234339787540677e+01 -1.076967772990078487e+01 -2.617575021835468618e+01 -4.362944913095096133e+00 4.613960246461235926e+00 -3.250895562149303863e+00 1.325698187401603256e+01 -7.915055114915361401e+00
-5.269247476734694402e+01 -3.865480254006898519e+01 7.236747909419236180e+01 -3.341842781235312998e+01 -3.312942029434615421e+01 -8.611495705805808143e+00 -2.635691433654494276e+01 5.554827296286823923e+00 -8.017778765174925937e+00 1.674479512597018438e+00 1.163001869391538179e+01 -7.197074134636679332e+00
-1.153097281380958066e+02 -4.797277081848837810e+01 1.088949472810598138e+02 -3.101111871538427422e+01 -3.580481740433383919e+01 -9.575936716187325004e+00 -4.496233529498240955e+01 4.995498923567241789e+00 9.193645809779985578e-01 -4.229454915969622419e+00 8.615136178542197598e+00 -1.889740898897739996e+01
-1.175621697010244020e+02 -5.172833592183111051e+01 7.191761207112696752e+01 -4.446532507976259296e+01 -3.274607800803888580e+01 -8.267749855626744804e+00 -3.420230337603827309e+01 -5.742935256596566340e+00 -7.103312600291872947e+00 -4.369091980821822929e+00 3.934784929058206870e+00 -2.529849863616711048e+00
-1.204819961793768073e+02 -7.598601712851966283e+01 8.721442764353959376e+01 -2.356839658887706435e+01 -2.191331507318479765e+01 1.014934985737854944e+01 -2.124855325320231714e+01 1.093619667365398485e+01 3.560185905050967214e+00 9.425334811267851443e-01 1.941462688441048812e+01 -1.226069149597360664e+01
-1.298481430577430444e+02 -7.167493171554222897e+01 8.258829237242943577e+01 -2.842886479714516668e+01 -2.333071350701835200e+01 1.604406373490977700e+01 -1.623372867311494616e+01 1.918599820513393439e+01 2.411619501945009070e+00 -9.767006367683045198e+00 1.050682716616307744e+01 -6.742343054262479818e+00
-8.482793064511399450e+01 -5.438264139824628529e+01 6.856576522514872352e+01 -2.045410490955283223e+01 -1.369935228831978513e+01 2.534762120970901123e+01 -1.257964117057166931e+01 9.949656485575458120e+00 5.741026864575340394e-01 -1.378745221953634825e+01 9.605338261083225859e+00 -1.138386428109753723e+01
-1.346490926119223559e+02 -6.383088477235607172e+01 8.173319024747429751e+01 -1.457103392644679474e+01 -2.487146577209728804e+01 1.275813119569547283e+01 -2.219584646061159106e+01 9.378169505803310102e+00 8.423739853194922134e+00 -6.074536671586239223e+00 1.354033945523702265e+01 -8.085642713839856555e+00
-1.523218470530711386e+02 -6.843202912215232914e+01 8.517471596568420011e+01 -5.703047834556631557e+00 -1.950452003702138626e+01 -7.512620155301330982e+00 -3.453385507352506067e+01 3.076106106369971727e+00 -8.715978413139597869e-01 -3.938889668582560954e+00 -5.734702148361704666e+00 -2.490196740417767174e+01
-6.441339092352208695e+01 -3.391515497143659275e+01 1.056804644154655080e+02 1.824854865081843691e+00 -2.372855206784711513e+01 -1.495571143877978670e+01 -3.508669449123459572e+01 -2.108570169101984249e-01 -5.376796826786437222e+00 -1.026152832499532508e+01 -1.518516182796388225e+00 -1.093456590025841280e+01
-4.090712023784554674e+01 -1.104701737044335275e+01 8.898364361281262802e+01 1.212888216987511036e+00 3.244026782524623620e+00 -2.821476348951651403e+01 -4.609880236315421342e+01 -1.025144142603657826e+01 -1.602435809536616418e+01 8.978195256011259673e+00 -8.333826628785598878e-01 -5.036840892983359907e+00
-2.924837945837970921e+01 -1.633805130555257534e+01 6.779477176787155202e+01 5.399143590795969061e+00 9.289720891890283383e+00 -2.362827060415563452e+01 -9.909603249782492185e+00 4.522548041358163573e+00 -1.731125980362467942e+01 1.357908503028086322e+01 -1.223554091376121278e+01 -1.741845013526792485e+01
-3.793458508571809062e+01 -1.256909775332635704e+01 5.250729192459542105e+01 4.435039903975733111e+00 -2.108915240649641643e+00 -3.358605990308603850e+01 -3.060378411600460424e+01 8.368205964364820559e+00 -1.309503409496293003e+01 1.329168699678991139e+01 -4.306958321829355008e+00 -2.886868277885800183e+01
-3.601199371473796873e+01 -2.457463534203883171e+01 2.346712701930124467e+01 -9.555737984367945970e+00 -2.979768515135312867e+01 -4.070263234557568666e+01 -2.285485677052613696e+01 -1.556162111022737093e+01 -1.259294625376833565e+01 -4.596724286377777524e+00 -2.336526358300823603e+01 -3.836133004117604628e+01
-1.124722154348478043e+01 -1.939029242222496663e+01 3.496563819443460375e+01 1.540633835642897687e+00 -3.666213396022401927e+00 -2.625410101277487129e+01 -9.367461922707205346e+00 2.046696302508975940e+00 2.378988855786161594e+00 6.070856075142554431e+00 1.638941950572260220e+00 -2.534774022347565037e+01
-3.542729159225247315e+01 -1.152960951211269602e+01 3.081633775424346311e+01 -5.627246326719872016e+00 -7.512521601270164773e+00 -5.993323236859039582e+01 -1.531893753615892351e+01 -1.694594677177939346e+01 -3.860117151134786706e+00 -1.198764245453491739e+01 8.873738060880981493e+00 -3.220345157075374942e+01
-1.100600458348732502e+01 -1.609653637733615739e+01 4.293680283124395913e+01 8.367799472144074713e+00 -1.518542526917654900e+00 -2.540390913169159859e+01 -4.980475831771261852e+00 -6.093827510767168221e+00 1.115562993542210712e+01 1.487888625545469168e+01 1.162020808685670303e+01 -2.088264692012568702e+01
6.391863003787860542e+00 -1.397326573406890660e+01 2.360684801867628124e+01 -1.073986729053381994e+00 1.056030279194555277e-01 -3.455480095682112562e+01 -1.117953222077131059e+01 -1.770804322672343645e+01 -1.457599194533125520e+01 2.977798713704172817e-01 7.532742262696108249e+00 -2.533990731442568745e+01
4.677441376261555206e-01 -8.780293807588474664e+00 5.629802878113905784e+00 4.974810438177275529e+00 -8.566576346173105705e+00 -3.607984621140799675e+01 -1.246097084256880549e+01 -2.827633664888287868e+01 -4.587266009290897451e+00 -5.828954923773868479e+00 -8.355309022024028920e-01 -1.944326655331595433e+01
7.688605567354857229e+00 2.011308651413428183e-01 2.670982378048169892e+01 3.417254798465900301e+00 2.942157985894399364e+00 -2.021630958989077698e+01 -9.517152164229489841e+00 -4.610515433894175175e+00 -7.695064590113127601e+00 9.937513731974760844e+00 1.391414855758196545e+01 -2.082921384721367986e+01
-1.451467274771087546e+01 -2.115186221049160409e+01 1.613042368854941699e+01 -4.583447486016617667e+00 -1.077817404334582285e+00 -2.491014314958058407e+01 -1.995892627933322316e+01 -1.157506684794300078e+01 -5.921290641817087419e+00 6.292901679652737279e+00 3.931073189507926280e+00 -2.979988128280401583e+01
3.036714641627785038e+00 1.170473343397600008e+00 1.740550019621553091e+01 -1.331239640787584833e+00 3.019381738839322260e+00 -1.680197764670885618e+01 -1.953263574549027481e+01 -3.405697414636519760e+00 -7.265715713700982903e+00 6.500202541528570244e-01 5.711388161399613139e-01 -2.254790729333276644e+01
-7.080094134887119361e-01 -1.272805546222078021e+01 2.124849941125914654e+01 -1.085830492262989466e+01 -6.028202388680556467e+00 -3.146516995591852961e+01 -4.291215311225167994e+01 -2.461580149083641800e+01 -1.673483478284982340e+01 1.403610998162501122e-01 -2.339917190203915087e+00 -2.753572056330624207e+01
2.535495034061676201e+00 1.058219736749032691e+01 1.900549544963831039e+01 -2.265779309880042725e-01 -2.883164300414798209e+00 -2.647689432610869886e+01 -2.884810976721119147e+01 -3.052067198173012841e+01 -4.510293016098342989e+00 6.372723457351410659e+00 4.016718974205590875e+00 -2.310315145761613920e+01
4.403663230954011354e+00 1.745816766647029183e+01 2.827842362594923031e+01 -1.111706054122382348e+01 -5.094429786366751145e+00 -3.366772532891894798e+01 -2.485004176629573891e+01 -2.811367923339516040e+01 -6.516909943518948367e+00 1.140093942361443169e+01 -8.380581762580577632e+00 -1.449853309607356167e+01
1.713198982285584648e+00 2.787098090168143827e+01 6.088060086655039527e+01 -7.711328302270330504e-01 4.897754951622284025e+00 -2.527261520004306306e+01 -1.291173538047822866e+01 -2.988470826881108877e+01 3.532910273878959284e+00 1.315437005798231063e+01 4.988262822373572547e+00 -1.266666967525216236e+01
1.832265239162088477e+01 4.700359017822484020e+01 5.274889779137839696e+01 -1.853237999391198798e+01 6.148230329204688260e+00 -7.684270049111681544e+00 -1.049750084315594378e+01 -2.099488190372130703e+01 -1.664160919227776203e+00 5.742027388243261754e+00 -8.491700415419639603e-01 -1.682933263197280382e+01
6.189806570603046509e+01 2.140409094329687179e+01 1.410941001122296434e+01 -1.112967252036463961e+01 -1.411539235646800350e+01 -2.454640815187200786e+01 -1.406728452214893821e+01 -1.347366345671302490e+01 -2.286548604439873955e+01 3.406451812426743775e+00 -2.924657243747142310e+00 -1.794116211493589219e+01
2.323757763492993789e+00 8.673872930421910610e+01 2.443617257566086920e+01 -3.787261801659254523e+00 -1.154429292556166331e+01 1.083346664967702289e+01 -3.133541504307810399e+01 4.648677037242612720e+00 -1.083788461692294547e+01 -1.247835206387439300e+01 1.697446335083488078e+00 -1.508636998850493249e+01
6.433798171637798191e+01 6.041363216325948571e+01 2.998291367896293025e+01 -3.544054445912292906e+00 -3.622098302163712980e+00 -9.483842161732585652e+00 -4.587764399706548701e+00 -6.988412526212718134e+00 -2.624764264936059988e+01 1.221446244644737433e+01 -8.724507028331915492e+00 -2.037157550192086575e+01
5.724440716948933527e+01 4.325756873400987956e+01 3.021014430432539655e+01 -5.337501571553755042e+00 -2.118454309794800849e+01 -2.401528256300029085e+01 -9.826335132149703000e+00 -1.487049760307111335e+01 -2.976026581652139669e+01 4.063439796278236038e+00 -1.193498039447994330e+01 -2.728669112030308241e+01
4.127047836255098900e+01 7.208227062163059884e+01 5.505008182974962949e+01 -1.882096153563377783e+01 -2.796823127418116428e+01 -2.802585454391385866e+01 -3.213507977229534163e+01 -2.753057632545268518e+01 -2.786979212378764714e+01 1.915085341010376396e+01 -7.853637686619808100e+00 -3.765606350305877470e+01
4.764797319771457751e+01 4.888857643267039776e+01 4.186122423477033294e+01 -2.201903211065607024e+01 -3.038342702129526529e+01 -1.563500345577948281e+01 -1.919927816508088370e+01 -2.049982137206949062e+01 -3.086372899034144268e+01 1.531046289516902803e+00 -9.050016305494414937e+00 -3.805255806352079873e+01
2.434401595199812718e+01 5.686204712912163473e+01 5.954572556848199127e+01 -3.082984968369020606e+01 -1.258696414947783282e+01 1.043955843840296183e+01 -1.708355974926512744e+01 -2.806235798443978524e+01 2.319523085292281461e+00 2.602988689762645969e+00 3.006519141321018385e+00 -1.356486179120089552e+01
1.435630643723087196e+01 6.320066049517392059e+01 6.941898434244063765e+01 -2.753087925420176063e+01 -1.800329661226723843e+01 1.317289277685727011e+00 -3.398477862091414892e+00 -3.104401917127049515e+01 2.675298771675945098e+00 -6.469856980691119475e+00 1.064085298801497181e+01 -7.054261769790339365e+00
2.237506443093203856e+01 3.096889806537062029e+01 4.162001808081728882e+01 -2.934060451109268897e+01 -1.042787977671695110e+01 -2.125305660791967099e+01 -6.575612303496487066e+00 -2.240566415082192719e+01 -1.342095519117180302e+01 6.595018809156149686e+00 -9.532473413368345305e+00 -8.232604917283225632e+00
8.498101896115650700e-01 6.146607228634307774e+01 3.958719322689069031e+01 -2.946108498611268089e+01 5.021480271950213847e-01 -2.790860632768761285e+00 -2.607664252168328645e+01 -1.315879569197540988e+01 -4.419049251590507765e+00 -1.083629772884452969e+01 6.251077288230293405e-01 -1.353097534225156373e+01
5.591654641094361722e+01 9.630659585396125522e+01 4.165503740024439594e+01 -1.008255908083033070e+01 -6.883537034902565743e+00 -2.519136803075403108e+00 -1.992149225479264274e+01 3.071444651758752808e+00 -8.295278223001467666e-01 -5.975481311227689218e+00 3.576730499301028487e-02 -5.804437114713832280e+00
5.278773091522540994e+01 6.667340035451317704e+01 2.301220255109865320e+01 5.651691750785136747e+00 1.811455187164862757e+00 4.179854443959951205e+00 -8.489639290553810724e+00 5.107595951595561345e+00 -4.161816015083097398e+00 -5.003080294131128092e+00 -3.030622957759820935e+00 -1.004131294759337933e+01
4.262251944366879286e+01 4.679567447297010574e+01 1.732337572648623691e+01 1.699598529769067889e+00 2.866006407398981271e+00 3.675826384247247169e-01 -1.202954600406706831e+01 -3.531814253657520553e+00 -6.620869070227469066e+00 -8.202038652225802196e+00 -9.893836489001010648e+00 -1.323722434721350005e+01
3.533033898722943711e+00 5.021291259881522251e+01 1.681243532702573873e+01 -9.013793482326107664e+00 -8.553484825628776989e+00 6.828511315365655143e-01 -1.917189707112117958e+01 -8.290733550420874565e+00 -1.326054697003747762e+01 -1.355306866170176683e+01 -7.524412854134352457e-01 -1.502511786845582442e+01
-1.904795307831048135e+01 5.709265578704390975e+01 3.677706120206049434e+01 5.881440544206126830e+00 -8.713881617393735013e+00 -9.399519220036204104e+00 -2.615062224659060774e+01 -6.765004153099973827e-01 -3.179212117598648746e+00 -3.274012841141111352e+00 -4.826578299877006373e+00 1.448544837486821502e+00
-4.315937608603609021e+01 5.094217571305613035e+01 3.036402925929120045e+01 -2.596828833438284967e+00 -5.218531135871795179e+00 -7.581132627026508253e+00 -3.484748332214105915e+01 -1.421367748780450313e+01 -7.660808796777096141e+00 -1.892705907313723790e+00 1.131094956806684593e+00 5.151497558405099042e+00
-2.647547898620094742e+01 5.318802561330250001e+01 2.558490317272033465e+01 -4.653538200916435663e+00 -1.672756390381450942e+01 -1.146294801152927434e+01 -2.958157843390564423e+01 1.903238730211662233e+00 1.013126310137142605e+00 2.666339273394659148e+00 5.916117913424911556e+00 8.804368740209747912e+00
-4.244588714377596261e+01 5.719084873737301677e+01 3.511538994897595956e+01 1.352120606494805255e+00 -4.157333497502548880e+00 -5.198217694636586117e+00 -2.827396273413553374e+01 -5.338394056390429299e+00 -6.056752793775467936e+00 -6.692434864835802522e+00 -2.867555659187950745e+00 6.087934226972004481e+00
-3.070264140762323990e+01 -8.659837405822123912e+00 -1.079152391790541454e+00 -1.011285522979919449e+01 -1.012935803533291157e+01 -1.162634535243909184e+01 -1.437675325294318363e+01 -1.318862816065919930e+01 -1.524695567744622338e+01 -1.264242111959588044e+01 -1.262670973917574635e+01 -8.100948024483056287e+00
-1.367941425476363975e+02 -9.713297381518947304e+01 4.352322124981601803e+01 -1.763054750952729677e+01 -1.057462772149470531e+01 -2.725314745114016546e+01 -3.964093477799376330e+01 -5.479310664129441122e+00 -3.528040669212336944e+00 -9.872129916038963060e+00 1.063794517524865668e+01 -3.077890688323144719e+00
-9.392565613288994086e+01 -5.337928838595549763e+01 6.179112427852876976e+01 -2.663440694428475553e+01 -7.353565076398830058e+00 1.103493440565294392e+01 -2.838462351964914987e+01 1.410596437064437225e+01 -3.269224960417758119e-01 -1.067995413232715407e+01 1.036822763903789024e+01 -9.237257387846877776e+00
-8.629222982205939729e+01 -4.589267681890511597e+01 6.957278600091188991e+01 -2.126103365404910761e+01 -3.654419129623228457e+00 1.130976439332043171e+01 -1.542328324543037610e+01 7.343090406532009062e+00 5.121173527583902541e+00 -6.435274684852085869e+00 7.706265620346005818e+00 -4.043534592461656807e+00
-1.066878212191101767e+02 -7.743234102187940948e+01 8.573366345034629887e+01 -2.459897249651185547e+01 -1.462257827154743950e+01 8.637849252424892654e+00 -9.926963828986263394e+00 1.400264301858701010e+01 -2.290107227492451436e+00 -1.225643110185804829e+01 1.175890488585186233e+01 -3.345063662598433130e+00
-1.558382175133517080e+02 -8.810081842299460675e+01 7.169535835131250678e+01 -2.270877546383649559e+01 -2.350660220785791665e+01 3.623390067934069592e+00 -8.405880529923727806e+00 1.067553288503366460e+01 -8.526000272029843785e+00 -1.294312322316586616e+01 -3.405370776175582925e+00 -1.881476727557866369e+01
-1.752389474518230656e+02 -9.854317168135104055e+01 8.853980913849170520e+01 -1.886910933615259012e+01 -1.117579032557376095e+01 1.043696662675719367e+01 -1.762523558828300452e+01 2.642371667688340864e+00 -1.671959527701585557e+01 -2.701533252209096503e+01 -4.098729154656708396e-01 -1.170358226368349364e+01
-8.797571165253555137e+01 -7.495968331552124653e+01 8.436432512153157859e+01 -2.593182180953534299e+01 -5.086778102998670725e+00 1.040884843720488817e+01 -6.488821290884255077e+00 1.433632406288902850e+01 -1.937624977990464625e+00 -7.941260328951994296e+00 5.259803733391320790e+00 -4.151088850122839347e+00
-1.193869213680444972e+02 -9.308989043330723234e+01 8.845952657407943320e+01 -1.442225855592473138e+01 -1.640065330698940116e+01 1.957002123807083604e+00 -4.641875411955073361e+00 2.199685925247263896e+01 -2.910435424883590194e+00 -4.101150718165381015e+00 1.184835889378220486e+01 1.385734270944525504e+00
-1.140762147122281362e+02 -6.509650429294303819e+01 8.051804802092902946e+01 1.130746641646832273e+01 -2.416159944370907908e+01 -1.760397293481415204e+01 -5.592436153417176925e+00 1.217494119258225815e+01 3.886068323560050164e-01 -2.963044107254130033e+00 -4.708658141488120563e+00 -5.243453872406476091e-01
-4.198904479430292724e+01 4.173001132396522372e+00 1.056578388082297124e+02 2.546241368468247046e+01 -8.281111715475095281e+00 -2.310638390364472627e+01 -2.216082978662700498e+01 1.013370018254967597e+01 -1.899574005412092426e+00 -2.574400822543403855e+00 -9.080930877708940585e+00 -1.934939389149128885e+00
-9.031455862951453639e+00 1.785207575725071605e+00 6.974886160997380102e+01 7.841186938730504430e+00 -9.754339635065953473e+00 -1.234937801760318266e+01 -2.369600439470564535e+00 2.731858592501091643e+00 -3.879218822021367696e+00 -1.880418695346744107e+00 -2.553927723061847121e+00 -2.343935993994458755e+01
-9.200609009660567494e+00 1.341606007070914508e+01 6.537300591622646095e+01 -7.205319670606703530e-01 -1.879829491280675313e+01 -1.990102027217812264e+01 2.687340539482060642e+00 -9.766608168663020173e-01 -1.451353787714473498e+01 -5.303107183938061020e+00 -1.102804155986702739e+01 -8.436890362831631407e+00
-1.835826476910941452e+01 -1.388240923027143126e+01 6.378875588804686458e+01 -2.479040125529997862e+00 -2.184382721884603029e+01 -4.103415510129829613e+01 -1.845644389386641393e+01 -2.495297709168825051e+01 -3.766350120913972432e+01 -9.692630626005758643e+00 -1.336445262570532577e+01 -1.792439456497271166e+01
-6.242527284040171320e-01 -6.374539239025107662e+00 5.798189770262244735e+01 -9.932956606171082115e+00 -2.119314643765240191e+01 -2.570815428095990285e+01 9.550570081745455298e+00 -1.040508853477099294e+01 -1.900666329402056931e+01 -1.021054113176721678e+00 -9.266794870557975017e+00 -1.316575258466739129e+01
-1.938350283373229388e+01 -9.296988270257693365e-01 9.586474677680146783e+01 6.052742873835692095e+00 -4.635344023697399507e+01 -3.832208061160227430e+01 -1.157556480930272258e+01 -6.786420683963865663e+00 -3.620468506545832810e+01 -1.325919123063267691e+01 -6.327343413111734094e+00 -1.745478950352075742e+01
-5.788496100847844161e-01 -1.240146747438427610e+01 6.712792950651078172e+01 1.566267300210941515e+00 -2.673556210956397194e+01 -2.039646394872195856e+01 5.162881285168276158e+00 7.097380604794709669e-01 -1.672711684891193329e+01 1.955045162217355248e+00 -5.424198202804056734e+00 -1.652703260873014557e+01
-6.532080665998975633e+00 -6.807806182337650114e-01 9.048360800772036328e+01 1.884343722635297524e+01 -2.252111777386721414e+01 -4.232276009568206376e+01 -4.638481093301124680e+00 -3.232399329860321302e+00 -1.521265549549950258e+01 1.223235634207754785e+01 6.381154366988616822e+00 -1.422664447135324650e+01
-1.526139709694244928e+01 5.123690433815373702e+00 6.576046921311728966e+01 -1.115004916505213828e+01 -4.549935055674350792e+01 -5.698030974157145323e+01 -1.043721176541638940e+01 -7.109103094524460431e+00 -2.001998060245718492e+01 -7.477567882918642717e+00 -1.030627921353821463e+01 -1.877004354211924309e+01
2.188540629405751670e+00 -2.278196312761743059e+01 6.369870522749020836e+01 3.377358097373037715e-01 -2.745732047449452651e+01 -3.734760386181301328e+01 -1.023664096284501568e+01 5.123383961648196205e+00 -1.308969979676780326e+01 -9.592821952497663673e+00 7.790107028674813083e-01 -2.122353978297014976e+01
-2.261009397490938255e+01 -2.809810500539136058e+00 1.074258021060267367e+02 1.957410275028192004e+01 -3.945478441428354444e+01 -4.912881724465084687e+01 1.494052041607526249e+00 1.750786070268185313e+01 -6.811470032259111740e+00 1.775631741344262160e+00 -8.943435478414242468e+00 -2.745203737564875013e+01
-1.459362858492138315e+01 -1.482167121052020775e+01 6.914436898469185167e+01 1.701383293314513168e+01 -2.544404825843793816e+01 -2.930342244537992258e+01 -2.200644402154026125e-01 1.017415802387501422e+01 -1.531480603673326613e+01 3.307311391761748709e+00 -9.249312600534832285e+00 -1.722896745967923238e+01
-1.107322434063284256e+01 7.887502610000801440e+00 6.498819847132182304e+01 6.496950869277803520e+00 -1.449872666140217348e+01 -2.146381179320337651e+01 -4.600781967113607429e+00 1.289366906133068547e+01 -8.455711170575447966e+00 1.981772272160013504e+00 1.676619002777732348e+00 -1.458349020751067471e+01
-3.579519511846747548e+01 3.319798850947164759e+00 6.950153376839652708e+01 -7.815274829498592979e+00 -1.834722801373007783e+01 -1.927620509836742357e+01 -1.300409311229337206e+01 -9.939672802034248633e+00 -1.749345676573752684e+01 2.603688354666418903e+00 -6.795125398293730967e+00 -1.152586948428818481e+01
-7.181848744528707584e+01 -2.125538346874725448e+01 7.785854596807484995e+01 1.783675184150219906e+01 -1.686367317591387760e+01 -2.258055140783108428e+01 -9.617498698208603258e+00 5.806688131488774829e+00 -5.869743895734456984e+00 9.682839470694748485e-01 -2.365134540033900024e+01 -1.842889492568730248e+01
-7.769676236106565170e+01 -5.770496484129134984e+01 5.523040971184114056e+01 2.243909271589428300e+01 -5.196642751392960058e+00 5.694426914829699982e+00 -2.555481535109051627e+00 9.430697358107565265e+00 7.108581607450882522e+00 3.069096215946538031e+00 -4.623434869682896853e+00 -6.567750543754035775e+00
-7.415624801841192948e+01 -3.984985974742617998e+01 6.295930193660058194e+01 8.172026498812956063e+00 -2.374692016115319859e+01 -1.809061493321910064e+01 -2.007513202855200873e+01 1.137279751481209011e+01 8.217262261972006598e+00 4.574179732011543820e+00 -1.344783104452237765e+01 -6.937331071361760415e+00
-8.523995956067025759e+01 -5.805864654502934030e+01 3.338557498489627307e+01 1.010198740491181080e-01 -5.014487749179224352e+00 -2.556086307198994767e+00 -2.460621581294940796e+01 7.275491581907937544e+00 9.304437860596809884e+00 1.003754053565339177e+01 -5.572627348958830495e+00 -1.331160398242821685e+01
