-6.629204164750626660e+01 1.453601657048128892e+01 -1.402774737854136156e+01 -2.176030613092535759e+01 -2.081182760023803624e+01 -3.781709127573559215e+01 -4.174826997270769624e+01 -3.296727648656133169e+01 -4.235622766568344133e+00 -1.258857333085587094e+01 -3.419132859772144428e+00 -1.477032870725849545e+00
-6.800395496398380146e+01 2.057452585161297520e+01 -1.891805836965915688e+01 -2.578750459713714349e+01 -2.981789016216129085e+01 -5.498756005813580572e+01 -4.117573349765984148e+01 -3.181809308874567321e+01 -7.229646053769158698e+00 -3.842068984318772529e+00 5.998915950763146654e+00 5.902449668371585467e+00
-6.431336411876881698e+01 2.812393079899797499e+01 -2.048027131612994367e+01 -3.430715237852209043e+01 -2.168486464940448855e+01 -4.575210421539625827e+01 -2.718926233062766329e+01 -3.125531897608447451e+01 -1.386603888344681845e+00 -1.276158836862293278e+01 -5.122791087145820654e+00 6.959303488570872886e+00
-6.302126640060758689e+01 3.226889917137163621e+01 -2.084267182718633293e+01 -3.286054907221544852e+01 -2.001690732755873370e+01 -4.245856505601291531e+01 -2.500110892171792898e+01 -3.036012936324140199e+01 1.106447914111112851e+01 -4.241183630412422190e+00 -6.809326725035431238e+00 1.460967223397502224e+01
-6.913568652219179000e+01 1.661816473759743573e+01 -2.201715995037314855e+01 -3.114859603271712984e+01 -3.334360165866743841e+01 -4.946492148396595923e+01 -2.352326539336617017e+01 -2.966694668985814687e+01 -4.655279437453868852e+00 -1.215216636086004609e+00 -5.042425202385720340e+00 7.230796898917587257e+00
-6.980666471853794519e+01 2.218570363224407060e+01 -1.499338065835601341e+01 -2.004462208183286620e+01 -1.354182490186929932e+01 -4.690834031596311604e+01 -2.270348440469216911e+01 -2.907475035299889754e+01 -7.706135308316142130e+00 -4.380219270806236409e+00 2.444432355119223299e+00 1.251362256803268025e+01
-6.383157816982245691e+01 1.725276664308499974e+01 -1.590971931386739335e+01 -2.819282691964946963e+01 -1.651118161211544333e+01 -4.208757823438429568e+01 -2.271375716822011626e+01 -2.064259626180253093e+01 5.335820324986237040e+00 -8.471529810237592439e-01 2.813475847720350309e+00 1.029059702339855598e+01
-8.986591537391961992e+01 1.295055582550819828e+01 -8.828642673258674023e+00 -8.985781703671985809e+00 -1.806307475073490210e+00 -2.391754822475949993e+01 -7.149041438451586572e+00 -1.547557872528050282e+01 4.059582754912298697e+00 -9.814203379702885144e+00 -3.624260694622430279e+00 6.133433796721073250e+00
-1.108642200258090185e+02 1.274311157904967295e+01 -7.078975231640573185e+00 -3.576377845978959691e+00 8.182521376200062591e+00 -1.632420737557103507e+01 1.090063161758051535e+01 -1.816213498646825997e+01 4.587741415357919017e+00 -5.748543494217939198e-03 -2.179385749171013575e+00 -3.610714895346975428e+00
-1.142146876919790088e+02 8.046016102056872121e-01 -5.734717465888033772e+00 -1.674831780015858840e+01 -7.853039326473443271e-01 -2.221772539737354890e+01 4.429793022246697021e+00 -6.483678260102091251e+00 -8.202969766476075009e+00 -1.165596765222766251e+01 -1.252951128303238093e+01 5.279426124300927725e-01
-8.921111590136979430e+01 6.769458276628827598e+00 -1.621171424068054989e+01 -1.849073425103143009e+01 -4.848751592069413974e+00 -2.337255017923227030e+01 2.303008585191828494e+00 -6.804572599425950941e+00 -9.460770369474952091e+00 -1.102299273529593471e+01 -1.251226648086465776e+00 7.934747249284034964e+00
-7.046012349267624586e+01 1.215252065046844088e+01 -1.673786709390389404e+01 -2.302910019685794651e+01 -1.219839512942354531e+01 -2.332635980242378082e+01 -3.904069445323655962e+00 -6.190299207577394824e+00 9.231974351346927676e-02 -5.217942677658292894e+00 3.506636640906860336e+00 8.853848717666121360e+00
-6.991624847585838154e+01 1.039755991943469482e+01 -2.193717299496971407e+01 -4.417895090474994646e+01 -1.788804342587500429e+01 -1.400679699800632783e+01 -1.529240922228231092e+01 -2.338445118121699551e+01 3.931265228044779736e+00 4.488983089405975235e+00 8.117780474613205399e+00 7.559111225378433829e+00
-7.816903672413178583e+01 6.793253920898614240e+00 -1.805518639853206508e+01 -3.372458965024648592e+01 -1.563357988953274713e+01 -8.656954470956730319e+00 -2.874644988226861386e+01 -2.789991351768309968e+01 2.013091761151375891e+00 -3.438989057945894601e+00 2.371601662957009360e+00 4.501747800573633995e+00
-7.106453022473280612e+01 1.741584367176378212e+00 -2.030241436417204426e+01 -3.743113601793609746e+01 -2.590812320465780516e+01 -2.724939430427198772e+01 -2.856993082567331754e+01 -2.562230978556529237e+01 -6.530036588170544221e+00 -5.671940724382727339e+00 4.874528633879826600e+00 5.657562839837757984e+00
-6.934136016964133375e+01 6.238561541207376493e+00 -1.458051965858039623e+01 -2.463256348861461476e+01 -1.895053706784766234e+01 -2.999408734026296486e+01 -2.099922766400303331e+01 -1.978432903177108315e+01 -7.519471666902439289e+00 -3.854702485454248428e+00 7.272054878420336266e+00 1.308873987385373638e+01
-7.053986465899797054e+01 1.606899372273057836e+01 -5.917336055205783651e+00 -2.609669920000416710e+01 -1.942239052401965793e+01 -2.601502422274909776e+01 -1.627565045603363458e+01 -2.536810747215296402e+01 -7.822780164173271267e+00 -1.896603641405116614e+00 8.877172495394503926e+00 4.442079650280433611e+00
-6.990326473206204128e+01 9.938649784191081693e+00 1.921428770360831928e+00 -2.116144747689574146e+01 -2.897401043768006446e+01 -4.409208700835202421e+01 -2.183863673848088638e+01 -2.895841081315695931e+01 -5.969055905851341493e+00 -6.393997646880731800e+00 3.976564451445262716e+00 4.427587275024566615e+00
-8.142507440776469707e+01 8.537326778825470086e+00 -2.346306830690930045e+00 -1.991933338995599101e+01 -2.327705156226451422e+01 -3.677502996120405498e+01 -2.274755287625517042e+01 -2.332726612361371110e+01 3.883184564084012358e-01 -4.572092608071509190e+00 -8.851693824697919766e+00 -1.565081417590095558e+00
-7.628964742195893223e+01 2.793532873867656363e+01 5.809603526352828951e-01 -9.981119818196621196e+00 -1.206130072162947542e+01 -3.473569534559970151e+01 -2.221067270346372169e+01 -1.936773869482816934e+01 2.893901590546694269e+00 -9.899106076948488209e+00 2.858470163269097863e-01 1.968182864048295011e+00
-6.416622589872585536e+01 2.889340080914112363e+01 -7.965130615120409985e+00 -2.351769884862100213e+01 -1.047298286705108694e+01 -2.953857641344215779e+01 -2.363379102926761988e+01 -1.852198493748874597e+01 6.305320532625143137e+00 -1.304013095048730797e+01 -1.319869386407716672e+00 9.230272473029009106e+00
-6.570177708526958327e+01 1.208518076505549033e+01 -8.636922767701104675e+00 -9.266273754182520861e+00 -1.814533100747433281e+01 -2.261655149831914713e+01 -1.830574803226392788e+01 -1.816198574118841691e+01 -6.826144512217871885e+00 -1.300311580253367971e+01 2.422378320754123848e+00 5.505385432322307260e-02
-6.891105800573312479e+01 2.379586135021656190e+01 3.169753019954210771e+00 -5.240431572155955564e+00 -1.494553602988527530e+01 -2.138835739345176279e+01 1.170919444622415817e+00 -1.089003070229909831e+01 -7.959953873774669120e+00 -1.276523350978349214e+01 1.613573779709366995e+00 -5.805304912702731635e+00
-6.693963300894210988e+01 1.414941751319500440e+01 3.072328841507596664e-01 -4.961121939453038365e+00 -7.341398973958384921e+00 -2.730496769504955523e+01 -4.245114469457365480e+00 -1.329994767279248791e+01 -3.328948375873401311e+00 6.972939454948257065e-01 3.461090720251887021e+00 1.513439064382056332e+00
-6.651887188322254474e+01 1.231018292687063820e+01 2.408594625276458512e+00 -9.913359760182792968e+00 3.192123386795797657e-02 -1.619714757930900362e+01 -1.115744111223727586e+01 -1.827957302927604388e+01 4.798326878205250168e-01 5.510341862321332940e-01 2.195117535195882930e+00 9.366422165436269154e+00
-7.324009024454331040e+01 1.612303779657056424e+01 1.631074016322089193e+01 -9.670544725891835114e+00 -4.624462487514776399e+00 -2.721668560143653082e+01 -1.742035190962639035e+01 -1.360574150298204898e+01 -1.490526403114030174e+00 -5.512843016609025426e+00 -1.257563738603171277e-01 -1.095355397418114496e+00
-7.634550852896661866e+01 1.381230023337842638e+01 1.330746657719958570e+01 -7.613580035961466930e-01 -4.738012559456512562e+00 -7.916874179981805426e+00 4.618043601656087738e+00 -1.725719254322692242e+00 1.454016358911823659e+01 1.554468478053764091e+00 8.506585237882724471e-03 -5.588057188813492004e+00
-1.210222801390204950e+02 -7.578014700038226970e-02 9.378050012789318490e-01 -2.924206956240841038e+01 9.234962701108030414e-01 -2.341269077859397640e+01 1.184027487901535114e+00 -4.140758318927325377e+00 -1.960055075064079944e+01 2.611450172717167106e+01 1.065721558970107097e+01 -1.118453252268889919e+01
-1.237124799173202945e+02 -4.746442962739099869e+01 -3.267484714725175987e+00 -2.283990140840717942e+00 -4.923192194468388294e+00 -4.705666135173304809e+01 -2.774528106605845679e+01 -5.435930247001258486e+00 -1.294697983516602235e+01 8.938678005896690593e+00 7.629547517540128609e+00 -1.110507831746375551e+01
-1.023268279645551218e+02 -6.195404200585896604e+01 -2.596134995266725909e+01 -5.306779384723927517e-01 -1.656283112849533268e+01 -5.522666783061758622e+01 -3.875499193324652225e+01 -1.403469008550988306e+01 -9.485270725961282068e+00 -7.725612041894107662e-01 5.835013524640677574e+00 -1.123932592226191574e+01
-1.041397642040299445e+02 -6.342078632447419295e+01 -6.430767138124951998e+01 -8.386232104208064086e+00 -1.115504502579942425e+01 -1.674326766421791035e+01 -2.429301042112891196e+01 -2.264038854934331368e+01 -1.479923681337898600e+01 4.852800050476218097e+00 1.897157209405597911e+01 -6.550478915280875114e-01
-7.200178111327115005e+01 -2.583078377341826837e+01 -4.371386509196554471e+01 2.841914711926256132e+01 -7.008344453127506313e+00 -9.278018922788417555e+00 -1.707140546208262322e+01 -1.514641731507052924e+01 -3.127993762560258517e+01 -1.508226689139490340e+01 -1.034669508138598104e+01 -2.648170737187661672e+01
2.756862859157236390e+00 2.639320983957247080e+01 -5.840677568120665342e+01 2.666717225834213423e+01 -4.364737679318530894e+01 -3.226148232200387156e+01 -4.806604972656656116e+01 -2.310211864892927025e+01 -1.401756062804503067e+01 -1.749541276092337938e+01 -1.963200477608877392e+01 -2.160431411856431794e+01
2.628746237965469135e+01 -3.535294153490917246e+00 -8.870437744057534246e+01 1.520870589591898892e+01 -6.264170686023408052e+01 -3.709466758633570294e+01 -4.928527568805152725e+01 -3.004491079402124143e+01 -1.538409680686499392e+01 -2.876031248425081088e+01 -1.082770448313740985e+01 -2.663123341466667426e+01
2.697557332852107947e+01 -1.282841737491960643e+01 -5.756213566429610040e+01 3.850585277893068792e+01 -7.745021010422851759e+01 -1.339683286559770892e+01 -5.726501414231083942e+01 -3.369345610930120927e+01 -3.091197104171199861e+00 -2.888159975443509708e+01 4.787043806755402642e+00 -2.054542317826545528e+01
2.404174990668135337e+01 -1.525415219290968949e+01 -1.952380402870842602e+01 3.981289052555392516e+01 -6.499053247962457647e+01 -8.984058663624773899e+00 -4.070991383908823025e+01 -1.587259336646747876e+01 -8.839772938059951457e+00 -1.948293342445420606e+01 3.661267327325642640e+00 -1.960159043080725638e+01
2.110868078811776627e+01 -4.687876793994403357e+01 -3.243499347923057741e+01 4.072065216022966183e+01 -5.511545381816436873e+01 -1.736485381447340615e+01 -2.428605601207109999e+01 -1.063423996654352166e+01 -2.018981556782594211e+01 -1.559013768343853457e+01 1.545348762341956617e+00 -1.307445195261565019e+01
2.766142497368223729e+01 -2.061578557216340712e+01 -1.910786184705592916e+01 3.080882853524009590e+01 -5.716098120671929905e+01 1.240009494985486516e+00 -2.187101041417190572e+01 -8.503121752975783210e+00 -1.609397899128072140e+01 -9.031871241216602897e+00 4.989895299580937582e-01 -1.915254811597742446e+01
6.830704952008915143e+01 -3.985910994771198546e+01 -7.243954683300401598e+01 1.701791498863872576e+01 -7.241707713256793966e+01 -2.679311901735019319e+00 -5.460993980629727673e+01 -1.753161920524811279e+01 -1.196618546680088535e+01 -2.083765597023802485e+01 6.791298114207894088e+00 -2.189429996777135301e+01
6.507240124228272293e+01 -4.184150746371673790e+01 -8.197330817937417180e+01 2.422349986564471891e+01 -8.811128405922198681e+01 1.454286873426736904e+01 -5.971315728298606018e+01 -2.416458508824636908e+01 8.736224086297955438e+00 -4.109319107662369674e+01 2.254808739769404724e+01 -2.265609360799036054e+01
6.615605293678407861e+01 -3.880380191080257646e+01 -9.063416330780975727e+01 1.962709075711662976e+01 -8.787143135545784389e+01 1.095469555868208289e+01 -4.921383452103854950e+01 -3.132343442273960576e+01 3.008014782477838267e+00 -5.644333592088540286e+01 3.028199645342366253e+01 -2.751248142737637892e+01
4.833420914999701523e+01 -3.085424737902355474e+01 -9.968862056474198141e+01 -7.942104000032386146e+00 -7.723796543724526487e+01 -3.763935346207402777e+00 -2.903004299782408637e+01 -3.919293292695448372e+01 -1.989745911466209805e+01 -5.364590946907496516e+01 2.680548641924998776e+01 -3.116028361090503296e+01
5.855821739724945019e+01 -2.255501194778026530e+01 -1.197917602184323300e+02 -8.302922023986917921e+00 -6.151351190867902119e+01 -1.579785568950381069e+01 -2.815260267389138704e+00 -4.084362048168515003e+01 -2.533902241959164314e+01 -3.489174833357687078e+01 2.488451694590598251e+01 -2.247545422281589467e+01
7.578714504923860318e+01 -8.983568916757413092e+00 -1.066264761310850417e+02 -1.032275200933352011e+01 -4.043189963177667323e+01 -2.055585363576896896e+01 1.028387479003672667e+01 -3.590878019044508562e+01 -2.232275347851731695e+01 -3.168852293913470675e+01 3.334930756023339882e+01 -1.749709352156061115e+01
7.690653023603766769e+01 -1.088933876115132016e+01 -1.030998605440180711e+02 -1.612668891642890401e+01 -3.757181320512591327e+01 -1.630817345844569388e+01 -1.331143440773662423e+00 -3.514003256834224231e+01 -2.219790472740390896e+01 -4.364001647790008320e+01 4.175097792365662031e+01 -2.111065928848329776e+01
7.259910894582566243e+01 -2.046733884449106000e+01 -9.279936827283886203e+01 -2.556579335769450623e+01 -4.193752509178074206e+01 -3.823697833075788921e+00 -3.184622662568064921e+00 -4.106985501937062111e+01 -1.379842535349449406e+01 -4.316303159579209137e+01 3.921291348980926017e+01 -1.864869343723813344e+01
7.288725120354465048e+01 -2.812652923364436930e+01 -8.863518907428533566e+01 -3.837081357881261567e+01 -5.440203622522182769e+01 -1.148528478566357336e+01 -2.662404993938012154e+01 -4.086416175151069297e+01 -3.087112874429897857e+01 -4.181774822685011372e+01 3.556748716920365894e+01 -2.683304425607231636e+01
9.823541026119222863e+01 -5.031766960676858247e+00 -6.763754685817848156e+01 -3.448913887572693682e+01 -4.064598194398393360e+01 -2.650572540802584420e+00 -2.686886842411972154e+01 -3.722507505574699849e+01 -3.799137071773597540e+01 -3.590840737680386496e+01 3.615390729946341963e+01 -1.898156296520121700e+01
1.148685904224011267e+02 1.307987960703453112e+01 -5.704229384670563974e+01 -2.775263130541268808e+01 -3.724283920400769432e+01 -4.192806703473740626e+00 -2.014156059899711249e+00 -2.724715200258740921e+01 -3.105943907744601518e+01 -2.571400997431523905e+01 1.894865573310846685e+01 -1.660509888674144463e+01
1.037573250589078100e+02 2.293808034042949728e+01 -6.033834544004565714e+01 -4.532492830120666838e+01 -3.228533996469397493e+01 -1.944737310523279916e+01 -2.218682622867730458e+01 -4.110798180418620973e+01 -3.077325382464994519e+01 -1.732922383051771931e+01 2.234425589883910490e-01 -2.819511026430084399e+01
8.017989672644569055e+01 3.466532374019885765e+01 -6.163266479789358243e+01 -4.535000197770186503e+01 -2.314010265328673910e+01 -9.651140608850862890e+00 -1.746555860706131824e+01 -2.283184783536683682e+01 -2.677524317100324680e+01 -1.158797762385386321e+01 8.860215732065757521e+00 -1.787371666757522348e+01
7.348912633510349224e+01 1.711769981866262569e+01 -4.875281742305359245e+01 -3.563734879208059425e+01 -2.232043332165223859e+01 -1.184594087005900676e+01 -4.922452051828120290e+00 -2.920379930355950648e+01 -3.377826844967601261e+01 -1.174566108984865309e+01 -2.625490440466173858e-01 -1.542973675466767780e+01
7.615110902648109459e+01 1.134774230286442176e+01 -4.410470813854191618e+01 -3.479454998698439283e+01 -2.082181315860098891e+01 -1.514158605741993924e+01 -5.285065820927194125e+00 -4.508680945882309032e+01 -4.632013278099852016e+01 -8.123071500617097485e+00 5.442165347281750165e+00 -6.561151208923904576e+00
7.803174022486228978e+01 1.550413927591495522e+01 -4.007943803466627486e+01 -2.711660172355887255e+01 -2.751104123999539297e+01 -1.705308328811395668e+01 -2.687952955893138984e+00 -3.242330470530862385e+01 -4.904400112280781343e+01 -8.375038875428325369e+00 -3.045456305000347363e+00 -1.377878493986460740e+01
4.099936433469121511e+00 -1.326075677144272369e+01 -5.897286766200258512e+01 1.021529046071083968e+01 -1.110720143777885127e+01 -4.853978381971946021e+01 -3.958921774705233787e+01 -1.312562273887775177e+01 -2.862593977141229118e+01 -1.132842193719574908e+01 -2.712684388424994353e+01 -1.946335733939167767e+01
-1.233505052092602083e+00 -9.758434513095407326e+00 -4.968612469677557897e+01 1.503251757173738934e+00 -2.060270575575393437e+01 -5.327968440619842028e+01 -4.633694391041845506e+01 -1.408882367434611282e+01 -1.871823690038181809e+01 -1.087518350592727501e+01 -1.163978786425301237e+01 -1.910757809377273020e+01
6.359647964523027497e-01 -2.141511796507089826e+01 -4.453426015546133954e+01 9.409864768271301472e+00 -5.949734943097115547e+01 -5.561467683626351288e+01 -4.922557368046995663e+01 -5.441792912720321951e+00 -3.363204712304971622e+01 -2.988285986966079832e+01 1.491081409743720165e+01 -3.785218915806503048e+01
-5.501763558438723223e+00 -3.887708810072452081e+01 -4.194782141854319946e+01 1.102527899834792358e+01 -7.572354616705557362e+01 -4.852279223263787600e+01 -4.239050775603052301e+01 -1.523058582340591371e+01 -1.944246784208562318e+01 -4.635448120653477133e+01 1.538908583210507253e+01 -3.862577002137659576e+01
1.096665299779906011e+00 -4.350245327655152039e+01 -2.685286681713753865e+01 2.201834634123516921e+01 -8.646660329663160383e+01 -3.918628026481651005e+01 -3.975782017686235292e+01 -2.058857043661009101e+01 -5.003889551653587731e+00 -4.937892548478333765e+01 1.922059359956479696e+01 -2.830286854116344131e+01
-1.174477545333832751e+01 -3.020338432023586961e+01 -4.664595957104241464e+00 8.505003313008296928e+00 -6.593738957372860909e+01 -4.281602588720200231e+01 -2.859120561864935439e+01 -1.427658162538446973e+01 -9.727283805425958718e+00 -2.181548879388319762e+01 3.752262269387854232e+00 -1.534594651243082097e+01
-1.121978439124461069e+01 -3.935042385970818657e+01 -1.340789158243636336e+01 -2.662521666633964390e+00 -7.849393634393788943e+01 -4.970062450641468388e+01 -3.211011177525421090e+01 -3.434070268354941646e+01 -2.872401730131640818e+01 -2.281815181434762252e+01 -1.046285103900782332e+01 -1.421877577917921087e+01
3.840667919974859501e+01 -9.615961887320609947e+01 -2.644573175472178406e+01 -8.713042952862244395e-01 -8.581161971660191057e+01 -4.956303439831914659e+01 -4.470214728441061425e+01 -1.793821050793895466e+01 -2.562085308099499059e+01 -4.183088839015488958e+01 -7.906235750889079483e+00 -1.613315162907739619e+01
4.140678650230056235e+01 -1.059576458293473706e+02 -1.669863033389060902e+01 9.838080727432030326e-01 -8.040518103451347542e+01 -1.991790388202583983e+01 -4.653040043082681620e+01 -2.396466062005231379e-01 -2.649960470467583207e+01 -4.051838829989432611e+01 -9.712078555548732339e+00 -1.598530241891948833e+01
4.299139680487223103e+01 -1.070039379732642999e+02 -1.591028523144660056e+01 -7.077771864271922730e+00 -6.432985085337931253e+01 -1.934965154312572011e+01 -4.508170860105612121e+01 -5.459442471932085539e-01 -3.143493899206004372e+01 -3.797793231269447745e+01 -1.670082355713721256e+01 -1.583017953317987114e+01
3.097219594329685677e+01 -1.035255764534092577e+02 -2.693650352890158928e+01 -5.482829531563395697e-01 -5.764503517024989776e+01 -2.414850537824174026e+01 -3.948060356543643934e+01 -1.562528133321895574e+01 -2.558329640634325841e+01 -4.684094981491151088e+01 -1.306192459498370084e+01 -1.973738557916767533e+01
1.867155917794594444e+01 -9.574091536319943430e+01 -4.315145318850377976e+01 4.009145285024056093e+00 -5.247078497343566994e+01 -1.923440131666566089e+01 -3.766379843459640853e+01 -2.444933306576905352e+01 -2.521140407221795954e+01 -4.754857118400532556e+01 -1.546991357760173358e+01 -2.247604919565529968e+01
1.814924149887096405e+01 -1.085413286348167361e+02 -5.259264682790264089e+01 -9.051196412775421862e-01 -4.745025953572528010e+01 -2.218778417303970940e+01 -4.036335594067882226e+01 -2.278047011034967895e+01 -2.825588368938487704e+01 -5.085971839349343782e+01 -2.552333218724344732e+01 -2.959982529141548468e+01
-6.431446735186897357e+00 -9.855845146222506514e+01 -4.326471079137658649e+01 -1.168194566292386050e+01 -2.066396392746075961e+01 -2.446167726798355346e+01 -4.152738012286512514e+01 -7.028050278029920328e+00 -3.199503325981535085e+01 -4.013863823698977029e+01 -2.320675276518278807e+01 -3.742286657884233136e+01
-1.938576090143595110e+01 -8.868982845337674803e+01 -2.621758304612860613e+01 -2.188370267898912758e+01 -3.721033072553169063e+00 -2.853724929683813727e+01 -5.009128143039289682e+01 -5.184945128963732053e+00 -3.047654290193038307e+01 -3.129806526430316893e+01 -2.152363249212793406e+01 -4.211674448045550889e+01
7.574548560813994413e+00 -7.090632224856526022e+01 -3.795605341318662340e+01 -1.463536701169073062e+01 6.442960666938819525e-01 -1.494242156278923339e+01 -3.734456138119382018e+01 -1.372771424925375960e+01 -2.682959801449098691e+01 -2.693464218046477399e+01 -1.750452418769565099e+01 -3.881897853005641252e+01
-1.658514806007655995e+00 -6.627343823732503836e+01 -3.795956556279875826e+01 -3.673960300899916831e+01 2.401284759112207290e+00 -1.325437911113836797e+01 -3.730091091919447877e+01 -1.423915364096532166e+01 -4.032524968171778568e+01 -2.479305082809116456e+01 -2.859897046323003167e+01 -4.116304187573347662e+01
3.625446112925916253e+01 -6.315580349351662193e+01 -3.854667910140328502e+01 -4.525196023452227934e+00 -5.259968921511037010e+00 1.479582160740934071e+00 -2.001494438029334333e+01 -1.681852111167664532e+01 -3.027506736617637273e+01 -3.823295996354165283e+01 -2.365839976446314452e+01 -4.627174947145898898e+01
6.233381962074700766e+01 -3.877417933864358446e+01 -4.117497837439468356e+01 1.904959343774067548e+01 -2.312547134315069286e+01 -1.894240884480876241e+00 -3.487726556275929823e+01 -3.768375975240856235e+01 -2.308574999299597863e+01 -5.018366896748474915e+01 1.215070183334916898e+00 -4.093171680392405420e+01
7.322784785684822850e+01 -4.753484649861091782e+01 -5.300239171223383039e+01 2.314545414694984871e+01 -3.880395561392087700e+01 -1.275112679394705140e+01 -3.373065103400757181e+01 -4.475293877075293381e+01 -2.813862703998057313e+01 -4.762652017888365208e+01 3.431793911363174132e+00 -3.972801360071220245e+01
7.342780842419531950e+01 -4.262775713435438263e+01 -4.132277055558881784e+01 2.245686109711945733e+01 -3.246034171513952771e+01 -2.561325076433719428e+00 -3.205889524761704479e+01 -4.088058832463421055e+01 -2.429315447701487685e+01 -4.110959084798598440e+01 4.170105706741127349e+00 -3.746959200251436783e+01
7.360477937580566277e+01 -3.362860822949122053e+01 -4.977990592680923498e+01 1.339909488304024876e+01 -3.528507541428047745e+01 -9.315247350760682110e+00 -3.077976959047670391e+01 -3.800554944973404758e+01 -2.810941452166306220e+01 -4.497689516971647805e+01 4.206949264793121479e+00 -3.910818967732089391e+01
5.818993450807275281e+01 -2.490906246674711166e-01 -4.202892100332867642e+01 -1.218813655285730047e+00 -3.382833448598667303e+01 -2.091225654370887810e+01 -3.462331595244109650e+01 -4.784452745590856892e+01 -3.446735192139049531e+01 -5.815713015969664212e+01 3.200223812808172141e+00 -4.892905011772448631e+01
6.486077814666842301e+01 2.275913941120637674e+01 -2.201729318871452890e+01 5.529629234572539076e+00 -2.177475129156589873e+01 -1.982564888699446826e+01 -5.010793818729547411e+01 -5.409486820707209631e+01 -4.535888684839657969e+01 -5.935958614499050157e+01 1.377566788797832231e+01 -3.231704169814619831e+01
8.458040202576123079e+01 4.185035293033057258e+01 -1.348025740904999203e+01 2.906144771131966920e+01 -3.665093422105751841e+01 -3.234650207500727248e+01 -3.613979652241797424e+01 -4.485933220908624719e+01 -4.476586504014421308e+01 -4.345962515396067971e+01 2.939881468721012414e+00 -5.701286078108489974e+00
8.023924620272462960e+01 3.637327413338289261e+01 -1.995977594642801023e+01 3.284821390568686894e+01 -3.909727236756530999e+01 -4.103829140595736646e+01 -3.949008815769749958e+01 -3.779532215941397055e+01 -3.079793050280058964e+01 -3.008123818437172403e+01 -1.465668217933255946e+01 -2.180849223340616305e+01
7.601976004161645051e+01 3.064397403489553895e+01 -3.968389972913431052e+01 2.850164750874791508e+01 -3.701318562575603721e+01 -3.968304373304790289e+01 -3.750511797812549730e+01 -4.138143058199297286e+01 -2.431982954214061010e+01 -2.085080319358627321e+01 -2.129748205996238930e+00 -2.652427652409039993e+01
6.289654382885153439e+01 3.744079554010468769e+01 -5.280540937905293930e+01 2.374416568509951730e+01 -3.342792456643136489e+01 -3.972867800136907590e+01 -5.687346502528477288e+01 -4.226149558409909446e+01 -3.109674660283467773e+01 -3.334486481282504400e+01 -6.265086639244643152e+00 -2.877873400293599104e+01
4.599011178472983374e+01 2.523036701020000550e+01 -2.485178810975061481e+01 7.741348877916741422e+00 -4.824200552630480843e+01 -4.296913516655827436e+01 -7.265003995283399263e+01 -3.075605807192998498e+01 -2.806830335201884097e+01 -4.163387092363809927e+01 -8.170875383416245086e+00 -2.637244355558732778e+01
4.259115442194452328e+01 4.791067300774160742e+01 3.790495311109705501e+00 8.101407446807945334e+00 -4.727739665524905632e+01 -2.477254312700289773e+01 -4.790308780399929844e+01 -1.804291671910815609e+01 -2.502327331136387656e+01 -3.910547802743647594e+01 1.656901145066908665e+00 -1.207838486714847903e+01
1.604659309608998541e+01 1.177159361866350906e+01 -3.017640075287886692e+00 4.499742237558328917e+00 -5.247593788168559570e+01 -2.161959053827570187e+01 -5.918832121764577892e+01 -2.908410198036895267e+01 -2.983380579914728514e+01 -4.913017931507722835e+01 -7.659780638349472426e+00 -1.320734638440102771e+01
2.443337720550658432e+01 -1.358187817364510508e+01 -3.129488747809251237e+00 1.500657355644733215e+01 -3.960816067364866910e+01 -3.011577584667305274e+01 -5.653450320031233645e+01 -2.334576182431378299e+01 -2.821002508020086097e+01 -3.938127854842802833e+01 -1.563067516453831196e+01 -6.463426728514276576e+00
1.789695497931303692e+01 -2.346758649805224195e+01 6.714213950830805189e+00 1.406569085372916739e+01 -2.393979441485777215e+01 -3.214962746066228760e+01 -5.537916926926723704e+01 -2.113310994754593253e+01 -3.370158131718982020e+01 -4.074790424209467687e+01 -8.247920389363837756e+00 -4.646883615850785354e+00
-1.108831150179274516e+01 -4.083665424778518371e+01 1.448481335651332635e+01 5.021886973447152513e+00 -1.003014255964738766e+01 -2.488646394384731408e+01 -6.833811871739213473e+01 -1.820330022590822594e+01 -4.204547763381335557e+01 -5.175639319753064171e+01 -8.046124301265439982e+00 -1.002057539562271238e+01
-2.739910951249389370e+01 -5.300919369160718020e+01 6.050119469667373906e+00 -5.897320593160928048e+00 6.319978295530720658e+00 -2.873776789228471529e+01 -7.431496658567732538e+01 -2.045454425903249529e+01 -4.738262324912912504e+01 -4.574270905020370037e+01 -3.675176463770450042e+00 -8.879236307317521337e+00
-2.584580635885787814e+01 -5.075828107842215786e+01 2.160543320054068062e+01 -1.583696690318704192e+01 1.254558974058229026e+01 -2.857033655726980825e+01 -7.916835759820479268e+01 -1.137991262568029072e+01 -4.264389067207640949e+01 -3.600676932558902621e+01 9.556619933360032348e+00 -2.041497417965275396e+00
-3.462620586419527058e+01 -3.342347304159729759e+01 2.440931666943149736e+01 -2.609236404602823711e+01 3.371123882334954303e+00 -5.536872220024332591e+01 -7.277248682759737619e+01 -1.148229037491482352e+01 -5.446694716924260149e+01 -4.405847140898625725e+01 1.962499828478671215e+00 1.491413240441245236e+00
-2.030882764164366705e+01 -1.788620231112785675e+01 2.683995508664528273e+01 -2.397357080066646517e+01 1.128819374761538796e+01 -4.126577446818878059e+01 -5.937180210301404060e+01 -1.701217650696620609e+01 -4.722351819387976235e+01 -3.747441708248113912e+01 -2.244258968521247510e+00 -2.268228980492857705e+00
-8.375120802334343750e+00 -1.691987289098255243e+00 8.349609963866765128e+00 -2.276344138187657506e+01 -1.194932116843775560e+01 -3.684232425057989957e+01 -6.721758775898082661e+01 -4.281311232687443891e+01 -2.985188720922889161e+01 -4.418404328152649185e+01 -1.099271388938691807e+01 3.244559182630612604e+00
6.769905995267560428e+00 1.429286680885300953e+01 1.384334619108008368e+01 -2.814092560985634606e+01 -3.572876029097195705e+00 -2.593657297332650202e+01 -6.394971060389897133e+01 -3.981787375554271335e+01 -2.406937163099653532e+01 -3.129766790753592431e+01 -8.560655028420912416e+00 1.115837238692346745e+01
-8.433399423525180794e+00 2.480128978263503647e+00 -8.268440407254171731e+00 -2.641916090055828903e+01 -1.129521529412711445e+01 -4.176557682545816874e+01 -6.833063357364261492e+01 -5.084419213791738201e+01 -3.355908486969347848e+01 -2.948458777349063809e+01 -2.014511368077875630e+01 -7.310616196030901293e+00
-2.551018088177436738e+01 2.861402032045098309e+01 1.816737345780632751e+01 -4.690418435356034976e+00 -9.879409109068070904e+00 -4.446708951220220740e+01 -5.329247405510962210e+01 -4.094083423064501659e+01 -3.296077531524098703e+01 -2.183937950065737255e+01 -6.773836882194224529e+00 8.207076119995131425e-01
-2.781623530186130822e+01 2.362070231969195788e+01 1.560253885800572249e+01 3.496107324642982128e+00 -1.677017835951994229e+01 -4.978746271583812444e+01 -5.576072730471260996e+01 -2.738326289840806282e+01 -2.890819167436246673e+01 -3.016061876862533353e+01 -1.517008487875728306e+01 -6.809832257684268697e+00
-5.322829528420280809e+01 1.649632131387052425e+01 4.676653315970433766e+00 9.596016248706529694e+00 9.252919395802300384e-01 -2.857157932018325397e+01 -3.425207659928591397e+01 -4.077468280233220810e+01 -3.824319487633007952e+01 -3.307841350359559129e+01 -1.475966902647852841e+01 -5.850198106659137309e+00
-4.738585527582492318e+01 3.951808039698639163e+01 4.855058670986087677e-01 -8.681731427938485623e+00 -1.193322322187200157e+01 -4.414785141260738044e+01 -4.815283917556490678e+01 -4.783502207651017102e+01 -2.591780143054995733e+01 -3.015291857507011741e+01 -1.115012564495256697e+01 -8.631085187225732369e+00
-5.219770467366871003e+01 2.601342018813394219e+01 -2.179903101874601568e+00 -5.611492371736112261e+00 -1.579513154662464913e+01 -3.047515412561056536e+01 -3.073929276575627512e+01 -2.917541124368272420e+01 -7.167973022563401742e+00 -1.822123902003551166e+01 -6.460542983146447149e+00 -8.869167772020473350e+00
-6.504950342565598476e+01 2.610248992775035504e+01 -4.861330783924237231e+00 -1.107009271483795487e+01 -1.836472243992693620e+01 -3.690228189528612290e+01 -3.040127195793646919e+01 -2.917361629422124381e+01 -2.178316975240106501e+01 -3.456703466188272245e+01 -2.435252751505348812e+01 -5.010282129054433931e+00
-6.768751441449472850e+01 2.099797515732714004e+01 6.774359391250799334e-01 -7.890816381618283692e+00 -1.815734962875235681e+01 -3.050942978462559552e+01 -2.635166966971766556e+01 -1.925216316609146361e+01 -1.171392899669922016e+01 -2.352022916903262484e+01 -2.189602805208308567e+01 -6.633230853668298010e+00
-7.413547674190476755e+01 1.687705084785086740e+01 -2.419904096366482626e+00 -1.170953165481298441e+01 -6.010719023035560937e+00 -1.622506326378064045e+01 -2.023289164529001027e+01 -2.782725182425880917e+01 -1.090398797554536259e+01 -2.672272141070001084e+01 -2.012104813370464385e+01 -1.797244220827333550e+01
-8.594573958629663935e+01 2.982831426419900289e+00 -5.512883634162361268e+00 -7.655658899446380339e+00 -7.062399494388442278e+00 -1.176493299406075721e+01 -2.367900402644152802e+00 -1.593152623346760244e+01 -4.293327307085203159e+00 -7.928989591179034235e+00 -1.187354970686232036e+01 -1.815934988701871866e+00
-9.641571699425958286e+01 -1.354618940449968356e+01 -2.765318279863036821e+01 -1.845619390222834610e+01 -1.163584879924488291e+01 -1.006604982718236130e+01 -1.156888170366191915e+01 -1.723311376519259142e+01 -5.876883520017484042e-01 -8.093552914957648170e+00 -9.188759876741000809e+00 2.319615692834613441e-01
-1.035013605350497699e+02 2.649714916869868819e+00 -1.283489661734939880e+01 -1.351399929122710653e+01 -1.401071318440955515e+01 -1.533798750018806167e+01 -8.983566595687330292e+00 -6.876703678761355576e+00 2.107292503075082202e+00 -3.398647592163365871e+00 -3.249604233310532386e+00 4.046686367146954844e+00
-1.041133023088749496e+02 -5.378710613162787979e+00 -3.020882669757418881e+01 -1.589051376673865690e+01 -6.295557256335813534e+00 -1.440727008364985018e+01 -4.663874760344476122e+00 -1.924566363447655526e+00 5.150407670704797880e+00 -9.048431896721258028e+00 3.230479579830287662e+00 9.335248113618881405e+00
-8.323775833990657702e+01 6.542411296294119438e+00 -2.045918440419320206e+01 -1.255287438121969146e+01 -2.004533533698475978e+01 -2.314544066939001254e+01 -1.145933570512190869e+01 4.557636019584880849e+00 1.140470003481492434e+01 -3.574696378703608346e+00 7.298731761162104092e+00 3.734870133561567940e+00
-8.958071975441225732e+01 9.899871575083798447e+00 -1.512738668168613465e+01 -9.984806107954444343e+00 -1.323285800768204545e+01 -2.206739387938294783e+01 -1.159821019988785507e+00 2.055532329598193986e+00 1.091666304673227827e+01 4.783433960845171029e+00 4.591757651517415439e+00 8.361626979848018948e+00
-7.710005249196620980e+01 2.453929852721088878e+01 3.700543163686446313e+00 9.275280513006926242e+00 -3.426286329622462823e+00 4.644888408046150552e+00 1.162317776006383951e+01 -5.354217800568238594e+00 8.932047940934433328e+00 5.871882547526858787e+00 3.188375720432545801e+00 1.773110374040452575e+00
-7.889489769154613441e+01 2.774121121362249909e+01 1.577824086419886385e+01 1.574551513238570344e+01 9.967925927132673891e+00 -1.741999306517734381e+00 4.650587265110930346e+00 3.497679167710505688e+00 1.410726411335663144e+01 5.937027905156137209e+00 7.866030739183543119e+00 1.931716777335170665e+00
-7.392255462512613917e+01 3.186039563837027444e+01 1.232704763995595343e+01 1.479524407575794243e+01 7.822598839217831390e+00 -8.029830671972775225e-01 1.260581995963241297e+01 8.138094423490809248e+00 1.751757909416179970e+01 -5.989915533352537125e+00 7.614839528360011656e+00 1.243544239556342035e+01
-6.055305293573432834e+01 4.327365909406116629e+01 3.228628770983376484e+01 1.681616028178375899e+01 3.165822925407367450e+01 1.568553986976047554e+01 1.408522583812012030e+01 6.762459867791851487e+00 7.580524185207109689e+00 -3.954042485950414410e+00 -1.796171744341867882e+00 -2.169311362939176036e+00
-7.005914543934650851e+01 4.195109575727183682e+01 3.174682695913443098e+01 6.788760815020863149e+00 2.590781949163606868e+01 8.768116911490054122e+00 1.031444089717478896e+01 -2.304996675221414826e+00 1.841126366399992165e+01 -7.712565153688132114e+00 5.638323919967944242e+00 1.781234056527779330e+01
-1.093262707338934518e+02 7.116762614754357230e+00 1.783542418743788360e+01 -1.818188313904541431e+01 1.651219201123080182e+01 -8.212068284275841901e-02 -2.226809614767790180e+01 9.591511082215443906e+00 4.272402577027777681e+01 -1.252519225715833961e+01 7.763172825228934926e+00 1.346581190043404419e+01
-9.805879631584812728e+01 3.038421719515776331e+00 5.722571345661909170e+00 -2.000340650776566065e+01 1.352756566462714183e+01 -4.602469733415269104e+00 -1.303616255359038867e+01 5.755043787240307296e+00 3.170541051628887530e+01 -1.107463177843495217e+01 9.037152197922040386e+00 4.919496983238053289e+00
-1.009764047936282623e+02 -5.380473933513825635e+00 -7.237007196263043340e+00 -1.222193390879160546e+01 -2.799752281322779979e+00 -2.517498550697972703e+01 -1.956117203437752750e+01 -1.435350949340208082e+01 1.186006172095608413e+01 -2.113165473757963397e+01 -2.221045969503235185e+00 -6.937195296001712030e+00
-9.203394804284054942e+01 4.392087045638595200e-01 -1.155107829107260642e+01 -1.785532304984489116e+01 5.391606145104780090e+00 -2.125867573361656770e+00 -4.379171611223218186e+00 -7.306026450301274622e+00 9.279810507035815448e+00 -1.567528591121561909e+01 1.155389200135441818e+01 1.555623458803430559e+01
-1.006943503240500633e+02 4.656379844110615451e+00 -6.939291732839519611e+00 -2.549555359794203468e+01 -2.087764978401919880e+00 -1.777102121641119226e+01 1.724731919273903014e-01 -1.390788188534586212e+01 -1.524683920085912803e+00 -9.876374809144108369e+00 1.060346324651011862e+01 1.857672926228137911e+01
-1.071721180936730207e+02 7.782397566128573807e-01 -9.895563921555119435e+00 -2.297198998249445978e+01 4.172282863933764574e+00 -2.165446841501026398e+01 -4.481564642066850901e+00 -2.347248594127427168e+01 6.722523879802151825e+00 -1.424668158934919759e+01 6.809220626121179620e-01 1.864700828231907792e+01
-9.473583989716195219e+01 -1.221154321518513974e+01 -2.168603298173194815e+01 -2.322156973390804779e+01 -2.710596776964357701e+01 -2.923474983692736018e+01 -9.458718611817788613e+00 -1.219502361835803050e+01 3.713743269915429135e+00 -8.438459811544834821e+00 -1.890317098288461839e+00 -1.574046590317587757e+00
-1.008146309122866739e+02 -5.207477315983499722e+00 -4.652448605455879793e+00 -2.106951546850958579e+01 -1.092965662375094205e+01 -1.654774169305809295e+01 -2.022348343975918006e+00 -5.329547248641824275e+00 1.182689307088616815e+01 -4.972207608308081284e-01 -7.220369177938271932e+00 1.106239876132274347e+01
-1.003330075432340038e+02 -1.047973288517352053e+01 -1.337077710736461711e+01 -8.452048259125927387e+00 -2.075887062876488187e+01 -3.065557394012670045e+01 -1.818460109756587073e+01 -1.249227382981117884e+01 9.945063751576428857e+00 -1.318056925315517214e+00 -6.053277268710971271e+00 -4.262960941394310366e-01
-8.987137036484440955e+01 -5.468430421537858521e+00 -1.553548230751115256e+01 -9.515397376255208428e+00 -1.360695237290415527e+01 5.247762007954688279e-01 7.963834343355424394e+00 -7.195495965798237581e-01 4.596433069492134038e+00 2.140432258789670250e+00 4.166965849124942278e-01 1.895386040396970895e+00
-8.838069269152762786e+01 -3.832743026483456550e+00 -1.413646004126705691e+01 -2.376168010235709893e+00 -1.356733404807374654e+01 -6.857129554162276541e+00 5.784613497083032740e+00 -9.730907653191314566e+00 7.057404025452491680e+00 -2.658893651495732868e+00 -3.536902229008590304e+00 2.139052622979154883e+00
-8.819324205190103783e+01 -5.008417203208898272e+00 -1.906027456823905908e+01 -1.541473889655872398e+01 -7.254434400801240024e+00 -1.071582881663092479e+01 1.178620938964119125e+00 -7.860651630758496822e+00 9.696290089358422293e+00 -8.443609633031091022e+00 -1.863088123404432306e+00 -1.570656410769403655e+00
-9.491153515573867594e+01 -8.386454554793077776e+00 -1.037964762529635010e+01 -8.316521719312856220e+00 -1.529811935309026971e+01 -1.016687914425888195e+01 -3.484301253481594696e+00 -1.622899312844340969e+01 -7.305428129973426721e+00 -4.510791370501745945e+00 2.487521272726151977e+00 5.564755265614802049e+00
-9.864716930832207709e+01 -1.135447602929925992e+01 -1.263096620954174654e+01 -5.304264861223289884e+00 -4.221312489130109924e+00 -7.202680949016052381e+00 -9.327583768525965269e+00 -5.712453382292746795e+00 6.191459889451856213e+00 -1.678343983582442078e+00 5.550549875633296715e+00 1.351316381442302372e+00
-8.014895916858614555e+01 -4.018083191619734151e+00 -6.946888089566645164e+00 -1.368018419418567078e+01 -9.306496977626700584e+00 -1.336537265702079935e+01 -3.668844560502796170e+00 5.707702675436800099e+00 9.222909972585679128e+00 9.386832405900232823e-01 8.482484954719959447e+00 -3.776578621926853785e-01
-8.462942469655018840e+01 -2.433303274845278530e+00 -2.004739470595214001e+01 -2.490665376349964077e+01 -7.672952647136165538e+00 -9.174337876969923755e+00 -1.281573463234560606e+01 -1.788456233301627396e-01 1.142549422196315589e+01 2.740790532546788505e+00 7.790864003267152782e+00 2.710134577345946205e+00
-8.596197080298453841e+01 8.908941736567621561e+00 -9.815266089063102939e+00 -7.517917055507901125e+00 -2.369155544436288174e+00 -7.700794952755398270e+00 -2.491862833210448880e+00 -1.239568021974507595e+01 3.158863820355107599e+00 2.629557433218520757e+00 3.287087089390418271e+00 -6.667808617240128299e+00
-8.849549864025706825e+01 1.360896663584643207e+01 7.460806654348635103e-01 -1.078594153748543327e+01 -1.144549364402439906e+01 -5.645503085359758089e+00 -1.384198651866838858e+01 -1.389245163405400341e+01 4.028132099484468043e+00 -3.435630980479342789e-01 -6.303516403246028688e+00 -1.513752015386738314e+01
-8.598402041410929542e+01 6.684434868473492664e+00 -3.035961024544066245e+00 -2.641067814343286102e+01 -2.595996785391398731e+01 -1.020709425901034351e+01 -5.017468162329866033e+00 -5.806990829661412556e-01 1.184657472336902728e+01 -2.094777660865725810e+00 -3.054690214680176652e+00 -5.328025300801261466e+00
-9.357722282855151263e+01 9.199285711626886908e+00 -8.574027536214993361e+00 -2.335786277903723018e+01 -2.610577582126778484e+00 -3.631910124757815161e+00 -6.872201030384084142e-02 -5.918021187346260703e+00 -3.347473549314479602e+00 -9.006355459179449241e+00 -1.004547123975660039e+00 -5.336951032174551912e+00
-9.565634493793970705e+01 3.958194908797379785e+00 -3.756895320685978312e+00 -2.932553982305969242e+01 -1.785784661622890068e+00 -5.116662244830246564e+00 -6.366664173069979782e+00 2.118654240551665513e+00 -4.110410229319233721e+00 -5.770995640411541672e+00 1.191931948834284327e+01 -1.102496386164741260e+01
-1.020486874554679275e+02 5.792531698890766023e+00 -6.137711297508213093e+00 -1.790884310307184535e+01 -4.048269474476422047e+00 1.686718398064681601e-01 -9.496386114329622430e+00 9.275478034736639898e+00 4.549512782098197761e+00 -1.349250747370746062e+01 1.380312275646323528e+01 -7.226939626172892872e+00
-1.085759203450266455e+02 3.653260928879284997e+00 2.197538535269866422e+00 -3.377681849966337779e+01 -4.989565767331561652e+00 -1.790360842177252465e+01 -2.739207053019699956e+01 1.607430200905940865e+01 -1.391246703632849302e+00 -2.023953263169379824e+01 1.427105213796335370e+01 -7.274667186293116927e+00
-1.113413477627818509e+02 1.399244647596220403e+01 1.079573995605452197e+01 -2.835053442494101006e+01 -3.133682273244806638e-01 -1.962167790542410728e+01 -1.991650912336088908e+01 4.873668779645941029e+00 5.114247120197735086e+00 -1.508658451022220603e+01 1.065878395861236960e+01 -9.102647744480236724e+00
-1.004026059218314373e+02 8.217803743253735860e+00 -3.502772881478005473e+00 -3.317248681369051155e+01 -1.773492847065494260e-01 -1.795127720905848889e+01 -1.476117903900667727e+01 8.077491999438204395e-01 3.953243537589494316e+00 -1.714209051252038662e+01 1.616432444486151354e+01 -1.086600923147021547e+01
-9.646000769646730078e+01 -3.232410326520622768e+00 -1.111719601682735359e+01 -2.497309258945364618e+01 -4.004354499592173156e-01 -1.529684753732597713e+01 -9.995730984056145907e-01 -2.100577442176743137e+00 -3.145774629530194044e+00 -1.097570443406602791e+01 -2.984210824209153401e+00 3.587170721157979525e+00
