-7.795686896744797423e+01 1.936417653804142702e+01 1.975112321276849769e+01 -9.076405990162381698e-01 4.559413814999361136e+01 -1.559756854761764178e+00 2.681130786984592618e+01 -1.100496684250729551e+01 1.267371519797269386e+01 -1.367232341617478397e+01 9.376510177793644374e+00 -1.098679033760388002e+01
-6.277358752798942021e+01 3.689885191864777880e+01 1.992324460161577093e+01 -4.820161323748409998e+00 4.509785843110026349e+01 -1.380480937105086348e+01 7.823725081707554097e+00 -1.948545970142031436e+01 1.899604813915735946e+01 -8.224772488980976348e+00 2.389882640117526691e+01 2.075659666611331389e+00
-8.047393700630863123e+01 1.547896758637522474e+01 6.603124476812550547e+00 -9.618703470471858807e+00 2.174176882865737426e+01 -1.748017805338628960e+01 5.135940441254517097e+00 -2.365354341157331675e+01 1.356246074788188416e+01 -1.134952170155130169e+01 8.252380156355481944e+00 -1.228729002250598867e+01
-7.191451833947458283e+01 2.119976426685184379e+01 5.413582223920415437e+00 -1.025579456875103013e+01 2.802238720121630422e+01 -1.651848058875505387e+01 2.113466174617338922e+01 6.861133458984935984e-02 3.624748626990787415e+01 5.709478931578271244e-01 2.522573619159825853e+01 -8.817791621312162320e+00
-8.260689698715347618e+01 2.422905999762542706e+01 5.131086071956501016e-01 -2.382918427618728430e+01 1.243351859654917035e+01 -9.633523899125664869e+00 2.377510718466952255e+01 -4.883360987710028134e-02 1.724383146794995270e+01 -3.635181569000090374e+00 1.802897103064247375e+01 -1.570093082196674317e+01
-6.298692082232474831e+01 2.753452039040788435e+01 -1.283902605153729892e+00 -1.885867164410139196e+01 2.901556844106518440e+01 8.084246810235690361e+00 3.640698566884329779e+01 -9.643737272543773109e-01 9.141514554972463458e+00 -1.134589652253940351e+01 7.085646848180793711e+00 -5.065054136834286069e+00
-5.036764145935546821e+01 2.911496760307487364e+01 9.097460309915110344e+00 -3.061388334358709074e+01 2.627184994517271122e+01 -1.058047772443814694e+01 2.245322613055546768e+01 -1.553252087955400462e+01 8.013025248546805201e+00 -3.204190736854540233e+01 -9.733684750824659559e+00 -2.129265931585945992e+01
-1.577603885968269282e+01 3.282326212063566118e+01 3.341578513864717159e+00 -4.124065012231999816e+01 1.280675096686437087e+01 -3.194310703647003180e+01 1.000310263269610545e+01 -1.484257370377696006e+01 -2.648051387911777521e+00 -4.143324076159279912e+01 -7.592956802576297015e+00 -3.267273110826147331e+01
7.686892467979332366e+01 1.107298345787379645e+01 -2.337469223115651928e+01 -2.788551349492156106e+01 4.337594578145502755e-01 6.643140565674022113e+00 2.841186609017311326e+01 -2.256716650754468922e+00 -4.749003177086287053e+00 -2.042995135286529518e+01 -1.344450289355328643e+01 -1.523388425033577853e+01
1.079149934809948093e+02 3.379566510502183974e+01 -3.005324060482611515e+01 -3.543892008326491094e+01 -9.189157142218128627e+00 -2.319905458000598486e+01 2.802126353118205770e+01 7.518560452712458542e+00 2.442138589961024397e+00 -3.146164602275989708e+01 -8.104467138663821402e+00 -1.896021642092497217e+01
1.097428136682622863e+02 1.890011250488137051e+01 -3.798018229891864905e+01 -5.144819770807586679e+01 -1.279379356351804375e+01 -3.953540704993339716e+01 2.507555316476153706e+01 -4.204213691431226252e+00 -1.277571055421301338e+01 -3.594596411731791363e+01 -7.542541452605053820e+00 -3.776119867979417677e+01
1.150865343599811581e+02 3.928637262836033983e+01 -1.891505228108690062e+01 -3.861982627094789677e+01 -2.322865810917988494e+00 -1.940018259025906389e+01 3.857113712548553508e+01 8.497596578542133017e+00 1.038972222220749586e+01 -2.245020334618745039e+01 7.615530220573953901e-01 -2.797339331294979203e+01
1.162839607441654266e+02 3.493948046467539115e+01 -2.654103447701164242e+01 -2.834335688287294985e+01 8.226877962819163059e+00 -2.270125716267731875e+01 4.210840168053987753e+01 1.806433994574143753e+01 1.142585105966777093e+01 -2.680250307645384211e+01 5.455586425329629563e+00 -2.071874071783743076e+01
1.313735195080456322e+02 2.380029096891134799e+01 -1.620939251673431869e+01 -3.767664359842446231e+01 6.379964492122013553e+00 -3.286621185836757775e+01 3.038884281289536915e+01 -1.242119664625179531e+01 2.035545233866587367e+00 -2.033007705988779179e+01 1.530997194786895044e+01 -2.680540506565060355e+01
9.210208082751981351e+01 5.743005242775532260e+00 -3.282728902673233051e+01 -3.584639473437706414e+01 -1.903957079017508036e+01 -1.562240909553825929e+01 4.103469354932367530e+00 -3.037948556170690040e+00 -7.989612048108061693e+00 -1.343149391951302896e+01 -1.028753789994486745e+01 -1.202045330492137154e+01
1.151816849719126594e+02 1.865525654657832177e+01 -2.732687667111576246e+01 -2.602954281094553579e+01 -1.505483589130888866e+01 -1.333596956774771947e+01 2.545445219591063335e+01 9.296875776035285810e+00 7.324800313492352721e+00 -1.482849414638609886e+01 -6.653031503232366362e+00 -1.436905517244328045e+01
1.031379713839942553e+02 2.689508470199857015e+01 -1.808669183748684617e+01 -3.772864084612212565e+01 -1.965546220664845833e+01 -2.133906288210763691e+01 3.525137373415301312e+01 2.392307113450046430e+00 1.382926376249366207e+00 -1.672391426516454160e+01 -1.158533249684128563e+01 -2.198047124980326572e+01
9.971492968591469719e+01 2.007822373331467247e+01 -3.438999721943967813e+01 -3.810423242566679392e+01 -2.679114526024075360e+01 -2.424067193829736055e+01 2.631961119322914300e+01 1.909356001978051331e+00 -6.285413504325510381e+00 -2.553110737740304614e+01 -1.683798390652967569e+01 -1.961046982801370220e+01
9.069559044018971861e+01 1.093940203134874523e+01 -2.240613756544033919e+01 -2.411588655213284227e+01 -1.269554232389763726e+01 -2.603626770077831054e+00 1.909004227684473420e+01 1.578799808010937866e+01 8.867697734257680153e+00 -1.177434591686057352e+01 -1.124608428626324397e+01 -1.896398724973127514e+01
1.229258099582645514e+02 3.484056109444379246e+01 -1.762295550776783060e+01 -3.993652062273582715e+01 1.540337368374565585e+00 -1.695273392797762213e+01 4.305666761399608333e+01 9.659156425069568286e+00 2.607568468280571494e+01 -1.471972181955215220e+01 -3.997449903008291727e+00 -2.169585032365779398e+01
6.788240357248679402e+01 7.670413103255459220e+00 -2.163260778565220122e+01 -1.938332826467156877e+01 -1.628846455166329577e+01 2.375972196626863209e-01 1.766437789388760393e+01 1.205430668554895135e+01 8.382250453510254218e+00 -7.984297390477149037e+00 -9.209036343979665418e+00 -1.414418930528827900e+01
9.742786249236250740e+01 1.828365849132143239e+01 -2.736619100565255636e+01 -2.430961833197714128e+01 -1.735955551923915863e+01 -8.938626351373192946e+00 6.749805477455785407e+00 -1.645799630317514417e+00 -5.486923805952990563e+00 -1.722815242835058669e+01 -8.451902529143870524e+00 -1.020877511750273925e+01
9.429471677040015720e+01 8.223680024589146598e+00 -2.166572241447791924e+01 -2.039075654184129860e+01 -1.585197880841971951e+01 -8.211131755031666479e-01 1.669211201792874633e+01 2.169503439653419630e+00 -3.208894382593017180e+00 -1.561976330587158479e+01 -6.073794140348049098e+00 -1.522274645755099876e+01
1.050603755548586378e+02 2.433141593361527555e+01 -1.914842319465297038e+01 -2.683764576452593076e+01 -8.311540768981995342e+00 -4.492782490927819339e+00 2.405592388349373678e+01 2.801743621479118040e+00 2.630097095118992367e+00 -1.389384270877296323e+01 -1.546144034367131681e+01 -1.903206081884821899e+01
1.279245928137362398e+02 3.561968118942004224e+01 -2.417541052040827765e+01 -2.968849061408455725e+01 1.081443224508626066e+00 -3.260721884924397784e+01 3.791149114067583525e+01 5.416439780313735852e+00 5.197188194216972867e+00 -3.266703572658649080e+01 -8.843123051497762788e+00 -3.198151908567008661e+01
9.384652232283610829e+01 2.389315362943396082e+01 -2.473332865234893063e+01 -3.610657266459407566e+01 -1.942625272152583449e+01 -1.915457456724694651e+01 1.918254175230491398e+01 -8.569235138468414448e+00 -7.392752928442785532e+00 -3.315337615388645531e+01 -2.263986597583337002e+01 -3.185044495777641416e+01
1.055044909227331118e+02 4.403929941629455413e+01 -2.084919274347452500e+01 -3.562277325637050751e+01 -8.143606674590930794e+00 -3.445884161933193468e+01 2.637777773091296041e+01 -2.156930641778940227e-01 3.768381524605415311e-01 -4.153758407560042087e+01 -2.203977285654104890e+01 -2.768815639898572556e+01
9.546998147502179677e+01 2.658053515295472380e+01 -1.104255045446107530e+01 -1.413611642468963048e+01 -4.627811413481807357e+00 -8.410347873591129897e+00 2.386143489736766554e+01 1.188884282779414381e-01 3.929852844041298976e+00 -1.671557625270897063e+01 -1.689660695766048093e+01 -2.045548504661266875e+01
1.175412931449869944e+02 4.644801877303606830e+01 1.580245766151686104e-01 -2.542484181709059143e+01 1.560655833238632617e+01 -3.551887997975249789e+01 4.362634183244004760e+01 -5.555933039978445898e+00 1.563162599472149061e+01 -2.088625979459873250e+01 8.229281998850723312e+00 -3.441351210874779554e+01
1.002562069844861412e+02 6.717269303974313743e+01 7.586239732580524198e-02 -1.950060125747167916e+01 -5.642955751388582186e+00 -2.154421607230919022e+01 3.887920814882001252e+01 1.389278461481899818e+01 -6.776813904853580262e-01 -2.225345097870646782e+01 -1.921365662253784912e+00 -2.609231583757195949e+01
8.555013546017418946e+01 3.477239002256565215e+01 1.551200543968884293e+00 -8.929501416827168470e+00 1.000842569717095998e+01 -1.354055520365679577e+01 2.498931146056443353e+01 -7.220771354426054778e+00 1.086497784043032322e-01 -2.055016456340215214e+01 -2.939826858688018518e+00 -1.501595036746722123e+01
6.190582312763031325e+01 4.200723816918608122e+01 -3.850267692326960756e-01 -1.900440800864008395e+01 -9.101465403096160145e+00 -2.905086289005681266e+01 3.658527657759948148e+00 -5.259256674808462151e+00 4.214278840778620250e+00 -2.052823161678216479e+01 -1.494810741870856496e+01 -2.719168904097696426e+01
5.452619320847400530e+01 4.546064819283306946e+01 4.292960643560792988e+00 -2.214878442542003256e+01 1.237117294187691385e+01 -1.685679883256457856e+01 2.198069694356102843e+01 -1.156789862456260032e+00 5.854251437898009058e+00 -2.221068564886054730e+01 -1.042186245396931454e+01 -2.078880087363106810e+01
3.165228961089938764e+01 3.361264281397225062e+01 1.239358897955725780e+01 -1.836244179590367764e+01 2.471763928603841620e+01 -1.752729255194703484e+01 2.831815837619487297e+01 -2.419346037984258846e+00 1.250838439241650057e+01 -1.918050208736616113e+01 4.991782733097036129e+00 -1.539310307239630404e+01
3.853110368162483468e+01 4.074669174816588679e+01 -8.155004014267133172e-01 -4.369247568333349818e+01 1.734281493437440957e+01 -1.688232383128781322e+01 4.356049125985313708e+01 -1.348200956178461141e+00 1.443662252021925951e+01 -3.169584209979375800e+01 1.134709047262439618e+01 -1.917374912759451178e+01
2.258300252597654634e+01 3.708289169166306465e+01 -1.358596920999831958e+01 -3.678084558047612518e+01 9.878031584226668826e+00 -3.086972773572922790e+01 2.399815252453209524e+01 -1.595829379150676708e+01 4.764408052806001770e+00 -2.762821878403629583e+01 6.622975793608118167e+00 -1.978976618333997095e+01
2.125704024265098013e+01 3.403071520259042870e+01 -6.798074811397766481e+00 -3.012466473263760491e+01 1.368091476954949925e+01 -3.246735606430092247e+01 1.095374960796637609e+01 -2.894448790345784772e+01 1.249066587593277822e+00 -3.131622929153607870e+01 -1.795270192086668049e+00 -2.259702867094292955e+01
1.125797808442921344e+01 4.469388091981993227e+01 -4.609634826262428930e+00 -3.404798303747875110e+01 1.139421244231692221e+01 -2.140399370788423283e+01 2.558207404912261751e+01 -7.429215882533281246e+00 1.675752967527292014e+01 -1.472107728794666670e+01 8.939771320619708916e+00 -2.726498722335267999e+01
-1.827005072989186907e+00 3.827186094526891225e+01 1.106214730372027333e+00 -3.088703018318335580e+01 2.098715525149758321e+01 -2.219168133159547551e+01 2.328285632032426733e+01 -1.909356144310894621e+01 8.265372578073638010e+00 -2.215266868882611462e+01 8.552916037198681209e+00 -1.365161873666436421e+01
-4.969004419608622491e+00 2.291656988627531888e+01 -1.254927155314387122e+01 -4.195635603299224670e+01 1.332966094505896137e+01 -2.263063701471456568e+01 1.866843933692386770e+01 -1.411040730061550974e+01 -9.973454150370940852e+00 -3.918178471101575866e+01 -3.090605667251277833e+00 -2.344266925684448211e+01
-1.215589198372740398e+01 4.240034012488591486e+01 4.743884678343642136e+00 -3.654962515773031839e+01 3.325898166523939636e+01 -1.178523892750194335e+01 1.636493368712023155e+01 -2.730904364764356984e+01 4.555063211353043151e-01 -2.606994331963513645e+01 1.126787327831476837e+01 -1.757328222450692579e+01
-1.603474033879143335e+01 2.556866864603174250e+01 -4.739077297784689335e+00 -3.061007253763640534e+01 2.820538412474138568e+01 -1.639444561331966099e+01 2.837911100572096856e+01 -8.372258116010243612e+00 8.370796487680394193e+00 -2.574980174821766354e+01 5.999788579939388633e+00 -9.039180801870109860e+00
-2.385092515043717043e+01 2.453330675587925214e+01 3.300107963998046845e-01 -2.041856557474635636e+01 3.502157202795561375e+01 -1.544117859597021791e+01 3.177466213413573826e+01 -7.347406984349503567e+00 1.509845851042450704e+01 -1.941292969720274897e+01 9.189993663049795813e-01 -1.562378819959081255e+01
-2.941983516501550255e+01 3.512242348978348616e+01 2.243808790824212807e+01 -1.804962501926352303e+01 3.517706886564421609e+01 -2.324728463653754673e+01 5.435418734188253609e+00 -1.734679539450928587e+01 1.105557954455701442e+01 -9.731494911164711326e+00 1.626733883596243402e+01 -2.081640063563503062e+01
-2.283907271787099091e+01 2.491016914049656705e+01 1.826036205714014571e+01 -1.045560131864337094e+01 2.986303368444880135e+01 -3.023487642449224211e+01 1.731294489366504763e+01 -1.004494818270304357e+01 1.339680155852904164e+01 -1.738409120421140130e+01 2.004428592773507489e+01 -1.754572100080067187e+01
-5.498044026466187972e+01 1.749849396705604221e+01 -6.264635981547064247e+00 -2.337315742720833356e+01 3.569990374960951840e+01 -1.598720338423476761e+01 2.380372916489230306e+01 -2.494179517206269736e+00 2.924034651603995272e+01 -2.101361173429489071e+01 7.164202050197376437e+00 -1.389104661883010294e+01
-5.717371709608596575e+01 2.370617900671252087e+01 1.196828325465172682e+01 -1.914367376572205970e+01 2.419784137245004274e+01 -1.570444384971379570e+01 3.501175830041618298e+01 5.056047361362100645e+00 2.531468891921943509e+01 -1.932481430516438436e+01 1.011214478514389903e+01 -1.828387256328601751e+01
-6.995362740906888632e+01 1.690385192839938355e+01 -9.296500157676383935e+00 -2.627004726492171827e+01 9.114635553250103328e+00 -3.666989923512012695e+01 5.734964788111808431e+00 -1.108494808626640804e+01 8.781283056855844649e+00 -2.240159922110215973e+01 5.247295830210035206e+00 -2.196508620693336411e+01
-6.899334767587765782e+01 5.134998251434343075e+00 3.072188096766252485e+00 -2.503850744162058106e+01 2.804379837758274618e+01 -1.864707147705437151e+01 2.642879928998661399e+01 -1.128037209108592620e+01 1.126403478868676533e+00 -1.659900758928903741e+01 2.437586943016648533e+01 -6.936143214165092274e+00
-6.856150370449208253e+01 4.378386611542808282e+00 2.277194983360542579e+01 -1.710171272085714378e+01 3.911602123474033732e+01 -6.900777403206879157e+00 3.532070545670831052e+01 3.529443663920838858e+00 2.108061797002773829e+01 -1.486588387319886806e+01 1.609193468279260486e+01 -1.219662935741939513e+01
-5.750282569955764700e+01 2.201189035219280754e+01 5.223710868950808717e+00 -1.140540153840740878e+01 4.215867314810381572e+01 -1.325001774320648096e+01 2.704272837613454428e+01 -1.206946551065127871e+01 1.408867385369806868e+01 -1.864304541056441877e+01 1.168173872999582308e+01 -8.125998449484614028e+00
