-1.438076433645018426e+02 5.624607807151945416e+00 -1.295423740600242457e+00 -2.505742872842255053e+01 2.776866831164104354e+01 -2.658141713146053320e+01 -2.630963987387126668e+00 1.271662513839744157e+01 -1.443052493276124171e+00 -9.902238299174239700e-01 3.517975357180249230e+00 3.163181148880315430e+00
-1.259019980946166299e+02 -2.095942550040813313e+00 -1.826194080658529728e-01 -3.414325186067084417e+01 2.347562368454732962e+01 -2.740650670578381209e+01 -5.310333460398170224e+00 4.328822039911778496e+00 -5.999905556390837447e+00 5.144246637918778120e+00 9.017907690698507395e+00 4.430540050754084191e+00
-1.182359308056340694e+02 1.520342733045222516e+01 7.797693982477506225e+00 -1.772272039896239804e+01 1.533079204206309498e+01 -1.897030102084844572e+01 1.416460973918555855e+00 7.175509314862082988e+00 -1.719881247884413611e+01 -4.574988818657999445e+00 -6.104585690802213804e+00 -5.127602940371032147e+00
-1.096352903837007489e+02 3.801680934492465358e+00 -1.525138802705248864e+01 -3.854346364587878071e+01 3.391508648880817933e+00 -1.333386001442880975e+01 -2.148456227148665132e-02 8.279564131380217518e+00 -1.663776871410420810e+01 -4.050039230436769166e+00 2.837553584877125168e+00 -3.341179011434740609e+00
-1.073001422889546888e+02 -2.276910208458394180e+01 -1.591035691625129367e+01 3.100159210315027281e+01 -1.962611662059413220e+01 -3.139802861617725682e+01 5.164216934193532893e+00 2.671693138790393007e+01 -2.327693520330538846e+01 -1.437058147598386881e+01 7.605202215686627021e+00 -2.645659487068195759e+00
-1.610485900452892452e+02 -1.671385801075535227e+01 -1.865857474807540228e+01 6.570432552033932438e+01 -2.920274889318218214e+01 -3.273059212579931909e+01 1.076254920363302681e+01 7.715662005578840521e+00 -7.416069804558560463e+00 -6.725855971958201174e+00 -6.342144620828178425e-01 2.381085989916207346e+00
-2.079706243370449670e+02 1.744471657826518030e+00 -1.414132227446130585e+01 5.759656949899438416e+01 -3.803934681921214889e+01 -3.166505553412578422e+01 2.321814379508689541e+01 1.093901835114504451e+01 5.629966148656560421e+00 -4.517694389376751829e+00 -1.091918650517087030e+01 1.321761412764980825e+00
-2.576026157079224959e+02 8.804745361777946755e+00 -4.207057193754427260e+01 4.709909070492915362e+01 -5.029754703000107696e+01 -3.160751291846425559e+01 2.046985052303744013e+01 1.840219046468863695e+01 2.217184955845404914e+01 6.411998731594847456e+00 -2.142224400442549381e+01 -4.690251867590921719e+00
-2.244258217036631322e+02 6.105877932056560553e+01 -4.366996130425270906e+01 4.756562585684639544e+01 -4.546412419896138601e+01 -7.830590568894802317e+00 1.176864392439138740e+01 7.344748908239222551e+00 -1.717931128886809766e+00 9.843884241642191224e-01 -7.388278089073256893e-01 3.673531930923202182e+00
-2.370575126126983889e+02 6.848205838991083283e+01 -5.681047798632494050e+01 4.073937381175433359e+01 -4.562901603430283615e+01 -9.394464745372808068e+00 -4.256802696874171232e-01 4.750589342433087836e+00 -1.094295578017495885e+00 1.772016123825215450e+00 -5.216520658712830993e+00 1.536342676120614037e+01
-2.080087492307678758e+02 7.752088901489042883e+01 -5.052416760187284694e+01 4.415394156214387067e+01 -3.460981433515532757e+01 1.414434740629348486e+00 5.595059870641017952e+00 -3.882038462373431198e+00 -3.048030733438803708e+00 5.534384728060061320e+00 -7.150153026767224418e+00 5.821947028733603702e+00
-1.947219882315490906e+02 7.960191448712868123e+01 -6.298653403941398210e+01 5.084419579498749897e+01 -2.206573540358023422e+01 -1.150707615396865080e+01 8.567684515455148642e+00 -8.626956852324756397e-01 -2.773347352363648710e+00 -8.494378995656002296e-01 -1.004935229541076147e+01 3.216859722617006145e+00
-2.324863933952537707e+02 6.207063406590349786e+01 -6.059411113955194139e+01 5.255939425080289595e+01 -2.594679103027317524e+01 -2.227755419417374227e+01 -7.238900028218217209e+00 -3.073511369877389932e+00 -2.415150801510735690e+00 -1.326194436675003629e+01 -1.068764844123094448e+01 9.685436155363905897e+00
-2.172145799319186210e+02 8.560685342690999278e+01 -6.814894246705939906e+01 4.559064767129778772e+01 -4.154782249805341365e+01 -3.132609708794129233e+01 -1.007213873076498123e+00 -2.007914286844196994e+01 -3.139492422651066761e+00 1.880681392375594507e+00 -3.955091749261196998e+00 6.927651204060367718e+00
-2.050584638929914263e+02 8.163961297535195172e+01 -6.239168399470938908e+01 4.117466506402153925e+01 -3.827903244716435438e+01 -2.820503243764597556e+01 -3.203781969037196475e+00 -4.789504070294054117e+00 -5.237169858896741026e+00 -7.023598484246185158e+00 1.906536302175130260e-01 1.083463007183955540e+01
-1.778842978886779065e+02 7.908023106280705861e+01 -5.183109534045982514e+01 4.177276744895424798e+01 -2.624091421264342827e+01 -8.745504238506013550e+00 1.531691508969712512e-01 -6.168649355206227369e+00 -2.681214285777294926e+00 -1.395864810333139516e+01 7.022140165359418429e-01 5.858478314132483433e+00
-2.304450044130368838e+02 6.623134955848767902e+01 -5.171755706261178176e+01 4.702242286527778958e+01 -2.223241869540153459e+01 -1.205469372955140983e+01 -3.373176356379018692e+00 -2.464586442309732917e+01 1.206127371827463257e+01 -1.282292636956489851e+01 -1.073545128487635836e+00 4.651663181091793220e+00
-2.353830629843956217e+02 3.851475817907945043e+01 -4.012857083198102259e+01 3.894019291802101179e+01 -4.567667546005289125e+01 -1.542914516120073287e+01 -1.366009517087793590e+01 -2.490208345255677713e+01 2.033887278646482955e+01 9.819283979649444660e+00 -1.176773791719858853e+00 2.486697003264454864e+00
-1.810710269328915842e+02 3.600571704318750221e+01 -9.793394248113454381e+00 3.820089799741960235e+01 -4.927480102180022925e+01 -2.132442689366042998e+01 -2.653317774380676752e+01 -2.010394744530345790e+01 1.929210119382247735e+00 -3.652079426060529155e+00 -5.767058190747893498e+00 8.883252431951181194e+00
-5.922413888066751042e+01 4.080405115707952746e+01 -2.809940023479808957e+01 1.026347631507523417e+01 -8.109580283996690753e+01 -6.668350377620394909e+01 -4.455468332609459026e+01 -4.341548273099343902e+01 -2.342020858077925283e+01 -2.666901525685651109e+01 -1.314564345795231226e+01 -5.880906026773087270e+00
-1.863687607406518287e+00 2.193147961159527171e+01 -4.307467479565148949e+01 1.974673525569482990e+01 -9.587975984999512491e+01 -5.522408302746784159e+01 -4.527777407502119900e+01 -4.221568910029390054e+01 -3.025472915042769984e+01 -1.267623963453019797e+01 -6.089973281009017470e+00 -1.117769875473738495e+01
3.043516835377914020e+01 1.119307149871372431e+01 -3.284146663130970012e+01 1.964776394360318079e+01 -9.529830592468907469e+01 -5.126337113323700123e+01 -3.155783134626962294e+01 -3.419877597970991445e+01 -4.237930780862065916e+01 -8.930032957895141621e+00 1.737555521247128976e+00 -8.072803041588580086e+00
3.346074694490432933e+01 4.193273587314153872e+01 -3.225964727977273583e+01 2.510668304054500766e+01 -8.462611067655063835e+01 -4.057908378366624191e+01 -2.885341441873974944e+01 -3.040944146979688156e+01 -5.030571618045674143e+01 -2.797963665896793017e+01 3.623535419701452209e+00 -9.160270892377413432e+00
3.735160165687483413e+01 9.001398560121245396e+01 -3.093794132554833354e+01 1.528240690032628279e+01 -9.064032450486334369e+01 -4.313688475686099366e+01 -2.719170963008916431e+01 -3.263950183894559132e+01 -4.973714339135332096e+01 -3.387383998166632892e+01 8.390086333672288177e+00 -1.368641197958638500e+01
2.814533084054721002e+01 9.273201804535676729e+01 -4.529637786885088957e+01 3.982000273656699285e+00 -8.084866498718734817e+01 -3.120486178340155803e+01 -1.391697094758858810e+01 -1.597161376290754298e+01 -3.114154523530185514e+01 -3.089274544119123078e+01 1.438661269394630793e+01 -1.720042247206145181e+00
1.543845450458815804e+01 8.459516566933226045e+01 -3.944644635680649003e+01 -8.176048103540052736e+00 -9.051614124016514040e+01 -4.785590555860400741e+01 -2.180940187721173018e+01 -2.323653536424755117e+01 -4.029709159162907639e+01 -5.216417492033897929e+01 -6.956324852382393953e-01 -8.942742993414018571e+00
1.272892045897288149e+01 8.803234255775234374e+01 -1.742681926255477975e+01 -2.304342868617936801e-01 -8.781724563827683028e+01 -4.143328249692260812e+01 -1.314411296387887873e+01 -2.014281132105339367e+01 -2.747832327425894405e+01 -3.291498455125774569e+01 1.504461333133245482e+01 3.508802250574380999e+00
1.220586112619880126e+01 7.568377558763290835e+01 -2.978979967563788733e+01 -8.399029991078352353e+00 -9.391086189044190746e+01 -4.380029883660671430e+01 -2.634927748879769283e+01 -1.800544478451710262e+01 -2.093988609444945581e+01 -4.343430251990119473e+01 2.754431376424788969e+00 8.803821869976385273e+00
2.167012912992304763e+01 6.611133901324875239e+01 -2.473645952387874303e+01 -1.503454696498708998e+01 -7.586328647089428046e+01 -3.694359265979802842e+01 -2.377505626593744381e+01 -2.316925268910092939e+01 -2.111922949629931168e+01 -4.362578871389187896e+01 5.221752083108320619e+00 8.342206437959182708e+00
-3.455004393174216659e+01 6.067857794647821379e+01 1.491094903918862613e+01 -1.707670104301507763e+01 -7.370832600991170125e+01 -2.900943512906953714e+01 1.118223177240156119e+01 -3.422480592311964642e+01 -1.865230560646622848e+01 -2.807036139510777417e+01 -6.802579182052761020e+00 6.811735147981329064e+00
-1.138402368073721931e+02 6.978816744308164743e+01 4.062253940689745946e+01 -1.348261362806997354e+01 -7.889572996769450697e+01 -2.252689307019727849e+01 1.142710659922213701e+01 -2.892927200574973767e+01 4.246560407613373833e+00 4.671459761586100878e-01 -1.130405916869545280e+01 3.425318942341257866e+01
-1.408210890669824380e+02 6.152030822230429408e+01 4.968827237748969594e+01 -8.723767373882090226e+00 -6.707306392919778659e+01 -3.611134382147506727e+01 3.697104384930439691e-01 -1.531143473247689712e+01 8.935088996883557400e+00 -1.164408608021530611e+01 -9.596179911147332930e+00 2.751304516087387242e+01
-1.242917883648171227e+02 5.577776687788963272e+01 4.180971040792336879e+01 -7.745255757010719222e+00 -5.639972515696329936e+01 -3.945995057018541274e+01 -2.318602013356154146e+01 -2.797196202207905102e+01 6.799839085504295610e-01 -1.080839787781838268e+01 -1.159166435093811032e+01 2.036287208628987599e+01
-6.071184188864010878e+01 8.202130802050776026e+01 7.349773227558679345e+00 -1.497211009780769331e+01 -6.080948789301432100e+01 -3.565157304552751327e+01 -2.351094209863972750e+01 -4.198745434161984491e+01 -1.790178081568169333e+01 -1.141546337044318449e+01 -8.902164220968169062e+00 -2.521802846464533676e+00
-1.153559693834762356e+01 3.516509691747755539e+01 -1.251972541577875120e+01 -1.984371520347227857e+01 -8.410809166299821982e+01 -5.042297669458866949e+01 -4.074832914826048125e+01 -3.578404843657422418e+01 -3.150338584296855515e+01 -6.735483396590422167e+00 -1.342167332424887150e+01 -7.221185419221511914e+00
-1.055622884457853772e+01 4.653814237441304513e+00 -2.477563190257884429e+01 -1.558950666961739628e+01 -8.286503610773797845e+01 -3.416273220956506407e+01 -3.845005295578383198e+01 -1.507071837425904093e+01 -2.422361038261932364e+01 6.433009662948508733e+00 -5.930946064803286788e+00 -1.229469484924492662e+01
2.437370606365679038e+00 -2.086131730334509626e+01 -1.231193282771459252e+01 -5.836005768658646176e+00 -7.366991297941446248e+01 -3.504000176852190407e+01 -2.334039999856067027e+01 -1.704095069560835896e+01 -2.433922779849429219e+01 5.759786837418071848e+00 -9.966562791808481592e+00 -1.261111596870027185e+01
-2.814038854300855519e+01 -2.915795735655613186e+01 -3.040295029723587916e+01 -1.390218547724226994e+01 -8.146580814954189975e+01 -3.533409865055608634e+01 -1.589635555774895614e+01 -1.613154451631245578e+01 -1.597076600086003495e+01 -8.023574452327531858e+00 -6.439055131347725336e+00 -2.486949259042350491e+01
-1.910611290907940685e+01 -3.869146921678127171e+01 -3.723285272967556381e+01 3.853758245101905455e+00 -6.149366579338904160e+01 -1.646119954087804871e+01 -1.650843852230664766e+01 -9.684814819369062633e+00 -1.064487497162172858e+01 -2.811461322523119932e+01 -2.884205224810125756e+00 -2.437107076380901560e+01
-2.918371965656876199e+01 -5.976762050300991547e+01 -7.393496505994755807e+01 3.461589490941042069e+00 -4.005729446206592570e+01 -3.626056396031887630e+01 -1.969189112634852989e+01 -8.575122632742942841e+00 -2.911012244966897455e+01 -3.286411688366543160e+01 -1.007161443757234309e+01 -1.851794609954428950e+01
-2.044137133127524208e+01 -5.522386012384026799e+01 -8.164562434379050160e+01 1.323310968967920864e+01 -2.874301041342856422e+01 -2.580381639144261641e+01 -1.767424936989208462e+01 -1.741947784606384175e+01 -2.115260551091442309e+01 -3.511679357445742511e+01 -1.246819785604344943e+01 -1.642236284035001503e+01
-1.431033053895018980e+01 -6.753494542375636911e+01 -8.404622315526938792e+01 5.517196284829511299e+00 -1.766396662341906065e+01 -3.426692290462175094e+01 -2.523970648592561972e+01 -3.523577006327062833e+01 -2.584670701532214565e+01 -4.191298080524019554e+01 -1.803979486318540637e+01 -1.859400794624061604e+01
-1.642273178586085436e+01 -6.626306599347378778e+01 -9.532300300416659411e+01 6.265530192239333829e+00 -2.035243076783895333e+01 -3.169066525819193103e+01 -1.691183068737423412e+01 -3.965306368407029680e+01 -1.221042410692611746e+01 -3.876150257167462598e+01 -1.408345203528806167e+01 -1.778665254122750383e+01
-2.671254977919368656e+01 -5.042894068275646902e+01 -1.009646295113874714e+02 2.733117928407781960e+01 -2.239196486217253224e+01 -1.446849185548273198e+01 -7.584506517727227504e+00 -3.826550717958276238e+01 -4.972683381544156234e+00 -4.308841417122260964e+01 -1.506039661585652567e+01 -1.509018228581120624e+01
-2.034757884982245457e+01 -5.357815660530339130e+01 -9.391756442674272876e+01 2.201614613912594365e+01 -2.333113741978451827e+01 -1.509507057403871144e+01 -1.769259758287749307e+01 -3.279694852065564703e+01 -5.731355073337626393e+00 -4.990469365217529685e+01 -9.776120020895612939e+00 -2.047633364369869469e+01
-3.332665770829217422e+01 -6.862207061105280559e+01 -1.061482845089922620e+02 1.717629240396760437e+01 -3.391174233830771811e+01 -1.606252134573537660e+01 -1.987175881928540377e+01 -3.500771431852260207e+01 -1.092854067300750032e+01 -5.523326812195295332e+01 -1.907464112338357509e+01 -1.949828120869373294e+01
-3.999867188983894550e+01 -5.249937206076708662e+01 -9.551676759770445813e+01 2.303992934724623964e+01 -1.919824294748432791e+01 -1.314868644192773672e+01 -7.667852327574745885e+00 -2.481667727092241904e+01 -1.142791216029786128e+01 -4.393069912922568676e+01 -1.890131645966653551e+01 -4.899196485277558466e+00
-3.883255598516711871e+01 -5.340225547112430604e+01 -7.824513176523652191e+01 1.823342850177289165e+01 -1.922694046306890669e+01 -6.535394619036769548e+00 -4.369814842302760738e+00 -1.896939346713938335e+01 -9.248790072393353157e+00 -4.521699386518089625e+01 -1.721428337331751379e+01 -7.341709834740280272e+00
-6.427887613426560165e+01 -6.805807517242844540e+01 -8.104546745709555466e+01 -1.404419109263998422e+01 -3.578872885628646827e+01 -2.640467715371889312e+01 -2.211842982815464609e+01 -2.400164713743151879e+01 -3.108526659929044200e+01 -5.105331391180506273e+01 -3.008418466678737957e+01 -1.806468719604695750e+01
-4.898769169254047995e+01 -5.385368634304096247e+01 -7.562484074415525015e+01 1.923161386136429618e+00 -2.528636715354432241e+01 -2.334894384987062921e+01 9.082011577840631844e-01 -2.318547721202737222e+01 -1.806537388879408823e+01 -5.264607449198439326e+01 -2.883918250144112605e+01 -1.158751391445010803e+01
-2.777397589510470155e+01 -5.637610452428395291e+01 -5.100534721774162250e+01 -3.006911619546805525e+00 -2.478737653927070639e+01 -2.342427429655443660e+01 1.293904093885714701e+00 -1.418605922979329392e+01 -1.904210626394371531e+01 -4.556173477673108607e+01 -3.190469078248822044e+01 -4.931609890400254770e+00
-3.605675519796329809e+01 -5.287855227148293125e+01 -4.617483811226348678e+01 -4.925589758200890067e+00 -2.376437169729907595e+01 -3.485710810543231020e+01 -4.513902833853436825e+00 -1.457509684457887111e+01 -2.311821198197094773e+01 -4.375431976971620429e+01 -3.844285480878517802e+01 -2.111337234910836003e+01
-4.550145374057784409e+01 -4.463791557431785151e+01 -4.704038893442596247e+01 -1.238974750299086836e+01 -3.353876182507944748e+01 -4.608831172843200363e+01 -1.614958132782911804e+01 -1.200899318872474808e+01 -3.293809709025936172e+01 -3.528818043250909398e+01 -3.911700538785434844e+01 -2.016149085030709998e+01
-1.678701205363922000e+01 -4.472461891498285524e+01 -4.331353252647822671e+01 1.025272856456839854e+01 -4.640549719833177278e+01 -2.665912150690945026e+01 -1.263489678688451789e+01 -1.346143691795823294e+01 -1.646143538793302241e+01 -3.796038832208247982e+01 -2.700546121841143332e+01 -2.002312240274715904e+01
-2.064486780659355247e+01 -5.113642871273385992e+01 -5.077034836995436962e+01 -3.430401279948518400e-01 -6.043793993713460111e+01 -2.615024722366820242e+01 -6.002376001766973168e+00 -2.473172418833387098e+01 -3.424955921299375916e+01 -4.645209793298359102e+01 -3.304820762283147673e+01 -2.086751013272633770e+01
-1.382958861441272091e+01 -2.895511783332113254e+01 -4.782548598672016738e+01 1.356933603131297161e+01 -5.542713997444261054e+01 -1.854695049741378554e+01 9.770513958797844012e-01 -1.755203035092132779e+01 -3.389429848632119047e+01 -4.314208439278986162e+01 -1.468159181817781445e+01 -1.966931864904775651e+01
-5.243679426780697206e+00 -2.206134311722387054e+01 -3.971367003786716765e+01 1.747663921715604474e+01 -5.583572157754454679e+01 -1.915273340582590578e+01 -6.810628423836805112e+00 -2.198943834506389905e+01 -3.743168061747626041e+01 -3.308374219052903698e+01 -7.227472487709834859e+00 -2.272267609399240840e+01
-1.516026560956407820e+01 -1.270860976621755967e+01 -3.179107213483431238e+01 1.973059205965338236e+01 -6.092388508525779400e+01 -1.871254648740518078e+01 -2.938485957806930671e+01 -3.492088791149720350e+01 -3.807280281963921453e+01 -2.761368253613730062e+01 -3.805015993268329177e-02 -3.343692664697817918e+01
7.653966723329553190e+00 -1.124712754787439550e+01 -1.172835577487421332e+01 2.387294265394493920e+01 -5.044810722739235587e+01 -2.581396896031383292e+01 -4.157622311214363720e+01 -3.699009379357848104e+01 -2.261110215359139985e+01 -1.726993892352831139e+01 6.728881764977257873e+00 -2.788080419479674532e+01
1.949383091355630171e+01 -2.433772856566269738e+00 -2.550568012528837869e+01 1.317345939867905713e+01 -5.252704551612925599e+01 -2.215142187874121760e+01 -5.795966630983416934e+01 -3.130909825813206382e+01 -2.471101601597366582e+01 -2.657167287928967170e+01 -3.973930389654748652e+00 -2.042627781349891336e+01
3.948872214299444749e+01 3.478301892360839975e-01 -3.553359890730586557e+01 2.107728878261108463e+01 -6.526784250614603877e+01 -1.952627718426019232e+00 -4.475892921621706932e+01 -3.837443035712425399e+01 -2.099961629413533615e+01 -1.643256427401946951e+01 -1.443761457794883185e+01 -1.525125308914988942e+01
7.030148275926755730e+01 -2.425858110986985849e+01 -2.656343513845467186e+01 1.655868094967463477e+01 -7.474239240782105753e+01 -7.024411183040872864e+00 -4.238911947207785857e+01 -3.870607022246631601e+01 -2.507573284132621083e+01 -2.263658521516288857e+01 -1.347603571589544558e+01 -2.693938123976767685e+01
9.431932634594237186e+01 -3.102398486878151829e+01 -3.554207909227581119e+00 1.302041667806652292e+01 -6.176299610293651199e+01 -1.624166965501226656e+01 -3.471558461100045179e+01 -2.928147753550356214e+01 -2.235924661630552990e+01 -1.352036923939093960e+01 -1.195223045596008049e+01 -2.342409753871883282e+01
8.593991977951856143e+01 -3.638732900967102069e+01 -3.037718695566844929e+01 1.041124936149716262e+01 -6.784531928364799569e+01 -4.081449715655704580e+01 -3.606610952146003513e+01 -4.158138921785024422e+01 -3.275135605953303752e+01 -2.553544492445047709e+01 -1.911755345785745419e+01 -4.204094187575923058e+01
9.601013672007277933e+01 -2.596468514957955875e+01 -3.811116178852076075e+01 2.963379562829231872e+01 -5.446866629003946514e+01 -4.194254236663432778e+01 -2.074028813860876852e+01 -3.811652952902446145e+01 -2.628460678153838970e+01 -1.434647215295334099e+01 -6.310394317070255887e+00 -4.138512374901281277e+01
7.732155790063812617e+01 -1.888049147407182460e+01 -4.107657382300962468e+01 4.364045011504875049e+01 -5.916855410019780948e+01 -4.100794245340853195e+01 -3.239565853787158289e+01 -3.561653006198177707e+01 -3.672441253202951827e+01 1.689387234734888388e+00 -1.013716397183892148e+01 -3.715642858269900017e+01
3.435792069391598602e+01 -1.215625915068520690e+01 -2.243496364935757015e+01 3.317575299225069330e+01 -6.623594722966494430e+01 -2.365684769925384501e+01 -5.096823834686614418e+01 -3.166657561792631981e+01 -3.601897231109486341e+01 2.517126152003102746e+00 -1.448501917243051196e+01 -3.450793279483892917e+01
-3.044038952520437213e+00 1.154282985159111874e-01 -1.704398936603315562e+01 2.287189263605229428e+01 -7.017049237925236582e+01 -1.172361736528030285e+01 -6.049161881222073589e+01 -3.681420251750463279e+01 -2.409184265164807570e+01 -4.767711965187020340e+00 -6.927117718463586371e+00 -4.332574761490877790e+01
-1.683966973819387647e+01 1.381814585858822753e+01 -1.005553187790941472e+01 2.311767569400151245e+01 -8.510779529013242950e+01 1.701922200901353932e+00 -4.767540274874247075e+01 -3.966612917027245544e+01 -8.929100288147342468e+00 -8.699839346139746965e+00 -3.727087511682055876e+00 -3.931951467226609509e+01
-2.834071175200477555e+01 1.465814520203499960e+01 -2.495284292109153590e+00 1.089896681380174215e+01 -7.907106494782168227e+01 9.584630168137254103e+00 -5.201228571105259846e+01 -2.893903193682176678e+01 -1.672334727695595902e+01 -1.607355413267635980e+00 -8.486465463140465459e+00 -4.363841439357778995e+01
-4.171264320603053477e+01 1.419655083069068802e+01 -3.958173426248265958e+00 4.048418093864272649e+00 -7.173399696303008000e+01 2.122497089856098285e+01 -4.140634737155897938e+01 -2.784321583119589505e+01 -1.467451130593764930e+01 -6.901119181185377371e+00 -2.079073924724533384e+01 -4.207976393479874844e+01
-3.482508030270280130e+01 1.779056592512090518e+01 -2.619938630065388629e+00 -3.185900346182393150e+00 -6.799469723012309430e+01 3.349114284544164377e+01 -4.582922861235881129e+01 -3.201640363692307290e+01 -1.642022553187828748e+01 -9.289881875284780932e+00 -2.502205415089332519e+01 -4.642896527755977587e+01
-3.693028838144127945e+01 2.611862468266313542e+01 2.846323016711475695e+00 -7.124040506732960409e+00 -5.799626799601255556e+01 5.028246779712813463e+01 -4.500262103241219336e+01 -4.468019746411943061e+01 -1.189603633858849818e+01 -1.269838962857397746e+01 -2.997066156680111604e+01 -4.652028256024799191e+01
-3.818179159280921908e+01 3.100019119691011582e+01 3.933104093110788568e+00 -7.836177429311061537e+00 -6.678469255538382754e+01 4.778419199641982118e+01 -4.440483628869160526e+01 -4.838848681820558539e+01 -1.383670121179619272e+01 -1.129445560782420976e+01 -3.770736552047921464e+01 -4.540038032463404249e+01
-2.259628862236956337e+01 5.119383531893337391e+01 9.840772929134715241e+00 -1.853193535450788687e+01 -6.461451000920673948e+01 4.884177745996177578e+01 -4.899142510218275248e+01 -5.377143702759276067e+01 -3.160874666969659330e+01 -8.248433336868117749e+00 -2.801627809903708410e+01 -4.039010206394341651e+01
3.889093837194827152e+00 6.449533546260656180e+01 3.049032707415775434e+01 -2.248777198133772970e+01 -6.915003081640281835e+01 3.866008423671236471e+01 -5.872529512917675731e+01 -5.016778693184926396e+01 -4.962348258550020574e+01 -1.801787397822069892e+01 -3.076515651043741073e+01 -2.155912657901227902e+01
8.110764746219334853e+00 7.800267614947108541e+01 3.731384513277828319e+01 -1.296433463816750731e+01 -7.663057913350425565e+01 2.421394294379211587e+01 -7.197130886027402141e+01 -4.577399387518462959e+01 -5.050439411819420599e+01 -9.898663720115443709e+00 -3.476865149947553846e+01 -1.676700536816641218e+01
1.623375772851605614e+00 5.295496947024584244e+01 4.075756464924184286e+01 -2.802088092009722331e+01 -7.146945983477205289e+01 3.127588427340306954e+00 -6.327496415705328303e+01 -5.432430651629412921e+01 -4.719470498839275763e+01 -2.117523740498635476e+01 -4.982815712700895006e+01 -1.970092917155775325e+01
-1.050383108131779597e+00 4.473067814814274357e+01 4.803046248273464158e+01 -1.748031370348854807e+01 -5.569235768534704789e+01 7.204591459712688106e+00 -5.392010308624524129e+01 -4.556701952342923789e+01 -3.156322710997315539e+01 -2.425950976277251314e-01 -3.896236840592037254e+01 -2.391925030639677274e+01
-2.517900714115147931e+00 5.852534969492951689e+01 5.978909068319691755e+01 -1.109556447507290855e+01 -6.220324593188069429e+01 -1.724825082149327216e+01 -5.181681585879508134e+01 -4.225054902703976012e+01 -2.776100530921704745e+01 2.064021466614176958e+00 -4.016172050990292064e+01 -2.847069927270036160e+01
4.163194319364614593e+00 5.300999183410894489e+01 5.602624423929933073e+01 -1.625716867843112468e+01 -6.293062324915162975e+01 -2.427354951724881715e+01 -4.522826545024671674e+01 -4.823173194503726791e+01 -3.313269979103301921e+01 -9.298721520618785874e+00 -3.140433911833223846e+01 -2.136571573036854232e+01
-1.094993680257725366e+01 4.285056374379303179e+01 3.765250462733311565e+01 -1.818486754171292574e+01 -5.364844766076527094e+01 -1.769765875318203285e+01 -3.436818998399123615e+01 -4.419571331037277417e+01 -2.370763061778738034e+01 -1.271163043899787581e+01 -2.027534723900457436e+01 -1.376986750132079251e+01
-6.985498550585830912e+01 1.022943501529610160e+02 -1.214649531578203323e+00 8.497974772590168868e+00 -7.094242272911444047e+01 -2.865176005013865534e+01 -4.312662100014158284e+01 -3.858638884423998405e+01 -3.574094694933400973e+01 -3.092272526281460898e+01 -1.772192201727074590e+01 -9.135796935681872455e+00
-1.167227237565684845e+02 1.054753933015930727e+02 -6.008477914358583583e+00 2.141476233562125842e+01 -7.410428663278355543e+01 -3.309643588297160477e+01 -3.416959915169773865e+01 -3.759342208888045889e+01 -1.905588675455795311e+01 -2.955868555070582104e+01 -2.132325368532778143e+01 -2.086856666571723196e+00
-9.050489808006574322e+01 6.711305886986508540e+01 2.469949298613577149e+00 -2.941865261175342638e+00 -4.282819259095259667e+01 -3.324259281339411842e+01 -3.145621721564696571e+01 -3.862096220886193265e+01 -9.174477706912341546e+00 -3.025068391044680283e+01 -3.132220537507651770e+01 -1.278610660942639221e+01
-8.026289728162527126e+01 5.288612202249255745e+01 9.534864141941987725e+00 -1.506869295652939655e+01 -3.157401213611872137e+01 -3.147545195153118414e+01 -2.877025913232960264e+01 -3.423266971349573851e+01 -5.901813688389274670e-01 -4.139623487417356529e+01 -2.912038488014255933e+01 -5.653865746939194636e+00
-9.818697887795502766e+01 3.590467160882392506e+01 1.780811743721301355e+01 -5.230645540611978284e+00 -6.054275198690044135e+01 -3.740548784095139467e+01 -2.528849969688985766e+01 -3.422239206995732985e+01 -2.047928588967426933e+01 -3.354584847964805761e+01 -1.884397745059948193e+01 -2.621478425044755056e+01
-1.259900741354998956e+02 2.809551027781750321e+01 2.914769241790063603e+01 7.798497909227270597e+00 -4.507199273652192772e+01 -4.290283752673097695e+01 -3.205157290484923038e+01 -3.908326871506590550e+01 -1.887838169444644976e+01 -3.816629387616391256e+01 -1.719605165489540610e+01 -2.874954156169838981e+01
-1.291029794477853443e+02 2.728561930051473894e+01 1.794377967663562146e+01 1.565634661489897006e+01 -3.607969167657486764e+01 -3.357813017497068131e+01 -1.436882678133095226e+01 -1.516851974218014121e+01 -9.148308820221195958e+00 -3.141829078135330988e+01 -2.150823836852049453e+01 -2.303817998169182601e+01
-1.702498005742960743e+02 2.071520181830517160e+01 -1.851008133251023935e+01 7.240152884735221051e+01 -3.209556726883897682e+01 -2.574965421413692823e+01 -1.394831827235215727e+01 -1.868119201223119319e+01 -9.825966366624541593e+00 -2.853991700475794246e+01 -2.356153852231396684e+01 -1.238914447994404711e+01
-1.470171446007333884e+02 2.124050943000590763e+01 -5.248374898458143534e+00 4.530172987642513505e+01 -2.498993300959880060e+01 -3.410382026464498750e+01 -1.633489039631015061e+01 -1.723170263313112827e+01 -9.084007376702160741e+00 -2.587886124899357654e+01 -1.626135381137215319e+01 -6.005681833581323126e+00
-1.275079789316419578e+02 1.935840919210110656e+01 -1.060368712498290122e+01 2.263427873684761238e+01 -2.515948701333396542e+01 -3.567315746337241222e+01 -1.617551627705732642e+01 -2.784918318660730563e+01 -1.221283844030461907e+01 -3.536976593929460932e+01 -2.548013467136680887e+01 -1.044538663201779372e+01
-9.332065952151496901e+01 3.113732499529818654e+01 -6.443975167262541603e+00 1.674296689248880554e+01 -1.162114952266594337e+01 -3.171748342635584095e+01 -1.647823330760971672e+01 -2.827975634825259732e+01 -1.973778731632079797e+01 -2.388825836077476339e+01 -9.475270384290457315e+00 -1.684798259025793143e+01
-6.747593815344289681e+01 4.222392263849125982e+01 5.592976108541268587e+00 2.047053421580381283e+01 -1.938770669662229773e+00 -2.601521784457736430e+01 -2.160779919400569327e+01 -3.298697728260815865e+01 -3.479040460636545617e+01 -3.709724639810291080e+01 -8.631036262084776922e+00 -1.216802234096543955e+01
-5.585058837357829020e+01 3.446048918148012774e+01 9.651178990552629955e+00 3.041243908105812910e+00 -3.489343986121677066e+00 -1.945945043667281737e+01 -1.848907294210491159e+01 -2.073910518703240058e+01 -2.083739023875885721e+01 -1.936744397944610085e+01 -1.542199625456263590e+01 -1.851509770886870143e+01
-6.761963604373805481e+01 2.198876922022088820e+01 4.275527424934716159e+00 5.117204495467776226e+00 -6.184619277468528686e+00 -2.092893118080334602e+01 -2.505980985831336483e+01 -2.702469942838241934e+01 -1.912018266763313079e+01 -2.805181920444172050e+01 -1.070059506390548520e+01 -1.433921655637454684e+01
