3.218840506815983815e+01 -4.340065351911619018e+01 -3.764121008640446320e+01 1.935841359912685533e+01 6.563493134501483084e+00 3.002157546948951872e+00 1.826379144773181196e+00 1.266647823550863983e+01 -8.536800906352748797e+00 1.240121868657184301e+01 3.336662735682530467e+00 1.349623082879631930e+01
3.476333355485913046e+01 -4.620223109320718891e+01 -4.374295418607353270e+01 2.080479519766807783e+01 1.096853070919523176e+01 4.196953016892666533e+00 -2.226166444161633784e+00 9.632065736445719395e+00 -1.594822084596061629e+01 6.538079549937322099e+00 2.730527229978032544e+00 7.509670023315845100e+00
2.491449074976430467e+01 -4.738627086619614914e+01 -3.744904933145014780e+01 2.652044895368712218e+01 6.218689681070213027e+00 2.340799991617465992e+00 -2.932669698839127204e+00 5.721768286123481317e+00 -1.509066060262332698e+01 1.432181686558108780e+01 4.231313779572993816e+00 -3.556770140637509847e+00
1.681662164155968497e+01 -4.961820905385644664e+01 -3.533228360020452641e+01 3.298647872467965669e+01 2.006848205547991881e+01 1.570960413694796287e+01 -5.117613292326414154e+00 2.771468103042731279e+00 -1.745491475718359098e+01 7.493709590328784031e+00 9.077906769520684094e+00 4.406612680476791333e-01
4.318839008305930349e+01 -3.853758838665194020e+01 -3.695378437477951650e+01 1.985743086075042996e+01 1.076796090257165694e+01 1.157870313420980679e+01 3.118281711464199191e-01 6.545369987319501703e+00 -1.264678246458053223e+01 2.835199570028517080e+00 -4.519854336770519510e+00 1.368774448098594387e+00
1.094866294276925522e+01 -5.959530130271686943e+01 -3.873487192706490845e+01 2.361278651828108721e+01 -5.048868053562217462e+00 -1.119135004623457164e+00 -5.023738462026043905e+00 7.662986360910004180e+00 -9.033083152387877846e+00 1.044044104404554751e+01 1.098472306370464580e+01 5.416469513217879062e+00
3.969681954881221486e+01 -3.876979332514166288e+01 -4.141136070761638166e+01 1.857484095178283212e+01 6.023378471535832723e+00 -4.006901114248458740e+00 5.642154219809603077e+00 1.961466532694927878e+01 -3.217168407885872217e+00 2.729728942349769483e+01 1.295013975264066808e+00 -2.629179444352308881e+00
2.340574184779200806e+01 -6.211716322888764807e+01 -6.212972292715920730e+01 2.236934192405709609e+01 8.069359832572631674e+00 -1.880142280342031569e+00 7.651420079365833793e-02 2.316151493565890007e+01 -1.746598679621138928e+01 7.825486581376987161e+00 8.627770392416413969e+00 2.863005336855111160e-01
6.335191135588407008e+01 -6.552599824774628701e+01 -8.625203540352543996e+01 2.897239564126700628e+01 -2.890026047242878704e+00 4.646621271164619316e-01 -8.251200675849606370e+00 4.057568660069913591e+01 -1.025600536859967349e+01 4.623039707383274077e+00 -6.267959248437698250e+00 1.104370460042794733e+01
5.969541535990522618e+01 -5.918243929755560373e+01 -8.086940870560668770e+01 3.338466533651278212e+01 1.544824292739874494e+01 3.686230737902224330e+00 -2.415772035647919225e+01 3.232160981567469804e+01 5.539901641960911505e+00 1.662141100349564837e+01 -2.469929739381714739e+01 -3.575195411711931115e+00
4.299772080695584719e+01 -6.940330923381394257e+01 -8.813597178492446460e+01 2.455794551571340278e+01 1.276989155823773636e+01 1.225255368048890858e+01 -3.743270001253709722e+01 -6.846092872045921318e-01 -2.361559343324978499e+01 -9.133559033844518282e+00 -3.931709421267831317e+01 -1.082355516592654787e+01
3.332981554603244945e+01 -7.184725458697687372e+01 -9.412797313863154614e+01 1.714948516108257337e+01 1.903639303989025677e+01 2.362605034003140858e+01 -2.622228398336931576e+01 1.560335907696186730e+01 -2.060203058576107971e+00 6.513696905121350689e+00 -2.438766549394529193e+01 7.933537250671184538e+00
2.682210502454659462e+01 -7.163378258787057007e+01 -8.097111144489520029e+01 1.452287629887148768e+01 7.397850210289166561e+00 1.537891576258266824e+01 -1.505571961319600405e+01 2.197015086416244856e+01 -1.838253041453954406e-01 -9.178504170611404556e-01 -2.618272229773005222e+01 3.976751748430622513e+00
-1.545652202743150028e+01 -9.132104053685773692e+01 -7.841762959702862190e+01 2.000096290500361107e+01 1.518462690427075401e+01 1.765557062464658600e+01 -1.564414697166134260e+01 1.370067869567964181e+01 -3.678551375696209824e+00 1.735937728912929412e+00 -1.884630440973675647e+01 3.259895976657765537e+00
3.035351643888481021e+01 -7.673711496203651450e+01 -9.800898129779130841e+01 1.494957044364078058e+01 1.086343960364817640e+01 1.678785066255817071e+01 -2.015572809278821609e+01 3.214939798907124668e+01 3.943450567941555462e+00 -4.023119673117641959e+00 -4.047568883719173982e+01 1.109545224648142314e+00
3.982100247295137763e+01 -7.228932422156883320e+01 -9.739424926403586369e+01 1.905004112536269290e+01 1.878587240728945318e+01 2.304553219943432651e+01 -2.472436773828518497e+01 2.169355868253733988e+01 -6.257400345583944423e-01 4.047737947307876283e+00 -2.970008760178475526e+01 5.915980063011307521e+00
5.728021883946067305e+01 -6.208573619565022739e+01 -7.843908540187675271e+01 1.807160169237269898e+01 9.732232059115739631e+00 2.392453543094557489e+01 -9.684709213682491935e+00 1.603137767744264153e+01 -1.051348737638680930e+01 -1.758008936991388937e+00 -1.771700540188946249e+01 7.828426656220502267e+00
-3.176792757814723256e+00 -1.013261136586469604e+02 -1.037135215201849832e+02 1.843587479605916180e+00 1.699252062807362629e+00 9.718372933008508241e+00 -1.777586696275623979e+01 1.874414239210722499e+01 -8.980436447145436318e+00 -8.560884430771212195e+00 -2.491724969147803037e+01 9.234016664662860308e+00
3.644576540099967588e+01 -6.037992290182572219e+01 -7.283468921058759804e+01 1.663465472446101856e+01 1.414812293911762708e+01 1.607903463206222483e+01 -1.849196211507411647e+01 1.728017231370178308e+01 1.381658477051488365e+00 2.129558311016010563e+00 -2.336262073804059014e+01 4.146276174479966770e+00
1.763208371706198463e+01 -6.767672883285786156e+01 -6.844233533310469397e+01 9.407720477670514114e+00 1.103425803678005579e+01 1.642845756897646936e+01 -8.605751723544223353e+00 1.363077373548794213e+01 -6.554816961238400630e+00 -5.557175081906945202e+00 -1.554934619156738762e+01 1.040398534755503768e+01
4.168389988982099226e+01 -7.991081558763872295e+01 -9.235590519595106684e+01 2.883603488619006328e+01 8.435715367742044890e+00 1.741901282571765464e+01 -1.401758801227713036e+01 3.239693291196442715e+01 -6.340941613996922577e+00 -5.147935041400152123e+00 -2.570402402478526938e+01 1.166066403451060651e+01
1.049841879448735824e+02 -1.057821958234450506e+02 -1.558814184256642648e+02 7.109359221097525960e+01 2.171838545411110744e+01 4.062419232342462294e+01 -3.979882313422368156e+01 3.659624344048853573e+01 -2.944413520265381834e+01 3.171705019459271746e+00 -3.051400735338600612e+01 2.359685722967776655e+01
7.690063735702435110e+01 -6.153011159414472786e+01 -8.923447027103513562e+01 2.512176128552607324e+01 8.004119016383125285e+00 2.551454037618800186e+01 -1.492958220664778501e+01 2.068189546438667747e+01 -1.031188502354134684e+01 5.125852607849914477e+00 -1.544890562389323385e+01 1.203256373770641829e+01
5.726099758072366797e+01 -9.596068361969830107e+01 -1.380321783706125984e+02 1.553751142566868637e+01 9.288383018926914758e+00 1.146340102281871509e+01 -3.994366383696755918e+01 2.124661752664384196e+01 -2.580014255502066334e+01 -1.464078286039440258e+01 -3.425327020402676936e+01 1.593127958742591765e+01
2.614930890750631320e+01 -8.240962582803163627e+01 -9.685377511349526003e+01 -1.488257685969001543e+00 -2.868590349584024590e+00 2.561332085384465884e+00 -2.844583290546979271e+01 7.467928375729842472e+00 -1.095328528064031204e+01 -2.082785080784195220e+00 -1.847744311473779533e+01 7.247419914009211261e+00
1.337819211482833737e+02 -5.414705772326379218e+01 -1.039793216877771300e+02 4.501823825947015933e+01 -4.555950921404650522e+00 3.871601014031873689e+01 -2.762526675976946677e+01 2.516257139642518581e+01 -4.787381877215324266e+00 1.046361389375681128e+01 -2.927367388642513646e+01 -3.926378196680404109e+00
4.202974986725247675e+01 -6.808891779965546220e+01 -8.984594344698047053e+01 -7.069048362239255923e+00 -7.958143536492377379e+00 7.365715812074165036e-01 -2.976824624772808647e+01 -3.306839626637627205e+00 -2.548291546870291668e+01 -1.936914100296308661e+01 -3.921324968974008840e+01 -1.486660412690077848e+01
5.594753521945982300e+01 -7.293916495279727030e+01 -8.874609090725562055e+01 3.866222537500427592e+01 2.852384514047651010e+01 4.010406786364175957e+01 -5.695642689653528379e-01 3.182439808725580832e+01 -7.445098223367097923e+00 2.002371383468295463e-01 -3.053157962019964344e+01 -1.618131000958541232e+00
1.105300652032411222e+02 -2.482237445828423006e+01 -6.622936647558461232e+01 3.937404941394736113e+01 2.186099824840180617e+01 2.579746454441614034e+01 -1.520296881164946612e+01 3.205249627897775611e+01 6.653806744278673024e-01 5.833031756412116131e+00 -2.509003415364696821e+01 6.476043560446751890e+00
1.116130570649376921e+02 1.071126905044485511e+01 -2.653357773709572243e+01 7.720591577254955595e+00 1.518834273988063899e+01 2.295825481740732954e+01 -5.371511146967121952e+00 7.586644866155189959e-02 -1.397947277680392375e+01 -7.839325923879950864e+00 -1.871084675462918057e+01 -1.559762576261337852e+00
1.576078040230689226e+02 1.638114776924633276e+01 -4.079731465855608263e+01 3.557419009281387190e+01 2.158180000724672709e+01 1.643438299135749858e+01 -3.498054738426642984e+01 -3.883526217116861190e+00 -2.117522171841861223e+01 5.035837501115212334e+00 -8.810336311216959260e+00 1.304842023921694150e+01
1.645816750258423156e+02 1.633117979431904487e+01 -5.179015564076217970e+01 1.455633698756465577e+01 5.993692301310336035e+00 1.910967808987321703e+01 -2.429682800507073281e+01 -9.953464090356511917e-02 -2.280944181441795138e+01 -5.226215782931469711e+00 -2.592563981132381201e+01 2.145996507729097225e+00
9.781512251712808848e+01 -2.808754280064853059e+00 -3.098365203188922479e+01 1.213697673840534108e+01 1.352676660779464335e+01 2.070530768676292155e+01 -4.483850174463351657e+00 7.352137354308643680e+00 -3.737853742153175673e+00 1.503995779646100317e+00 -1.717732808010045886e+01 -6.079107707323332832e+00
1.686232373025367792e+02 1.136721086203152886e+01 -8.592527177494586965e+01 5.755449022439270479e+00 1.983729822852277636e+01 4.192854662285222389e+01 -3.247653919425364677e+01 -7.083038668184144626e+00 -2.983378608051895498e+01 6.992044742000782520e+00 -3.169022631191460704e+01 -9.297611061366744423e+00
1.478460787261679457e+02 -2.656549039918625255e+01 -9.028597714634562976e+01 5.523773504714525728e+01 1.403302635964953282e+01 9.145922828003865135e+00 -2.914351316921312929e+01 3.083912869885134000e+01 -2.774799544148894626e+01 7.766739255911470963e+00 -2.501084403607353579e+01 -1.302683684118399121e+01
1.544919755795073684e+02 -2.771199463985967171e+00 -7.050985256322761074e+01 2.578358786940633962e+01 1.206054525066825889e+01 3.265739134693747303e+01 -2.454175055211219814e+01 7.582666148856834765e-01 -3.103902303610336233e+01 1.703943125406688797e+00 -2.148137233786644984e+01 -3.189548436841330492e+00
4.595835320569386795e+01 -2.866034892002303280e+01 -3.051344602119426952e+01 1.065650982532110547e+01 8.957689541287818358e+00 1.074761206483552378e+01 -8.432012218228384981e+00 -2.714624418338897893e+00 -1.439299365027755861e+01 -9.643649606901190552e+00 -1.407654291965989657e+01 -7.955048174694934193e-02
5.432080952571945431e+01 -2.491369441257534589e+01 -3.432372403453302923e+01 8.359138484542416592e+00 -1.243370388028893547e+00 -4.438873581018407677e-01 -1.142644655887452387e+01 1.386759703463004456e+01 1.673339636056135671e+00 -4.253051606141977636e+00 -2.007414426794694862e+01 3.724766015944949160e-01
1.059592142667889050e+02 -1.839540045021499992e+01 -6.786033375390513811e+01 3.577726953024053635e+00 2.028105431472456921e+00 3.957251163188300946e+00 -3.937811700709471552e+01 -7.834210180039059779e+00 -2.389899091408374687e+01 -1.436537368908009604e+01 -4.046723225365942511e+01 -1.916503875560196946e+01
1.790473319679822168e+02 7.321819810473264134e+00 -7.080310242259659503e+01 4.625421399060620331e+01 2.336578174285562071e+01 2.501272307241471538e+01 -3.159438898095609716e+01 2.055753258659996163e+01 -8.594283078268707854e+00 2.037357371323231092e+01 -2.746051029206756411e+01 -1.691940391082062956e-01
1.403381103460701809e+02 1.254628855797755627e+00 -5.207896241873442023e+01 2.348575297930068828e+01 1.885937269810010974e+01 2.869249720247379543e+01 -1.579372828007793039e+01 3.603955832185109731e+00 -2.463860389659616956e+01 -9.926294959183071143e+00 -3.096742214455877473e+01 -1.217215216820285129e+01
1.525875805699484999e+02 7.498475636729029503e+00 -4.387435862246125851e+01 3.737662693653668100e+01 1.276426532806490854e+01 1.442387793211419478e+01 -2.421537145971591087e+01 7.588011125208945273e+00 -1.404152150358141604e+01 1.168577308344498888e+01 -1.222515183587848675e+01 4.978990639203349389e+00
1.063595320826155586e+02 -4.562300723226736743e+00 -3.415899958066994202e+01 3.037667350474410455e+01 2.524154431087105266e+01 2.647492398241552536e+01 -5.195298582997474490e+00 1.213628143263016668e+01 -5.990946850111511068e+00 2.540311940091333653e+00 -2.913432184563248484e+01 -1.790688251699167566e+01
1.207653808558842456e+02 -8.289380001316157376e+00 -4.862188872058174383e+01 2.860097683071522567e+01 8.791382177289117195e+00 9.514829140595916002e+00 -2.949986085807696412e+01 7.663882163679889281e+00 -1.052625579813587109e+01 2.863521247191282981e-01 -2.316626356586514035e+01 -1.138102255345150837e+01
1.309171102739710761e+02 -1.757225078393170881e+00 -4.901254318669600707e+01 2.960785093746508778e+01 1.340333093106885798e+01 1.128624589055655747e+01 -2.413057255942373303e+01 2.700174076288897496e+00 -1.776869231890121625e+01 1.372844612318552215e+01 -1.357855868927352994e+01 -6.672784692213396873e+00
1.197222869604320437e+02 -9.539336278303919059e+00 -4.600890424491799990e+01 2.987182806134094903e+01 7.600998415264839991e+00 4.927140617755716434e+00 -2.019027874796102395e+01 3.971074902102554649e+00 -2.086449038169790526e+01 7.037184859905693202e+00 -1.730507733401711334e+01 -8.122538656751679298e+00
1.055722036894546960e+02 8.907403591953841016e+00 -1.721766414164385495e+01 2.480702246333646599e+01 2.243805224685134192e+01 2.210785464735134198e+01 -2.375795446126097943e+00 4.928171298858810445e+00 -1.065866081915523012e+01 1.824587776463953093e+00 -1.587655529471821048e+01 -1.488202071907868529e+01
1.278810133035158287e+02 8.559714624905435443e+00 -3.380396780752542440e+01 1.374011401460860604e+01 1.128847783841361974e+00 6.216685670176789635e+00 -1.889715922698814765e+01 -1.953812592375956392e+00 -2.067218260267281238e+01 -4.369038410461527633e-01 -1.359150215732099554e+01 -1.127221807132909959e+01
9.525954321265768954e+01 -2.366217067469670976e+00 -2.163774289732427292e+01 2.721845907852759794e+01 3.485682619450948483e+00 -4.688774002447226863e-01 -2.529689658307819045e+01 -3.040767287392695195e+00 -1.317712074344244044e+01 -1.354640929010653694e-01 -1.568764079128281708e+01 -1.395606562772015202e+01
9.733213291572724302e+01 -2.479188112162095692e+01 -5.070858817879221903e+01 3.180896046500195240e+01 6.959090706777696589e+00 1.266723261493332942e+01 -1.630726568625706818e+01 1.076881619389005351e+01 -6.712301792299422587e+00 1.729732122592663401e+01 -8.318711724413741848e+00 -3.425390412866897272e+00
1.116530093902970293e+02 -1.650097127861859292e+01 -4.802300768948274623e+01 3.455917685530629768e+01 1.386313350175973014e+01 2.213751485268940655e+01 -1.233978965540255146e+01 1.410433955325203215e+00 -2.533975737293993546e+01 4.776875442996297849e-02 -2.365849377232483874e+01 -1.401951740913099620e+01
1.083999821359724933e+02 -2.321924940349723521e+00 -3.098036833177746274e+01 2.884126496240938309e+01 1.791108353275102161e+01 1.510631569530794671e+01 -7.870404674451852323e+00 4.852094706663974577e+00 -1.437564067663887535e+01 8.531542727506554513e+00 -1.954659420742151354e+01 -1.805811041664363614e+01
1.171916788976230777e+02 -3.466474866896149365e+00 -3.636714215598105682e+01 3.162673605002864008e+01 2.489301185885461898e+00 3.982983297876289353e+00 -1.501937577567763960e+01 8.619963160848985950e+00 -1.438189118577258974e+01 1.145419066727772694e+01 -1.924607481104033724e+01 -2.406467014921942749e+01
6.411649689813077657e+01 -3.788848219929283090e+01 -5.096559073577449794e+01 7.425016861870712859e+00 -1.260102293767870307e+01 -2.641143680111326386e+00 -1.329393230449208652e+01 8.685048546725932184e+00 -1.641780920037588487e+01 -9.708170678183613234e+00 -1.860330764279124693e+01 -1.500364808560730445e+01
1.826111699101572583e+01 -5.855170482659585929e+01 -5.738853170883011501e+01 -3.755095253460285054e+00 -6.734623695841142066e-01 5.603719387265280183e-01 -1.739310857170034552e+01 -4.591476835387928723e-01 -6.369926972710191038e+00 2.360478102057284033e-02 -6.330519460650833707e+00 7.472458508016788237e+00
1.170267406733671436e+02 -3.971418524414087869e+01 -8.859638922331092203e+01 1.811758766512657814e+01 7.136682407231308645e+00 3.426920588735537621e+01 5.653322727086459665e+00 2.913945155374435458e+01 -2.444173900253107945e+01 -7.165140906077718697e+00 -2.553611698186676193e+01 3.585980413714990434e+00
1.069523240111990106e+02 -2.438381079920487338e+01 -7.212311874715211957e+01 1.096192131740670206e+01 6.731916524543470892e+00 2.470761287187322708e+01 8.081455998222462966e+00 1.180721711098728122e+01 -4.624944856065805254e+01 -1.227600550856920769e+01 -2.376811673953889681e+01 -3.183874500884305458e+00
9.472203435177088693e+01 -3.711938999064775402e+01 -6.153738381323638862e+01 3.559927236503938275e+01 6.390050733792318916e+00 2.126872271747740939e+01 6.697516951019336418e+00 1.482958152879105995e+01 -3.302388965055232006e+01 9.510156528449378310e-01 -2.238739520169798780e+01 -2.444223007982495588e+00
5.431127430668990286e+01 -5.821112411632043404e+01 -7.753189728166125860e+01 7.402141950647543212e+00 6.179709461014367911e+00 1.362176199597900883e+01 8.235365273145598408e-01 2.260985348904077341e+01 -1.490301701538597356e+01 9.075258756832553786e-01 -9.057407618800496607e+00 6.875055159304946706e+00
1.026093274199401719e+02 -2.503881678757271345e+01 -6.007421491656836565e+01 1.616192092342280162e+01 -1.658929996466653733e+00 9.918469243142848057e+00 6.391706462250548171e+00 2.536950742218295574e+01 -2.689455567209677866e+01 -9.911537105873406972e+00 -1.978267793109876038e+01 -1.962348882548837992e+00
8.003972991304165419e+01 -3.566166398518819136e+01 -6.043770548022826006e+01 4.139700242859884582e+00 -1.353276027086099909e+01 -5.036930960464569118e+00 -4.951522371628268360e+00 1.196373182923521661e+01 -2.289465700238383761e+01 -1.301939443925875795e+00 -1.836780009084989018e+01 -4.716869193388115278e+00
7.455185789894034087e+01 -2.972964635880068585e+01 -4.779034336412620121e+01 1.021684492041420711e+01 -4.043108326246771966e+00 1.258782239762006094e+00 1.236806846783567782e+00 1.251890627054494587e+01 -2.285063371605870941e+01 -3.305907198679501224e+00 -1.320451672122876730e+01 -5.327634376580869358e+00
1.047525055100889801e+02 -2.821255720051117777e+01 -5.702319728752603112e+01 2.707466905282603875e+01 -5.721148105666312489e+00 9.328717540395414787e+00 1.722130397268667679e+00 1.402643677208367556e+01 -3.002683929560640053e+01 7.252167880003455025e+00 -4.525628313183883478e+00 -7.800097449353931012e-01
8.764579535310537040e+01 -2.265072428821018491e+01 -4.432559986673228991e+01 2.883230780531892989e+01 5.958935684135430400e+00 2.456163959925311335e+00 1.085666421931447578e+00 1.222206648188682188e+01 -2.487581486293904121e+01 7.962543915273306183e+00 -1.018705112383171318e+01 2.630896054926657790e+00
5.105929894817572290e+01 -3.528399954446106790e+01 -3.694210482528571049e+01 1.936225273365154109e+01 5.109000858198180950e+00 4.569055423587368381e+00 -3.579662803822565742e+00 1.257380394256115785e+01 -6.679482966683210954e+00 6.686288241651645592e+00 6.197487969378974171e-01 9.939866326069097369e+00
4.548922638869571244e+01 -6.118770635341236641e+01 -8.173899644835647393e+01 -1.292693054858440327e+00 -3.133150560776671423e+00 5.502698231845275956e+00 -9.255510546146231476e+00 3.423895247491818949e+00 -3.263306709660692206e+01 -7.372039040328639103e+00 -1.149836440499070633e+01 -1.967428982944968041e+00
8.310775899844676928e+01 -2.817764661093453782e+01 -5.626539825322976185e+01 1.453450893131347499e+01 9.695688775928326564e+00 5.669180662900804357e+00 -7.416595938518344866e+00 1.092862298282648936e+01 -1.919532744488291343e+01 1.689535286454741936e+00 -1.500993828409083264e+01 -4.855718776941240655e+00
5.202768079378017774e+01 -4.483195435996779565e+01 -5.978849653171896250e+01 1.404763545284932080e+00 -9.349116825817723964e+00 -4.169101519686535084e+00 -1.084836800587493677e+01 2.400145526029889620e+00 -2.053365373398102633e+01 -1.950139080556413607e+00 -2.129448943814094264e+01 -1.443771242389015086e+01
7.191276190183143058e+01 -3.100008961380122230e+01 -4.814078587945044774e+01 1.307360159088250562e+01 7.184516179404741854e-01 3.633085614404774955e+00 -7.535907781586356435e+00 1.331196381342611090e+01 -5.943322614082963362e+00 9.686995912481808801e+00 -7.505205307468516551e+00 -2.890572375870080535e+00
6.952868024162972915e+01 -4.082627359527749888e+01 -5.694689737197383295e+01 1.702150786530948068e+01 -9.303512636299290151e+00 2.543280973301023540e+00 -3.631159119467507246e+00 9.557874294380322766e+00 -2.603327264949827224e+01 9.691611087435723082e-01 -7.599436484088959887e+00 -2.026831510611928522e+01
5.757159388400710043e+01 -3.750523443600565088e+01 -5.118555600895577129e+01 1.014882132976774542e+01 5.879603260004225618e+00 5.598938957989965104e+00 2.456959971045181490e+00 2.286393938668639692e+01 -4.686789704985749871e+00 1.005094588484327645e+01 3.695983356754402038e-01 8.076337662208903367e-01
7.093643846445650070e+01 -3.968114186337911065e+01 -4.871070236184858970e+01 3.451238197423917597e+01 -5.492516723491853270e+00 -2.099006770449122428e+00 -4.512264599657229702e+00 2.127081785013066195e+01 -1.782810276909322766e+01 2.053602118372460428e+00 -6.090336012133294119e+00 7.777100906362457877e+00
8.215260904970307365e+01 -4.581628924107333489e+01 -5.581758353444206477e+01 5.567923460819893933e+01 -1.748827755463473821e+01 -1.320632373418789740e+01 -1.769476754069313529e+01 2.792950518716637021e+01 -1.845771303312819001e+01 6.539320226375007650e+00 -1.276376431087417274e+01 9.313845851135411635e-01
7.522071071608192483e+01 -5.778729232218566381e+01 -6.054313982792682225e+01 6.428204117043922849e+01 1.016817351078836751e+01 1.089024584605711965e+01 -2.517213944636569067e+01 1.271419009043903436e+01 -2.738166276652690456e+01 -5.597500046643746785e+00 -1.645616131376126035e+01 3.440421171839644021e+00
6.752231520777723972e+01 -5.253594754962855973e+01 -6.007651387144971977e+01 3.798911156498583352e+01 -1.289611604598109729e+01 -9.436062509172185031e+00 -2.694667986444405727e+01 1.336966916185519416e+01 -2.660312066695610511e+01 -1.128997493997342616e+01 -1.494592762781216777e+01 3.572402783008183924e+00
1.292170500162232543e+02 1.708909801897775083e+01 -1.282842133143808105e+01 4.725963185828675250e+01 1.731292028189218257e+01 1.607651078669912525e+00 -2.632083190193219835e+01 5.421649125064162078e+00 -1.412440560705176296e+01 -4.975362856883547735e+00 -2.546670731939639509e+01 -5.551322458039654961e+00
1.043913713032214332e+02 2.518905401846845038e+01 -4.757072712997521435e+00 -3.216732411258815816e+00 1.350727892533199137e+00 8.686384695017764557e+00 -5.332204912905062599e+00 -1.078728045692750470e+01 -1.777610258498114248e+01 -5.512792481699886338e+00 -3.638776583147707910e+00 3.959231214749137640e-01
9.479810212989778506e+01 2.021486760182034459e+01 -4.109621918362438286e+00 -4.161382162187490685e+00 -9.853214142128333464e+00 -1.224713206834780266e+01 -2.578821857391526962e+01 -2.139935631339487543e+01 -1.844793260787424671e+01 -7.424872401723106030e+00 -1.394635955768986335e+01 -1.567776145546912225e+01
2.330421946367343367e+02 3.759900622851471041e+01 -7.273895743573248751e+01 3.600784211137079183e+01 7.506920332995184353e+00 2.122904620885459082e+01 -5.850762968089354388e+01 -1.434744216600789457e+01 -3.849137324268264138e+01 7.668637766154828839e+00 -3.346908168525429517e+01 -8.435634167970684771e-01
1.920753593142555644e+02 1.844492613069758136e+01 -6.102923515816411282e+01 4.208180791910221785e+01 5.408406228158508355e+00 2.086254976642157999e+01 -5.391922016997589395e+01 -1.997216539598532847e+01 -3.980581749244792888e+01 7.337556285970211256e+00 -2.240999373285031027e+01 -3.001094256609799338e+00
7.365152523646233362e+01 3.181479481065189852e+00 -1.076514591873672444e+01 -2.281299540714228691e+00 -6.196340159197697872e+00 -1.121972452155357658e+01 -2.680843751742167669e+01 -2.333463063699652551e+01 -1.899680049005080207e+01 -7.488108532045309573e+00 -1.166587131071640293e+01 -1.161663357795975315e+01
1.176174870615568722e+02 3.391619726191215989e+01 2.716877942424519965e+00 1.180177405483020081e+01 6.800660308671988119e+00 3.230426202361165622e+00 -2.273595939531269039e+01 -2.273414894484605142e+01 -2.482532696192680532e+01 -6.894562422107687993e+00 -6.935933224960670884e+00 3.967049568982223828e-01
1.000182644711719036e+02 2.036287900568689224e+01 -8.417008068835199808e+00 1.706026109449617412e+00 -5.335706696892644985e+00 -7.141638462102312346e+00 -3.359465523043268576e+01 -3.264822134713947577e+01 -3.293370851833046231e+01 -1.307265836173387896e+01 -1.771038648499737889e+01 -1.344774451357961098e+01
1.440305196641918997e+02 4.031605470447524908e+01 -9.817569681966263673e+00 1.080777624553702942e+01 2.926040931398917522e+00 6.092720556479449989e+00 -2.834399149694590392e+01 -2.070924983445397771e+01 -2.608007699241500887e+01 -3.423496538315184967e-01 -8.866564346653849071e+00 -3.980483400523521453e+00
1.506424338543848194e+02 3.907930779685649725e+01 -1.118463006753584743e+01 2.972079395511091349e+01 1.751016070135414537e+01 1.854609718654190686e+01 -2.708432054378024390e+01 -1.118702466573678223e+01 -1.615074636691704413e+01 6.664320603442718927e+00 -1.496231184832999617e+01 -6.423747171394396105e+00
1.250715276304747903e+02 2.850296704043444507e+01 -1.448307010964934705e+01 2.000404742736954233e+01 1.310954573868514217e+01 1.268189955338714725e+01 -2.884494755105757235e+01 -1.511599221311070451e+01 -1.392509212891243031e+01 1.481475541719439804e+01 -5.889748106437810549e+00 -8.595482690589328456e+00
1.252039755698321102e+02 2.214830299267029545e+01 -9.859798932677771077e+00 2.502043659840307299e+01 3.828208447644664059e+00 1.679322227329566264e+00 -2.592503914633558537e+01 -1.361718510564205076e+01 -2.024125587412594740e+01 1.166396082675217105e+00 -1.661646166769888566e+01 -1.347910675444264683e+01
1.514761532965320043e+02 3.301578576673124843e+01 -7.854388255690539999e+00 2.717709691704539310e+01 -8.236038114317105752e+00 -1.270176000816185891e+01 -2.997841400148411850e+01 -7.992159375001790522e+00 -2.219457742490149599e+01 -9.122764872721450535e-02 -1.609545972790529333e+01 -8.591274984454475572e+00
1.058638985640307624e+02 3.042786729114102684e+01 1.378179657629983978e+01 2.230523528581511528e+01 1.345338190896525710e+01 6.384859228283763954e+00 -8.400589262090960574e+00 -7.138859021777365754e+00 -9.903379373254130869e+00 1.174992674617248767e+00 -8.067856185942736680e-01 1.538759026592822377e+00
1.545851041497485880e+02 3.253724865633928687e+01 -4.989985754271795138e+00 5.858382287388988630e+01 2.140482238194222475e+01 1.554938574091457149e+01 -1.863501439996868925e+01 -1.847206814213892301e+01 -4.960807705944733925e+01 -3.200743256096874934e+00 -1.456065481469621758e+01 -3.859355427636917746e+00
8.975427944451527651e+01 1.821079031198257780e+01 4.687379968217981308e+00 1.064778208480851873e+01 -2.314700478809049944e+00 -9.432829500278268497e+00 -2.247499087606093937e+01 -2.159301285195726905e+01 -2.565332335395615004e+01 -1.423346136283935337e+01 -1.120494593422604979e+01 -7.700182571404305065e+00
1.090372931158258609e+02 2.172104085004783514e+01 9.821903816761399231e-01 3.069411904809086167e+01 1.286479115560341491e+01 8.312513276048957067e+00 -1.095985138314112639e+01 -4.607257640669688570e+00 -2.552549128010100077e+01 -1.514062808561396167e+01 -2.049847348174961681e+01 -1.286112231325621735e+01
1.113930665785711511e+02 2.489624923537569856e+01 1.988103709769616145e+00 1.871944629027954932e+01 2.912296595690199830e+00 3.823784796958918264e+00 -1.593029509012207257e+01 -1.619945114962942867e+01 -2.490581402111382658e+01 -7.644240843230043048e+00 -1.256615441702265201e+01 -1.659520562207685401e+01
9.989704713724407270e+01 1.950452597964259738e+01 2.569160206071165575e+00 1.475379736364802952e+01 -4.951906461743346699e-01 -3.037249817657509787e+00 -1.557439738009581909e+01 -8.234749239344372640e+00 -1.056126298842083955e+01 -3.649668121829777512e+00 -1.317088104467636356e+01 -1.368170816067642903e+01
1.303437405917051706e+02 2.073093216254761018e+01 -8.637245591445653403e+00 4.071560805682224782e+01 9.995089268070973532e+00 -2.749843815631832111e+00 -1.649820641503892915e+01 -2.836468470206627401e+00 -3.209403088580498320e+01 -7.582267764003710830e+00 -1.307711553282848627e+01 -7.584532851652070917e+00
8.005639554835849481e+01 5.327436440830227937e+00 1.403792659744237614e+00 2.701414302921894262e+01 9.195304145614962010e+00 7.768886595700817743e+00 -7.248435830510085331e+00 -4.511990563942387844e+00 -1.267957343542987836e+01 -7.929259338833865023e-01 -7.726696146017672184e+00 -1.439385026143868629e+01
1.068045804758569517e+02 8.012777744222928433e+00 -1.299581098654525846e+01 2.226358053476928944e+01 -1.698025165599073238e+00 -6.564194180574606463e+00 -1.864013268405371093e+01 -5.746293560008540524e+00 -1.150050989405987423e+01 1.406804528837248114e+01 -7.760685922287312577e-01 2.503349751273674428e+00
9.762217353971078637e+01 -2.017181211209985836e+00 -1.837617297414724149e+01 3.909245585411905211e+01 -6.784834600361369539e+00 -1.815227472090503369e+01 -1.097296107761333595e+01 2.626855045854756554e+01 -9.471638371366953635e+00 8.679002425165474932e+00 9.512884110602669807e+00 1.335557530069116927e+00
1.279805929714108998e+02 -4.168454237872570189e+01 -8.675329491442664676e+01 5.987595697621333102e+01 -8.949011625840608275e-03 -1.442343965662644933e+01 -6.739587429970586641e+01 2.591592235675327593e+00 -3.613730082535399646e+01 -6.583669226531703167e-01 -2.191224340595780262e+01 6.803674564035276262e+00
1.271239152926296754e+02 -9.216365960075158625e+00 -3.351152976588345211e+01 6.961523034287758094e+01 3.993926598316838827e+00 -4.618727854465809912e+00 -3.433693862319670842e+01 8.926196451705841639e+00 -2.587102909356725888e+01 7.461105890813193753e+00 -6.861204661141896644e+00 7.331880759371589562e-01
8.335700306183457542e+01 -2.742706263127868027e+01 -2.133709067095363565e+01 8.429784865257175852e+01 2.040151589058700665e+01 2.086861481674667118e+01 -2.084033487332466095e+01 8.729083807806155448e+00 -2.075711918233523079e+01 -2.328447222635850800e+00 -1.606286387869208099e+01 -1.382854397181647155e+00
8.788049086203676552e+01 -4.395683894144477222e+01 -5.647092787093107091e+01 6.931543835635669382e+01 -7.907871444001083105e+00 -2.325741679290090502e+01 -4.670680787595901506e+01 1.638620091798186351e+01 -2.261557679926034581e+01 2.042356481166646809e+00 -2.743881397137197453e+01 5.610147571245210685e+00
6.711960880412821950e+01 -2.590938179705447197e+01 -1.887676582447643270e+01 6.659542594281391814e+01 1.185169252337868784e+01 -9.668913900239568093e+00 -3.852099159099000758e+01 3.340155127864175455e+00 -1.410719545309783030e+01 1.657185777367472523e+00 -1.368684933014383454e+01 2.278334748939899512e+00
2.554429231633107023e+01 -5.492976782600946706e+01 -4.074313814879103290e+01 3.375009354264416572e+01 -1.674811332269947073e+01 -3.320286812191372405e+01 -5.564420958874850953e+01 -1.634800238493321700e+01 -2.935308533507653195e+01 -1.611478065669590620e+01 -2.090636051004034002e+01 -9.158546139958674281e-01
8.386367808790868139e+01 -2.566613635484850064e+01 -3.425144716651528398e+01 4.108786771486361999e+01 -6.026805048030182910e+00 -4.765957485700557328e+00 -3.159019692637257037e+01 -5.010855428209780804e+00 -2.626734291683833433e+01 -1.951794418673507669e+00 -8.927462557909596086e+00 -7.921044510395931493e-01
1.162288727754727233e+02 -5.245047355859068716e+01 -6.297815616792988180e+01 8.741502305070497414e+01 -2.107181515437365249e+01 -3.880873153113010510e+00 -5.269826963178900314e+01 1.295024563961801789e+01 -2.540262761723113627e+01 -3.099078212271217936e+00 -1.791106567512350978e+01 1.698005928216958171e+00
5.110897647388041776e+01 -3.160541757531795781e+01 -2.616604837013553464e+01 4.785332238984786102e+01 -3.858226145706654009e+00 -1.842870436838755666e+01 -3.897205176731582554e+01 6.134056853789661368e+00 -1.125997938573901180e+01 -2.624574083904556598e+00 -2.248557669224827293e+01 -7.258375611685497830e+00
6.588004072808541878e+01 -5.566855670998619132e+01 -6.049876495767576046e+01 6.174808768824606631e+01 2.432762300014759127e+00 3.139878129343328883e+00 -4.181440814920314608e+01 6.078873281960695429e+00 -2.082522029854735379e+01 5.221027835586784960e+00 -1.477760140191269222e+01 2.757897998909728088e+00
8.072399399348623206e+01 -4.449938214200096098e+01 -6.972451483744228540e+01 3.177693099980385938e+01 -8.207167547422484333e+00 -2.632449021733751593e+01 -6.361435841422925819e+01 -9.464534929696345245e+00 -3.196280456597066433e+01 -1.300091183246617632e+01 -3.389302692194872435e+01 -8.988774591292385097e+00
1.095220615111355471e+02 -5.465158433406266170e+01 -8.727740382428235932e+01 6.208995627930637795e+01 -4.129111292420684087e+00 6.928664818999497932e+00 -5.191437376877468779e+01 1.094219278013354213e+01 -1.925781300044916478e+01 9.267080605014104577e+00 -1.915976195426075535e+01 1.584916597728483367e+01
8.486581903137060579e+01 -2.794915949109970654e+01 -5.676094479308791563e+01 3.328919948459110856e+01 7.769573888131116046e-01 -7.474436066879269092e+00 -4.633912792561530125e+01 9.706860240744179524e-01 -2.000896610611862414e+01 -5.961885613045617482e+00 -2.881834252195309887e+01 8.168656038311914003e+00
1.144323267921964487e+02 -2.591138299852614679e+01 -5.890480347780538040e+01 4.909999082083446353e+01 -3.385118812306044944e+00 -1.286728111992690060e+01 -5.009424668912588885e+01 4.996789811666965342e+00 -2.524772421564487956e+01 9.508793151500682939e-02 -1.827070612667889549e+01 9.453196194836118949e+00
1.532335122059160710e+02 -5.436450924097505855e+00 -5.220585412166791173e+01 6.276360400979714882e+01 3.376919479501535815e+00 -1.356878330756476014e+00 -3.823941817905843266e+01 1.215633619128085918e+01 -2.617107862947896635e+01 2.784324950524925235e+00 -2.313756088963724977e+01 2.927925059398003516e+00
5.591086674849010763e+01 -1.878437027500759626e+01 -1.962421905723275017e+01 3.280526799229721036e+01 1.677496245729208368e+01 2.970867990989594531e+00 -2.735198847006405032e+01 -8.184788989570257911e+00 -1.195468826991517197e+01 1.319619911109411348e+00 -1.286561336538532885e+01 -5.747537884094489513e+00
1.793864513539094787e+02 1.421532235761651108e+01 -4.608531962163334583e+01 6.824303279665036825e+01 1.831242292427725005e+01 -2.811503832524319790e+00 -3.348970708753740411e+01 1.862881546251669818e+01 -2.637023648756346361e+01 1.493375976818127526e+01 -1.407071637826230415e+01 1.060925496027735804e+01
5.154306777160474695e+01 -1.203061976045145620e+01 -1.246535099750723141e+01 8.154880909536112554e+00 1.065009533392567320e+00 -8.048921547130946763e+00 -2.048553002277605373e+01 -6.868453041711537921e+00 7.525488159230642182e-02 7.530892584799783407e+00 -1.302587118613608652e+00 -3.154742100197820420e+00
1.007607874471743798e+02 1.591704278932230388e+01 -1.549601367354019743e+01 1.677844082193408637e+00 -1.384902449907409405e+00 -1.209416085002307906e+00 -2.856801410695436516e+01 -2.033015938013485169e+01 -1.398014164637656620e+01 6.348402417425644373e+00 -7.178504056861051197e+00 -9.348017234000577602e+00
1.334715241031262281e+02 1.449691148448166800e+01 -3.135019299564456219e+01 3.217137078066485145e+01 1.332469105301429124e+01 8.695034792823491898e+00 -5.083877807146575378e+01 -3.197966321515699306e+01 -3.307061999260180585e+01 6.865119434629266770e+00 -1.107300752952581924e+01 4.129331250652584773e-01
1.561563714797161992e+02 2.951227824875707384e+01 -4.092132489298221998e+01 8.238418576474296984e+00 1.014499482869160829e+01 1.688213160891753972e+01 -3.701663830042592451e+01 -2.285998473702506928e+01 -3.519035654376394007e+01 1.984697363103873347e+00 -8.887753694150127615e+00 8.082490661300097301e+00
1.635569468716888082e+02 1.992537901968415071e+01 -4.856663627611989398e+01 1.188681127566265872e+01 -3.553107701915819039e+00 -3.281406404607381866e+00 -4.636034788784714067e+01 -1.568623000238870091e+01 -2.815860217560360468e+01 5.838519960107875661e+00 -1.352657196983800603e+01 2.066207581593699771e-01
1.150565722313727122e+02 1.973481217667251997e+01 -1.501584381750765473e+01 1.214561332776552760e+01 7.209809189666631646e+00 3.851331048059720263e+00 -3.003173839384799493e+01 -2.179307690113407858e+01 -2.178023719544646042e+01 1.653241643408623673e+00 -5.161652331944949879e+00 2.974618259162975509e+00
1.685114605653942021e+02 1.587596744508875091e+01 -4.327006285809622455e+01 4.373302024607219352e+01 1.077602566021411690e+01 1.996955111433020846e+01 -4.218936150918302985e+01 -1.465443771757406211e+01 -3.173097456594762633e+01 7.088778970672029445e+00 -1.494946646951684599e+01 -2.654598757117668129e+00
9.770594333651980889e+01 7.479957287983163283e+00 -2.139658085848509117e+01 2.592564392417958175e+01 2.884766581093317939e+01 2.177784836296608972e+01 -2.558988835083382440e+01 -1.833439684380551427e+01 -2.374830414722204708e+01 4.254667228233888210e-01 -9.218322639600724955e+00 5.962750266679464062e-01
7.165993746129930742e+01 -7.110932119364550275e-01 -1.155306177085524055e+01 4.760833379558794931e+00 -4.799738680427978466e-01 -3.720915476133193067e+00 -1.948829500608370324e+01 -1.746513502140778229e+01 -2.201053876640881768e+01 -1.447218820595912092e+01 -1.885392249797679654e+01 -1.760010651566955175e+01
1.277866604023013366e+02 2.392953443647755307e+01 -2.441867529166527717e+01 5.317139317462401538e-01 8.602500224823282693e+00 1.751990249139228695e+01 -1.552198377073067803e+01 -1.174996500532859933e+01 -1.557709400620199958e+01 8.394039599563921428e+00 -1.556122987243544475e+00 1.433450773730435834e+00
1.307892692613863517e+02 2.203596447834961225e+01 -2.888968739615635783e+01 1.261728257479973081e+00 1.033525843079961071e+01 1.593484573443391028e+01 -1.568545598796672458e+01 -4.864486658524938889e+00 -9.930485208053621449e+00 6.711241881188662717e+00 -7.815328944262492250e+00 1.684070485110819471e+00
1.116488023533152898e+02 2.015862443441648111e+01 -1.804227981308208228e+01 -1.912864089782745580e+00 7.659462296600693776e+00 1.761936148749505904e+01 -6.701347781634659384e+00 -8.172985865160788066e+00 -1.378776181888846430e+01 3.744534672329126401e+00 -1.665458981014524387e+00 3.204263032150664881e-01
8.265108864760317431e+01 6.920934968985315017e+00 -1.121096991813598898e+01 9.589906440519206043e+00 1.689108135105178121e+01 1.845965368407448537e+01 -6.412894383894464312e+00 -6.440393659449401120e+00 -3.592022017358696750e+00 1.173211431367678159e+01 1.795971585631920053e+00 -3.124728673270413815e+00
1.427949600032994226e+02 -1.127014859655357970e+00 -5.905330783609888101e+01 1.609080406913119532e+01 5.982808216273937774e+00 1.477653251397494216e+01 -3.019339690385280051e+01 -2.993743352165761262e+00 -2.138926630536057161e+01 1.443933353084214666e+00 -2.098059012312295124e+01 -1.824947411774884731e+00
1.178869047500933789e+02 -3.445244327751333824e+00 -4.424828630749432534e+01 1.909996110068719588e+01 1.034818944636654336e+01 1.562956925204588643e+01 -2.472710992888127635e+01 -4.653778226162552656e+00 -1.656179797755727634e+01 6.323774209490388820e+00 -6.965012952072150654e+00 1.399658144573261964e+01
1.297670389006901814e+02 7.317186842971140415e+00 -3.907026436258412616e+01 1.999641402135739199e+01 1.021736467537263593e+01 4.020598418310504130e+00 -3.356445266175327902e+01 -7.384906604440645062e+00 -2.533970870296962019e+01 -1.100307631481584814e+01 -1.760390229064454459e+01 1.498830958345946129e+01
9.828750770042910290e+01 6.282309627635779492e+00 -2.035598024127061478e+01 1.145594187026713584e+01 1.121917409087349959e+01 8.725678597821769245e+00 -2.048990696536924716e+01 -1.588996122665834854e+01 -2.432087673008428652e+01 -1.140460354941267695e+01 -1.621822983831316023e+01 -7.088663173242082394e-02
1.663049748915028658e+02 1.591030276780650965e+01 -5.077405865315260058e+01 2.608559103673570689e+01 1.030788575285408015e+01 1.542514967541252702e+01 -3.176418294160447431e+01 -8.751282712631617500e+00 -3.495297381195631203e+01 -1.538910477583527836e+00 -2.030064015573984904e+01 9.310421647630185760e+00
1.209874584103896780e+02 1.368344491542294605e+01 -2.714910293595805157e+01 2.039660686655666666e+01 2.146721733791589770e+01 2.118217046008276938e+01 -2.126688323657563728e+01 -1.562784110286656869e+01 -3.341705482720342246e+01 -1.645535430020708390e+01 -2.386116465706153278e+01 2.905387857529846407e+00
1.363904191513221917e+02 1.616596337660737248e+01 -3.338161074970666675e+01 2.605200882966838094e+01 1.868043870831252917e+01 1.603130484225806285e+01 -3.723909351586440408e+01 -2.328202507080798966e+01 -3.464998959386458921e+01 -6.271144689061816990e+00 -2.006589004173819291e+01 1.038336081488849594e+00
2.006752151381406861e+02 1.177751690423900044e+01 -7.935031411813412205e+01 5.294874573621821412e+01 1.773670684946875298e+01 1.272754554430859741e+01 -5.933710756452603619e+01 -8.241967846636322648e+00 -4.200303915750136952e+01 5.741504432148422765e+00 -2.980660384201818403e+01 8.462645060298221722e+00
1.040301600939113769e+02 2.007955361405851136e+01 -4.462741397581639902e+00 1.759202059826826314e+01 8.939961777787852171e+00 8.109676689663523064e+00 -2.042014696935704521e+01 -1.805325693773682616e+01 -2.133355119751218965e+01 -2.977986939990886484e-01 -5.443935583745847850e+00 -3.180729590016985853e+00
1.420596876960762813e+02 2.839257378477718774e+01 -3.289588787751178245e+01 -2.698711976397917489e+00 5.211038569665170428e+00 1.413205213272730099e+01 -2.454539387650335414e+01 -1.763094888771562907e+01 -2.976062084610292402e+01 -9.645906218509715302e+00 -1.987260108878792053e+01 -2.202119310440794564e+00
1.292423566661596510e+02 1.788996804803308294e+01 -3.087752990105775552e+01 1.251348648449694423e+01 1.135766384083642855e+01 2.119687135092512875e+01 -2.127881136973317666e+01 -1.579674503617625803e+01 -2.973301952018296390e+01 -4.336669491319826264e+00 -2.184808527903689068e+01 -1.610395583822324994e+01
2.013295194510739066e+02 3.698126760242476507e+01 -6.495113305029454409e+01 1.216750555036418646e+01 1.398125868640935821e+01 2.228661937947303784e+01 -3.936733851733166745e+01 -7.976967889172088100e+00 -3.477916096208551266e+01 6.132828686903521564e+00 -2.150989650766432959e+01 -3.759583438122077403e+00
1.072198905380480767e+02 1.635317150891927795e+01 -1.937524702620969563e+01 9.501905717064079937e+00 8.117172362722582690e+00 1.021929519616751492e+01 -2.810839185235816018e+01 -2.699208892081993838e+01 -3.137039097921724107e+01 -3.111216113057083010e+00 -1.137953841410448419e+01 -8.187842454039710560e+00
1.234782310855596705e+02 1.482109756025229075e+01 -2.194657089037107767e+01 2.510912390248019932e+01 1.622478159751093330e+01 1.590473293888374329e+01 -2.589836721754362614e+01 -1.326359114944862760e+01 -1.543579490642524732e+01 1.211588456972090100e+01 -2.994309052742932131e+00 5.607002315402029868e-01
1.143065864845411710e+02 1.947181491208483806e+01 -2.439236406272444668e+01 9.856418082945392456e+00 1.361721192234380240e+01 1.697572615428688181e+01 -2.822391237405060949e+01 -2.094080377447759034e+01 -1.903456811591209430e+01 1.511298298510907046e+01 2.969530797994908156e-01 4.956756257632499718e-01
8.192424101046196938e+01 3.875228528508225967e+00 -1.296963450900854298e+01 1.862364093216898908e+01 1.458984032930301566e+01 1.192759187440582913e+01 -1.635745747345522716e+01 -6.352185917100776180e+00 -6.230017705751157209e+00 8.496077981557622394e+00 -8.482693065347786998e+00 -1.353294436962283065e+01
2.146694847902278696e+02 1.578263892025434600e+01 -7.735231815981417469e+01 5.996883390739306918e+01 1.775384157214479686e+01 4.359491893303128052e+01 -3.956029835360027391e+01 3.483840389336631205e+00 -2.667946849169030088e+01 2.563158774183511213e+01 -2.764955144979584389e+01 -9.074918405555580492e+00
1.200841009029285829e+02 1.322399328912951644e+00 -4.236815002868798530e+01 2.681689317780291759e+01 2.395782818463208841e+01 3.088313426400622319e+01 -2.205692243019353072e+01 -7.753041463699258173e+00 -2.088104972218682676e+01 2.816667978581310905e-02 -2.877126608991423495e+01 -1.843490425743007677e+01
1.199066471534673610e+02 -4.410112440953181112e-01 -6.251612489074548762e+01 -5.424217349374336195e+00 4.157422820613644099e+00 2.188763323233978042e+01 -3.489957435761262161e+01 -2.973077741228311055e+01 -4.369045302641431761e+01 -1.077608699411067761e+01 -3.225783850348017268e+01 -2.190101258295463538e+01
9.283325512461085793e+01 2.640854848807719701e+00 -2.780725639716569475e+01 5.962225237025839064e+00 1.265782371545037144e+01 1.907622029004142306e+01 -1.331774136271099707e+01 -1.181514960014003712e+01 -2.053233663540660814e+01 -5.846351271390454407e+00 -2.317820674641099998e+01 -2.106833962724198273e+01
1.158154102369139196e+02 1.159839461433979224e+01 -4.400785816856215860e+01 -2.677998953035508833e+00 1.094484497326660133e+01 2.686709715228194284e+01 -2.039441774777246508e+01 -1.756248769932220455e+01 -2.595439636397157557e+01 2.727351894252516118e+00 -2.160746210375230447e+01 -2.026184113273782117e+01
7.795884554398521971e+01 -1.030294849163437387e+00 -1.659157521847420469e+01 8.673854440591629356e+00 1.534817972050482382e+01 2.118805745342919522e+01 1.666008350946410088e+00 -1.992635078511062030e+00 -1.485093843955373316e+01 -1.207675227496579140e+01 -2.021070346905970183e+01 -1.269694851231180088e+01
1.470797547179404035e+02 2.008336943642959938e+01 -4.819638706987804966e+01 6.682868816998881023e+00 1.599828085586701576e+01 3.418788196143114533e+01 -2.015975752081449457e+01 -1.082857362452138972e+01 -2.292597680520075443e+01 9.324232674808140331e+00 -1.453082672626722527e+01 -7.123849541252761597e+00
1.208525537041514042e+02 1.021080786983008792e+01 -3.747038278720065563e+01 1.179851141799544578e+01 2.264245025265039502e+01 2.945202440870145466e+01 -1.481399471927054279e+01 -8.122683269490876157e+00 -2.026968647930363687e+01 -1.701334007015159688e+00 -2.358844087266706779e+01 -1.528480426712828333e+01
1.487518300776338265e+02 -3.567540135691587899e+00 -6.801183621685575531e+01 2.070123276136661161e+01 2.007569596242428744e+01 5.124688186715962956e+01 -6.793786274162314953e+00 6.271241672207395368e+00 -2.328717075664465597e+01 2.857374569447693080e+00 -2.310557487618200412e+01 -1.033363207386573279e+01
1.400846167235002042e+02 -3.679801458918707802e+00 -7.354714110857941023e+01 7.864260761109273190e+00 1.692544070211241802e+01 4.734547027949184184e+01 -7.682572792377598603e+00 -5.647728850985061833e+00 -4.584584705551039008e+01 -1.159701476379350638e+01 -3.343279404402973398e+01 -1.760930268465675042e+01
1.707048528023490803e+02 1.106332692576182808e+01 -6.896623937584207908e+01 2.508383888329792200e+01 2.330775963170841081e+01 5.685605193861231044e+01 -5.023202520830762019e+00 4.719724003133629608e+00 -3.544615204012853837e+01 1.543006479278486776e+00 -2.947994158648705820e+01 -1.126005148414719415e+01
9.077358138878027205e+01 -9.812603083052536812e-01 -4.053039722280504975e+01 9.204458300468862930e+00 3.398859244031619653e+01 5.470397462875149586e+01 3.795427068528023362e+00 -9.968280528877883739e+00 -2.959236576643440131e+01 -4.399637358439727919e+00 -1.802099855922575955e+01 -9.846797644098440827e+00
7.013997485901892048e+01 -1.350837504848336579e+01 -2.866328743626022302e+01 9.848512011388731224e+00 1.901770235453855662e+01 2.622762933999986856e+01 -6.862397467961526276e-01 -2.521918401657874398e+00 -1.348926523261774513e+01 -3.826836086955059724e+00 -1.299352727199354796e+01 -6.763355391511458592e+00
1.251666871769929941e+02 -9.697048711885443595e+00 -7.000802920908670046e+01 1.345201086571031013e+01 2.486725261083390137e+01 5.367398299602628242e+01 7.362560115214574097e+00 1.853079246016921999e+01 -1.926716854957677683e+01 2.460939318507914031e+00 -2.434739877931873053e+01 -6.360441605831593570e+00
9.317286032871592738e+01 -1.095602788277712136e+01 -4.863704682047271888e+01 -6.943486727557099059e+00 6.931195214958306039e+00 2.749815467955957615e+01 9.515876844539750135e-01 4.015110766209775139e-01 -2.139415000166589209e+01 -9.615198779625988124e+00 -1.901694906447739442e+01 -5.234730568721818855e+00
9.093659386721569149e+01 -1.345640168942950154e+01 -4.766177281511052399e+01 1.087719933302215836e+01 2.396036410484900969e+01 3.974659734310106529e+01 -2.553161538800277519e+00 1.614904926263183160e-01 -1.365993857170671966e+01 7.254653116717623362e+00 -9.330271541735484675e+00 -2.238633703901775629e-01
1.339530096609108796e+02 1.138744803494472180e+01 -5.016903154775569362e+01 1.525485819969455825e+01 2.879647821788579165e+01 5.977405646842950659e+01 6.263509869540191843e+00 4.734486253744827344e-01 -2.542751712491462257e+01 9.918002936579418005e+00 -1.482235738481593046e+01 -3.697497142430670181e+00
1.174509159719669924e+02 -3.294489348292968245e+00 -6.087270466950761261e+01 1.388776226923559420e+01 3.228894745445684578e+01 6.842687407903068220e+01 9.612007133871035336e+00 4.516026659303885360e+00 -2.902682780744819979e+01 -1.207129225431747166e+00 -2.194255472043190025e+01 -5.889298521369401129e+00
1.382103252799968232e+02 5.580061711381058664e+00 -4.795738917863275219e+01 2.216577874970181483e+01 1.579576858818907681e+01 4.478665215393369436e+01 1.217355943842633792e+01 1.874554637418379599e+01 -1.620658363350104736e+01 1.314919350261406983e+01 -1.194264984874491020e+01 -5.092097149172792214e+00
1.824058208915857620e+02 1.428770513128940856e+01 -8.672448348348430613e+01 7.034044647312795995e+00 7.704676801926899188e+00 5.786632669893671022e+01 -1.527025909003338811e+01 -5.298950608285671215e+00 -3.347624816361810929e+01 2.294128281955010351e+01 -1.440775999895060266e+01 -1.739898981895242169e+00
9.588966575959692307e+01 1.502015052155654118e-01 -3.168536820311206270e+01 4.379814410681339698e-01 9.192712371493193757e+00 1.867962647387835773e+01 -5.670185195445243131e+00 -1.831507386297380524e+00 -1.202956911303632381e+01 -2.890862134959850671e-01 -1.123239133555324720e+01 -3.238631906059575627e+00
1.221787186923280757e+02 -1.387825449201087480e+01 -6.960605226366367049e+01 2.400450902043483836e+01 3.143097471885673500e+01 6.069617869521530196e+01 -1.638629476060169399e+00 3.998346714960403503e+00 -2.939718481109196802e+01 -3.558446218585347154e-01 -2.327039796179062137e+01 -3.612643748631000129e+00
1.012913339784753362e+02 -6.073501580170331593e+00 -4.393052730920984317e+01 7.405314324641755874e+00 1.884785356438527515e+01 4.377525050914346849e+01 9.364686100010064962e+00 7.045844010391803636e+00 -1.543181815017139513e+01 1.791676239781242019e+00 -1.336647990103547556e+01 -5.328426203804951911e+00
1.018458015943234329e+02 2.783263277527728619e+00 -3.706023125743958246e+01 2.196811778733949438e+01 3.089046220285946731e+01 5.100515021835568064e+01 1.191735051754356789e+00 -3.393629897613077873e+00 -2.510936037793434394e+01 -1.969702454316407669e+00 -2.938134329369266595e+01 -2.230100229731855421e+01
1.084790760758192221e+02 5.620443604281704530e+00 -2.640897292992432099e+01 3.086960063089399497e+01 2.790989547830915996e+01 3.263152855902311700e+01 -1.487259722260690964e+01 -1.751838208871248170e+01 -3.602745105667007408e+01 -2.687826017259691724e+00 -1.384526958085796622e+01 -8.296382965846529345e+00
1.867194996541271621e+02 -2.872498086621556368e+00 -8.923590871062407359e+01 4.624719723748131628e+01 2.337908901064242428e+01 5.147123276584227369e+01 -8.916587511467778171e+00 1.665797375959272486e+01 -3.888217032212333635e+01 1.203470570505591120e+01 -2.851559646280761484e+01 -1.278590714853588040e+01
1.290704737951493826e+02 1.710303381344231255e+01 -2.596255240749670534e+01 2.887809578168204183e+01 3.021754413554911167e+01 3.316866116051625113e+01 -5.471591994512142065e+00 1.027038653908751442e+01 -5.309218009818746253e+00 1.095376697240439512e+01 -9.227382148610111301e+00 -2.982974123031518765e+00
1.161839113292019618e+02 7.809555031264942215e+00 -4.087725074493132382e+01 2.812678288331083110e+01 3.644052902241060110e+01 6.083284860419666984e+01 3.404455640379446812e+00 1.003538279576887682e+00 -2.350493670067228891e+01 6.671947533413037590e+00 -2.567707653164656278e+01 -2.427710303513349643e+01
1.316437118534843478e+02 1.645559677046464220e+00 -4.071523493640646052e+01 2.556570308669159530e+01 1.361335990632952431e+01 3.176112344584875302e+01 -3.700144901566944977e+00 1.397162980872645477e+01 -6.420740839899366392e+00 1.095051612170149724e+01 -1.460144785115468835e+01 -1.507447676655017688e+01
1.176858506858428655e+02 1.580562813486117868e+01 -2.157109595976773164e+01 2.147212213805931214e+01 2.009834948753243822e+01 2.844421248238663225e+01 -6.829183650237345304e+00 3.048073404956766375e+00 -2.858480799165522335e+00 1.481927823245463216e+01 -1.550021110437212002e+01 -1.915731133890174931e+01
1.207828072105150738e+02 3.027003826193828218e+01 -5.528448216857332120e+00 2.074662516944827928e+01 2.356728367798757162e+01 2.655601754879617360e+01 -6.279158190864770006e+00 1.894415462015823337e+00 -1.193645797946361276e+00 5.773215346212547949e+00 -1.935964992624924719e+01 -2.073038433247081969e+01
1.019540636911226272e+02 2.217541152208220367e+01 -5.490826870476087862e+00 1.656653064541175269e+01 1.380099218373173464e+01 1.159339293748647393e+01 -2.213142678705598954e+01 -1.850011632002788531e+01 -1.593611570676513267e+01 8.589163578685090172e+00 -3.977705919571261628e+00 -1.012552977130648557e+01
1.044137705730611003e+02 2.361291787513811968e+01 -1.436155783872796743e+00 8.849297170597367312e+00 4.297292075172922665e+00 1.646306715940524690e+00 -1.704565774660679978e+01 -1.580857387540657832e+01 -2.015653910753257705e+01 -6.049600220457333144e+00 -9.276480113693072127e+00 -1.100620319137861003e+01
1.794256452074225194e+02 1.343426827094437037e+01 -4.145660658130134379e+01 6.563660433343241607e+01 1.933818016226136649e+01 3.497995681199721929e+01 -3.885689693813812084e+01 -1.119547919101007949e+01 -2.650185063768529403e+01 1.967864115501930655e+01 -1.849912981856925764e+00 1.117259230842258866e+01
1.083300309114545712e+02 2.600864100015698810e+01 -7.966872461088088997e+00 1.111892282403504950e+01 1.355553562818045243e+01 1.587730239470059246e+01 -1.699076471076997308e+01 -1.743161862755480840e+01 -1.878237365706547735e+01 3.394830579672625248e-01 -1.769236129771700661e+01 -2.236757752807456967e+01
1.110867786848968422e+02 2.304728051476339079e+00 -2.071851925411820616e+01 4.303166521877298578e+01 2.521872515105520307e+01 2.446266037634747903e+01 -1.525287045369219108e+00 1.761307046210491478e+01 -3.482288507322611970e+00 1.350693599891735630e+01 -3.925292419291829482e+00 -2.372998504898150784e+00
9.570691827481547875e+01 8.295921391972839842e+00 -1.960308227611571041e+01 4.317830467497978830e+00 2.656187300887439040e+00 1.179827989900303020e+00 -2.570541641926682530e+01 -1.772004401115778904e+01 -2.095368467802919810e+01 -1.268159699124002771e+01 -2.776810504773655452e+01 -2.372170342300480428e+01
9.997493188276388310e+01 1.103219722898829858e+01 -6.467169580881254376e+00 2.382724326062484010e+01 -3.681599683591116889e-01 8.118137120260263018e+00 8.516676466764638853e-02 5.910578572834640276e+00 -2.232728491239500812e+01 -9.980178128251912639e+00 -2.583395356751907457e+00 4.723513694546792596e-01
1.099614103399921987e+02 1.875578379705464371e+01 -7.067158047825767397e+00 2.288838072733482676e+01 1.574639590247293341e+01 1.814035681373969311e+01 -3.415960289106042325e+00 6.222490554537265517e+00 -5.373147164419787458e+00 3.458200881007409855e+00 -8.239040008565766016e+00 -5.786038357794474507e+00
9.014501729589551360e+01 1.174297880900584090e+01 3.321717374491904629e+00 3.312139804865986292e+01 1.153248994585108989e+01 7.999444271180955468e+00 -9.440750409567767676e+00 -3.725841086110977862e+00 -1.207134826686952778e+01 5.946236724909613969e+00 -2.846039883784821534e+00 -7.440857040170285153e+00
1.437735215051446858e+02 2.809520416552425104e+01 -1.104156809717902732e+01 4.213885696395243485e+01 1.852469937566847591e+01 1.596377353637894814e+01 -2.229179568677210455e+01 -4.283919470850147349e+00 -1.513413846290131914e+01 1.048979905306325833e+01 -1.391868764097976552e+01 -1.151206789900448513e+01
1.479205797651965781e+02 3.071838158691535625e+01 -4.073265567343056226e+00 5.131778237245800511e+01 1.945795214088516900e+01 1.851257348915589063e+01 -8.883110318158747631e+00 2.320607016961599989e+00 -1.586621293309313785e+01 1.426195822685130210e+01 -1.259720332027708878e+01 -1.690676374845463670e+01
1.551824475066748050e+02 3.920878135318708502e+01 -2.021795433734214331e+00 4.293457002392526789e+01 1.606446559606222024e+01 1.176567675849059569e+01 -1.542956693842088178e+01 -3.497384466908953993e+00 -3.062181118219800169e+01 -6.069349316225506996e+00 -1.708296080039306730e+01 -1.300975604288911569e+01
8.564044580316968336e+01 1.589583072276694331e+01 7.463442826987313872e+00 1.805748111708854964e+01 2.970026196916550898e-01 -3.864365199516304195e+00 -1.338110924834409943e+01 -1.448239625884421145e+01 -2.224750586902485594e+01 -1.104623936428893316e+01 -1.762622214151540945e+01 -2.208436756071006002e+01
1.097172258786478380e+02 1.081610154943707158e+01 -1.432488812119296284e+01 1.776103873370197306e+01 -1.521362873802107440e+00 -3.048028357628675078e+00 -9.012439922978691342e+00 4.356524971016728642e-02 -2.108906775152944135e+01 -4.517783572927097424e+00 -1.397546391088133788e+01 -7.810363820845229732e+00
1.033500738860742985e+02 1.264192483289762770e+01 -3.543579577717762774e+00 3.356701238379848462e+01 9.500559520072370034e+00 2.942497563496270008e+00 -1.279847516570467114e+01 4.086323909624009154e+00 -5.859633125317779800e+00 7.668477024168629086e+00 -9.284182586762725009e+00 -1.170268611368304157e+01
8.937807550322378347e+01 1.971812827628555453e+01 9.587841652805543902e+00 2.094108151736390511e+01 1.524354258632681791e+01 1.706029235919646325e+01 4.589438286759306429e-01 -2.353407370894990969e+00 -1.211044011202968784e+00 1.245458262431863261e+01 6.741262229575088583e+00 -1.810092631505549221e+00
1.024113399598641223e+02 3.122168996256369411e+01 1.684760252338648456e+01 2.216997520514842535e+01 9.206464483635805607e+00 1.856019522878735728e-01 -6.260776451475613236e+00 -5.223888583739944025e-01 -7.122298388202962016e+00 -1.746175328361833978e+00 -7.371485645885903715e+00 -7.965810476346320002e+00
1.041451742685598276e+02 3.270884037323131821e+01 1.404684276373836482e+01 1.194156249207897602e+01 3.554562815768749662e+00 -7.632585346133129445e-01 -1.326451293888604788e+01 -1.058339436082741791e+01 -8.436105435999586177e+00 -4.208537632246185822e+00 -9.931703577675495609e+00 -1.108526107434649965e+01
1.116119444685832889e+02 2.594926831442526094e+01 1.475031334680506490e+01 4.108006821016180510e+01 1.727201016673354417e+01 1.811202897665723910e+01 2.824509668078062141e+00 1.077469586260457568e+01 9.145901607478337247e-01 3.950068484548336478e+00 -8.780545266864967502e+00 -1.171292672098744703e+01
1.229318892013450579e+02 3.120976940545377687e+01 4.408074904895162405e+00 3.331418785916875436e+01 2.412121797956020686e+01 1.480954599808385908e+01 -9.066700535275902695e+00 3.789566899411610290e+00 -1.879862683217331965e+00 7.200009860585019794e+00 -9.332615391388525694e+00 -4.394760644943465522e+00
1.138808316315645470e+02 3.989169304244559555e+01 2.365470317957743873e+01 2.979981377967366996e+01 1.612542314265160925e+01 1.347536486181499349e+01 -5.168507772573335934e+00 -8.656369002410100322e+00 -9.731262102578831730e+00 -9.236127071011512868e-02 -1.162520286868558550e+01 -1.461654691164393682e+01
1.023429059890584938e+02 3.551750930199546730e+01 2.891097089097507933e+01 3.891203954613278171e+01 1.050115264837023155e+01 -4.644900689863251664e-01 -9.177667783037207982e+00 -1.385074690429651589e+00 -6.285222886799341602e+00 -4.964159557140310763e-01 -1.342943541605609070e+01 -1.989419617689740960e+01
9.929815944232510105e+01 7.068629022285238150e+00 -1.678129785724917777e+00 7.025854533685469505e+01 3.980762037593758862e+01 2.036606373156907424e+01 -9.942571956400756861e+00 6.533904185401391729e+00 -1.438732972038153513e+01 1.070953896366770941e+01 -1.975907615988542432e+01 -1.473956020438681591e+01
7.444914696699636636e+01 -1.290911361858113438e+01 -1.432522530200544608e+01 5.178746860222582882e+01 1.111930893071228432e+01 5.880704721102165244e+00 -9.782232622520195875e+00 -1.580408810974329725e-01 -2.404356381071148974e+01 9.426139622754135416e+00 8.567717171636697771e+00 -7.873561579759985385e+00
9.427834693914047648e+01 7.244343431921230092e+00 -1.154840542971501627e+00 2.983168667575020905e+01 3.821235204711987077e+00 1.334474530472800957e+00 -6.995676194314288665e+00 4.628028338487776949e+00 -3.560988065128785962e+00 9.224847751996774647e+00 -2.732189798660711766e+00 -5.431947444439022554e-01
1.009241104812757044e+02 -5.707281674203231958e+00 -2.088514371389319635e+01 5.171507575804172063e+01 1.917846572966400842e+01 7.883753183966129008e+00 -1.993993335311924398e+01 -1.095723551042532407e+01 -3.419129391036405252e+01 6.227953237205854364e+00 -1.664736002030199558e+00 3.826352693180042674e+00
6.948999360577383300e+01 -1.487210327242841323e+01 -8.622519637211073729e+00 6.302836581568715957e+01 2.172273639878574159e+01 4.225510092264375572e+00 -1.482293719545506683e+01 -1.237986658301534648e+00 -2.488212947435321709e+01 7.058454525876728169e+00 1.542609002932238571e+00 -4.410052444020942986e+00
8.310763430157162190e+01 -1.154086296307921700e+01 -1.606048717816473470e+01 6.031329027709190171e+01 1.872250002557724002e+01 1.924348666890564719e+00 -2.585465163133569000e+00 1.391469887516723603e+01 -2.639093213781272951e+01 3.267788304357720719e+00 -7.458878538713610062e+00 -1.150153266986513856e+01
6.464435096325266272e+01 -2.706717221275183505e+01 -2.582893493999003454e+01 4.706676643159255491e+01 1.071980823773959557e+01 3.135557479333773934e+00 -6.288720523739476320e+00 1.916245992331562675e+00 -2.936388811081689454e+01 2.681279037268903487e+00 -1.079428061322429855e+01 -1.041642524969653749e+01
7.280757567212936010e+01 -2.387586892545206751e+01 -2.140514047693640265e+01 5.284636149664704874e+01 1.592201753797631625e+00 -8.069697855021100708e+00 -1.068972135466471585e+01 9.741006581583473434e+00 -1.986924524642863688e+01 6.726011355257130120e+00 -1.702754810121814444e+01 -5.629383491189967614e+00
9.444799273225419256e+01 -1.469279833494760368e+01 -2.989802543252286426e+01 5.137510720457473212e+01 2.065665058798728637e+00 -1.220169200868978976e+01 -1.684180720478042659e+01 -5.786574773170380936e-01 -3.773546764874737391e+01 1.027416320252607917e+01 -2.326620840234302268e+00 -1.289326730045715763e+01
6.235530530589639397e+01 -1.662922493342025376e+01 -1.261782926923586956e+01 4.780322047675308283e+01 1.639396319240319144e+01 8.162412271625280269e+00 -1.787405850251982065e+00 5.139738439951653248e-01 -1.704039319611159442e+01 1.846432480777357910e+01 -1.017683121894817511e+01 -8.654367455293240141e+00
7.240569977844836558e+01 -1.628633752462314632e+01 -1.265493593753765467e+01 5.579881357307591117e+01 1.431018698347361617e+00 -1.388169138884550158e+01 -1.694545827022917095e+01 8.666524742488061150e+00 -1.444953162306010519e+01 1.042397319265541711e+01 -1.457923137932809787e+01 -7.091884470457699763e+00
8.593631517844913503e+01 -1.076014931577988243e+01 -1.827598128318556903e+01 5.584694745064682309e+01 9.016982074617143184e+00 -1.861630437020748818e+00 -1.123471882027287450e+01 1.184781323093708494e+01 -1.473196679759813321e+01 1.667146324331050167e+01 -3.736271333180639420e+00 -8.159272730068629187e+00
7.463395779965259180e+01 -2.061412583588546710e+01 -1.856035224136746109e+01 5.169556256038622166e+01 7.351767491058459614e-01 -8.517449464429752481e+00 -6.118930814630600956e+00 4.914393903131519359e+00 -3.018667786420547827e+01 1.313722717685484653e+00 -1.771204998008053622e+01 -3.463266844751512696e+00
7.388076385032137239e+01 -1.055691650898722855e+01 -6.994692183308709232e+00 4.509646382514770835e+01 1.434388744032155660e+00 -4.121680643428290658e+00 -6.963174500765583197e+00 7.462462151577797798e+00 -1.162572434417257661e+01 1.069692212795021646e+01 -4.426891065050141627e+00 -1.173942059559307616e+01
