-7.950174739824601033e+01 3.158966185618067612e+01 3.010890440464682882e+01 5.382814568362229046e+00 -2.641668890215592036e+00 1.014630408960700514e+01 -1.961191197745917991e+00 1.194023951029167208e+01 1.248334532553440113e+01 4.801896756856410597e+00 -2.150828806757342893e+00 -1.623528984195773006e+01
-6.448900461560194231e+01 4.041046634573017116e+01 3.903025905168865961e+01 8.474634461697505117e+00 2.336035792407567424e+00 1.581450570629398023e+01 -8.488750186945427600e+00 7.051576495021594226e+00 2.972656530943458719e+00 8.649584600648023702e-01 -4.137868794276172935e+00 1.199598112857190313e-01
-8.747897404338863225e+01 2.512363570134139223e+01 1.934715689238497305e+01 -5.585452152261974668e+00 -4.395438397442661405e+00 -8.203447686087479429e-01 -2.010889821526054888e+01 -3.268575069843074665e+00 -1.022278162190373507e+01 -9.006442121049333949e+00 -1.674312656932766785e+01 -1.616716563171149801e+01
-4.923592383906678549e+01 5.814977169376861355e+01 5.245270987867050394e+01 1.325746629269590926e+01 3.559757419203759543e+00 1.662745737460114981e+01 -1.184608600427733549e+01 4.618203573121546945e+00 -7.483056431800207520e+00 -1.299628496570255365e+01 -9.634502655239835178e+00 -1.231559200525463282e+01
-2.415358831788999439e+01 5.781842705603969534e+01 2.849440945963475258e+01 1.327202798107933290e+00 -4.142769588595125008e+00 -3.091563538650472953e+00 -1.063599536207730623e+01 2.541531735013899507e+00 -1.496905163124038651e+01 -2.400145758667974505e+01 -1.119942129165134759e+01 -1.500245653908992161e+01
-1.976657991086162980e+01 6.195860622362033610e+01 4.056209439765775926e+01 1.736919152808194156e+01 -6.122967195113360184e+00 7.946630143769256804e+00 1.203550937652917874e+00 3.029875383582231407e+00 -2.130017810046147986e+00 -9.784305386457944564e+00 -1.076449125010869423e+01 -1.764935157716358205e+01
1.368946258926945347e+01 6.910132843379753353e+01 3.674387034319775580e+01 6.810633985126960610e+00 6.498572475306783502e+00 1.152230434247312418e+00 -2.152026442562917552e+01 -8.434586207336479902e+00 -1.532854610216442204e+01 -1.179423835955468114e+01 -1.739034905102621931e+00 -1.183295954174361952e+00
1.815287289372795243e+01 6.568407920423400981e+01 2.411809916818788224e+01 -3.975787580950997935e-01 -6.243813424554755187e+00 -3.447138038040971075e+00 -2.323228919284030880e+01 -1.374823119201934674e+01 -1.202606445628201826e+01 -1.693987941905881200e+01 -1.718015133179677889e+01 -1.422015138567983961e+01
3.297116110421184487e+01 9.280971833841650209e+01 4.130317492248595102e+01 -6.346717697399103741e+00 -4.539688592472228557e+00 4.932465555791615941e+00 -7.466858124123975315e+00 1.325100980272309137e+01 1.900646719586607691e+00 -3.750329234946107260e+00 -2.027243738716212107e+00 -4.781925623265230740e+00
3.715190080157029939e+01 6.770148683987585514e+01 3.077956466562947213e+01 6.102083019434719979e+00 -9.233702931669961700e+00 -8.448200087426123162e+00 -1.980074317419808239e+01 -1.262246966748666743e+01 -1.615953756856941936e+01 -1.165630474551725726e+01 -7.127390598052347315e+00 -5.992878607851717554e+00
3.297540471191153699e+01 5.803973527128862742e+01 1.844445547338154157e+01 2.782773760473089553e+00 -3.087087066091164012e+00 -5.094094472197034484e+00 -1.829839784305095307e+01 -7.233695741966383430e+00 -1.160737915614622473e+01 -1.805829278367257729e+01 -1.627526698870225275e+01 -1.910815616045701404e+01
3.861323501212692122e+01 7.725104882537240769e+01 3.386045468853760809e+01 8.128990285040227803e+00 1.916013841491876146e+00 -3.495040349120079881e-01 -1.836428292050673861e+01 -8.719412912624985301e-01 -2.779478539939257420e+00 -7.837956258979948743e+00 -5.885736799012740050e+00 -6.219169111279385653e+00
3.278443393779875237e+01 1.020714478204442486e+02 5.745485499246201755e+01 5.145226154413976793e+00 -8.737720978125627980e+00 -4.572121385722703657e+00 -1.911569603427437158e+01 -4.821682579483807629e+00 3.715135278581138678e-02 1.122654254945565366e+00 -3.473703177132500208e+00 -8.298785496335918666e+00
4.362968389765343602e+01 6.748008459981646467e+01 3.468462106457111105e+01 1.208991240385940813e+01 5.660884696688937012e-01 5.323879274102414350e+00 -1.562014911949171392e+01 -6.601911567646297385e+00 -8.876278339077926516e-01 -6.643229613932698285e+00 -6.872625236351611377e+00 -1.976031138935799847e+00
4.556899222028773266e+01 5.120959943446993634e+01 1.293485943646439296e+01 -1.733159588047562760e+00 -3.793941636399993822e+00 -1.664601076192291362e+00 -2.044862569415271381e+01 -7.097334865713170515e+00 -1.090763063523025700e+01 -1.590787576793278646e+01 -8.101942466732637627e+00 -1.089944741012647356e+01
4.754199907718366092e+01 5.426114148933459802e+01 1.017110519851198092e+01 5.302651238921741061e+00 -6.666893590668053093e+00 9.009756539370108896e+00 -1.761773888236979957e+01 -4.399330850706560936e-01 -6.869380934665509031e+00 -1.078886103313139344e+01 -6.728890741906007555e+00 -1.697916151107336447e+01
3.765545460479749096e+01 6.154664227098049878e+01 2.822302920859280917e+01 1.317934096655221765e+01 6.850171688291325722e+00 1.324906621106310922e+01 -3.163084316776054283e+00 4.645661095484105552e+00 6.521447893615435198e+00 -1.703558716084633495e+00 -1.215186975608471798e+01 -1.212335017786232427e+01
2.362180668887068435e+01 1.031703691429737262e+02 5.869728149543976770e+01 -4.777277466800533112e+00 -5.713714247123268919e+00 9.950887372324084268e+00 -1.209861409021704759e+01 -2.889409265894498979e+00 -3.015931229419646087e+00 -6.925699713886467990e+00 -1.580813898031938169e+00 -9.129743479520158189e-02
2.293414855661499985e+01 7.181070055880661585e+01 2.505364166773162538e+01 2.846926196942375142e+00 -1.574047116096704446e+00 7.046898782267351891e+00 -1.432855412911205129e+01 -3.270889440299518114e+00 -8.066235108660418263e+00 -1.422987661643848156e+01 -7.762009057448067573e+00 -2.958296241584764452e+00
1.195606555439622554e+01 5.797225366175783279e+01 2.030961010742351647e+01 5.759476555799126096e+00 -2.225733484028474152e+00 1.300849809122944123e+01 -5.960671931624077047e+00 -3.408278416379393327e+00 -7.633320151538708132e+00 -4.096838912917856845e+00 -5.072906736557250440e+00 -9.277326262617604513e+00
-6.368739637566099532e+01 -3.108873558563825412e+01 5.937860996059563234e+01 -1.943370977150695822e+01 -2.636177369386007996e+01 -1.093328030947855467e+01 -1.092885128751012047e+01 8.453049048863432446e-01 1.577629497964503003e+01 -2.157296545913673924e+00 1.099154422403928244e+01 -1.355194546273988010e+01
8.658708514533186573e+00 -4.729384180662330905e+00 4.981480722346795886e+01 -2.941356734988681865e+01 -1.271273272370263641e+01 -5.021336043867999699e+00 -2.566318116480650957e+01 -2.061073615502376910e+01 3.560785887548779005e+00 4.059887957081176779e+00 1.778208118859021170e+01 -4.955831361793941348e+00
2.903736720988633735e+01 5.802429047692800879e+00 7.481102752221683971e+00 -3.926848071657293815e+01 -2.358821398505579836e+01 -1.430816299111426915e+01 -1.118332074469011062e+01 -2.372877096920074091e+00 -1.190965308556614843e+01 -3.096219334346197005e+00 2.236894844610619160e+00 -1.463322671126746854e+01
4.784532501795706594e+01 2.414130414663704371e+00 1.006666891510457518e+01 -4.107265001365334456e+01 -1.407176414899859296e+01 -2.064980307439230600e+01 -2.142090634561629958e+00 -6.848085902474497999e+00 9.227664225292057765e+00 -1.577735557068516092e+00 1.113060390655008192e+01 5.308998799497588905e+00
6.024483151050083762e+01 -1.625463537633660360e+00 -1.033777868569550229e+01 -4.390238808644378565e+01 -2.695109344814516561e+01 -6.187021724480270102e+00 -1.690130139296933720e+01 3.610621442500343559e+00 2.869272502078441978e+00 -2.498242114646978429e+00 -4.780627354325710954e+00 -9.152121249679353809e+00
7.990917271577498582e+01 7.916072438156598778e+00 -1.175521621851409648e+01 -2.440101199756567496e+01 -2.033127071605323266e+01 -1.542922959579242637e+01 -5.118817176023833682e+00 5.171173796225208008e+00 1.484887992160335379e+01 2.111404901081608543e+01 -9.976316279791208608e-01 1.436383180537151105e+01
8.192885475314210453e+01 7.405792982166818028e+00 1.119980441797740767e+01 -1.018045932633622641e+01 -2.463723921414973006e+01 -2.856534473110462491e-01 -2.442002092519759771e+01 1.224114474595879010e+01 7.804994578699238517e+00 1.692855959974718161e+00 1.080849048245490351e+01 -4.552654199269792201e-01
7.156704945298336895e+01 -5.313314392359874461e+00 7.790311553545272716e+00 -3.587664085830287775e+01 -3.822266489961253910e+01 -1.014996653864886866e+01 -2.263446463425594146e+01 6.252634939058412833e+00 1.632068865232766441e+01 -7.556473464872055956e+00 3.057871442554413122e+00 -4.462089573204060855e+00
8.616923632894690854e+01 1.766714113966279598e+01 8.603669967756472303e+00 -2.739435366522726412e+01 -3.963096917764706006e+01 -1.856508290911702375e+01 1.499773377412482844e+00 2.207922780012950170e+01 1.512841622734003089e+01 1.796615494211161401e+00 2.468210950284621674e+00 -1.496420137993227861e+01
9.695223118775894022e+01 2.745384965455111370e+01 6.561404169912421480e-02 -1.537126194098413379e+01 -1.032118345875107757e+01 -2.874062135160338016e+01 -5.368025740504290155e+00 2.043596220305624911e+01 1.340860547885825582e+01 -6.997043173600399513e+00 4.711403766770003720e-01 -1.606008162976089793e+01
5.809911205965373426e+01 5.038349750864455245e+01 -1.214329918682891307e+00 -2.501576187187497169e+01 -3.713584852855806417e+01 -2.657715149199641758e+01 -9.577122657598453159e+00 2.190052887395559367e+01 2.178653060395389929e+01 -2.440390864606730403e+01 1.548297612203575202e-02 -6.627546051194052268e+00
6.234832667692170105e+01 2.474393704040657127e+01 -1.355766139581822216e+01 -2.231800087674798050e+01 -4.072212798261713829e+01 -2.782378580629968923e+01 -1.211795718443991987e+01 8.622113322416343095e+00 -3.073998325069893234e-02 -1.023181765158649803e+01 -2.001383981316806171e+01 -2.310007505697632979e+01
8.123474761046698234e+01 5.303424075114975267e+01 -7.451477092658969070e+00 -1.697848203314385529e+01 -2.796197235413458770e+01 -2.569564947638182417e+01 5.151515009650061927e+00 2.309175783158273276e+01 1.572784509593593327e+01 7.568175119655071725e-01 -1.257018062419439808e+01 -2.515314171182875214e+01
7.105438940140319914e+01 3.366680317973427350e+01 -1.658807599595848359e+01 -2.771791787283902764e+01 -1.388495529982093402e+01 -1.809597414441729413e+01 -1.031592674793478182e+01 1.077673025928620376e+01 -1.317373819099965093e+00 -5.204183443281939603e+00 -2.037946102282077732e+01 -1.657068093521598939e+01
8.082184747142923698e+01 3.406207162949483092e+01 3.832218375826243584e+00 -6.114386147811519123e+00 -2.351794219625696059e+01 -1.362935790141346892e+01 5.788852082508791241e+00 9.994910494846642735e+00 1.349408710423296576e+00 -5.151451362276819879e+00 -8.894321305401144073e+00 -1.855132536478366490e+01
6.307973000962445553e+01 2.323104183477418161e+01 -3.150635876675040592e+01 -3.034612350769541322e+01 -2.873238862813225225e+01 -3.359080911872780462e+01 -5.969146261907843254e+00 -1.011714455309037852e+01 -1.120453005963804927e+01 -2.593399574205406211e+01 -2.213769339334479014e+01 -2.088975556629340247e+01
8.322616990780225876e+01 7.657960157570718707e+01 -6.059065104386356815e+00 -2.762334595689792494e+01 -1.791139219806254346e+01 -4.102855822291459731e+01 -5.554675115404883456e-02 1.271317154622225232e+01 -4.354884236385185403e+00 -5.773078184407633984e+00 -3.652220951880551070e+00 -9.399758145588847924e+00
5.595526086492925799e+01 7.655946161556954621e+01 6.116770061994399654e+00 -3.274890081844054635e+01 -3.081977306662068372e+01 -3.619502877438804944e+01 -1.176455347093162551e+01 9.416510435708087545e-01 -1.928078363425205310e+01 -9.914956986330626165e+00 -1.629722941549816184e+01 -2.358489910170848347e+01
4.051853786181564487e+01 6.908563672889184204e+01 3.260497727579898708e+01 -2.983110828617449073e+01 -2.663122613269764827e+01 -2.590825882883044073e+01 -2.089483621304315619e+01 -1.974199508871259212e+01 -2.698033110742578344e+01 1.521260604929764781e+00 -2.553842243279987656e+01 -2.796048728665461525e+01
5.971155537922349055e+01 7.090337491673280113e+01 1.951340741533665479e+01 1.639203825259387237e+00 -2.007583677930497146e+01 -7.685280377940648222e+00 -4.428129071691982332e+00 -1.056446925724764618e+01 -2.912601260077988030e+01 -6.021935192930793157e+00 -2.198166537244016538e+01 -1.789153976378332089e+01
6.077512509026627896e+01 6.316740259784982214e+01 2.846252686681543409e+01 -4.339265800027622966e+00 -8.099203457795756123e+00 -1.535625250534282493e+01 -1.315742855338408468e+01 -1.104450470041123822e+01 -1.781738734151177539e+01 -1.524875338091022492e+00 -1.883787867228439694e+01 -9.454877466747230841e+00
5.010408860445149770e+01 7.227758914764118003e+01 4.502710654327636064e+01 -7.456021490211828251e+00 -1.944160757466435996e+01 -1.700686250747488515e+01 -1.025902941709376925e+01 1.028227110470663064e-01 -2.091698174590161941e+01 6.325502487330801671e+00 -2.915259977013680270e+01 -1.742900903880721586e+01
5.097590746285381869e+01 6.859136751576815527e+01 4.741727334245463510e+01 -8.617131357447840756e+00 -1.751947049722077310e+01 -6.285376880480432860e+00 -1.102752122737687301e+01 -1.408087634912560659e+01 -1.903398494053838874e+01 5.792938834967543471e+00 -7.765355282050884433e+00 -1.086373007598121276e+01
4.753499075473638413e+01 7.862024261454308771e+01 4.970682177944865998e+01 6.413538307058899157e-01 -1.884812223963493949e+01 -1.060192290910732993e+01 1.103311652697823941e+00 -4.525143780263971571e-01 -2.365330962860580755e+01 9.729824511601915304e+00 -1.756040526409769953e+01 -2.208397690819781545e+01
4.811017563331675717e+01 7.761877097601501418e+01 3.721698448433993178e+01 1.494399237996369312e+00 -1.536390413973439628e+01 -1.180748360126484542e+01 4.009587567980275935e+00 2.157710005592893943e+00 -2.299931822365171641e+01 1.304805402141042592e+01 -1.761508832479922759e+01 -2.624315915148117284e+01
4.676945892014546757e+01 4.948466689362832938e+01 3.370531912451454559e+01 -3.928529248441177124e-01 -1.018743018748366858e+01 2.095451580463246088e+00 -6.411259008847787655e+00 -4.494590150567027820e+00 -1.865866478915104665e+01 4.288271975406437342e+00 -1.186793558856656006e+01 -1.618542529294183296e+01
5.211570098239717197e+01 2.195361112768206624e+01 1.103802710474439408e+01 -1.732441109995532003e+01 -1.766452214636814944e+01 -1.166662907082892886e+01 -1.809593313597363107e+01 -8.318098320171506188e+00 -2.140952132901903937e+01 -5.262221487363843764e+00 -1.184931665125979450e+01 -1.869405331557605265e+01
6.942490082202229473e+01 4.146424192890763294e+01 1.991413928961803848e+01 -2.786309689299832471e+00 -6.762275361397223072e+00 -1.062570198413836664e+01 -9.114832792802948447e+00 -7.543636287580817168e+00 -2.183696046270160451e+01 1.845739345271427911e+00 -4.876707098732143919e+00 -1.739870207012845071e+01
8.472639363105240307e+01 6.041561865551015131e+01 2.062676683198570515e+01 -8.825258551000057849e+00 -2.574369949932124513e+01 -9.455686459441624336e+00 4.273259172080059010e+00 -3.947948006744625093e+00 -1.341891448384230756e+01 1.077871184496581769e+01 6.161100369305799518e+00 -2.045089680822506395e+01
7.679560366268896132e+01 1.732908608304829556e+01 -2.596970842163226934e+00 -8.515459168539120327e+00 -2.396552898038151369e+01 -1.411753584932690408e+01 -4.518483756426888043e+00 7.900165055034969797e+00 -1.976360339665086485e+01 -1.018205451610762502e+01 -4.528586306712715448e+00 -3.028202750062425253e+01
5.737300304480361746e+01 1.838892587181857152e+01 -1.063944443367478954e+01 -3.591542147470227775e+01 -5.437233590107486236e+01 -3.330527796168102839e+01 -2.424170770683304355e+01 -1.429505611611288529e+01 -3.262905822689250357e+01 -1.696855327361925703e+01 -2.607268838508501574e+01 -3.772492493964431048e+01
8.699486205359701785e+01 4.676786027657470157e+01 1.771640991945430699e+01 -1.535556853527272558e+01 -4.178301349417405675e+01 -2.926601932026247255e+01 4.420527994043471409e+00 6.245115669713435125e+00 -1.150767325939935937e+01 -2.818996062302519867e+00 3.654125711138401122e+00 -2.225224192721465499e+01
7.414050599201091529e+01 3.713499181274110583e+01 2.025965647146058757e+01 -2.127347100308056582e+01 -3.923464691121348125e+01 -3.547651561046630064e+01 -1.038107708493310710e+01 8.295571229423073234e+00 -1.339586340321243263e+01 6.675960761524023290e+00 4.665874644866718768e+00 -2.627009514058821082e+01
8.061064318637176029e+01 4.557154650325756506e+01 2.193706904973011973e+01 -1.397904664972625000e+01 -3.128157214733163727e+01 -3.063420389166731184e+01 6.389704070064044394e+00 1.459658320196810877e+01 -6.705173991763746955e+00 1.078216600099512945e+01 1.021562876725232627e+01 -1.084824319078947497e+01
7.826735093817677580e+01 2.170178045961468882e+01 -1.009968222816132410e+00 -1.559342139583093356e+01 -3.386708522047671721e+01 -2.449858547297238687e+01 -1.420267696819425041e+01 -4.776038394425350830e+00 -6.885730058795155983e+00 4.025655509132703980e-01 1.634923236280757086e+00 -1.369356073518819095e+01
7.099654506026696765e+01 3.411562002651118775e+01 7.997411723655762472e+00 -3.759716958372462869e+01 -7.078480867158617684e+01 -5.905032837761255138e+01 -1.708282797698247890e+01 -9.241955086400569286e+00 -3.835188064512196604e+01 -7.559792632977997862e+00 -5.588771496897322777e+00 -2.511661981852742542e+01
7.601295815127366495e+01 5.700880419646966857e+01 1.888792809585907762e+01 -1.985374382244811642e+01 -4.782754183695895733e+01 -4.143168262991837736e+01 -2.424327262642746561e+00 1.708473982433048377e+01 -1.062255561789995362e+01 4.673058701167430051e+00 1.125719222365791516e+01 -6.219982393419737576e+00
7.935189580637369033e+01 1.564534322709131331e+01 -7.672012831282565948e+00 -1.967599297262864155e+01 -2.496435060223548419e+01 -2.133086003805348696e+01 -5.430917521705895368e+00 1.952740559897587325e+00 1.164702449316656896e-01 7.507963631494050105e+00 6.539505309281464562e+00 -1.152851632074501786e+01
8.489174875296765777e+01 2.352433586873470972e+01 -5.032927648110494978e+00 -2.791093909443337395e+01 -3.911288375507187709e+01 -3.145423625395301315e+01 -7.870401604944471607e+00 -2.202833661362268991e-01 -1.610493941307767685e+01 1.490088575115509961e+01 5.760415396642903474e+00 -1.419342290222324188e+01
6.611949072057102228e+01 2.607131030066843991e+01 -7.258458454641332658e+00 -2.193939879416078398e+01 -1.930913123141010246e+01 -1.337589028090834908e+01 -3.130247688430666031e+00 1.398315126352209958e+01 -4.341426812873882213e+00 1.506352375559760048e+01 2.594720122199348999e+00 -2.265369561802626563e+01
4.745042865221542883e+01 4.999023502074272329e+01 6.670341656487556392e+00 -1.417777662118360738e+01 -2.746333871215966127e+01 -2.210834332380364486e+01 -5.652875299127171793e+00 9.811173297486789124e+00 -6.090262190912492990e+00 5.533673274316059043e+00 1.635572059296082070e+00 -1.981848875462518222e+01
3.334450606438145570e+01 5.317751184318734659e+01 1.726933622771731791e+01 -2.146097539640287266e+01 -4.566666772515794293e+01 -2.620893326642394427e+01 -2.087531385074845147e+01 -6.923831720920391675e+00 -9.019221915966362246e+00 -1.623541839259463160e+00 -1.151432431497165965e+01 -2.590835988051665950e+01
2.594236125704910023e+01 7.738065134188165928e+01 3.257087687896574835e+01 -1.579905145671147082e+01 -1.657067249114651730e+01 1.827417248886753498e-01 -1.041967368405235561e+01 -1.307975008089203417e+00 2.657388331241588020e+00 7.606348471747391038e+00 -6.107884337338285619e+00 -2.683643792451109888e+01
7.198618715539004675e+00 6.574113395221269229e+01 3.117860886318575098e+01 -7.596074062563392459e+00 -1.217720968731232034e+01 -1.451033046466091037e+01 -1.917023522209717612e+01 7.619116421175558429e+00 7.097989094243040142e-02 2.026318901568511244e+00 2.080928656014768396e+00 -1.835726680273653599e+01
-4.943877988181029082e+00 5.115800413714832473e+01 1.213840402790750339e+01 -3.507319143860668476e+01 -3.446681523814253012e+01 -8.995057733769806774e+00 -1.152670205978374618e+01 3.782176517130887650e+00 5.070660035004173061e-01 2.284667716767548207e+00 5.999664839075787626e+00 -1.612853082979651020e+00
-9.722785535569629545e+00 6.848137443569390825e+01 4.156132771718608154e+01 -1.159288082476987825e+01 -1.976655740650222270e+01 -1.218432071753674428e+01 -2.346662810620914286e+01 -7.018003898526732343e+00 9.016928115087795348e+00 1.025429744264945775e+01 3.203572439662298432e+00 -5.563272882922433160e-01
-2.984527024493072389e+01 5.921039364032780838e+01 3.834477729590855688e+01 -1.191727673342382410e+01 -2.537193130382734907e+01 1.947667198929539101e-01 -1.244723658374282671e+00 1.082623463452907497e+00 3.263506722458639153e+00 1.507507366165389495e+00 5.682992912306173316e+00 -2.812836755407589262e+00
-4.476232532094423533e+01 3.738561817516387009e+01 3.500851647260921595e+01 -2.149466872570880582e+01 -3.463488153869698039e+01 1.607133513880310449e+00 -7.675310934519465889e-01 7.339586233434684637e+00 1.260171941140312057e+01 7.725706990431087107e+00 1.322325678949145100e+00 2.069347800764477441e+00
-6.207989119467993078e+01 2.044878309599998545e+01 3.530993923743923091e+01 -9.168090601009874163e+00 -1.067925347563499905e+01 2.554546459729404084e+00 -1.571460251614715453e+01 5.576506546765225281e-02 1.650373783840957032e+01 1.083580303805807787e+01 1.060191866501042135e+01 -6.481484980686929021e+00
-1.041344980067919153e+02 -1.692093266625841608e+01 2.051736478327414126e+00 -4.677487524371143479e+01 -4.218046757557193160e+01 -2.024636114951663046e+01 -4.370791172480232945e+01 -3.555656497521042780e+01 -1.889302345463033461e+01 -3.087413962029394554e+01 -2.843863350585895589e+01 -4.262416963809710069e+01
-5.491349461025829726e+01 1.668359138817751131e+01 2.292454945976628267e+01 -2.357590994368120718e+01 -3.758848623773465647e+01 -3.156201562734645805e+00 -1.815215552883483241e+01 -1.210833333219787100e+01 -1.499664601895986848e+01 -1.846659981861868616e+01 -5.183254888056233689e+00 -1.864636999991251542e+01
-4.655224652064316615e+01 3.487394392381190045e+01 3.184183774348905516e+01 -1.950185756818300931e+01 -2.993114846398147932e+01 -9.866768444732745280e+00 -2.210736879644396780e+01 6.332179859410131506e+00 1.334159356422589937e+01 1.451256366922947905e+01 1.173016460910132253e+01 8.694666961532473426e-01
-5.550376925578478904e+01 3.335007661706804782e+01 4.697283851201173377e+01 -4.349198671277523687e+00 -3.230574024726719529e+01 -5.729457797354796433e+00 -1.615451460176224785e+01 1.049210200263112114e+01 2.452513622269619731e+01 1.755904511885158215e+01 1.654542381769576664e+01 2.688217751997648008e+00
-8.074022713272870533e+01 -3.838162042013049113e+00 1.590668693020068858e+01 -2.286873357323276679e+01 -3.590948134228412414e+01 -1.461884748099071274e+01 -2.586560852365154517e+01 4.091526391428617515e+00 1.807090807480683381e+01 1.545669168025076701e-01 -1.143954335323725502e+01 -1.668599957779908749e+01
-7.329470722953759321e+01 9.892016448183404975e+00 3.972562372451784540e+01 -1.634869214920990244e+00 -1.181024614070399714e+01 7.556370173235423593e+00 -1.926400498477659085e+01 5.368008278280170131e+00 1.111088679619911090e+01 -4.281921763834717898e-01 -4.733763517870837045e-02 -6.655117896162208169e+00
-8.354785556516111455e+01 3.205089830400904560e+00 2.221415432529509459e+01 -3.031130331915516063e+00 -9.354745159737625215e+00 2.189280493802147731e+00 -1.171524432755629519e+01 7.375755787746172132e+00 1.197771452883412380e+01 5.014586015572216837e+00 -1.851544700473439775e-01 -1.459851048751040636e+01
-6.289905748009747555e+01 5.469136908696309973e+00 2.338058170228322297e+01 -1.150958587015473356e+01 -2.403187096953023172e+01 -1.895162382112655752e+00 -1.000253512598736805e+01 1.392297814861084060e+00 6.421427226293617174e+00 9.943668644561729053e+00 6.187217849595515240e+00 6.616621475570343414e+00
-7.408680356987233040e+01 3.614849825265526562e+01 4.545790334561071688e+01 1.637094666842658341e+01 -1.631274013120611244e+01 -1.209535270947723973e+01 -1.553448835358843816e+01 4.433405241746510406e+00 1.578942921746114436e+01 1.910186384913664881e+01 1.177899262580777417e+01 -7.337596076701329295e-01
-7.810407550076385519e+01 2.800510593363421563e+01 2.754197551080050488e+01 -1.190554040573846351e+01 -2.607843765200819064e+01 -5.897790761516503721e+00 -1.794396605286504354e+01 1.034631145114486284e+00 8.841673817706240612e+00 4.009162406585368821e+00 2.460203095337798906e+00 -2.942712680364695910e+00
-8.629681949623713422e+01 3.304114663399811747e+01 4.306463673090158295e+01 1.077864162304361528e+01 2.992423278419728661e+00 9.195328950611184382e+00 -4.675750229247681133e+00 1.777244951633382897e+01 2.060777081237508668e+01 1.489641347657455483e+01 1.202882387514824281e+01 1.139500681745110455e+01
-7.837816221338009370e+01 2.304187892034337182e+01 2.452709144927126772e+01 -4.987372866060977294e+00 -1.773597074004824847e+01 -1.286093974932029838e+01 -3.318227902188796463e+01 -2.038507773765434550e+01 -3.942163705423420872e+00 -3.472647635055718940e+00 -6.219959621616784062e+00 -1.012343911212122727e+01
-9.069337618236882292e+01 1.938272042792082317e+01 2.426530346103468716e+01 -6.767796029129364399e+00 -2.415356874586425562e+01 3.563910868149144484e+00 4.519487723126399459e+00 2.079388096968957100e+01 2.081514689609385726e+01 1.032794281426075500e+01 1.937534972190528038e+01 1.094991711804023637e+01
-6.277571275450871013e+01 4.204157227413512032e+01 3.691824844338376721e+01 6.937979256678272755e+00 1.012213648683969325e+01 1.341842769090541765e+01 -6.645098591397609056e+00 9.180050786496185555e-01 -6.930745643009584178e+00 -5.924003278560771690e+00 1.184903853375275595e+00 8.193472862583787375e+00
