-1.510549205923713885e+02 -1.539420776733373586e+01 3.982165226455018114e+01 -1.677615917872548490e+00 -4.871667301723863375e+01 4.731801872032001199e+01 -8.728034981442974072e+00 -1.464926113997037049e+01 6.524670042687344962e-01 -1.519662354465980059e+01 7.952645412052650187e-03 4.061619332160748996e+00
-1.576828830477847418e+02 -4.778645615392022705e+01 4.486665365903545677e+01 -1.278126620188457707e+01 -3.308885707087912920e+01 2.395944061135165981e+01 -1.244966806954871430e+01 3.787980175277171568e+00 1.350071910218520355e+00 -4.365129282104749819e+00 6.982385615477575413e-01 5.354646422281458484e+00
-2.123568910332782309e+02 -6.987191893148201416e+01 4.144342847849848965e+01 -3.152595345863006315e+01 -3.618123862030483906e+01 2.923749977527920763e+01 -2.144894773024362422e+01 -1.081182317163766982e+01 4.721254250731796276e+00 -7.880893917877806132e+00 2.675927140922056857e+00 8.085675011078084395e+00
-2.068701352790330361e+02 -6.594673974894017476e+01 6.341740190288498979e+01 -1.506605554624261423e+01 -2.464947326204380218e+01 4.506751445851553939e+01 -2.652942096348817724e+00 -8.429470752797199040e+00 1.391874563126974529e+01 -2.160654765510359709e+01 3.884999761047164490e+00 -1.207219423678136572e+01
-1.238150783471746195e+02 -5.432105683776045169e+01 6.039231210932450011e+01 2.808477512890799943e+00 -2.729482615990822580e+01 1.891591971300169917e+01 -1.975337306694790129e+01 -8.081294968632192877e+00 3.108090293262726078e+01 -2.939446346329911819e+01 1.536537876264837621e+01 -6.235142159850273202e+00
-8.666077453092511007e+01 -4.978074589983900466e+01 4.612227783324142649e+01 -3.279493596457517590e+00 -2.720399602438766351e+01 2.652229605021428682e+01 -8.525548690022624498e+00 1.290870453924889194e+00 1.671072313296781431e+01 -2.234529414302709682e+01 1.305150393651210550e+01 -3.043934788345610265e+00
-1.357318750113089436e+02 -6.805765897585712310e+01 5.169299339351472611e+01 3.788393026126911423e+00 -3.386588247158410070e+01 3.249169847785206855e+01 -1.383017123195975628e+01 -1.010639105072461019e+00 2.312570647721553740e+01 -2.172869433519519333e+01 1.977167206848198688e+01 -7.901560344827506910e+00
-1.378655309291117987e+02 -7.170494707411737068e+01 5.562156372604268739e+01 2.385216017436412095e+00 -3.262514571658304874e+01 3.069090967572429385e+00 -2.458513714595206068e+01 6.300085039811113674e+00 1.563250720800016325e+01 -3.204061771244251844e+01 1.573546034948440031e+01 -4.712078465656231785e+00
-1.482579777977841218e+01 3.752899098749551410e+00 7.148788608533999422e+01 1.318503796404469419e+01 -1.712244036902415445e+01 8.099215010923209945e+00 -2.727758805476711501e+01 -1.028978209539718858e+00 1.018433095795090182e+01 -3.049092294588946217e+01 5.512107346061492663e+00 1.253592225702057528e+00
-2.591304351980571496e+01 2.185946296592132398e+01 8.074521553949998065e+01 4.275016641092443592e+01 -1.131832027828934706e+01 2.547928201416785221e+00 -3.749937407144332724e+01 -1.405490763994405157e+01 -5.692553552380111626e+00 -4.016435614752574423e+01 9.475214668918988892e+00 -1.063088200101636360e+01
-1.459683359311373607e+01 3.561189165782846544e+01 7.170520372940774223e+01 3.277116443631959442e+01 -1.144045753055050518e+01 -9.756773340328047439e+00 -3.237494487592132941e+01 -5.376303434301708428e+00 -6.903950104857054626e+00 -2.814098642729106103e+01 -3.308409295027331609e+00 -1.442637690629975822e+01
-5.260580589277005004e+00 5.212423503036657735e+01 6.730140851980868888e+01 2.706259517517532487e+01 -7.975733169570515813e+00 -7.073749176279005013e+00 -2.115197507386274722e+01 -1.734349277140940160e+01 -2.512852009577013490e-01 -3.643944343090193172e+01 2.081508756885250833e+00 -9.893215538658724384e+00
-1.567938541066852665e+01 5.780724279808248411e+01 8.514656927823713772e+01 2.454911853540988176e+01 -1.881748972644715190e+00 -8.492949128967369532e+00 -2.024533758341438272e+01 -1.246355947966784683e+01 -8.159953230025269733e-01 -2.570679036246519189e+01 -8.161196507438019054e+00 -1.101300120831262674e+01
-2.590916081184948538e+01 6.493318108604752581e+01 9.696724304528166272e+01 4.319684167489436533e+01 -6.125220327331762249e+00 -9.458480451762744323e+00 -2.759194049092575440e+01 -6.139001664177714090e+00 7.633319808549205554e+00 -3.510469164113921892e+01 9.245093295013974810e+00 -1.022856290980300997e+01
6.153945760836196932e+00 3.317324814763681928e+01 4.511451582362789736e+01 2.132616236697440115e+01 -1.145670338687261847e+01 2.025270322301562231e+00 -9.911218722948872184e+00 -5.895992186062088081e+00 8.797724238640803662e+00 -2.239595502494840673e+01 2.286396084183877520e+00 -1.337910507598591181e+01
-3.658300359845338789e+01 2.333273629516849468e+01 6.012295899375990871e+01 2.892921444965948652e+01 -1.758858615179237006e+01 7.305743305762192108e+00 -1.031195095029179853e+01 -2.910730248033720713e+00 9.124568772058880839e-01 -2.152742850089731164e+01 -5.218689753940446430e+00 -1.212387018414609052e+01
-3.327586797281209385e+01 1.328945072984767428e+01 6.097128271452959325e+01 3.892252105380308080e+01 -9.845044109086504847e+00 1.318317836755375083e+01 -1.593245577955508452e+01 -1.721069885632237018e+01 -3.848495945514418981e+00 -2.929912342482193566e+01 -1.474400665596284909e+00 -1.307057072330244729e+01
-4.398428409670727746e+01 -2.787614501428971536e+01 4.180117199338305056e+01 3.610813807790847108e+01 -8.452918309736396907e+00 1.027463727725244347e+01 -3.341367083764494339e+01 -2.122478169484531918e+01 9.092056473479152245e+00 -3.088729071188098629e+01 -5.066138365564334833e+00 -1.357603306602182158e+01
-5.273437381311698857e+01 -6.888710450919347750e+01 2.116994436224621978e+01 1.120782833079587348e+01 -6.653083256676803892e-01 3.275505183882546589e+01 -2.243307314187045876e+01 -9.547060023966679410e+00 2.805693619598713795e+01 -5.399925822182180646e+00 1.989846394526144024e+01 -1.775518556594078490e+01
-1.005779488226767171e+02 -7.739195983691061542e+01 3.204738633319078644e+01 -8.074058300611435257e+00 -2.273527151944339408e+00 2.465729667446989026e+01 -3.661907194976605240e+01 -1.940376790372918947e+01 2.449636725965807216e+01 -1.838563689761905096e+01 8.946015908466655731e+00 -1.298144183855056077e+01
-9.122122702843589082e+01 -5.885315426314743803e+01 4.295499617089163991e+01 6.182208713938108779e-01 -5.452810295311748767e+00 1.476120275307138741e+01 -2.516955910299868648e+01 1.616973671219272379e+00 1.517487965275245188e+01 -2.109320164517852447e+01 1.573735501154349592e+01 -2.105470972888639736e+01
-1.198425532190172618e+02 -6.574656171287385575e+01 6.719017583411365990e+01 1.958638014935072391e+00 -1.515886481371421013e+00 1.452832580810428809e+01 -2.540208846707086465e+01 -2.393197962353742714e+00 2.014094705054146317e+01 -1.897162108757726884e+01 2.037610248718441142e+01 -1.504579229889210268e+01
-9.824479088141163174e+01 -4.777676124853995532e+01 5.007980977082047502e+01 -1.706509912429751807e+01 -3.360467994942558434e+00 2.000277552923294877e+01 -1.775239488648570685e+01 1.774954598599312483e+00 1.218813357152859389e+01 -1.486792787562156093e+01 1.751269460500237685e+01 -5.651920347551547152e+00
-1.618320542655461054e+02 -7.450888574582414492e+01 6.247342446628253754e+01 -7.873438969751251904e+00 3.744087037880317048e-01 2.633448092188011458e+01 -3.186118204296012379e+01 -5.858489814707102283e+00 3.478951977593666811e+01 -9.142374518499440939e+00 2.350024791094687515e+01 -5.030513582718245225e+00
-1.325136530619128621e+02 -7.234359447596131076e+01 5.124724528253679523e+01 -4.466253543443926333e+00 -1.297346280545117381e+01 2.183713563842936622e+01 -1.920778733467100707e+01 3.748246493043605021e+00 2.872891209230976983e+01 -3.263829782112507871e+01 2.093377516206261646e+01 7.038704256731468156e+00
-1.733200391714368607e+02 -8.066824408292558246e+01 5.731297492068318888e+01 -7.603526208191203395e+00 -9.492691253747471691e+00 2.095903813315498354e+01 -2.887714152488510777e+01 -2.690048785450372293e+00 2.852337399668303064e+01 -2.544275845220969501e+01 1.638796963362065640e+01 -2.414082511118945007e+00
-1.181404918789431520e+02 -5.429265149378232991e+01 6.030495157120225258e+01 -1.513596068938675465e+01 -1.618619234515200489e+01 2.543184248741266984e+01 -2.796509064042241022e+01 -1.350803854605336474e+00 3.118222050211508645e+01 -3.353604089115530940e+01 8.655077153591770767e+00 7.508167688094953274e-01
-1.161069795087477559e+02 -6.334896197057177858e+01 5.190187831133823693e+01 -6.801193592782122543e+00 -4.046301249492325169e+00 2.656453492094164659e+01 -2.685458034575650998e+01 -1.589616127142329027e+00 2.680422533957861120e+01 -2.616926570580821476e+01 2.355628173667745884e+01 5.566397863769129373e+00
-7.548123017088857978e+01 -4.594843727032981917e+01 5.105068338280116080e+01 -2.018943031671982880e+01 -9.529908962477966483e+00 2.516231909165389524e+01 -2.076282947308173732e+01 4.718156285708475117e+00 2.278976835696552783e+01 -2.720005741121455500e+01 1.620507800172364199e+01 3.307405951917152365e+00
-8.502495901878529594e+01 -5.067870883762746104e+01 5.890161964416968488e+01 -1.681713996906531605e+01 -1.338172764769903367e+01 2.413505708471186040e+01 -2.036746319653109083e+01 4.387631360818065929e+00 2.618523825503470448e+01 -3.229587786807752536e+01 1.424290334488379273e+01 3.340914173432251388e+00
-1.278508305568022081e+02 -8.097657230403277140e+01 4.676953579181635234e+01 9.985535173889184435e+00 -1.956974307234203181e+01 2.219078610651948225e+01 -2.219321680234493499e+01 -1.165865538713726224e+01 3.934758491364485167e+01 -2.929830925109796880e+01 5.470895844094794569e+00 6.617205682629302643e+00
-7.491619510833893969e+01 -8.817246937709489885e+01 4.412018339267049782e+01 1.945239739845035487e+01 -2.439545121868543731e+01 1.587542417890347046e+01 -1.642994339137661086e+01 -3.145273408264944059e+00 3.512257750209011675e+01 -3.162221624065024628e+01 1.386143705816845006e+01 5.603163219515677085e+00
-7.401404518242630104e+01 -9.153875352867170534e+01 3.355465782783979023e+01 2.247984422287307638e+01 -1.604681209427571176e+01 7.832855904996202767e+00 -2.440009416994486813e+01 8.804858381545290769e+00 2.203374309332624748e+01 -3.079283821247672037e+01 1.353363459964559823e+01 2.394505157305460585e+01
-7.190968027651931038e+01 -8.327887359351493046e+01 6.905515247887157315e+00 8.358097674772848151e+00 -2.318873461940012248e+01 6.716413183642107043e+00 -2.788596685822293253e+01 4.418514216617074553e+00 1.193659591352288629e+01 -2.584916791689959226e+01 8.143898377052373405e+00 -4.327576382632906338e+00
-2.832279993576116439e+01 -2.999511703599523571e+01 1.492820593465034307e+01 1.100968946654068326e+01 -2.080799958794774440e+01 1.401816471833878808e+00 -2.610944345357001595e+01 1.875735764604395506e+00 4.216046530773134293e+00 -2.639503581921516684e+01 -2.516888381310028677e+00 -1.390213479129569940e+00
4.653515241781352785e+01 6.685782751245296751e+00 1.477631998525281176e+01 2.263140603250392680e+00 -2.012382577449965027e+01 -3.407186901353270958e+00 -4.906935519396532186e+01 3.149914385268107520e+00 5.178668008455363569e+00 -7.263196265610790903e+00 2.389801601023650690e+01 1.411722533781230249e+00
3.885519906699903459e+01 2.226018370451316386e+01 1.716780371072860945e+01 -1.996238669638043461e+01 -2.627916076881209761e+01 2.724424941578502235e+00 -4.361927286688210614e+01 2.059937086449130916e+01 6.228657124132670475e-01 -1.999458677454532562e+01 2.560198886456446843e+01 7.124260201734887943e+00
4.156209415990669243e+01 3.191890080424840903e+01 6.773586141241396685e-01 -2.065947827766454026e+01 -1.512435478257317811e+01 1.232916083050305645e+01 -4.677373536855073155e+01 9.406543432770748225e+00 7.223932570345831472e+00 4.199774185622605627e-01 1.818757467404548578e+01 -1.415368653493101725e+01
2.545175271471535439e+01 2.955274012483990020e+01 1.122023428742090623e+01 -9.392919379221687848e+00 -1.130913282682710097e+01 6.013268783138094875e+00 -5.249929764780810615e+01 2.087257835562901320e+01 1.016605900222432979e+01 -6.017304595961104674e+00 3.228075055375808233e+01 -1.673396642683313829e+01
2.537614822814432713e+01 3.127437429969824478e+01 1.578910835743744911e+01 -1.502440065924607282e+01 -9.491929083732419059e+00 -5.081170459880457457e-02 -3.803262448900714787e+01 1.909748190716499039e+01 1.571790980716972186e+01 -8.575131108593492257e-02 2.011446501272978082e+01 -1.222375893272874414e+01
1.825897082843675179e+01 2.428551908694794648e+01 2.906679397833024581e+01 -1.761741119641128250e+01 -8.426113920100434029e+00 1.166846579668045791e+01 -4.465054740137595957e+01 2.134662535178211584e+01 1.682401746872949388e+01 -4.067257420480588692e+00 2.586288187888645851e+01 -1.111361123034502185e+01
2.604256040243797798e+01 2.198552882096484140e+01 2.154729000781587445e+01 -6.002500990682336557e+00 -1.501136420501164892e+01 1.814221574537195014e+00 -4.587170659138937623e+01 2.336798469283753477e+01 1.182975040891248142e+01 -3.044779126512829670e+00 1.934895363885976849e+01 -1.396778859870652845e+01
2.439674361611609044e+01 1.621538954754631234e+01 1.312354287656403073e+01 -5.601104802029390761e+00 -1.354198261224868993e+01 -4.409892494071694813e+00 -4.331680529998144635e+01 8.367028669627915249e+00 -6.908609907672680350e+00 5.574014168747433828e+00 1.590260787643415696e+01 -2.109002961125332831e+01
1.701933507019360903e+01 3.098455314203008726e+01 2.555018479428310485e+01 -6.741503584582966724e+00 -1.786789573636091433e+01 2.501730013109713546e+00 -6.055658549711703387e+01 3.804214824142470697e+00 -2.755830518160997222e+00 1.005353122404634814e+00 1.771680515086516294e+01 -2.513308867214778175e+01
5.921672682061446480e+00 3.780277445972411243e+01 4.404108423413984497e+01 -1.004973127049845161e+01 -1.511027713799616379e+01 -5.255668504369374716e+00 -5.799768814445471321e+01 6.220511138288678410e+00 3.036033199368814994e+00 -1.440765385745671034e+00 1.259844187663290782e+01 -1.852716178115235834e+01
1.577178073570520977e-01 5.970375112631513659e+00 2.589879474482422950e+01 -2.755015456339957325e+01 -2.789030128012301901e+01 -2.982864431591996102e+00 -5.849996717792387813e+01 4.594725537451695985e+00 1.089743724829288940e+00 -1.893746451596340918e+01 -8.575490305172067451e+00 -1.720455948872525198e+01
2.128253874404386625e+00 3.274024684939533358e+01 2.655977578729718402e+01 7.190897892341601150e+00 -1.830798451268840665e+01 1.089913174954143571e+01 -2.171156937631585393e+01 2.844643366757851055e+01 6.635345303639351044e+00 5.049133536825053170e+00 7.606621488470189263e+00 -9.662243389001197613e+00
-1.957422694522136686e+00 3.648187971205412339e+01 4.737940745991819114e+01 3.477200708225328896e+01 -1.000991262754212485e+01 5.244210838970737143e+00 -3.413824328504448857e+01 1.519030171047615418e+01 -1.230521910184235956e+00 -4.194582018891131803e+00 1.937020977803713251e+01 -2.039588788654809548e+01
-1.692866213901761796e+01 6.028799473770470740e+01 6.097457561976204943e+01 3.361829296282219559e+01 -7.117990824095526747e+00 1.303121171355088137e+01 -4.405893915582475984e+01 1.615716621028910538e+01 3.278368428494223163e+00 -3.943390150739081612e+00 1.135212917725078441e+01 -1.666601687087923622e+01
-2.649860052592840987e+01 5.509664298010349626e+01 6.876772475293735454e+01 3.215289762297401666e+01 9.320401193581494326e+00 1.390954957071002696e+01 -4.304420278916472142e+01 1.903216521132323891e+01 2.276563414739896096e+00 -1.125017392926527116e+01 4.600155392170943713e+00 -2.365231809239846683e+01
-3.656380465112361478e+00 5.347869914783591128e+01 5.195851732979797788e+01 3.653392561046066334e+01 3.502096855501092953e+00 1.717947061597246972e+01 -2.568712558967150983e+01 1.486515838937615186e+01 -7.343674043692374198e+00 -1.497365775569455160e+01 5.313247813416724696e+00 -2.535046239586989003e+01
-1.580656515684657926e+01 4.994939990484817827e+01 7.447713130315055707e+01 4.844777523434188993e+01 8.161140966814116604e-01 -3.025270234173728756e+00 -4.209229152277950448e+01 2.200028667140443872e+01 9.076443558289932767e+00 -1.829065327055061019e+01 1.351035086793111351e+00 -2.134200808492816037e+01
8.718630111875650401e-01 6.537166354601282592e+01 5.665627809450774066e+01 4.073619587895716165e+01 5.571947822486970736e+00 7.772726343302953644e+00 -3.226561837735123106e+01 1.933759603706494801e+01 1.737820465412664106e+01 -1.586607280030722933e+01 7.919747694508367353e+00 -2.952658730960243716e+01
1.626322933899084333e+00 5.606312221068794344e+01 5.653748476539882972e+01 4.380471108677939185e+01 5.681664655584230950e-01 1.429033198641661428e+01 -2.363585616104126075e+01 2.011789999124576411e+01 9.983584620412326416e+00 -2.406096480513060953e+01 3.335943244331073032e+00 -3.183050244290185304e+01
1.305629935570599542e+01 5.583931572229695206e+01 2.917074365706052674e+01 4.106116133892736997e+01 9.694556329031357222e+00 1.750138293044808080e+01 -3.194338936024010778e+01 1.214825252207300466e+01 1.763338672607614299e+01 -2.250076336412096722e+01 -1.742857634810612844e+00 -2.766142674273623214e+01
-5.364789932591596866e+00 6.649317043263015137e+01 2.981330179500997701e+01 3.409391532164707428e+01 1.461376914059412968e+01 1.312683208753588815e+01 -2.093284612464700700e+01 2.270475254829495881e+01 1.064072730681099799e+01 -2.722474098500427431e+01 -5.416117527203768489e+00 -2.594559920569196976e+01
-1.240290539616823295e+01 5.453007008029136671e+01 3.150928199607278302e+01 4.979982285204963688e+01 4.704171674386314450e+00 1.627240773031738996e+01 -1.938293346116324045e+01 1.085633763119341566e+01 1.398813317851449156e+01 -2.483280767758807173e+01 -5.353868752633638373e+00 -2.588527374694721317e+01
-1.283198414550825106e+01 5.078427004119467369e+01 2.026109337013263101e+01 4.302612339775706829e+01 -9.559038067016214058e+00 8.899980841200088477e+00 -1.015940954531220086e+01 6.602361288362574854e+00 1.926621144236957406e+01 -1.842341438943874721e+01 -5.806742162667353213e+00 -2.169441983000437801e+01
-3.333801139068439312e+01 4.037284826930134329e+01 1.277876592369787723e+01 4.576986659925216827e+01 3.030960829606019757e+00 2.252436649277064618e+01 -1.343255871795664369e+01 -4.828293682246970420e+00 1.697729450612864355e+01 -1.703333569854757457e+01 -1.165788228757149803e+01 -1.842942296409528069e+01
-4.072541209459088662e+01 2.913469403867150476e+01 2.472599942229235381e+01 3.588606733272848714e+01 -9.924986790247896096e+00 3.410007014741657372e+01 -7.716181972839875058e+00 -5.924007390660386285e+00 9.110295819919073779e+00 -1.840963428357383691e+01 -1.271732726257798429e+00 -2.369226562584780282e+01
-4.652084728713172268e+01 2.185664319467434780e+01 1.148074833519701343e+01 4.867011693053287047e+01 -1.174548944222188851e+01 2.960120544817883470e+01 2.551974378131582011e+00 -1.595640429715015074e-01 2.066227499550274160e+01 -2.271512030422591977e+01 -1.313745237352177320e+01 -2.061672085521840714e+01
-5.540714977319137802e+01 4.017792584525297173e+01 -1.135995177191670535e+01 2.550699219239965743e+01 -3.475522915171545435e+00 1.713703746246336834e+01 -3.766586698727338423e+00 1.516527370988578483e-01 1.443568807896672901e+01 -1.301969345749814977e+01 -6.262367179782241777e+00 -1.857517804078291590e+01
-7.801138748621110608e+01 3.368243160345978993e+01 -1.634972807510488835e+01 3.294038328090067580e+01 6.007457121558201774e-01 2.293958962972383731e+01 3.762889147165352721e+00 1.961744430062210887e+00 3.757103869006292562e+00 -9.289270541381171142e+00 6.354266142193354838e+00 -9.345763212143129550e+00
-8.906934174307835406e+01 3.579520726095651639e+01 6.229784166776028087e+00 3.938217424595418947e+01 -1.619027829168055632e+01 6.475302558912270356e+00 1.016610573764809455e+00 -6.692416836279085901e-01 5.560067857061071983e+00 -2.063069377832188422e+01 4.815521813926721961e+00 -5.734769127657332710e+00
-9.850251518602453871e+01 2.864523789012666910e+01 -1.861707636853084713e+00 4.007955616538778543e+01 -2.100134708499226832e+01 8.339089744407440108e+00 -4.035085997696801208e+00 8.332677493322115936e-01 1.262491619986682423e+01 -1.636141864873053464e+01 -1.551007851847571839e+00 -1.088669252477772886e+01
-1.065676012611419594e+02 1.173941273246007810e+01 -2.561706090869657260e+01 2.546519153115524858e+01 -1.963631337891693107e+01 1.310678893776572451e+01 5.360477986224163161e+00 2.397820071365504013e+00 6.393638316973056845e+00 -9.832454979587467392e+00 8.650589467962088719e+00 -3.134938148111009681e+00
-9.157322129514780329e+01 2.430112214038876317e+01 -2.707030205588356608e+01 1.586708618731109155e+01 -1.766381011946147339e+01 7.105927460870499424e+00 -4.578331530323847431e+00 2.935782205521185073e+00 7.317577061297075858e+00 -1.682180500530972012e+01 7.546222092407961490e-02 -3.925221345046334243e+00
-8.738884698099724346e+01 3.133070477178097590e+01 -1.232382213382700442e+01 2.269510228064738655e+01 -2.037042708779135936e+01 1.149097347041108641e+01 -4.781726941462283165e+00 3.659980076179196296e+00 8.483816250172639073e+00 -1.987427724445569055e+01 6.374137308444560723e-01 -3.701655892005113024e+00
