-8.761619077394078658e+01 -1.002228023784630828e+01 -2.180190190824465191e+01 -1.124194971379370145e+01 -7.909012152050355127e+00 -1.741285981751654788e+01 -8.008709790523122152e+00 -8.051392828057231554e+00 -6.105361630772478065e+00 4.384086263270612349e+00 7.474052815334659705e-01 -3.902312049937507688e+00
-8.597671988887145744e+01 -4.935369472273841041e+00 -9.617491785015760186e+00 -9.160956335300133091e+00 1.747537995178734871e+00 -6.661275687496530651e+00 -1.588922892781476914e+00 4.018264207261982079e+00 -5.751583762213874351e-02 4.248032356183166769e-01 -3.233995841811458938e+00 1.539396466583950129e+00
-7.451592592478280608e+01 -2.942986841761336070e+00 -1.914713425369167865e+01 -1.624086875462884993e+00 1.393012228319897616e+01 8.513068586063392562e-01 -3.452789358397897246e+00 -1.190871174220253437e+01 3.362790935189182484e+00 3.161441598270060549e+00 6.425094759362774965e+00 3.004080964489276973e+00
-8.477185216176835070e+01 -1.865738506357420334e+01 -3.162776640607862078e+01 -1.828891275901443692e+01 -1.578912820472707779e+01 -6.046976725838117517e+00 -9.845625297802591547e+00 -1.915773596706641158e+01 -1.356526996657701467e+01 -1.866532137847534356e+00 5.669869227400665679e+00 -5.010253500039494767e+00
-1.005216627646129552e+02 -7.895220588696424180e+00 -1.633163237768962617e+01 -1.243949634159438489e+01 -3.469094546961114744e+00 -2.140963739068538541e+00 8.467836542137675560e-01 -8.629383674937104232e+00 -2.877276555992797746e+00 -1.543224340975665676e+01 -9.462978124800458524e-01 5.327823030401610538e+00
-6.926417871317860886e+01 3.345630727969267637e-02 -1.994998658915233847e+01 -1.222520869842142943e+01 -1.195135358172541373e+01 -1.924338773663750857e+01 -6.140234310172878907e+00 -1.509816313033560320e+01 -1.838329198838076994e+00 1.882282051882288254e+00 -3.456285280843475860e+00 6.214677810624916532e+00
-7.042130651272552200e+01 9.201786965968745236e+00 -9.884543992122019063e+00 -5.981753544802765887e+00 -1.173092365640794199e+01 -2.307822529054693206e+01 -1.565271733047004954e+00 -6.291387512768354284e+00 1.491501873177608184e+00 2.497034631646048553e+00 -4.777236964809785214e+00 4.509281737671755330e-01
-7.633274904542417971e+01 1.495114671821140551e+00 2.482715069313715439e+00 -1.886959435710040767e+00 -1.222373734807054646e+01 -2.001347205274436902e+01 -1.205993590098235924e+00 -4.466008110546958676e+00 -2.432304123841873889e+00 -1.265360304067194974e+01 -2.441101653597240961e+00 -1.704490181404942017e+00
-7.831401624632121639e+01 8.100784875591855894e+00 4.030131609552087824e+00 1.572508860015070731e+00 -1.483730633571232005e+01 -1.064523914664786020e+01 -4.922068718404808862e+00 3.915043033527029870e+00 5.083714327377976794e+00 -7.677981542578228513e+00 -4.453470643977778032e+00 -1.034172386589399650e+01
-6.737949764699504840e+01 1.413464489901613774e+01 6.507091416066266731e+00 4.439340461404025717e+00 -1.189428923646790537e+01 -1.063064674377769592e+01 -2.137084509497178875e+00 3.663382202828079137e+00 2.965801508766170436e-01 -1.045700156121671753e+01 -6.737129383974545860e+00 -8.629112910852995810e+00
-7.763347198111995340e+01 3.070459965841832783e+00 -3.493528652920091737e+00 -5.435606985191464346e+00 -1.045479058380077042e+01 5.733736361774094403e-01 4.060930747110566230e+00 -7.166598779926841800e+00 -5.945383861760872080e+00 -9.958048517848325787e+00 -2.089853801377760334e+00 -4.371116922320542386e+00
-7.330588179825730322e+01 1.207765593133879811e+01 -6.331183528203707667e+00 -1.780710745210125978e+01 -5.584990758667021105e+00 -1.350226892209009932e+00 -5.092282239628691087e+00 7.951404195701277544e+00 1.566288261311925556e-01 -5.939754047330012554e+00 -3.208930472259680755e+00 -4.967878687093499224e+00
-8.878181961475604567e+01 -1.872878778644471254e+01 -2.141692800661217788e+01 -7.383836045639549095e-01 -2.950334099196864290e+00 -5.785271741729383521e+00 -2.459974701504781258e+00 7.795993317052919203e+00 1.284505959173240086e+01 -5.424579539388936666e+00 -6.565118844584512114e-01 -3.115132983170888714e+00
-9.151667873809948617e+01 -1.653165837099535196e+01 -1.298072594916511058e+01 -5.619907838621385210e+00 -1.119511038140167969e+01 -2.094205002873361110e+01 1.809174993906603524e+00 9.664445520811662860e+00 2.323053219709898087e+00 -1.141937676435676430e+01 1.478274331682231324e+00 8.590365310214702177e+00
-7.889731604016834865e+01 7.181547999898705292e-01 2.530998644121667418e+00 -2.923895689866280456e+00 -5.957547296838775708e+00 -6.219806831644904221e+00 -1.209263460651772037e+00 4.598567931375281415e-01 8.779957040650030464e+00 -3.544864937083004097e+00 1.185711455616655252e+00 -2.975635124330664461e-01
-8.219443559341482342e+01 -2.928431419113457501e-01 -1.308009575502732957e+01 -7.862740115932647100e+00 -1.245719154792905314e+01 -1.634745102608064116e+01 1.042690095785849369e+00 7.144034486825199259e+00 3.254429838490874971e+00 -5.281682140333439079e+00 -7.678387584292213575e+00 -7.210176647506816749e+00
-8.651237425204706710e+01 -8.325362238007402382e+00 -1.315186999664843981e+01 2.115328925415201233e+00 -1.029440915955684588e+01 -1.482323269763089968e+01 -2.260456161085789617e+00 -2.376565347504592474e+00 -5.269068857671840078e+00 3.874023416605715031e+00 4.716606348341799482e+00 -3.432931960449052688e+00
-1.013723578688499742e+02 -2.428023203006229025e+01 -2.016561699307178301e+01 -1.572092806941187959e+01 -2.207595800635599659e+01 -1.225063503760816985e+01 -4.704020950516406785e+00 -9.869204788865538092e+00 1.083892341240714874e+00 8.515909689023526852e+00 6.934127626038839587e+00 5.535589134865786853e+00
-9.046945444736748243e+01 1.259151994723459955e+00 -5.840960455768141379e+00 9.817671618491533581e-01 7.557956146712784928e+00 -1.291754231231053929e+01 -1.139272528160482878e+01 4.132063516103645640e+00 1.014730153459802864e+01 7.250232713913456806e+00 -3.907652360887353460e+00 -5.908366331756223389e+00
-7.235871181026996624e+01 -2.081768756188538294e+00 -2.283114199850728454e+01 -1.136117881049364264e+01 -4.240841326029872072e+00 -1.254795707940444593e+01 -7.457761897893735892e+00 2.189045676671625529e+00 2.614753069062951241e+00 -2.926091390697165839e-01 7.503962589320904542e+00 3.170131852205932965e+00
-8.444735133171047892e+01 -1.278568887097311446e+01 -1.227940935513408860e+01 -7.338231157945391381e+00 -3.425674992742480995e+00 -5.176423580961078130e+00 -3.874631244463649260e+00 -4.370297887074626075e+00 9.041349334284453088e-01 1.098091705740181112e+00 3.395509069842198357e+00 2.167292501073321276e-01
-9.289549480806468296e+01 -9.347251414199849506e+00 -8.620594684668070329e+00 -6.735631959456024553e+00 -3.167743515469768401e+00 -1.015604825125537403e+01 -6.147833800769420876e+00 -1.725917302519472285e+00 3.641720098389483962e+00 3.004905809460391097e+00 5.304332620577010715e+00 -7.734792839534776476e-01
-1.130216349124392252e+02 -1.689766756347076182e+01 -1.459152499787149715e+01 -9.211986882994377623e+00 -3.629914792168992932e+00 1.991363048869517094e+00 3.918964115207856924e+00 4.054954698239717992e+00 8.618485285433394871e-01 -1.105421346358966339e+01 -6.760102014533333481e+00 -1.061295237032163330e+00
-9.505933027219589349e+01 3.185096255947987398e+00 -1.292165464679014342e+01 -2.216261024000704438e+01 -1.004237556425328926e+01 -6.709896685478524248e+00 -1.486969993000086809e+00 -7.708163800255375619e+00 5.167084360153708644e-01 -3.432395202325110306e-01 1.035373708710403662e+01 3.542628254827899781e+00
-8.932031581175063195e+01 3.792874012167133380e+00 -8.099845875696255248e+00 -3.101381890193216861e+00 9.810946231402645878e+00 -7.243754176423701452e+00 7.849398594807064367e-01 -1.640123723114986776e+00 -1.847875019255141860e+00 -7.679847006285680955e+00 -9.513292017292862113e+00 -7.622517917496484330e+00
-9.278980280336514852e+01 -2.830555110565982080e-01 -9.037597847870468826e+00 -1.132381283156927587e+01 -2.025009432029526713e-01 -9.917233778863934646e+00 -3.169577232219948471e+00 -6.331365920444120832e-01 2.020879622030100187e+00 -9.569117629895512067e+00 -8.012689879719648189e+00 4.713900752843201758e+00
-1.003587819998093948e+02 5.586994096251466146e+00 -1.905038628262897760e+01 -3.209518484151936413e+00 -5.899665771300948158e+00 -1.565407453264564097e+01 -5.864835180238139323e+00 -1.147613096833847379e+01 -9.248447684108016986e+00 -3.861912198676749952e+00 -4.788299623823101037e+00 -1.800145490933337866e+00
-9.103160826678868034e+01 -2.381676292520181093e+00 -1.519531308389648494e+01 -1.498425353253809789e+01 -3.291912795510510747e+00 -1.360198665860949596e+01 -4.172160957339728249e+00 -6.134009171500808044e+00 6.569511512589931712e-01 -4.182243750225580481e-01 8.468558565642816394e-01 1.255625723529069093e-01
-1.035888955249206731e+02 -1.125376098372839451e+01 -2.311022749463157311e+01 -1.455898932281768410e+01 -4.740540690766056997e+00 -1.210430366613073616e+01 -1.813306578088749621e+00 -6.070329926408488674e+00 4.863790135151332628e+00 5.353349713615008554e+00 5.961316687655926927e+00 -1.150116696967597818e+01
-9.530402752733178318e+01 -5.852622476079185176e+00 -1.536557222623937768e+01 -1.410728860226254078e+01 -1.067981599072318311e+01 -1.443265190911339602e+01 1.059753803752682133e+00 5.407198735526417721e+00 4.196486232119701398e+00 -7.563190402953421376e+00 -2.220711553095173318e+00 2.452240658411994900e+00
-1.124717431833840635e+02 -1.637302540228435532e+01 -1.644260229811144214e+01 -1.242769435851933402e+01 -1.314288660609900639e+01 -2.516804116286544257e+01 -2.140586505784926530e+01 -1.315936921672538062e+01 -8.029263227770044864e+00 -1.591318334569326964e+01 -1.309669530608337240e-02 2.696976071399991515e+00
-9.065827525839225132e+01 -1.113592197664321937e+01 -1.351528221975999777e+01 -1.910647619699211219e+01 -1.673748299438334897e+01 -9.738121516835775537e+00 -2.671633194311483717e+00 7.168008191313504085e+00 1.061730569982595185e+00 -1.335678150294357458e+01 -3.728514811160174247e+00 9.139133687358949043e-01
-8.740547038270410951e+01 -1.058566166176843204e+01 -1.837760807363431681e+01 -3.247870126558383141e+00 1.041382352557469471e+00 1.395890189423567129e+00 3.694125328072270786e+00 -4.410731931037497056e-01 8.351376390439588349e+00 -1.591457005437443684e+01 -1.007824331719575994e+01 -2.360955674505321511e+00
-8.699764748643713119e+01 -1.045202109463781071e+01 -1.497400934038819287e+01 -7.535913931344229155e+00 -3.186880090871443194e+00 -5.251794259508534957e+00 -9.149996369629796789e+00 -1.588791887331900909e+01 1.521085771931205421e-01 -1.448984350157247292e+01 -8.208908325986353560e+00 3.773234668212682719e-01
-8.892653553661673982e+01 -6.732708080182749910e+00 -1.299248266780958971e+01 -8.316122558307386115e+00 -1.007618365061300381e+01 -1.345069454729651248e+01 6.526953721480330373e+00 -3.076013240094037648e-01 7.642073882379296634e-02 -1.339164765867279172e+01 2.066809107330207507e-01 9.393043893065247119e-01
-8.039323267107903348e+01 1.324262094159611536e+01 -1.209869606047205437e+01 -1.715232638555158218e+01 -2.989585341563582688e+00 -1.161111794389336715e+01 8.305933909974772433e+00 4.364824148725841013e-01 7.471558121741246339e+00 -1.156596805649532822e+00 -1.084154034759874996e+01 1.317708630033318284e+00
-9.314035509937480128e+01 4.489533698947181795e-01 -1.240972992356855187e+01 -6.994837858227787031e+00 -3.582128216304292234e+00 -4.719926714324072847e+00 2.459390284459343157e+00 -9.382421094435787978e+00 5.554191296501195474e+00 -2.447685115760287466e+00 4.681767248836374407e+00 -1.697316908327672680e+00
-1.056393467951339744e+02 -1.871932270812823162e+01 -2.094400989289299986e+01 -2.068664561849080741e+01 -1.673962920717158198e+01 -6.849251050885849068e+00 5.801201337054035179e+00 -6.597717033611493420e+00 9.878190121717381089e+00 5.181456132104118595e-01 -1.683968629419411389e+00 -1.074186618842230878e+01
-9.295425260095990438e+01 -1.506046903459723474e+01 -1.921678313423754503e+01 -5.586729862143012149e+00 -8.000258929230488647e+00 -7.893929361714047133e+00 3.309109506257022382e+00 -3.184378161047749956e+00 6.165623068651832739e+00 4.107127255156231449e+00 8.916504747935533715e+00 6.841149017247285524e-01
-8.994500695878274144e+01 -8.598968087015878226e+00 -2.114206521732299393e+01 -7.455408785501314028e+00 -8.826406794957794233e+00 -1.919642511909532390e+00 -1.390081499952162680e-01 5.851792663718260457e-01 5.282471771966994467e-01 -5.165537800518595901e+00 4.557573680750925504e+00 7.144361724779502154e+00
-9.179779879968755552e+01 -4.708399612386584998e+00 -2.381887683226480590e+01 -1.449351278146516719e+01 -1.457790509590171979e+01 -7.703288890354100360e+00 -6.179997026535037463e+00 1.359986017034733319e-01 6.894702747727471603e+00 1.120003168638850077e-01 -1.056933623892638341e+00 -1.388090335799747610e+00
-9.297466172769537707e+01 -8.664232612566323155e+00 -2.175864117700823286e+01 -1.411693310588997541e+01 -6.897541691027500477e+00 -1.675297205220651398e+00 1.121400009663956254e+00 -5.191258462081176361e+00 6.668019224585052029e+00 -1.766118966732795670e+00 -2.476784723984740921e+00 -5.969558632286359412e+00
-9.612190085534413697e+01 5.586353052586096268e+00 -2.117380029548175102e+01 -1.834534278191354417e+01 -2.178042227549616960e+00 -8.251607552295254777e+00 7.831814831616585870e-01 -1.556350718429713531e+01 7.584050655751336301e+00 -4.410450808570978154e-01 7.523866133532662204e+00 -1.677563334426579011e+00
-1.039037903218135739e+02 4.724247879147328355e+00 -9.815548495041912958e+00 -1.035182300787530707e+01 -7.880087835839170829e+00 -1.263288049358657261e+01 -2.013481809359187746e+00 -8.186999832506501207e+00 1.007525225436561733e+01 1.089726979955894182e+00 1.870721759812115081e+00 1.161139315192555532e+00
-9.896656385036200732e+01 -1.044203429788603366e+00 -1.576267126358112947e+01 -6.202540260048434284e+00 -7.291717662803735678e+00 -4.784688162716006943e+00 1.875679949752772302e+01 -2.677273377764178175e+00 -1.069316815859465919e+01 -1.505116306169531626e+01 2.743748261335554162e+00 1.573067100046710021e+00
-9.652568787266545769e+01 -1.908033552534049937e+00 -1.019140719485134916e+01 -7.217785193496796481e+00 -4.553148326948472047e+00 -2.788509486533474302e+00 1.037127565517221939e+01 1.198765968875373122e+00 1.461143386265452548e+01 1.485669502362041428e+00 1.162661489393216385e+01 5.775967350369818121e+00
-8.502661247794198118e+01 -1.342995168983417642e+01 -2.232221211079551537e+01 -3.709337598601235353e+00 -1.093949777047008176e+01 -1.295081272432688024e+01 1.034431872386861961e+01 4.702240115923046471e-01 -6.955330518885862290e+00 -9.382534171247028709e+00 1.391080660962050741e-01 4.939688751554736967e+00
-9.932172584183950903e+01 -1.151715875239698050e+01 -2.980885166967274813e+01 -1.726126004096556343e+01 -1.323367949000582655e+01 -2.172898516097499311e+01 -5.005364164236012492e-01 1.476932560868675193e+00 -2.796962062561408224e+00 -8.808808251766560460e+00 1.064438345364168548e+01 2.205490550084039825e+00
-1.041135785836471257e+02 -9.768097426968791464e-01 -1.931346804163607445e+01 -5.563279276060551837e+00 -5.542383935798113725e+00 -1.607661122155874978e+01 5.208166060358299987e+00 -9.866142602227753855e+00 -5.206663791303116184e+00 -7.886192014070028122e+00 2.944361822473622770e+00 2.376809975526367857e+00
-7.185247560177946013e+01 2.901728988252052588e+01 9.047130561068073007e-02 -3.666885632270713735e+00 -1.550041103300071654e+01 -1.955629965035015516e+01 -9.267209850540574223e+00 -2.974316455839532480e+01 -2.721818325778346903e+01 -3.196512575341342810e+01 -2.936854768324369047e+01 -1.741475367280844821e+01
-4.303336726882696439e+01 8.216919068536395798e+01 2.210636931428776819e+01 1.604517363870181157e+01 -1.186714079038905112e+01 -1.800707108702852111e+01 -1.945200255101796927e+01 -2.821314634506926211e+01 -2.183843211799798922e+01 -2.893287473920728914e+01 -2.817331358188961232e+01 -2.168607358984298017e+00
-7.192866109646035966e+01 1.399933301855088530e+02 -8.938693209608134183e+00 1.703064964148002502e+01 1.990975178414113034e-01 -3.646298231699842063e+01 -1.273404993515715589e+01 -4.884087248749871435e+01 -2.563873441597459646e+01 -4.316317370246865437e+01 -2.845502206379192245e+01 -1.516828183112697204e+01
-9.953646573621333005e+01 1.723760928892684205e+02 -1.307211952988964399e+01 3.700189952923750525e+01 -2.421299547404748154e+01 -4.085302056757215894e+01 -2.862121502716268395e+01 -5.977875980558958702e+01 -4.196455923638849583e+01 -5.395578235176374449e+01 -3.490917029395204452e+01 -2.313026508763547184e+01
-9.593367696751461438e+01 1.677110329611603277e+02 -1.693903580632148476e+01 3.019915259565990695e+01 -1.298021056988987176e+01 -2.885787828226838414e+01 -3.075740506048289191e+01 -2.910706806634366117e+01 -4.397545948062820997e+01 -2.854418920187403330e+01 -3.660832098579204796e+01 -1.523538047030125497e+01
-1.210313899772494040e+02 1.657670844672550174e+02 -2.014787325587280264e+01 3.080181058322300203e+01 -2.169730388450040337e+01 -4.797516987903922825e+01 -3.110919586219879562e+01 -4.216966872048601545e+01 -4.012931690195549095e+01 -2.662545862788464035e+01 -2.677107337886159044e+01 -1.849643545413970358e+01
-1.323265650622345788e+02 1.667025272136777971e+02 -1.860428359303363521e+01 3.516751197583943167e+01 -2.489568066033193006e+01 -4.873756141318320090e+01 -3.393990337414940228e+01 -3.222884613325305025e+01 -4.375047527859513252e+01 -3.348474382955087947e+01 -1.060814503474233916e+01 -1.349087563350562213e+01
-1.435179929966952272e+02 1.485578293411722939e+02 -2.747695210563532342e+01 3.981313140307234733e+01 -2.953350340214291236e+01 -5.662805983607228200e+01 -3.279979804099652085e+01 -3.930640392511505610e+01 -3.534346006900713633e+01 -3.996775834639477409e+01 -1.790355199055586155e+01 -1.133826771835996183e+01
-1.418419745510892085e+02 1.267932823029056806e+02 -3.911969572654102478e+01 5.031842594155554593e+01 -2.339848548668518902e+01 -4.105349545234931696e+01 -1.954986453295733284e+01 -2.295753394224727728e+01 -1.241396983898740203e+01 -3.071652981499983781e+01 -9.959318092149128887e+00 5.252920529396650551e+00
-1.577232406045440030e+02 1.132134595177435585e+02 -3.931352127394690399e+01 5.508188059546577620e+01 -2.277847217135590796e+01 -4.313160834252353482e+01 -5.895883229733078323e+00 -1.162696713333574650e+01 -2.499632924910707743e+01 -3.420578489844274372e+01 -9.891970367145805909e+00 -6.420779322842316006e+00
-1.600372845183405275e+02 8.693355584225633947e+01 -5.557014932911948790e+01 4.765905754934756544e+01 -3.075875907846624813e+01 -2.647817333400013950e+01 -8.323918721884567162e+00 -1.380465287972108612e+01 -2.624745782847536901e+01 -3.331713423775469352e+01 -1.757034358151764764e+01 -1.421710237569888946e+01
-1.581620374077994597e+02 7.522470404286266898e+01 -6.151018913046560499e+01 2.937449999633461317e+01 -3.288951687316503580e+01 -1.862172180601109162e+01 -7.011493212472041492e+00 -9.961776704598587884e+00 -1.787670698682558879e+01 -2.065223656576043965e+01 -4.101592775804502544e+00 -6.688885804049327533e+00
-1.698677689556047028e+02 3.501721963557868378e+01 -2.792638341870446794e+01 2.684358134221079695e+01 -3.738261379934388628e+01 -1.733451663551540634e+01 -1.971651144247642407e+01 -1.454214327752006142e+01 -8.876518973426803072e+00 -2.822460438113587600e+01 -1.712870416138397189e+01 -1.182709866983965696e+01
-1.677037538169503819e+02 -1.066437462894949562e+00 -1.688214457378433053e+01 6.620290375661075366e+00 -5.575861954284086153e+01 -3.299023240519581179e+01 -2.507984742604192263e+01 -1.040373246754536574e+01 -2.384021605236564589e+00 -1.528254508778197263e+01 -1.801775147163530733e+01 -1.948943805154515019e+01
-4.915978911030970266e+01 2.298886831854163759e+01 -2.170775259769860455e+01 -4.883382614427556057e-02 -4.808886040111637783e+01 -2.976759115349460671e+01 -1.861866733943498531e+01 -1.803820284344736891e+01 -1.990217471719458509e+00 -1.571032920428107715e+01 -9.950806375238883561e+00 -6.863498630321226202e+00
1.486572885476187089e+01 -2.441946061641298460e+00 -7.342218790639279291e+01 7.943638795684440979e+00 -6.319798493829333808e+01 -3.809629156998988719e+01 -3.721426352988292763e+01 -1.488977371934327820e+01 -8.392424137457730637e+00 -3.547790146246408227e+01 2.018528506489860597e+00 -2.721265619844740868e+01
7.321880928385610332e+00 -2.597751638849823408e+01 -8.129518083971228748e+01 1.058482214925386700e+01 -5.535453504485583665e+01 -3.089190724851385994e+01 -3.222949465292694526e+01 -1.906320335243596276e+01 -6.745698555239607597e-01 -4.036485025365006152e+01 -3.726076533555630288e+00 -2.818720532282655711e+01
1.175852725497760431e+01 -1.449772618809079816e+01 -8.688608365154206581e+01 1.032061462345466119e+01 -3.886852871597050552e+01 -1.849697991855649803e+01 -3.684470827934308090e+01 -1.308181456461124448e+01 9.314181201212313965e+00 -3.014930078262916879e+01 -1.096251965724193589e+01 -2.880713987991582314e+01
2.711160640908918396e+01 -1.457810210331559020e+01 -8.146057199231964319e+01 -1.601181060945804369e+00 -2.881592670609197526e+01 -1.974324565502373829e+01 -4.631117930277596884e+01 -1.786872369661795901e+01 1.086705284108983349e+01 -3.923131649132081122e+01 1.711725764765146707e+00 -2.790432536748732772e+01
4.532319969313012109e+01 -1.496264766139499081e+01 -7.993868805916928011e+01 -1.422687234816775970e+01 -4.051992289422051385e+01 -1.609938595439822961e+01 -5.089647229408897999e+01 -3.147434853049757919e+01 9.531544710554527455e+00 -3.556027292088423764e+01 7.988640892013262551e+00 -3.355081887983494937e+01
7.140221227870389953e+01 -1.533890857859787626e+00 -6.398274419030563820e+01 -1.000120350265053304e+01 -5.039953607483292330e+01 -2.320803378841200981e+01 -4.377458340233637557e+01 -2.757551980591146901e+01 -3.250419571927343654e+00 -2.231513563009502121e+01 5.901058072284475209e+00 -3.193439591596891347e+01
7.542344292867750255e+01 2.120197686914246660e+01 -6.444117440746869363e+01 -3.000235497569273768e+00 -4.205100429243226046e+01 -7.291043608385448849e+00 -2.734705522824859614e+01 -1.667159254435113169e+01 6.377504860932571518e+00 -2.180981495683720084e+01 -2.528599533262949173e+00 -2.811178411702002933e+01
7.352360603886539536e+01 3.003452135430509173e+01 -6.843143708041196760e+01 1.101040086453904898e+01 -3.289169645873397485e+01 -1.451664291300960130e+01 -3.308980959872343419e+01 -3.983928553057788235e+01 -2.307733858275491556e+01 -4.253790513949864049e+01 -2.101717324907567530e+01 -1.697621379563061339e+01
9.097914864263378831e+01 2.460906807112150574e+01 -7.413523309678072337e+01 9.116959793247647603e-01 -3.024517584524534897e+01 -1.809469209205722962e+01 -3.280685584161596324e+01 -3.421899166265501435e+01 -2.039409269668737323e+01 -2.167849712993012545e+01 -1.912068879858826165e+01 -2.603764219627944243e+01
9.840375495281725193e+01 2.923321832952357369e+01 -7.640530641518000721e+01 -1.418400393569099371e+01 -3.368962142004877336e+01 -2.160176994071572310e+01 -4.165587407198275116e+01 -3.100190580724632383e+01 -1.638789559366385618e+01 -1.300384575111739949e+01 -2.470303955720075351e+01 -3.026641505547173594e+01
9.673605628837788117e+01 4.256508448370919950e+01 -5.882556543684788863e+01 -7.928015608649952028e+00 -3.335561833874849214e+01 -3.007461786190017250e+01 -4.284033792229600834e+01 -3.177711751767420623e+01 -6.961805379946005345e+00 -2.471844442698607480e+01 -3.649455032329485960e+01 -2.751302892035579362e+01
9.410633136894885808e+01 5.512889182941596289e+01 -5.191504020689039578e+01 -1.338588693348069469e+01 -1.387763519226578879e+01 -3.303549831244545487e+01 -3.983873148890150873e+01 -1.640540722889710779e+01 1.312929234624405517e+01 -1.403898772740244638e+01 -2.609189375952040990e+01 -8.590399891569694191e+00
8.842131158274898439e+01 4.223887968952311667e+01 -5.238744945235721673e+01 -1.194408850939280242e+01 -6.910954546329835857e+00 -3.374935629971199802e+01 -4.253636755202062147e+01 -3.113864382381891005e+01 -5.714401121526096361e+00 -1.926085801251198859e+01 -2.487271828022867837e+01 -9.204513329472570504e+00
4.449388515311932224e+01 2.925844099497708584e+01 -2.728875915018610954e+01 3.397553192249414877e+00 -1.061180695973797405e+01 -1.580226521949184182e+01 -2.478232525110742301e+01 -1.329841940725148319e+01 -1.573987722021521130e+01 -1.632549543648284995e+01 -2.135939647782644002e+01 -3.293302170022441189e+00
7.514664997911658872e+01 4.038034632960232351e+00 -5.410462686445772107e+00 1.682191831865175402e+01 -4.499232425675256763e+01 -4.691335326659940819e+01 -4.868088514577262771e+01 -2.009783596722088816e+01 -1.719188519673317472e+01 -1.410869735820195636e+01 -2.923389632022086460e+01 -1.325335136975857964e+01
8.061720585521118210e+01 -1.555768306103995258e+01 -6.403226997960935307e+00 2.601486064362496364e+01 -7.461429228845756256e+01 -4.208978872987488984e+01 -6.561702633995918177e+01 -4.188481669090963067e+01 1.548348100508913916e-01 -1.556907094326111007e+01 6.956847470564201608e+00 -2.077745794825210979e+01
6.536566405493178422e+01 -2.828511326147302185e+01 -8.541542680268904064e+00 2.794600818740715198e+01 -7.792162410216542412e+01 -3.620521820565596727e+01 -7.061128157303802766e+01 -5.110064100735009873e+01 -1.288808908102662798e+00 -3.463793143536581454e+01 1.247085389936350275e+01 -1.741269432064538591e+01
8.581019767575037349e+01 -2.961731201366112742e+01 4.652826769279281294e+00 2.611670861055915793e+01 -7.215121150602291777e+01 -3.721936467728991005e+01 -6.217827074149732169e+01 -4.997708920388167542e+01 8.928008987087743265e-01 -1.995566780969167908e+01 1.029064446616199291e+01 -1.557366602946132161e+01
1.001833252347642116e+02 -4.012717508215961715e+01 1.195594175162591277e+01 1.543328072915691962e+01 -6.444653058265346601e+01 -2.953640508927461283e+01 -7.082376515772239145e+01 -4.241667251014369810e+01 -7.194530097992999362e-01 -1.291840929740770605e+01 1.115645299378009625e+01 -8.200413360596277457e+00
7.963408572266379792e+01 -4.966153754167635270e+01 -1.189453026054323459e+01 -4.962405006855235889e+00 -7.960720713976608920e+01 -2.612058806340657213e+01 -6.845144070377637036e+01 -4.889427518055150301e+01 -4.849194921283923598e+00 -1.416354512560727663e+01 4.450372624401781607e+00 -2.729337726589275803e+01
6.704435034100886526e+01 -2.669260826337202985e+01 -4.447314297981255038e+01 2.071730818210799185e+00 -7.845785367949932265e+01 1.815551885705454005e+00 -5.160334504645386744e+01 -4.682621410784561533e+01 2.648533809265752481e+01 -2.621011384146538603e+01 2.175227475139955757e+01 -3.528759570784333732e+01
5.482447960618998195e+01 -3.150480435625755860e+01 -6.332451096579474381e+01 -9.098153917433215554e+00 -7.594587465662417003e+01 -4.004765455676871255e+00 -5.278955939072968562e+01 -4.886309170011250558e+01 1.972300185213622825e+01 -3.596723011808103365e+01 1.756231202595696672e+01 -4.588935204967749115e+01
4.567941320999754140e+01 -1.619292485547830296e+01 -7.334539880778409326e+01 2.808160284936156437e+00 -6.761178546232540043e+01 3.985823546010294205e+00 -3.928149515359195476e+01 -4.776690154963921486e+01 2.493452869510515413e+01 -3.376585180505067996e+01 2.418005742731724794e+01 -4.029965873053293279e+01
4.402710573167367158e+01 -2.231918198527626629e+01 -9.522859093534563613e+01 -1.457219397693664042e+00 -8.187769924256033960e+01 -2.098721955476046119e+00 -3.842854322369613129e+01 -6.133626562641769198e+01 1.850120125869469589e+01 -3.749865285531332404e+01 2.451542114042552711e+01 -4.331681489517769990e+01
5.204599044791187623e+01 -2.338721144811226793e+01 -1.024556828687183838e+02 -7.663694264686464308e+00 -8.115321342336170574e+01 -1.694095815443153796e+00 -3.470303018342745105e+01 -5.862643307846018814e+01 1.905984663834267678e+01 -4.225179985818736128e+01 3.204216057314381061e+01 -3.993975923955647289e+01
6.009259415331877818e+01 -2.316365108191524769e+01 -9.195856969774365552e+01 -6.837206583410306848e+00 -6.892240750757792966e+01 9.193437199193031262e+00 -2.126685667974406613e+01 -4.801553622706626356e+01 6.824778626328789066e+00 -3.569709663997710436e+01 2.602597662167136860e+01 -2.135170989253721885e+01
5.405393707283566584e+01 -3.262670289473640395e+01 -8.791547019489706827e+01 -2.436198306364702759e+01 -6.487812253297931875e+01 6.090087174294222194e+00 -1.925771164601512808e+01 -5.782021896454970289e+01 3.381991580221598515e+00 -4.688817030660577956e+01 2.982465692305966343e+01 -2.382518572292876158e+01
7.109706703159334040e+01 -2.817500522484213832e+01 -7.345750376593649378e+01 -3.501007966530818294e+01 -4.835532843005672987e+01 6.149503520241151655e+00 -1.780195093875918033e+01 -4.534665682236851580e+01 -6.401963815451918727e+00 -3.834398454816280122e+01 2.967203816707128539e+01 -2.060268753756717075e+01
7.390294279781285525e+01 -3.985454565885182987e+00 -8.151182585767327282e+01 -2.333058333415370100e+01 -5.596517481279475703e+01 5.243407990989643608e+00 -1.442972106712267077e+01 -5.059277409475997445e+01 -2.202771414335320976e+00 -3.798216829094327807e+01 4.044570971765359957e+01 -1.739881076816350713e+01
7.683147193054114155e+01 -2.941875161995710641e-01 -8.122536524905231659e+01 -2.999839854676456952e+01 -5.201283578565266907e+01 -1.018077921772148464e+01 -2.273278335350835988e+01 -5.376708281641011666e+01 -1.640393986183782715e+01 -2.881207876756637276e+01 3.249462411444359589e+01 -2.163600824515448551e+01
4.723207907573190312e+01 3.679037557254203250e+01 -8.618328192120156928e+01 -4.176323694358863747e+01 -4.985892750522062755e+01 -5.931639001852369475e+00 -3.582197354672580047e+01 -4.436858367339191034e+01 -5.251281384386302165e+01 -4.013636316507466439e+00 5.124456829711816042e+00 -1.053095320183726713e+01
5.709253138345921741e+01 5.781956881132641968e+01 -6.599242899432239540e+01 -4.643796126385661438e+01 -3.877451576167490543e+01 1.470891802633948586e+01 -2.601509705501307224e+01 -1.766853030756771759e+01 -4.466758783647145492e+01 9.237109159507882694e+00 -1.125415816570829719e+01 -7.190432014802285998e-01
4.005268221352807956e+01 4.569141973252789057e+01 -6.785355989998888049e+01 -6.079867585340014813e+01 -4.476022751977963310e+01 7.615464386031263189e+00 -1.826916438868948944e+01 -1.475966713444363165e+01 -4.865086459599912416e+01 1.562167103324711448e+01 -6.902181402827827661e+00 -2.543034760048040521e+00
4.353231374555864619e+01 3.156909019323576615e+01 -7.625356005899850231e+01 -7.276269482434778979e+01 -4.671802891548637859e+01 -2.540437900447265029e+00 -1.838447345818565992e+01 -3.777320372399816506e+01 -3.624527203311988899e+01 2.096419967892969360e+00 -2.402261697963623988e+00 -1.471170907667302075e+00
3.993007859255644831e+01 3.180738359274632643e+01 -6.144962106016649983e+01 -5.832104217469585450e+01 -3.472108232377409820e+01 -1.606084977713014172e+00 -2.388227197513953115e+01 -3.930177741778872758e+01 -2.328040204097182198e+01 -3.167322600315071846e+00 9.018572505490695335e+00 -6.925256583232968666e+00
5.205945984628017698e+01 2.377031532048314233e+01 -7.979045550566941358e+01 -7.150505228092274024e+01 -4.351353599585335985e+01 -3.909581239657447416e+00 -2.925764277381147593e+01 -3.348780633724572908e+01 -1.750015247881309222e+01 -2.370893193730815973e+00 1.281801471482738464e+01 -2.403713427937420732e+01
5.945445692174626373e+01 2.447052505242901077e+01 -6.279742396091627654e+01 -6.480744975299444377e+01 -3.889560552544365635e+01 -1.351904567546114677e+01 -2.563858211335060133e+01 -3.077594627883886247e+01 -3.791735657662032910e+00 9.846752172041250972e+00 2.073824055244882913e+01 -1.666200819424609492e+01
5.697424394905748102e+01 3.179106126087894069e+01 -5.830517241060371703e+01 -5.701001645516773664e+01 -4.371003304434930214e+01 -1.225488276304308499e+01 -1.635660244110328776e+01 -3.350064567996664522e+01 -6.333494045531487870e+00 7.526025053234683071e+00 -2.919852408031342605e+00 -6.883023698643855326e+00
4.952307772046163592e+01 2.723081476461804584e+01 -8.030343406395104466e+01 -5.548317756008334811e+01 -2.936399542224255654e+01 -2.787179441307512207e+01 -1.366302993376668695e+01 -8.148624711902741069e+00 -1.870355618448184387e+01 1.509024338944741395e+01 -1.121355129192285816e+01 2.804471074486079907e+00
4.768419300914500525e+01 1.799542691386586313e+01 -9.640749355748909011e+01 -6.546777628831456752e+01 -3.814103261616335772e+01 -3.384035880480624314e+01 -1.824367212743072741e+01 -9.996745069610465606e+00 -2.621535645738722309e+01 1.376269000804674825e+01 -3.037264698834115961e+01 -3.294896272949285887e-01
3.913271512998086621e+01 2.582431976932404893e+01 -7.685482035682636592e+01 -5.934363873020029700e+01 -3.055934800047521804e+01 -2.427456178772427720e+01 -4.333449897277080076e+00 -2.411721355509776288e+00 -1.778339069177501131e+01 2.020451952060649248e+01 -3.038501349939210172e+01 -4.601112970616719977e+00
6.672310753589336230e+00 4.514920501290429211e-01 -7.412453936329364979e+01 -6.264341983573335426e+01 -4.256390374004948285e+01 -3.109216553981694275e+01 -1.596369154899049825e+01 -8.763711167115861400e+00 -3.992640659152530702e+01 8.628582857488856561e+00 -2.427614049455417700e+01 1.197982496134121533e+01
7.025192362133225288e+00 -8.715978659405452689e+00 -7.151713452853093145e+01 -4.508730154494392650e+01 -2.928383168126400449e+01 -2.110097434922374759e+01 -9.079048519918007543e+00 -5.241170422809201312e+00 -3.592396903977292766e+01 1.306477066194861614e+01 -2.373675974006446410e+01 1.583416334682959281e+01
3.299302585068499383e+00 -1.982132623939747873e+01 -7.180383448983818084e+01 -3.489386604257538238e+01 -1.890526149023658320e+01 -2.344107978402507442e+01 -2.196233617752857015e+01 -1.856430453143932624e+01 -1.501689144945976473e+01 3.702447441470920086e+00 -1.837406197543372599e+01 9.919128154949266474e+00
1.021402000027740264e+01 -1.721288054165114545e+01 -7.262189448712746298e+01 -2.973869228920385765e+01 -1.473391730888235962e+01 -4.055228042577314795e+01 -2.466789009748364947e+01 -2.338268525662912012e+01 -1.811213175985287904e+01 -8.597744771503640138e+00 -1.232149186763388116e+01 1.199494356005358497e+01
6.498156651955181928e+01 3.919746015819907825e+01 -3.973282543242754627e+01 -1.938540449731331705e+01 -1.805136301647016239e+01 -3.090871121193674398e+01 -2.928104260283641125e+01 -2.939467153048225256e+01 -2.241159723360783573e+01 -1.233218889958746445e+01 -1.843514146622618455e+01 1.331227206187999279e+00
1.166102367261002541e+02 5.113927690958583128e+01 -7.589152857021541365e+01 -4.349140581145423567e+01 -4.760433306554173782e+01 -2.704776231429977784e+01 -4.944430465115694062e+01 -4.016062316965028600e+01 -4.024689110759774735e+01 -2.135721579648474489e+01 -1.079244727053172248e+01 3.390004001705503978e+00
1.169396105087833320e+02 2.712396079616010880e+01 -7.678199463581722739e+01 -2.493313583879165662e+01 -4.600144679339939557e+01 -1.380225969340337677e+01 -5.382170583270444553e+01 -4.234458643487008800e+01 -4.174924734331781906e+01 -4.085675607920889796e+00 1.207782375142171460e+01 2.211497283698457217e+00
9.619510610758683811e+01 1.090841997910730221e+01 -6.624947055523492168e+01 -9.212237180140254722e+00 -4.812990617510895675e+01 -2.123901036970073264e+01 -6.752467895147120203e+01 -4.947599804167420245e+01 -5.607087318063111780e+01 -3.942815914221911022e-01 1.611188870498889614e+01 -5.543755708488706802e+00
7.367172509908107259e+01 -1.409799231459712088e+00 -5.882571393664187553e+01 2.900870073674685745e+00 -4.177437247978064505e+01 -3.754352035157228329e+01 -7.881197264756748666e+01 -5.077514401274898148e+01 -3.690599909557051461e+01 -2.212634898528139438e+00 3.048126478815672868e+01 -2.341644710603483759e+01
6.668951240152843241e+01 -1.562747358345875881e+01 -3.894471986107906503e+01 1.905259067546483465e+01 -4.101116129284704925e+01 -5.083099562628376589e+01 -8.259887107754477142e+01 -3.992935614069754990e+01 -1.398256517487358330e+01 1.512335019473876052e+00 1.951062613955461700e+01 -3.397121835375745036e+01
5.063542390834309970e+01 -2.280568841867173191e+01 -2.302016093784069284e+01 2.414669567054270871e+01 -5.597168767830025615e+01 -5.329412457785335278e+01 -7.683988643305896460e+01 -1.338685371644270639e+01 -1.530488032207273719e+01 -1.160132786362812496e+01 1.866764788190562285e+01 -3.469578974085646905e+01
1.797604610694725125e+01 -3.107960034763686252e+01 9.544299146993200367e+00 1.829599989828665940e+01 -6.144944044588217480e+01 -5.478902045582819369e+01 -5.694246171635900566e+01 -9.385894058376837989e+00 -2.429678708076703941e+01 -2.904786234380521037e+01 2.630781687039475614e+01 -2.373850435748411414e+01
-1.685727381280310411e+01 -1.878379549782611946e+01 3.086320458301024061e+01 6.172761603359702143e+00 -6.558608593957262656e+01 -5.540431348379384957e+01 -2.929259649540582799e+01 -8.133434581944959163e+00 -3.533222226374678598e+01 -2.239729993540574782e+01 2.143731211640388779e+01 -2.087964822763075290e+01
-2.790646770883951433e+01 -1.503567052235507973e+01 3.571684874506316021e+01 -1.334127072116097823e+00 -7.172808909097955166e+01 -3.796755761172637023e+01 -2.240758189998308225e+01 -6.704944826617293074e+00 -4.077300448555282486e+01 -2.332981926754939650e+01 1.303285468636273592e+01 -3.592717479761190447e+01
-3.202966024397824185e+01 -1.092566612161074779e+01 3.284955541432158554e+01 -1.671167853889986077e+01 -8.296848556643229244e+01 -3.964089328052706662e+01 -2.124546200789045258e+01 -2.999235296020980002e+01 -4.011541737210006886e+01 -2.734896934512031308e+01 2.606063949302451022e+01 -2.685812040885791419e+01
-2.419441007791099452e+01 9.046526712901732381e-01 3.544388508256285775e+01 -2.436333871702230169e+01 -8.362019864056276219e+01 -2.649179759250237254e+01 -1.501736614766099009e+01 -2.710925736950498788e+01 -3.760508119297199414e+01 -9.581850454026204389e+00 1.817868630185810730e+01 -2.879740637426753125e+01
-3.007054916857870452e+01 1.870605976382327995e+01 4.060998990710311318e+01 -2.267869258899649054e+01 -9.638607985200005146e+01 -3.738317375868378178e+01 -3.006307572954383289e+01 -3.096302509145987614e+01 -3.046071963782214453e+01 -1.480721617603782647e+01 1.351169185721546029e+01 -3.822252166786391570e+01
-2.006900735634914312e+01 2.370037165684145819e+01 4.835543468381386845e+01 -8.950297011688231663e+00 -1.028575017216332839e+02 -2.670398481332531304e+01 -3.690527890681892131e+01 -2.406966137895278024e+01 -3.250229456783887372e+01 -2.322960844348176224e+01 8.287469036999251415e+00 -4.269189170642432885e+01
-1.810487165297046985e+01 5.375331820733097743e+01 6.043013986051437314e+01 -1.009113162375709649e+01 -1.084979110765837476e+02 -3.624845016386591823e+01 -4.072798222412595237e+01 -2.239199509162237334e+01 -3.773674348470453310e+01 -2.113547751531899621e+01 2.646048547797106920e+01 -3.883468820984641923e+01
-9.801063872512134623e+00 6.362594246032826106e+01 6.250016916466927341e+01 -2.076160483276671087e+01 -1.015248364883766783e+02 -4.351192147558042933e+01 -3.953746666192732562e+01 -4.597561802186616831e+01 -3.779640199432873260e+01 -1.465772693696563600e+00 2.126551389630552080e+01 -4.156847453170548334e+01
-3.260492090049820657e+00 4.407101392274992691e+01 3.201630225287210152e+01 -1.589374851333090533e+01 -9.506959301154100217e+01 -3.276185525703596824e+01 -3.896135721879383595e+01 -5.394719582956690829e+01 -2.796378104408854526e+01 -3.867251187837734250e+00 1.061110700566843157e+01 -3.620756362022791564e+01
-2.698891774075747207e+01 2.974499720651937196e+01 4.771357055418998527e+01 1.951721347900004844e+00 -9.659028188878225762e+01 -4.606156106688592189e+01 -2.950168627879273942e+01 -4.458552449916817295e+01 -2.518175406258749405e+01 -4.895784239609403343e+00 3.290500767312584429e+01 -3.725078928374606591e+01
-2.453539025745693181e+01 2.557485413342414660e+01 4.870367577493028932e+01 -8.075534191350120850e+00 -1.057546738520772180e+02 -5.720540580652381379e+01 -3.708595724469309829e+01 -4.447497454509573345e+01 -4.922260753840356529e+01 -2.030750236753900140e+01 3.266510382078112684e+01 -1.693073295728990146e+01
-2.097848560369863691e+01 2.460886048650430524e+01 6.405728857150877786e+01 1.290005657901700520e+00 -7.744595104677793529e+01 -6.165793004137373146e+01 -3.769716701559831051e+01 -3.202440948013036603e+01 -3.820857805675695573e+01 -2.200727568558517255e+00 2.527258708839492130e+01 8.214965433751497681e-01
-4.893065733266961104e+01 2.365268990918350411e+01 6.827818724403869055e+01 -2.091718065196136678e+01 -6.515409310296203671e+01 -6.666960307381016548e+01 -4.294717579573081423e+01 -3.292736978012923288e+01 -3.979905030991680803e+01 -1.246773269521072081e+01 2.141907335147914182e+01 5.959139912182417120e+00
-1.334669031895833768e+02 1.508463727651689368e+01 1.071081610720457036e+02 -4.542008132464496839e+01 -5.275429735694710587e+01 -5.147238035777569820e+01 -4.731530860559489327e+01 -2.442505564942213425e+01 -3.971082500179572605e+01 -1.006023060060612728e+01 1.551291911731495077e+01 -6.410781198429849059e-02
-1.820685027701301806e+02 3.281768895577391731e+01 6.806751002630281278e+01 -3.772342138729876382e+01 -3.152443553357906580e+01 -8.453142737527473116e+01 -3.632489189284382292e+01 -4.662654592288269839e+01 -2.910794272179190401e+01 -1.774179108569828145e+01 1.015008213288967553e+01 2.220731427926190715e+00
-1.463537470213290703e+02 3.395175321804904911e+01 4.963218129722022098e+01 -2.023218390340902317e+01 -2.331212249161083250e+01 -8.543528385970866168e+01 -3.035311221545427784e+01 -4.075406721766041329e+01 -3.468628947705251875e+01 -2.916925771375240473e+01 7.412365733714550764e+00 1.059471887135615553e+01
-9.776666301988041141e+01 8.547634664672422389e+00 4.342977033153219679e+01 -1.673072606685841635e+01 -3.622143431899527855e+01 -7.596676953534264953e+01 -3.934797806989786295e+01 -3.834165688572284836e+01 -1.437541711140958078e+01 -1.476474743118252064e+01 1.966990501988298945e+01 1.629518986660927382e+01
-8.266078497573498396e+01 6.614105550192153515e+00 4.677863738570280816e+01 -1.978156698823733350e+01 -3.300961116889310887e+01 -7.822643075968554172e+01 -4.422651227820024644e+01 -2.888885479556439861e+01 -1.156229778631702665e+01 -2.585005158339636822e+01 7.752123881807321482e+00 1.279682894083567923e+01
-5.601385127777307105e+01 1.387708405274523571e+01 3.464994470956649764e+01 -2.417019836815785183e+01 -1.934658765240119038e+01 -8.433294269724549963e+01 -5.211731790999351688e+01 -3.615885142047898171e+01 -1.171630942805288278e+01 -1.620477497167426151e+01 9.627315357265388229e+00 8.506607431656803442e+00
-5.541951259438200594e+01 1.402224680030656856e+01 2.562373350768945102e+01 -3.483684933789178473e+01 -1.961499743901119075e+01 -6.973594863034435321e+01 -4.883823476936019148e+01 -3.725645781739864049e+01 -1.031644723314432177e+01 -9.361795209643442917e+00 4.956093524182357823e-01 4.650798471356184294e+00
-7.124432995222662157e+01 4.075824311177167480e+00 1.273762999077433378e+01 -1.656809155491872687e+01 -1.955238405442715788e+01 -5.566396691506952976e+01 -4.937818696582047551e+01 -3.322795121201571789e+01 -5.923767362596876751e-01 -7.712996510739734468e+00 1.137465241156134510e-01 7.243661830892804687e+00
-6.414368759319179958e+01 6.768837015840071025e+00 1.162879962767609143e+01 -2.561107631042493793e+01 -2.146556914771191060e+01 -5.401290570290145610e+01 -4.240827368761561189e+01 -3.493008347362338384e+01 3.429884252534687317e+00 -8.255829618477157794e+00 -1.041980090095528055e+01 5.170144205551853389e+00
-5.280979837933446674e+01 7.959442487734698979e+00 -1.865569376361484011e+00 -1.530454054940855180e+01 -2.065462658152562625e+01 -5.854021778987853253e+01 -4.589664738303471125e+01 -3.720647423903222517e+01 5.148693601021456345e+00 -1.474787258517874378e+01 -1.273124470296590260e+01 8.404214450157297733e+00
-5.825964840612876117e+01 -1.721417353494171909e+00 -2.777933656018092279e+00 -1.767081092953153520e+00 -1.226040660653876913e+01 -6.334843520712950493e+01 -4.499868594309881331e+01 -4.258459861734796448e+01 -5.271082430612752390e+00 -1.513430983300345289e+01 -1.714344253825329645e+01 8.237117769368911269e+00
-4.243214979908876927e+01 2.846619313440652554e+00 -1.107421744202008540e+01 -1.036780796098133095e+01 -8.546575285170252556e+00 -6.053944477370090738e+01 -5.547262901460638318e+01 -2.363693178633545244e+01 -1.073892683813439053e+00 -1.874184760529347216e+01 -8.844579911296799324e+00 -4.049297763152417851e+00
-5.656441084564174560e+01 3.874170102983085506e+00 -7.881018015784647446e+00 -5.533876641500471649e+00 -1.378236376291571119e+01 -5.045262905037428425e+01 -5.899247173261077393e+01 -3.490092508750195321e+01 -1.224296274291375042e+01 -1.672338752598822964e+01 -1.413028101585955199e+01 -9.106507121290128737e+00
-7.583577985651820086e+01 1.082137953250007101e+01 -3.570396232824543770e+00 -1.395767453566804317e+00 -8.806352360300108373e+00 -4.250279555629508366e+01 -4.209964024089306633e+01 -2.932802520715350170e+01 -3.147363865351938017e+00 -8.575716839966379013e+00 -9.010207737730627997e+00 -1.126187369577010067e+01
-9.377640237239205590e+01 -1.415478555079837264e+01 -1.044400256794952853e+01 -9.568410762650135126e+00 3.550060794612231341e+00 -3.218017559219792645e+01 -1.862285249753548300e+01 -2.542005570213522958e+01 3.790466446708992798e+00 1.327056453570750083e+00 -2.122166277702860882e+01 -2.085183337036369267e+00
-8.873198381019767567e+01 -2.400406430907967348e+00 -1.393967249921102436e+01 -1.307790559030999589e+01 -1.024559387375189523e+01 -1.864833066615692303e+01 -1.201245375909032731e+01 -2.387419472546633159e+01 2.457098857214864651e+00 -3.588186613258473212e+00 -1.149167625704605555e+01 -2.660596169130799105e+00
-1.082896650228838382e+02 -7.771218474327070691e-01 -6.810739915808576406e+00 -1.805409472442215346e+01 -1.186678811162929925e+01 -2.782466310369775897e+01 -1.305031151111275278e+01 -2.628517515771723367e+01 -2.549240018423004628e-01 -6.920926568144431634e+00 -2.330228461935847317e+00 4.956118300349361405e+00
-1.050005899655949833e+02 -1.186732225029559551e+01 -1.136673203681138844e+01 -3.714558505359720986e+00 -4.788348685892804824e+00 -1.885104871253620473e+01 -1.569715325047162047e+01 -1.001008506152490973e+01 1.870034926242898621e+01 -4.013740738440587208e+00 -4.039162473475689019e+00 1.300458312735279875e+01
-9.011031136991395840e+01 2.717620648903677605e+00 -1.014783432552587783e+01 -5.904589673611873035e-01 3.869100793174626851e-01 -1.205949983400074643e+01 7.886214654955187697e+00 -4.050134255844024089e+00 1.778744320247605515e+01 2.174187109952756103e+00 -1.033973089056035910e+01 -5.244842865496851525e-02
-1.034256140315516745e+02 -7.519069496376515893e+00 -1.904589330223137722e+01 -1.314796683944909006e+01 -4.270733248461273668e+00 -2.514956209330445347e+01 8.509449357554501603e+00 -7.371050145626350414e+00 6.391843368387958080e+00 -3.793204155653940202e+00 -1.187937668696122095e+01 3.314170608412484453e-01
-9.300020563393312045e+01 -8.398785819719186918e+00 -2.385605176773644232e+01 -1.457074136200247416e+01 -9.380748277049406170e+00 -2.566359344512909857e+01 8.089253068921506085e+00 -1.276494938107793686e+01 3.901213960023515170e+00 -4.102073835598273099e+00 2.689976388910817029e+00 1.324982490936224266e+01
-1.102945871353061449e+02 8.567711923961455867e+00 -1.472624220092530400e+01 -1.861276602902803035e+01 -3.187972893434960042e+00 -9.614041985230118215e+00 5.241980940941384226e+00 -8.469225000098980161e+00 7.749858083723532687e+00 1.199211447450963641e+00 5.043098295796626829e+00 1.665056396357121216e+01
-1.066850089888358184e+02 3.829819786469871534e+00 -1.854605714236141267e+01 -8.090409524565707500e+00 -2.035818277078506711e+00 -1.258644473158521215e+01 8.751568952696532122e+00 -9.706562148488021791e+00 1.535784365524203743e+01 -4.455742328660765139e+00 -8.772766604517808986e+00 6.087304946486380430e+00
-1.129947455089794488e+02 8.110801054301719049e+00 -1.801892710063541259e+01 -4.879675767747188253e+00 -9.094153393160979704e+00 -1.596488737046192341e+01 7.135517005860129380e+00 -1.387907762047718307e+01 1.278643414272968926e+01 -5.447342768865162554e+00 -1.344641601419451504e+01 9.647286131037509094e-01
-1.178123255774019356e+02 -5.581877386133805352e+00 -9.937745455863559840e+00 -8.591579372273525195e+00 1.057707857183804023e+01 -1.234238748102447047e+01 1.411423112915756484e+01 -1.059027656818809149e+01 7.963129836972182574e+00 1.020176952876306231e+01 1.041555462960875200e+00 1.990568906651718351e+01
-1.032019548222772585e+02 6.313804094386623156e+00 -2.447554572103172177e+01 -1.362009830984645475e+01 6.584190130499040450e+00 -1.458177792940192674e+01 3.690791322967415855e+00 -1.327471323091955391e+01 -2.279223060410318968e+00 -1.152153555903643323e+01 -4.724495558055990863e+00 -1.065173174061215589e+00
-1.087016607042874341e+02 -2.173609480281580186e+00 -8.760403681410563692e+00 -6.416782763594655492e+00 -1.750188363113855061e+00 -1.356825229084778606e+01 -1.219664215448991129e+01 -1.410900901449217493e+01 -6.705778749112096371e+00 -1.135416916588153491e+01 -1.607111149019127438e+01 -2.046394210712708883e+00
-9.498092971412080487e+01 -9.032720978740142570e+00 -2.830126053187449742e+01 -2.133065883000671192e+01 -2.483830324075292140e+00 -5.543481252342175480e+00 -1.791596647789443386e+00 -4.234865724737827186e+00 1.480928449977705164e+01 -6.869470129462790231e-01 -9.853081788290616316e+00 -8.504490419000148016e-01
-9.021664855578219999e+01 -2.808624272363609009e-01 -1.303324358059603938e+01 -1.775691844236349226e+01 -1.627667004583596810e+00 -1.472222429917040554e+00 -3.011390381628288981e+00 3.566964914744493065e+00 6.407384913900044943e+00 -1.052305407742175625e+00 -5.996641988264991951e+00 -1.443517187508060218e+01
-8.590040706132811010e+01 -2.492878422032213326e+00 -1.470642169303059177e+01 -5.739106414363640774e+00 -1.436108347504565508e+00 1.500976264165401863e+00 -4.104575166773138051e+00 3.404877190280593879e+00 1.157505911771763429e+00 -1.428975326926573253e+00 -6.711180182372000758e-02 -3.487009847915123473e-02
-8.706546105862196328e+01 1.247071421302543115e+00 -3.748213989910017752e+00 -5.648389994830683492e+00 -7.383026336260552824e+00 -9.839886409493622921e+00 4.997217674458702241e+00 5.672365533171869423e+00 -3.170292173349273490e+00 -1.203219104028968900e+01 -1.042337275723110146e+01 -1.538947134522073057e+01
-9.047993971669268376e+01 1.266005303157983164e+01 -3.654554568184487984e+00 7.302831431373819626e-01 1.074362402788247461e+00 3.472749823732614427e+00 7.490945182211842912e+00 2.862670088678770153e+00 -1.526145699020566626e+00 -4.750979641144228438e+00 -2.462982053691826767e-01 -6.707097110091008396e+00
-6.932654966526708051e+01 1.227931210156457098e+01 8.887751507096002257e-01 6.123270290841616337e+00 1.003544415822499403e+01 -5.862497070563779999e+00 5.463499409734016155e+00 -1.291194530828396836e+01 -9.936774280107112389e+00 -1.232007044737691892e+01 -7.022700972673276532e+00 -3.827154813869064309e+00
-6.184930910052193553e+01 2.120237873345194402e+01 1.557900345804056919e+01 1.109405006224611867e+01 1.931393918725142811e+01 1.059456121563425768e+01 8.695776306969229097e+00 -8.407900029513474038e+00 -9.337590692521715141e+00 7.528835698843465707e-01 -7.034291969117587584e+00 -8.690867245394004570e+00
-6.609311790933855946e+01 1.808578386093553192e+01 2.263254057090912141e+01 2.049284271959039216e+01 2.149194976060358542e+01 7.794294625421878564e+00 3.012547461105782531e+00 -1.622046099894189908e-01 -5.215158735149256763e+00 -3.462086766877562560e+00 -7.316865823397809443e+00 -1.931849574973750805e+01
-5.766195550235212863e+01 2.388577102673427532e+01 2.488883836367904578e+01 1.581071441862342297e+01 2.030066100500795301e+01 5.375321227735375018e+00 7.008650867831719644e+00 5.499717372170668916e+00 1.931746433777082661e+00 -3.894475303125483290e+00 -3.369875264963212214e+00 -2.895336324801150596e+01
-5.941684066620533144e+01 2.828621041555819104e+01 2.005727595446592915e+01 1.733556732867025829e+01 1.897411617763046721e+01 2.327158178416247836e+00 7.991354434188666644e-01 1.910415623286830122e+00 2.745385232424678357e+00 5.822861314658592802e-01 4.264628314523357666e+00 -5.082697860951756574e+00
-6.442063423112853116e+01 3.570511834266379481e+01 2.178838699275907942e+01 2.335792763752222356e+01 2.277731509759391315e+01 2.146255089973733021e+01 6.528674609331078571e+00 2.214979743907401044e+00 1.182879173317189370e+01 -3.107559515178427212e+00 2.778093675327535816e+00 3.665349405843248309e+00
-5.525234394502120239e+01 3.818380132410110406e+01 3.812492250960585238e+01 3.006639212668370575e+01 2.787853911692636188e+01 2.413831774680396336e+01 1.418845627692730993e+01 1.156202072384459711e+01 4.771292652639916199e+00 5.923398428661497128e-01 -5.636780432284647091e-01 -7.530099621831729095e+00
-4.517537435441445837e+01 4.464383921027152269e+01 4.719597632680664390e+01 2.733990769493822981e+01 2.555039562128675357e+01 2.633297692155744230e+01 1.511041582123441884e+01 1.025380725154592376e+01 7.882232771601211496e+00 3.095132550298353991e+00 -1.728529550351364907e+00 -1.690791389718673798e+01
-6.541253439986061835e+01 3.903002897059838716e+01 2.795583863665529378e+01 1.623767665564181684e+01 2.834577629002568244e+01 1.836242364917755765e+01 1.928401347454827430e+01 1.165127959628572540e+01 1.728762558967356711e+01 1.939811233949480851e+00 3.469728089617763800e+00 -1.550343858362967175e+00
-6.096210980750284136e+01 2.920482907156709018e+01 3.331604286291508998e+01 2.220014069262766299e+01 2.569682417412430198e+01 5.195189714418590121e+00 -7.281816029829255577e+00 1.012577657213673987e+01 6.926705527664424267e+00 3.419763506287251342e+00 1.434516443987152456e+01 5.527269472289036756e+00
-7.088816443281139357e+01 1.757656321180148495e+01 1.187823049436568112e+01 1.510529957340451723e+01 1.773416325775841784e+01 1.616403028079662718e+01 1.135473081972902065e+01 1.723738300467907081e+01 2.790725642130892581e+00 -1.031078414940902022e+01 8.362296963894721102e+00 1.155179588503336419e+01
-6.934044686932411139e+01 1.738908602467375886e+01 3.680169439821660227e+00 1.207083236367030388e+01 1.786406417219986409e+01 1.645647054141738863e+01 6.895622319479889129e+00 1.285106876913594576e+01 7.065466158429627441e+00 -5.879711685758985951e+00 7.507126050226581526e+00 1.054815573962422803e+01
-6.941826665054250611e+01 1.669011626467700893e+01 2.058748640830135201e+00 3.278868286434050816e+00 1.356459179253147340e+01 7.691198818066943943e+00 1.415528512572909037e+01 7.884902015026671762e+00 9.365460818989291170e+00 2.910189535115248471e-01 9.719844973417526290e+00 1.272599794016362473e+01
-7.122083357232381218e+01 6.562052698548982654e+00 8.122327480402514510e+00 1.546046650546936618e+01 1.666219530934602489e+01 1.816216946507192986e+01 1.748777334202909373e+01 6.311090188458098993e+00 -3.866048459942039273e+00 8.036542216222526402e-01 1.301154848154065036e+01 1.327518678036446076e+01
-7.666412125694009205e+01 4.392888897351424404e+00 7.419515965472215591e+00 2.369059159759019906e+01 1.858420301548973441e+01 7.940006614634088855e+00 1.168111115067755179e+01 5.053238188443283097e-01 2.944255554900700123e+00 -6.176280098646691030e+00 5.805761899815362170e+00 4.074671954123600948e-01
-8.916241862744463731e+01 1.822466468414808971e-01 -3.752112142249995896e-01 8.940461879819867619e+00 -4.432215573875883941e+00 -1.014669721060487717e+01 -9.080760094886070277e+00 -1.732913861717103998e+01 6.913065383233504058e+00 -1.455660466377560081e+00 -3.458460740761819530e+00 -5.258288547231541266e+00
-9.547627274784805707e+01 7.825746712312513509e-01 -6.737643993051779745e+00 4.364771912626919992e+00 4.687210766126550521e-01 -5.232956380729417489e+00 -6.462541595823165785e+00 -2.062807502385471992e+01 -3.304080591076051121e+00 3.027169413740412374e+00 -1.161838450776373932e+01 -4.562703221738191317e-01
-9.793530009107593060e+01 -2.486265226301195597e+01 -1.112710357345863343e+01 7.701166357306679089e+00 -3.710686918669330758e+00 -5.284408474637089626e+00 -4.190743942142622913e+00 -1.052375243797993143e+01 -3.976959837386933927e+00 6.273905510929228768e+00 3.947687629137633714e+00 -7.008784722796685962e-01
-1.030491597134476507e+02 -1.321619082781648657e+01 -1.833741311425899312e+01 -1.057254059416320935e+01 -1.448183533092774411e+01 -1.343064320288245561e+01 1.085901905943871526e+01 -1.681809675072136523e+00 3.353320732715431518e+00 1.212610897983579239e+00 6.011251596546266285e+00 1.045277860130722836e+01
-9.944372413865175986e+01 -1.215320454513686599e+01 -9.159287092715494794e+00 -1.880148298293402576e+00 -3.220433894974345179e+00 -2.232315249496540144e+00 1.142674353513742780e+01 -2.404504884368193984e+00 1.248705489959724879e+01 3.455598833179292839e+00 -1.403990116427234369e+01 -1.697211448509694520e+00
-1.000525709389026758e+02 -3.249909985418260039e-01 -6.514006581494785841e+00 -6.951246236412687907e+00 -1.472349645833626042e+01 -3.860238173701138642e+00 5.294336292072561179e+00 -9.430420639541068795e+00 1.185736789780627021e-01 -1.072330689648291013e+01 2.280551220491257025e-01 -8.822383946042164915e-01
-1.095700924599909740e+02 -1.028710829590281861e+01 -1.351481181803568887e+01 -4.737543326977380787e+00 -1.179654473428185302e+00 6.033036433803501408e-01 -1.032446995579929583e+00 -7.066543743475216743e+00 5.848419808793501318e+00 -4.732235057124055899e+00 -7.151279083947122750e+00 -9.472579720662849923e+00
-8.989310320120694087e+01 6.965909488832851437e+00 -5.109808674407206652e+00 -1.285586793778859871e+00 9.639582947951391034e+00 -3.831238491077761044e+00 4.148560007039132635e+00 1.100316676148896633e+01 9.989333790797354951e+00 7.955799406344143954e-01 5.586946243133459333e-01 -1.075160948825514318e+01
-1.048898706544513857e+02 7.842369962827287821e+00 -9.670293932430837458e+00 -3.463024789281978766e+00 8.822957756817320529e+00 6.092866650008462948e+00 7.393265640656214721e+00 -3.992383597563457620e+00 -5.873724470065700309e+00 -7.441484891257134748e+00 -1.963102544179496700e+00 -5.221060366683542675e+00
-9.870294516385712313e+01 9.555853884950462174e+00 -8.028993820940016235e+00 -1.742313550660171728e+01 -3.444810739670151278e+00 -4.826709167700645509e+00 -4.038476206769099353e-01 -1.441354422379614419e+01 -1.050425396908503117e+01 -3.111531021919155648e+00 -5.339243918045441184e+00 5.362614880322110977e+00
-1.011765566735401478e+02 -1.082070117461594094e+01 -1.515555289571248565e+01 -1.662185091841889317e+01 8.022168669047622380e-01 -6.221752169457985815e+00 -2.379217643287502959e+00 -4.413287474498457819e+00 -1.460397994197854921e+01 -1.846090836360104959e+01 -3.225464673734540710e+00 6.370125518917725493e+00
-1.083464454432505022e+02 -1.743238124949009649e+00 -2.943305646584724933e+00 -8.996092059611527247e+00 -1.664226092216403163e+00 7.525513816425848823e+00 2.829289723932589595e+00 -1.736659046891688263e+01 -1.288780617191690681e+00 -8.470044383576933456e+00 -5.142442817358428009e-01 -4.523751441631694625e+00
-8.065211380506502792e+01 -3.713962142384822585e+00 -1.411082100643146475e+01 -3.969616672000650048e+00 -9.151810391171743220e+00 -1.618575831449541269e+01 -7.620262724268140886e+00 -6.106573723871131065e+00 -1.436451975208183018e+00 -1.200657726693722793e+01 4.825096784337894462e+00 1.316096716556624457e+01
