-8.710268881740037727e+01 2.962253052560708610e+01 2.157771777727458229e+01 -3.711320654392529228e+00 -7.409156678210339075e-01 1.604421352304492387e+01 -2.002145662354983813e+00 9.292377703873491157e+00 1.459028677181728106e+01 -1.840641124523159755e+00 -3.133526706649656823e+00 1.901397718857265273e+00
-9.462882667061619202e+01 2.172230731575468354e+01 2.233813947015118373e+01 1.122022622211238030e+01 5.735655322669943601e+00 1.329015009416088766e+01 -1.053437781791643246e+01 4.035543393404984691e+00 9.562067914459657203e+00 -2.590176897967622516e+00 -2.447476151115039578e+00 -2.153601834768422485e+00
-8.311846112206248449e+01 3.271436717328646182e+01 1.860104695993452140e+01 5.275797881396090183e+00 1.770031401854994613e+01 2.492439221682682415e+01 4.840835906624264773e+00 2.189963050675227052e+01 2.272964402038078902e+01 -2.520689608292498995e-01 6.911862674414322782e+00 1.089527070389745411e+01
-6.715831322198289399e+01 3.949429580865410117e+01 3.903448776804104625e+01 2.474395606184851459e+01 1.980008283203010322e+01 1.447437533699696388e+01 -1.419267743752691491e+00 1.169014287784762729e+01 5.333676456148422673e+00 -7.318445012587143417e+00 -1.682408368864439119e+00 3.875088032301208685e+00
-7.247733555542397710e+01 1.827321310371540619e+01 1.531026497445702006e+01 5.046790135408150135e+00 -2.344246537304819356e+00 1.023330162329745541e+01 -7.862484361140423594e+00 4.740346293478156170e+00 7.160402141272159682e+00 -1.044250023948424655e+01 -1.291408214255813203e+00 -1.823174027366422756e+00
-9.882940169882979831e+01 2.503021957426378563e+01 3.496988997904504970e+01 7.244365619031409409e+00 1.309809003143655559e+01 1.752963288295396183e+01 -7.046934573218859299e+00 8.580575159597575663e+00 1.364009932625403465e+01 6.240606088646122984e+00 1.311341360187731198e+01 1.201095439002788368e+01
-8.363796507904439181e+01 2.223822409701980263e+01 2.383655811334584484e+01 9.378466469872863698e+00 3.608828258779106513e+00 2.985977250878698896e+01 1.766357970873599914e+00 7.465363368401680688e+00 7.332088886014842544e-02 5.879620170540491131e+00 3.600715257558791738e+00 -5.034026526134150359e+00
-9.603307013878635701e+01 2.993681405166246923e-01 3.671867142525464089e+01 1.145469534471746620e+01 -2.663110958717791021e+00 1.361822359039292252e+01 -7.045641231041771535e-01 3.271305674047604306e+00 1.217610416200595225e+01 2.384832686010141600e+01 1.059991801005465817e+01 1.001836989664514288e+00
-9.214334928986052375e+01 -3.874954215471582586e+01 2.159196774060495017e+01 4.536123432785908349e+00 -1.697277765315301679e+01 8.117902671004271653e+00 -6.194769551477975256e+00 -1.561742749619764936e+01 1.243475824254583983e+01 1.739309260134107049e+01 -9.202767189878510834e+00 -8.424736910210212315e+00
-7.019504293858494748e+01 2.588905729626470364e+00 6.725025450471650856e+01 2.922402847620889332e+01 4.017490942941253640e-01 1.291819500946646926e+01 -2.124321485029296497e+01 -2.487729888479850615e+01 9.946036515885317897e+00 1.380515450045578874e+01 -1.214779420871717441e+01 -1.685948714427425443e+01
-6.105072860599680684e-01 4.141356179430704998e+01 6.221280714350966434e+01 1.028271155734224962e+01 -9.525089366768224153e+00 1.805244813843005058e+00 -1.868266370954337319e+01 -1.512410486592598247e+01 7.089496188849651936e+00 1.181234774856942238e+01 -1.839688721346595912e+01 -9.516543697284095771e+00
2.978174167670241346e+01 6.620307087424039594e+01 5.187838965499021526e+01 5.787703677157709059e+00 -1.738651107438396082e+01 -1.917365845554941473e+01 -3.120593450853250417e+01 -3.942583264280647626e+01 5.126864010936044380e+00 1.250265992578064100e+01 -5.101076888713529378e-01 -2.050373226496306955e+01
2.327385757562420565e+01 2.454671995945325946e+01 2.603702477782485403e+01 -2.388867973937631106e+01 -4.522359723971671031e+01 -1.165869440583534589e+00 -3.005992545765110080e+01 -4.721661580569038108e+01 -4.300910029993847417e+00 -1.746113294209445854e+01 -1.536000219615449325e+01 -1.951326064153545659e+01
2.643872818530405766e+01 2.279328907885516031e+01 4.532290823001135038e+01 -3.003962752226074073e+01 -2.570708592561195260e+01 6.700098211505272516e+00 -3.154195238429385384e+01 -2.124378948846692694e+01 -2.054935344603772585e+00 -1.743210646730624447e+01 9.937637481068330558e+00 -1.453366236603259587e+01
-1.792911335624935987e+01 6.634626483888594883e+00 7.108692661422176684e+01 -2.894216624545178718e+01 -1.893251243713860532e+01 1.640919252930542083e+00 -3.420597750774780366e+01 -1.845899671889282345e+01 -2.051972573159710489e+00 -1.473276940192163309e+01 4.775488722003684572e-02 -1.283675411577565484e+01
-6.019584275670678863e+01 5.398757642221951869e+00 9.838104971775791796e+01 -5.260877019975202984e+01 -8.245106175973607066e+00 1.323954729510301931e+01 -3.411177336190837650e+01 -2.068733557831775016e+01 -3.613948641007215024e+00 -3.909427627512171988e+00 2.603247807092869959e+00 -1.383509209717223598e+01
-8.630030004941259847e+01 5.706090694994574442e+00 1.051307618319979582e+02 -4.909156747651963570e+01 -3.665993175740808852e+00 3.017870754177575776e+01 -2.044300062578179933e+01 -1.559547254987684006e+01 1.728545735532721750e+01 -2.744438765048773821e+00 9.647871386438163555e+00 -5.066874426451118296e+00
-1.222834765700792161e+02 -4.179719610457091505e+00 1.064220614683640065e+02 -4.772637670322650649e+01 -1.346449159108837179e+01 2.856480249970088181e+01 -3.054573715495051900e+01 -2.402174391768141959e+01 8.593293612156349681e+00 -1.670840192455975171e+01 -6.996042086827630513e+00 -1.946701797869092943e+01
-1.166385085376361701e+02 -3.710845863638244424e+01 5.757140318391077471e+01 -4.931914944545516732e+01 -5.577960607132286697e+00 1.427067232140309372e+01 -2.507463732964418313e+01 -8.663930222349551791e-01 4.836329961586326220e+00 -1.506144451073861212e+01 7.349893895633934804e+00 -2.763949233522612126e+00
-1.774443374503889004e+02 -3.323806179803533212e+01 8.911682559181201668e+01 -3.806271870650115829e+01 -8.563263750185567957e-02 2.250942245927169694e+01 -2.660371762591206490e+01 -2.217740599086373976e+01 -6.293968465093602305e+00 -2.730203274630499166e+01 -4.318508700778363796e+00 -2.301902834075113446e+01
-1.205289439310417094e+02 -3.037275896362159244e+01 8.617769339711429666e+01 -4.054713396107023726e+01 2.878708839056093538e+00 3.433095693756747124e+01 -3.197203105746347251e+00 -6.699109911426363695e+00 8.080632955638773041e+00 -3.001127541083277173e+00 5.418829376879531701e+00 -1.260567329737200382e+01
-1.151844080189804487e+02 -2.246394356498326772e+01 1.067159321675915464e+02 -1.682422712950777566e+01 1.326495144787206648e+01 2.070934378857471359e+01 -3.391722477271306246e+01 -2.809004634740967532e+01 1.229305208948685557e+00 -1.325699798635561066e+01 6.205772633962362228e+00 -1.077451296070784181e+01
-5.240085503199850336e+01 -1.175415633735787146e+01 8.508004179176325010e+01 -2.708710896253163725e+01 -9.342253915788367280e+00 9.287926782201997966e+00 -2.687683129527712822e+01 -2.073055604195677404e+01 5.840826352443595049e+00 9.645589359983556932e+00 9.682036319575981764e-02 -1.727020434649882574e+01
4.241511842918437303e+00 -3.036766165291618691e+00 3.890514448967922334e+01 -3.179020222963066544e+01 -2.240466157077041487e+01 -2.822755191008292996e+01 -2.268687254227714334e+00 -1.985244284502390144e+01 8.134452722595534979e+00 9.017791648661459547e+00 -1.178327691091326557e+01 -2.379169088377695473e+00
8.290350071090241357e+00 -2.785798201577632938e+01 -6.053652719613382693e-01 -4.243040027751212051e+01 -3.310820307737271406e+01 -2.500318701197320337e+01 -1.678658967750789799e+01 -2.358994963610707885e+01 -3.264244145492989357e+00 5.149466544360212339e+00 -1.733990257469331908e+01 -3.335412619581846627e+01
2.826117089536916982e+00 -2.312611500584258906e+01 -2.352242449712747430e+01 -5.244475446112785022e+01 -4.224921750202010884e+01 -3.145466891415468780e+01 -1.387225343449257586e+01 -3.123174588446444488e+01 4.885306290366230542e+00 5.601981021907798564e+00 -1.449066431852592096e+01 -2.724595362659390574e+01
3.421648993244349413e+01 -3.269024903711490992e+01 -1.316629799527030364e+01 -3.434393815486485124e+01 -2.514213924519566490e+01 -1.775820756350643137e+01 -4.054495274699061014e+00 -1.463172762787164416e+01 4.188977940354588370e+00 1.535864421186962048e+01 7.843937811072865252e+00 -1.318979964797581061e+01
3.790172961267835205e+01 -3.299995800177246252e+01 -2.691610126091013910e+01 -3.548743644160146715e+01 -6.184114274942153600e+00 -2.031468265077871393e+01 -8.003857242458469301e+00 -1.497347414907732599e+01 2.442202919901540881e+01 1.774090528036531822e+01 1.339510763448772401e+00 -1.416952785495977807e+01
4.705620161835391002e+01 -1.349775119821714675e+01 -1.625898338099947438e+01 -4.996764613935272337e+01 -1.102240879862767642e+01 -3.864142588509643872e+00 3.132663954310033638e+00 -2.397203267224516310e+01 4.289084100841542124e+00 2.775388150810226762e+01 5.422212017324592459e+00 -3.621864670310440459e+00
4.689233031957465414e+01 -1.204767383265728853e+01 -2.642933828901853843e+01 -3.893908538311119116e+01 -1.477982869044018344e+01 9.961082573146879948e-01 -8.454220945750197558e+00 -1.346424810237517633e+01 1.792002934624458277e+01 2.827075125897044217e+01 -2.552993445252512039e+00 -5.736188560017536631e+00
5.564272242589471063e+01 -2.473284841164385028e+01 -1.849373774089295708e+01 -3.100181131633737053e+01 -2.067327550538245973e+01 -1.248295244602117648e+01 -1.126522116254303008e+01 -1.721023750642290651e+01 3.683228565892308737e+00 1.538548171991684654e+01 -5.063814239935064965e-01 -1.318104743439105775e+01
3.351718531971255288e+01 -3.091254327735103047e+01 -4.536822146450104043e+01 -5.786009241957501104e+01 -3.902389518257321299e+01 -2.845866101779406421e+01 -1.877675154534588131e+01 -4.134367367445142349e+01 5.728639619730128807e+00 8.621163753299427412e+00 -1.773864993397351597e+01 -1.589623951004903546e+01
5.838169419053970444e+01 -1.051933383382696974e+01 -8.631272595716495744e+00 -3.291630708266467309e+01 -9.188527552570365131e+00 -3.144491492605419491e+00 2.686801384111238811e+00 -8.069025013314515604e+00 1.344074911601921585e+01 6.105037109104830328e+00 -4.549851911205767152e+00 1.483876998243344403e+00
3.189789861989153508e+01 -9.904039214952163661e+00 -2.672381118446883619e+01 -3.633305286984636950e+01 -3.048351570774504893e+01 -1.178646060096459180e+01 -8.325020821222569367e+00 -1.460106831643360792e+01 1.442782801023822792e+01 1.679461758914310465e+01 5.440780894305537352e+00 -1.458753658040779122e+01
5.051605284683802211e+01 6.363795950107515864e+00 -1.338660191765774421e+01 -4.077927292197371401e+01 -2.484135314506104208e+01 -6.180169370714542865e+00 3.866371386785467656e+00 -1.958456433096595362e+01 1.915881192172827241e+01 2.637227158706744490e+01 5.234560191924316763e-01 2.140155388709534812e+00
2.563141027649470516e+01 -7.286128119774932799e+00 -2.498524667624151618e+01 -5.564885691394977840e+01 -3.935088269624789348e+01 -2.562323933418301891e+01 -2.625819941013117642e+01 -3.393703817783310228e+01 4.194720384444606154e+00 -8.009709844942491941e+00 -2.126081147937991034e+01 -2.482945188972556849e+01
4.130077505661556359e+01 3.938603123493116698e+01 6.417398551924424766e+00 -4.122435711427446137e+01 -2.355327822322386666e+01 -2.001138367053702183e+01 -2.188897177320381360e+01 -2.657166789615219216e+01 1.392401191968143870e+01 2.527158748193044602e+01 -2.416871934300416136e+00 -1.076974989476692457e+01
2.839534046137999468e+01 2.974381689118580141e+01 2.774749524747685570e+01 -1.512196702979831997e+01 -9.224225131564249835e+00 -1.102696174506839277e+01 -1.386070728240939864e+01 -1.407134416059640358e+01 4.513515950167784396e+00 -1.602748645776792102e+00 -8.331107811186882373e+00 -7.397006491403319117e+00
6.068891464046055972e+01 4.553271917677943748e+01 1.535014839513543805e+01 -3.179498157691410754e+01 -5.597066943578946407e+00 1.382553797467341106e+01 -1.483443530754175654e+01 -6.317039652811051731e+00 6.214182108326166798e+00 4.338185541255583644e+00 -4.566203802230012876e+00 -7.741138606212201179e-01
5.908376998732673258e+01 3.347463790813316109e+01 7.507772822254034750e+00 -1.762368695003142705e+01 -4.656477477186760083e+00 6.742030726919235661e+00 -1.029270857171077580e+01 -2.576602639206599488e+00 6.105168833921643667e+00 9.778528756461083660e+00 6.710497455444015102e+00 -6.256240425399127503e+00
5.810136008355412685e+01 3.228896746278330454e+01 -1.027007688964942389e+01 -2.771527243927673112e+01 -1.944797910986016731e+01 -2.968501411416686331e+00 -6.766302236237165424e+00 3.194319690480703411e+00 1.299619512567064206e+01 1.562492598673386723e+01 8.847362938718974945e+00 -1.409375855643474118e+00
3.314038392703690050e+01 3.987231079210110352e+01 2.370037166870852019e+01 -6.141148662898670096e+01 -1.708705458477400185e+01 1.372251716702860769e+01 -4.823080075563502334e+01 5.043225373493915864e-01 5.214508681247612465e+00 -1.015497546554261277e+01 8.537091857867958211e+00 -1.263856859832584689e+01
-7.971323529387920814e+01 -2.630090621771569914e+01 4.630208987024062850e+01 -4.725023940356849295e+01 -9.709252133485065883e+00 2.141821957626493855e+00 -2.911744914295640285e+01 2.959504262030166366e+00 1.423349770382085389e+01 -7.740814627875597154e+00 1.150350907255828403e+01 -3.854714182992728944e+00
-1.120777135014261461e+02 -1.235043128156994285e+01 4.506698859739437069e+01 -6.263624747039338558e+01 2.809779863045387316e+01 9.663166192072552008e+00 -1.330412020953043140e+01 2.602368785160811626e+01 7.936379998466740915e+00 -2.524058007975416906e+00 1.164109169975791858e+01 -1.678390046068517449e+01
-9.649454138154226257e+01 -2.156686697526308549e+01 5.472027616534842309e+01 -5.555623878504039226e+01 2.236129621343663842e+01 9.483211711002091704e+00 -2.323125900719054471e+01 1.700041412982981015e+01 1.500311448198415443e+00 -1.355368949881133567e+01 1.727539993261934015e+01 -1.023070032333944468e+01
-1.376611288097852821e+02 -9.926484534134640825e+00 5.755947958106838769e+01 -6.881149939553768036e+01 2.378653683345363490e+01 9.494180678395624184e+00 -2.362821491021204423e+01 1.941445978470343192e+01 1.621454268026430556e+00 -9.890041779814669809e+00 1.010624437965509870e+01 -9.824887138667559583e+00
-1.566391351887756400e+02 -1.019353024166717070e+01 6.763731917027101304e+01 -5.264429950792265345e+01 1.335411863359109219e+01 1.813020497588806990e+01 -2.236601735643084510e+01 1.055718759887543001e+01 -4.960311162267752039e-01 -7.289169095940559728e+00 3.175198493598530014e+00 -8.062785054540750451e+00
-1.048007188329354733e+02 -2.557875620215052592e+01 6.644071801080153250e+01 -5.442366234309704254e+01 1.150058903492756457e+01 2.275364511867460848e+01 -2.746835101776430577e+01 8.887268160832974218e+00 8.619810526875792078e+00 -1.032070148070546267e+01 5.568523307134958245e+00 3.520729279956757551e+00
-1.491858057395075434e+02 -3.854099969652637014e+01 8.317292585655088999e+01 -5.402847052348284507e+01 -5.509262818292141262e+00 1.839396945771588321e+01 -5.911780979526129798e+00 -2.485481393317191312e+00 8.713763396892595381e+00 -7.290469434905461066e-01 -9.822641340025797252e-01 -1.086038664273181409e+00
-1.530072443616430746e+02 -5.910898694190611025e+01 7.558549806817089234e+01 -4.106318739988468280e+01 3.183518492714837222e+00 9.576763117700512140e+00 -2.599847266644153621e+01 -9.740198690400081460e+00 1.681960625634124895e+01 6.112733859278259629e+00 1.359254179366939930e+01 1.138335710897549014e+01
-1.136297543005752004e+02 -6.136790917520958999e+01 6.668555000646051667e+01 -3.438294036750583871e+01 -4.207229179843869460e+00 -6.124470528063342689e-01 -3.646378401835601579e+01 -4.059056129094249066e+00 1.900204403930632679e+01 1.720254152527058977e+01 1.712854019025760621e+01 6.363836258508798416e+00
-1.162669244926385943e+02 -3.193593332394689455e+01 5.217220043452807943e+01 -2.793851589174509087e+01 3.704636253013342539e+00 2.081766047646210538e+00 -2.476853282968521697e+01 1.450960457573818374e+01 1.013140111888393946e+01 -1.580995240960098336e+01 -1.337850408952682812e+01 -7.741063750837614776e+00
-1.388384200290318802e+02 -3.358116824855463278e+01 4.366243477215493840e+01 -5.162077797945231339e+01 -1.246191683200609646e+01 -9.774664062491677186e+00 -1.580760280655266214e+01 1.436388746531686422e+01 1.636631496120946139e+01 4.446962077336349850e+00 5.130866648450459699e+00 -4.546978852739980148e+00
-1.167459874596491574e+02 -1.580170009708930223e+01 5.775619275537999187e+01 -3.489066234088654994e+01 -2.421527985823649143e+00 -4.559796980881254846e+00 -3.684594580483884130e+01 6.384101106039057782e+00 2.188813172839378396e+01 1.505643105477236787e-01 7.244353697629814626e+00 -2.012618915414024379e+00
-1.356191088064894643e+02 -5.227861720289257619e+01 2.432075763842968286e+01 -4.097472757126396914e+01 1.190380090854974782e+01 1.842037986579937936e+01 -1.004290708869060822e+01 1.726481492402069051e+01 3.166908891123142311e+01 2.003114191421038726e+01 1.915541006184708550e+01 5.137470691169582437e+00
-1.296263367682586534e+02 -8.788891906969675816e+00 3.372053730683696671e+01 -4.588232509871332354e+01 -6.347723959557262319e+00 5.882579254822480230e+00 -1.891186369367049380e+01 7.678244402991332151e+00 1.384930532750618681e+01 4.557012666485904973e+00 9.414831696649656578e+00 -3.706974034273384344e+00
-7.160115872795002190e+01 -6.730955296226111884e+00 3.640963982515560105e+01 -3.831673412260906275e+01 3.658779691745290830e+00 -8.277122743894658186e+00 -3.901365100881428560e+01 -1.076717252164416827e+00 -4.262671103252911209e+00 -1.300374493035930179e+01 -7.910103531248125819e+00 -9.500308329752137126e+00
5.225944453311619498e+01 1.316022865224240412e+01 3.222558027200599184e+01 -2.825544978316036548e+01 -3.334306977379791448e+01 -1.523876162355461794e+01 -3.471000503937700898e+01 6.706790641091704863e+00 1.116072088309271493e+01 -3.311462179643211989e-01 -1.429792711467429456e+01 -1.397954480100847263e+01
7.173780804055157034e+01 2.565045636054054778e+00 7.748617730154418126e+00 -3.678245507786171231e+01 -3.288346651514063979e+01 -3.094806050074571147e+01 -4.469991126374812040e+01 1.275572967354869647e+01 1.709390410893343670e+01 -4.915353526058963141e+00 -1.123728507388847220e+01 -1.929973388659346867e+00
7.168402110241260061e+01 1.512497856262706009e+01 1.938315132896757831e+01 -1.540157356807864986e+01 -2.869628426177148128e+01 -2.040161718745151020e+01 -1.478744145507973684e+01 1.118499075296296397e+01 2.535695271222276759e+01 3.601309639574329591e+00 -7.746350417441809633e+00 2.321040771423608984e+00
6.252506902036601844e+01 2.069267521945350552e+01 1.452670358158562181e+01 -7.702093194894765738e+00 -3.747571181843296984e+01 -1.876085391123137214e+01 -4.648067886537323723e+00 5.577100432826565424e+00 -9.882305002233326974e-01 -4.872261225431525844e+00 -8.998715395361946534e+00 -4.602890758535224336e+00
5.147948992155254899e+01 -1.096328154028933000e+01 2.137891676411018338e+01 -3.406972727863164607e+01 -4.270032026000383496e+01 -1.351159377529451433e+01 -1.663044152249070606e+01 -6.289919224317523927e+00 -3.233019993266109449e+00 -1.938639461894627303e+01 -2.730434960831173896e+01 -1.236237148924594109e+01
5.905270375692538209e+01 6.939565205959792316e+00 -1.633363004731465118e+00 -1.802653678441213714e+01 -4.490153414632703743e+01 -2.378500265775952016e+01 -1.164764450421122532e+01 -1.218571259259563000e+00 -1.528760570860946011e+01 -1.684656057935088569e+01 -1.704324909363051077e+01 -1.391505984613755942e+01
5.833760708165085873e+01 2.640631654947109652e+01 1.274835428872333054e+01 -9.106772053847731030e+00 -2.894866590451118071e+01 -7.315354985933343102e+00 1.595638376345752008e+00 2.062279031052848488e+00 -2.815216612218692571e+00 -1.335112332226518106e+01 -5.488402997904140435e-01 -6.070613227513971921e+00
5.968128709194989767e+01 1.169886979596318177e+01 -5.276976234831981749e+00 -1.147057676583523111e+01 -2.051911561855743571e+01 -2.001471359017311258e+01 -2.195011242494393500e+00 -1.642265782473139701e+00 -3.452066273232448967e+00 -4.585590149745405242e+00 -4.976274621698016709e+00 -8.865793891643471980e+00
6.199041286050699284e+01 1.823646709924482323e+01 -3.074547892925925563e+00 -8.751082446901372602e-01 -1.073219803039494735e+01 -1.316524550046092656e+01 3.365571778489291788e+00 -1.269283899891627243e+01 -1.228975967390181800e+01 -8.024786457529605954e+00 -8.148973168824927171e+00 -8.014438885366644172e+00
5.058012420235449724e+01 2.949601919763586366e+01 -1.218102138699860859e+01 -1.764269405344078834e-01 -3.960025407899547645e+01 -3.743180938669723901e+01 -5.967619792700229020e+00 -1.626509323534743601e+01 -6.879947450826357169e+00 -2.111714368126586194e+01 -9.439212458335070721e+00 -1.501238631870140949e+01
5.497501744686346115e+01 3.773087036426517216e+01 1.135419392687193074e+01 1.048429136400486428e+01 -2.491032998766217688e+01 -2.505730092977095325e+01 -3.819258519811079999e+00 -1.243265793329169711e+01 6.347976664350145626e+00 -6.163273113401663394e+00 2.380468627213232935e+00 -8.237639536588190481e+00
5.688178580051424404e+01 2.176717788476365101e+01 4.564375359229662088e+00 1.731194042267966360e+00 -7.294998057335275732e+00 -2.046191018128702410e+01 -2.956226726366748991e+00 -8.290288101787448127e+00 -4.865252532036268285e+00 -1.290660743608164651e+01 -9.982808536935683819e+00 -7.200837244759714650e-01
4.035492610261361790e+01 3.314562582237159916e+01 8.394035059331235615e+00 3.038243707052645348e+00 -7.270393992333641364e+00 -3.117897096305710392e+01 -1.056024362411217155e+01 -9.559963604765702172e+00 -1.335600933624378506e+01 -1.705314977932113152e+01 -1.989404045512294772e+01 5.450737857500465466e+00
4.995742361786982144e+01 5.227951640288028301e+01 2.325582252781407533e+01 8.494712896456121598e+00 -3.001521234122692228e+00 -1.958723050702701940e+01 -3.057846530193775614e+00 -1.703591445262971149e+01 -4.363682493432165188e+00 -2.481187110510274962e+00 -3.780704924971875158e+00 6.932753952767469308e+00
7.481424845484906427e+01 5.069719321787307820e+01 2.140862435750219106e+01 1.314820855451737991e+00 -2.338820006033861887e+01 -4.116905608506145953e+00 -6.522245197947501794e+00 -1.034117827168343062e+01 -9.687330783757264641e+00 6.087725625878355196e+00 -1.624251518119889681e+01 -3.962929696953990888e+00
5.838332389009073609e+01 4.893499269646809324e+01 4.138182259054708112e+01 9.080017825930260855e+00 -2.169975772450752061e+01 -6.371729572529202024e+00 -7.363226316560853135e+00 -8.090113333911288507e+00 -1.059482815793720789e+01 1.618031194123214433e+01 -4.566947918699989728e+00 -1.774455972274013149e+01
7.699966061807381834e+01 3.679149150006706037e+01 2.795613714528213478e+01 -1.626443496393898069e+00 -2.731694407108699352e+01 -1.022545554148728009e+01 -2.316872470852380683e+00 -1.506909126261587240e+01 -9.908798206469239034e+00 1.130522954522459322e+01 -2.252846022999417386e+00 -1.813689176971735861e+01
5.552860126705886756e+01 5.993529453046402011e+01 5.885679331153774285e+01 3.005347533508070157e+00 -4.471779676859885910e+01 -1.212002350166112130e+00 1.017320615997167188e+01 -1.537781925251458581e+01 -9.902558757457377681e+00 1.089311812616140607e+01 -1.124126979704296758e+01 -1.536725517861891532e+01
3.543967514972096922e+01 1.351045977241539831e+01 3.361435946650363604e+01 9.986154395984534915e+00 -2.370418881152693302e+01 -1.290908735649419015e+01 -9.633932897379995808e+00 -8.940148678239264513e+00 -1.553500000455589358e+01 -1.496851790342747890e+01 -2.138047208657893350e+01 -1.581602864630730387e+01
3.414778170681930192e+01 4.756134792287692648e+00 4.791846589388690347e+01 4.200725969420109607e+01 -1.967554294741931642e+01 -2.970676066007450089e+01 -9.216263786656199386e+00 5.553179876574326990e+00 -1.118891005322243259e+01 -1.186377837249877487e+01 -8.992141268135416254e+00 -1.601161421037776833e+01
3.689739825444223698e+01 -2.764078402346312302e+00 3.203812341264528385e+01 2.306158865758585819e+01 -2.274001489936893350e+01 -3.183853992985488190e+01 -1.974975050674463972e+01 -4.337451929650153470e-01 -2.214084025351315077e+01 -1.666060128807434282e+01 -1.174669629035846263e+01 -1.755550768730683586e+01
1.294047618094661978e+01 1.236375684238024775e+01 4.825091980300771155e+01 2.501345323536583365e+01 -6.368228270692796400e+00 -2.451115567697211972e+01 -2.215805178015559562e+01 1.192395307835451135e+01 -3.312922838513704615e+00 -2.107790666686648251e+01 -2.288378377877072367e+01 -2.398733218907215559e+01
-1.933197311498395798e+00 -1.360772835765732935e+01 4.415567253277293247e+01 3.303450333983134612e+01 -9.168122855030475193e+00 -3.557856396561452783e+01 -3.626244693801379526e+01 1.090185867135685527e+01 -6.101167211795558210e+00 -2.181384968524381662e+01 -2.345044785706421209e+01 -2.108384381819886499e+01
-5.831853962921142553e+00 -1.181781318771314560e+01 4.385147528509751425e+01 3.125087375334921092e+01 -1.205270604446326566e+01 -2.198456434755670941e+01 -2.114480152993586870e+01 6.327497216092128340e-01 -1.709692089928258696e+01 -2.673147940220481544e+01 -1.920289469803662996e+01 -2.176996505612830646e+01
-6.285718779139524770e+01 -3.205768854434365522e+01 7.121639231105129397e+01 1.406881954106348509e+01 5.450497914540838096e+00 -1.762346290260341064e+01 -3.555867761486268819e+01 2.214048293706619930e+00 1.001662795013792184e+00 5.508348916034216280e+00 -7.696775453589577154e+00 -2.743750276043115832e+01
-2.311317130928753016e+01 -2.778012101727136951e+01 3.899111845799579612e+01 2.899410826796106022e+01 4.302738876644943034e+00 -1.887763626026158192e+01 -3.708827551672190737e+01 1.213561067412018701e+01 2.047371753740436162e+01 1.613104379425523316e+00 -7.812436266154049846e+00 -9.094069562949471219e+00
-4.313546560334631863e+01 -3.914211679323053517e+01 3.149462132103932177e+01 1.952609639972612499e+01 -3.369339012749072992e+00 -1.682006304451708445e+01 -2.995199924058332286e+01 -1.315752650154779424e+01 -3.096639070615673006e+00 -7.095194368791791106e+00 -1.891264707704476677e+01 -1.305356185123962298e+01
-3.072819729733200944e+01 3.631389346618635550e+00 4.237701876073383289e+01 1.973202428254663943e+01 6.195242546466522171e+00 6.350807170433842685e+00 -2.123499097125674240e+01 3.062375914309750868e+00 1.800480637079736113e+01 -4.865967291282986551e-01 -1.065554163544173250e+01 -8.919959480581391986e-01
-3.825216558522390642e+01 -2.407024880907020759e+01 3.199523150306741570e+01 7.853237915879349273e+00 -4.152396029749237272e+00 1.883410761708505632e+00 -3.195919289050486256e+01 -3.526007002577500327e+00 5.775162236439507879e+00 -2.237022922291399318e+00 1.782600595972397173e+00 -5.623516007690454899e+00
-4.652314034190182923e+01 -1.004471343136121142e+01 1.688363917492466371e+01 1.462893355388582961e+01 6.533940441460415194e+00 1.696814943229330552e+01 -2.024823763492687334e+01 6.678655419469926358e+00 1.276700816075781830e+01 -1.309814429459289897e+01 1.179175642229705723e+00 1.116205569795621244e+01
-3.777489136000895087e+01 2.170851639759252105e+00 2.468227999602414258e+01 7.061992391928718860e+00 -8.572495110020903475e-01 1.849660168160236040e+01 -2.078739663174650332e+01 -9.361156490375760697e+00 9.763398817285084519e+00 -2.959509968810675407e+00 8.103082165050267349e+00 1.016404501321946086e+01
-5.912452781189735873e+01 5.023642020236721351e+00 3.276812347890522403e+01 8.845201770067923519e+00 -2.782604678623880723e+00 1.894706105097391102e+01 -1.029079207506383398e+01 -2.875185805115042514e-01 -1.603426798449991697e+00 -7.349312811277119550e+00 2.250602914316925940e-01 -7.531320050810331956e+00
-3.518317688879865557e+01 1.182164578726395909e+01 2.897750178336322335e+01 6.222392819515720319e+00 6.221601575346173085e+00 1.375926870882962483e+01 -1.886677707517947766e+01 -8.371960726011483445e+00 1.126925564866497531e+01 8.999542642081047816e+00 1.720683710534891020e+01 1.381618099168220404e+01
-3.610555248179328203e+01 2.857313605823401303e+01 2.882039050965313720e+01 3.150150780464805234e+00 5.444475273518786018e+00 3.406633870023849209e+00 -1.435907171247536240e+01 -3.972222231775522694e+00 1.091208157703677273e+01 2.091600363722455391e+00 5.283759500125505326e+00 1.183822291382442771e+01
-5.246440836023374743e+01 2.123501878971846679e+01 2.818631167388993575e+01 1.287643141893699905e+01 2.831962075759332009e+00 2.659979880094555327e+00 -8.919468586680919131e+00 3.094849188565308662e+00 7.311037039986582720e+00 8.675818286383314426e-01 7.425795161701223002e+00 1.016364729370199527e+01
-5.670074794413805819e+01 1.638783597151453364e+01 1.242826874404646098e+01 5.168106629677156505e+00 -1.574191312221375760e-01 -8.785833466865264896e-01 -1.819984983209114304e+01 -4.950236045778853899e+00 -1.044921042656689636e+01 -9.642941920210343909e+00 2.380471937337191868e+00 1.787804018961180574e+00
-7.386222274249871589e+01 1.813890655548170372e+01 3.857076363911453143e+01 2.349917051982484395e+01 1.116085828271755176e+00 8.584971245502330817e+00 -1.058536499144550058e+00 1.739313377484603507e+01 1.820035624407527663e+01 5.607274412511129569e-01 8.530035637320798614e+00 2.803847943582453706e+00
-7.072714354699689920e+01 1.333273149125706070e+01 2.174935593979370907e+01 1.287582532515937750e+01 8.581874328190234991e+00 1.316729087934847975e+01 -7.779713304804513285e+00 2.064701297613801501e+00 -5.991870235951980428e-01 -9.759545488926285373e+00 -2.948551152770940487e+00 -3.735367931337902903e+00
-5.593935178231829752e+01 3.022918356763798187e+01 3.920963093491937457e+01 2.467436272488155780e+01 6.776412741364536529e+00 -4.788897172150864634e+00 -5.876998101626226045e+00 1.682210569529973299e+01 8.746688761610450058e+00 -7.445116418398573188e+00 1.154305630118300563e+00 -1.593328056092380596e+00
-6.844035199163161565e+01 3.858516578646253947e+01 4.851116190283022434e+01 2.172601760505866153e+01 1.344989337933980522e+01 9.104679849796497138e+00 -8.835677991137806941e-01 1.192548714689226586e+01 1.793503726112875007e-01 1.168050899317050639e+00 1.082748452801771855e+01 1.154122128582610607e+01
-7.079352298694556112e+01 2.376466145767708582e+01 3.192063850767408439e+01 1.981724633802885194e+01 6.609224202684314875e+00 -6.416667010208435329e+00 -1.175351969923894302e+01 1.581919272145290911e+01 1.278736943053388586e+01 1.274822560748155631e+01 1.535441582346745193e+01 2.907795198462236996e+00
-7.038928339783481647e+01 2.151678067165829589e+01 2.294229752036162040e+01 3.383810353213615674e+00 4.222954645418680819e+00 7.782234880776941921e+00 5.158179525561752854e+00 4.435498269451096931e+00 2.961306535415726415e+00 1.017738137237417995e+01 1.740245211333103725e+01 1.272308376507494287e+01
