-4.605268600168537318e+01 2.920021095448377935e+01 -2.780526832341373478e+01 -2.845103804636599421e+01 -5.873408486033024900e+00 -5.284496732092856419e+00 3.572671446270373252e+00 3.523107862384532041e+01 4.800387905369487385e+01 2.451490480369876934e+01 1.465157165653243831e+00 4.380548792721035589e+00
-6.259287354112912283e+01 1.640807954409412872e+01 -2.093104720365026949e+01 -3.291079504091045749e+01 6.695980878083469534e+00 1.602787905820270709e+01 1.474830779024140881e+01 3.028772362435784871e+01 4.297773978623108349e+01 1.910034120923329937e+01 3.014830641444700143e-01 -3.955964713820394607e+00
-4.857606192300510628e+01 1.312432434770764544e+01 -2.189606950750435033e+01 -3.383341843675744087e+01 -1.507598771816117811e+01 1.384479010034310953e+00 1.428646448633868005e+01 2.491076275737682266e+01 2.992008352915132008e+01 9.680792540718979211e+00 1.974280522013271977e+00 3.617305335764571694e+00
-5.352185577443253806e+01 1.544015654673907179e+01 -2.198847924164033074e+01 -2.912126625894047294e+01 -2.221935243963209672e+01 1.682453232902373585e+00 2.104007469231537897e+01 2.077933973374084786e+01 9.167406824967686774e+00 1.014634202590147716e+01 1.899791316841611888e+01 7.946624908627238248e+00
-4.621446337316569952e+01 2.059034783866028206e+01 -1.723298731097301584e+01 -4.128474931633631684e+01 -2.430295815605733267e+01 -6.306915492916864707e-02 1.303520281434003358e+01 3.030022545196717942e+01 2.517158201873863987e+01 6.488979640476140176e-01 1.039588111732097175e+01 1.145858181319071534e+01
-5.751016172635648616e+01 1.148875030911355921e+01 -9.447642466712724563e-02 -1.458188573439250568e+01 -1.027068090924720778e+01 -1.115769468119854935e+01 4.980799104759194407e+00 2.598622444087207128e+01 1.414908894481366985e+01 -2.899975808924481591e+00 5.117990607129442537e+00 5.415698796554621275e+00
-3.548340258181430329e+01 2.220057827926785521e+01 -2.317564815547946466e+00 -1.857966797479809173e+01 -1.695397214919844942e+01 -6.612416368837182645e+00 1.554274044128854726e+01 5.743134346191475892e+00 -1.776589586022160105e+01 -4.888064528395718611e+01 -2.020753785269615932e+01 -6.074701239771949091e+00
-5.286810950948024335e+00 3.495842569007811562e+01 -8.631762204050504872e-01 -1.557730056149549647e+01 -6.269032020721099663e+00 -1.097502434736174237e+01 1.237346894560753086e+01 -1.370627608899420480e+01 -2.952550906171549627e+01 -6.747216309553778046e+01 -3.359765219391620406e+01 -6.391790610154454377e+00
3.410464297318234372e+01 3.854596028808381192e+01 -8.178279976844534005e+00 -2.692501272626350328e+01 -2.725744960212947632e+01 -6.112862310081277428e+01 -1.002709117447985498e+01 -2.479298172979249770e+01 -3.428184465002223646e+01 -6.503054054773505754e+01 -2.501501080305574121e+01 1.567227017476699569e+00
6.434056014480138685e+01 6.298599849513679771e+01 -4.137146636792080834e+00 -2.922450796068442003e+01 -4.792024568168342569e+01 -6.770306301185860320e+01 -1.168452246224251567e+01 -1.532281675506860630e+01 -1.196409017781170903e+01 -5.938989863745545250e+01 -2.270380137072030990e+01 -2.623666238667876627e+00
9.171943876980344612e+01 3.975850258836819506e+01 -2.452197723068266910e+01 -2.587251708738173761e+01 -6.035514328900605108e+01 -7.930023817331488090e+01 -7.753802441665797573e+00 -1.060703088810701722e+01 -9.205922040387283900e+00 -4.618739295082367846e+01 -2.429421932755075630e+01 -1.581985614152699071e+01
8.727330595212001185e+01 2.729668611511061371e+01 -2.334920482598544922e+01 -3.160015368619747633e+01 -5.348352632233724080e+01 -6.328957984189914754e+01 -1.407018302478837413e+01 2.745969265545177507e+00 -1.590041553295109900e+01 -3.455054268810359019e+01 -2.153622429231608137e+01 -1.793830794770606474e+01
6.820016916505277038e+01 3.090514577132108442e+01 -3.029073540218100291e+01 -4.418491801380896078e+01 -4.786888664141309135e+01 -6.083103447794505314e+01 -2.222463221829742253e+01 7.786474611736013074e+00 -2.362618118439574033e+01 -4.378209586571806256e+01 -2.369042339976359557e+01 -2.569851135624769611e+01
5.753311963228647130e+01 8.791633896949073712e-01 -5.364789643216293769e+01 -2.732639315131584823e+01 -5.279532777956152501e+01 -2.328111491338052375e+01 -2.919576961164806050e+01 8.921135810608580741e+00 -1.539790389790833203e+01 -4.875219584337391154e+01 -1.304048015282573303e+01 -3.073511373105138489e+01
2.739863687606360187e+01 -2.755620173292460606e+01 -7.994432917503038993e+01 -2.354746559687913532e+01 -4.153585686276019828e+01 -1.579960034057249985e+01 -3.219865117211592320e+01 2.955518040642544086e+00 -2.941531410368829214e+01 -5.915331786184532348e+01 -2.425260508815852134e+01 -2.639482403971855362e+01
1.874161344414702057e-01 -2.528956121260050338e+01 -8.931630986410576156e+01 -2.682281271245300402e+01 -1.470412391272838804e+01 -2.538213274761174176e+01 -9.686617095419682855e-01 -7.286226885607293369e+00 -5.179658353308617791e+00 -4.597162855068704346e+01 -2.721336913966292670e+01 -1.157096457742358808e+00
-7.020385087337260188e+00 -1.085688610845049418e+01 -8.822221867346303270e+01 -3.012750061622973874e+01 4.071923684929623644e-01 -4.567856754047345902e+01 1.337871399796173755e+00 -2.038563486145265458e+01 -2.116221447158255842e+01 -4.828491773145803734e+01 -3.334981290016955313e+01 -9.304817983764376521e+00
1.546722514621996503e+00 -3.256415581961888250e+01 -8.018092038570432578e+01 -4.716365303915388552e+00 -2.503774994551676514e+01 -2.929748932402697292e+01 -1.991522810900345775e+00 -3.244958668842372163e+01 -1.215461473147407823e+01 -3.098603716646222495e+01 -3.595198899233301404e+01 -2.901612002600892026e+01
7.411783103474558487e+00 -2.842233301418698233e+01 -8.750350232839586795e+01 -1.715192606687821364e+00 -1.853835205253510310e+01 -3.025332175098973764e+01 1.088802838362331826e+00 -2.826407302227703155e+01 3.654505704093506946e+00 -2.773101008231315490e+01 -2.596507980585698760e+01 -2.509254998036402284e+01
2.193221156834461283e+01 -2.784695066456914958e+01 -9.266751686437817170e+01 -1.248580635877831924e+01 -1.081091012582260014e+01 -2.627575507343495786e+01 -1.958649538632172238e+01 -2.386464432489069054e+01 -4.512601983605319944e+00 -4.426310938268050421e+01 -2.277035983640232075e+01 -2.070899075259134392e+01
2.275604209785294785e+01 -2.659623842862986720e+01 -9.116543455188261191e+01 -9.458017930233264536e+00 -8.278273723105375126e+00 -2.491544445156407406e+01 -2.628508265660175525e+01 -2.072805942517465994e+01 -1.746976276968801312e+00 -4.823526436820053220e+01 -1.364540624962261361e+01 -3.636570449028715046e+01
3.568328045132342652e+01 -7.380723047306240403e+00 -9.575821055987012187e+01 -1.080866874821563073e+01 9.810350598743333705e-02 -2.493873579020021225e+01 -2.650948365105645266e+01 -1.503326569025494663e+01 1.035495102000685108e+01 -3.825503975057856110e+01 -1.596405910841715325e+01 -3.983936797149273445e+01
6.630953887760847465e+01 2.155597491315324632e+00 -9.948745925202155149e+01 -1.820270293280130858e+01 -1.526138534468892516e+01 -1.632104399528101624e+01 -1.243795301585973512e+01 -2.310994265249064128e+01 -1.109895243010708299e+01 -3.783859872557272297e+01 -9.403727972174486638e+00 -3.682292260840873155e+01
8.731949322684603487e+01 1.828103370742100608e+00 -9.097404476449509048e+01 -1.526480753540084478e+01 -2.987408684452574903e+01 -2.561556401926188897e+01 -1.693487447884190900e+01 -5.393496717236318005e+01 -9.424403111287139367e+00 -4.592903052551542231e+01 -2.869734720317581633e+01 -2.495264584790269780e+01
1.021699174235723717e+02 1.272704399947276954e+01 -8.077322988027599138e+01 -1.032758082724016546e+01 -3.681742446242726885e+01 -2.724408916635852052e+01 -2.723768092280448805e+00 -6.616611524993200533e+01 -1.643544065551067845e+01 -3.313671624711992081e+01 -1.868051840425520638e+01 -4.247191211042095205e+01
1.031671854315496546e+02 1.011137057112333970e+01 -5.963306176979683926e+01 -4.246406683003235649e+00 -5.339435503290050633e+01 -2.519228638959606315e+01 2.173743248475190182e+00 -6.394956465075783569e+01 -1.144919858750430208e+01 -2.752371024899475316e+01 -1.510527067052092498e+01 -5.431779093456296437e+01
1.002981328715927987e+02 1.659564175212657489e+01 -5.133028923701089496e+01 -1.199297821052132029e+01 -5.414066326705969345e+01 -3.039003354789936040e+01 1.261616158430387102e+01 -6.161166911685494085e+01 -1.060831843879521941e+01 -2.709132198377961842e+01 -4.579420570429244108e+00 -4.971691237184909795e+01
9.661202719969502084e+01 2.336954192771741745e+01 -4.449393396140082046e+01 -5.278960088344240020e-01 -4.558583182232583653e+01 -3.033361749893197157e+01 1.283338087763501001e+00 -6.185981469600785942e+01 -8.381011907082246637e+00 -2.175580158566084421e+01 -2.865941182823695144e+00 -4.595280286424645766e+01
9.884801474158152246e+01 1.583225677654382402e+01 -3.916332291172481916e+01 -2.616021511450923320e+00 -5.539590003636924109e+01 -2.243543075525730757e+01 5.064451109876298318e+00 -6.214375848421272508e+01 -4.273860968702439145e+00 -1.937843722676125680e+01 -6.129142993672071604e+00 -5.171117813318734591e+01
9.686028423309284108e+01 1.532752366269490096e+01 -4.537030453830335119e+01 -6.286107553978366624e+00 -5.941245940225212507e+01 -4.079276308915964222e+01 -6.546351452309314034e+00 -6.856095509795903808e+01 -2.141523657529642577e+01 -1.031797937247038277e+01 -3.160793753436545117e+00 -5.492646476015866597e+01
1.025340740019259442e+02 3.096359447872239912e+01 -5.121770534458686086e+01 -1.650076501499839310e+01 -4.025997773400415269e+01 -2.537487466296398964e+01 -7.227675222125903964e+00 -5.944133786484411530e+01 -2.358465749405688072e+01 -2.387226590396750936e+01 8.117855458298890881e+00 -3.703316196476022526e+01
9.173881022045078737e+01 3.726817658064067018e+01 -3.269336522630847242e+01 -1.645716015197576354e+01 -3.688085908414299752e+01 -2.231909914504610271e+01 -1.124937768180969044e+01 -5.106422519782751124e+01 -3.239536927403212019e+01 -1.987190620740310010e+01 -1.535663578240326288e+01 -3.001186929691007776e+01
9.025099012490440487e+01 3.316524112501599575e+01 -2.515882218399444881e+01 -2.883275550200073667e+01 -3.772627199593910774e+01 -1.033782205537340104e+01 -9.085391955115628804e+00 -4.677421962793964383e+01 -3.609558755738733282e+01 -2.175674226971179337e+01 -3.162659542509520705e+01 -4.167675208163180400e+01
7.402339281861985398e+01 3.003767986118303313e+01 -3.720202387438819613e+01 -4.397116211091910998e+01 -2.865215648078484989e+01 -5.729765276947276220e+00 -6.347734739612533872e-01 -2.653624985390766611e+01 -8.862775846972731131e+00 -4.031763869686700197e+00 -1.608730304496796037e+01 -2.187281893220176343e+01
3.870705129804555611e+01 2.564303287563815559e+01 -3.815692938413881308e+01 -3.919356046705473773e+01 -4.717330628694547556e+01 -1.421816162743175127e+01 -8.898384303344748503e+00 -3.245559777737776130e+01 -2.908041452196195920e+01 -1.635930081400247005e+01 -2.589315230502730714e+01 -2.839661585352819984e+01
-5.466870717696451720e+01 1.265155602522399292e+01 -2.322967799201668981e+01 -1.853342420127238199e+01 -4.177350233640720489e+01 -3.858877503535968145e+01 -1.705601634081658347e+01 -1.356934663028079857e+00 -3.046865609358691529e+01 4.872488447277870449e+00 -3.195183265925035698e+01 -2.039035037874951328e+01
-5.866484546719427584e+01 -8.619532904120285721e+00 -2.596809303641024513e+01 -1.216460687433612131e+00 -1.793979866083376962e+01 -4.004157049853040462e+01 -1.749226198893928341e+01 1.826059440180463866e+01 6.241430716008062873e-01 1.946448953976254614e+01 -1.728631395905636126e+01 -6.625617332580263863e+00
-6.411644115074597039e+01 -1.973861656307382972e+01 -2.797299968816819415e+01 9.727122150720921567e+00 -5.987839593350368972e+00 -3.019408370826140597e+01 -1.495267683775796996e+01 1.443415217730687772e+01 -8.293171655779712381e+00 6.237380336652016410e+00 -1.509822496334632191e+01 -6.408612861845764286e+00
-6.053579701440148142e+01 -3.796066660423552719e+01 -3.942289814134004899e+01 3.987741576231862872e+00 1.249863299167187236e+01 -4.470951056548383917e+01 -6.422649395398923211e+00 1.563522890478189709e+01 -1.131615503232089459e+01 1.868917092639462751e+01 -1.750757118813170621e+01 5.457111325485197284e+00
-4.640079496071883369e+01 -3.216913408644293071e+01 -3.203996200376951720e+01 3.623754081381932224e+00 -2.640573254271162185e+00 -4.314697989306500858e+01 -5.265101125371692170e+00 1.543029547469015128e+01 -7.520989230158907191e+00 1.897862206993337608e+01 -9.795528119448711379e+00 6.346000193017987456e+00
-4.094492015322109779e+01 -2.710696392156864221e+01 -2.758552075670033688e+01 -2.009542102500093108e+01 -1.810740837326758390e+00 -2.218019911495099450e+01 2.322537750341950868e-01 -1.003094979367390138e+01 -8.336096960235419573e+00 5.137741796814166761e+00 -1.320059650422617636e+01 -9.425785727001443348e+00
-3.185563114902895165e+01 -1.664415513395911361e+01 -3.045749050671824065e+01 -1.769160943083733173e+01 -8.431997902578736159e+00 -3.890633749054012469e+01 -8.912634565091263283e+00 -1.888933079700073492e+01 -5.862165195961526187e-01 1.901418478719728000e+01 -5.562773645491638774e+00 5.642478351148553450e+00
-1.366574479871342440e+01 -1.143678969035526194e+01 -3.156075386382902082e+01 -1.662053143563229796e+01 -1.566915046641697096e+01 -4.006529995666003430e+01 -1.861642489342191809e+01 -1.084905012634528632e+01 1.467131067890141694e-01 1.050816496264760502e+01 -1.714712450857542336e+01 2.582151902948691014e+00
-3.584677250683502336e+01 -1.510618971130855215e+01 -2.842129092646699817e+01 -1.006440528191432016e+01 -4.203654676511151322e+00 -3.053269553750694598e+01 -1.215900553506096671e+01 -5.542801305582445437e+00 -6.388542417810901597e+00 6.377029448981422988e+00 -2.715072521636007963e+01 -5.369489148833044290e+00
-4.260850302402072742e+01 -9.211671098393221513e+00 -2.604214286607034978e+01 -2.317445498454019770e+01 -1.316596965051255808e+01 -2.295552327939745396e+01 -1.708085732831522563e+01 -1.646714548879659290e+01 -7.218959468075029307e+00 -9.863808758838017443e-01 -2.848927643219101569e+01 -1.079537863957965982e+01
-6.940886341849639507e+01 -9.210494387971859709e+00 -2.863657293704260809e+01 -4.185014512845766887e+01 -2.346969893452347478e+01 -1.367508429629408440e+01 -1.047815063537758462e+01 -9.553782397681302996e+00 -2.042335674410011848e+00 -1.508016341906465163e+00 -1.844742410437746827e+01 -1.810019409350331188e+01
-6.355803307549626169e+01 -4.001077781267738942e+00 -3.815769918224430768e+01 -3.989671741959506335e+01 -2.343608424069151752e+01 -1.483495310697050229e+01 -2.591111453232906481e+00 -3.719181080804806694e+00 -3.014902853297577678e+00 -1.672103443959773061e+00 -1.967107403852288172e+01 -7.247138807010800932e+00
-1.018791158641049890e+02 -5.723535888099483060e+01 -3.446340281605849754e+01 2.237829476223443947e+01 -9.437950868513254044e-01 -5.890886681813914549e+01 -1.163912309695521952e+00 4.891323631891835788e+01 1.531779123676419552e+00 1.214034534491650419e+01 -8.308276355957342485e-01 -8.227499051700533528e+00
-1.146041958710310666e+02 -8.521313000454058795e+01 -7.331640671811817356e+01 -1.643524045822401192e+01 -2.761876427829565017e+01 -8.065906285646704532e+01 -1.711569017160675088e+01 3.716942417551338451e+01 -1.477472842267304820e+01 -2.447034023178714879e+00 -1.648140084526512839e+00 -1.682959650665196705e+00
-9.457861721745095451e+01 -7.086325524723611125e+01 -7.022328203268958191e+01 -3.784976497885847380e+01 -3.774901967207261322e+01 -7.494992654073620031e+01 -2.356612921750300416e+01 2.654782563076791391e+01 -2.173527488088292969e+01 -1.474587937181089004e+01 -1.355503475270494818e+01 5.377818417667863393e-01
-3.722389150666011659e+01 -7.813412600824243270e+00 -2.146372942207240797e+01 1.066803146627939469e+01 -1.263557276992446532e+01 -3.734691393336986209e+01 -7.638101833664073581e+00 1.312023058472514947e+01 -1.832867062555363447e+01 -1.999150075201426091e+01 -9.232831684749296386e+00 -5.320008942424413689e+00
3.418426733314488786e+01 -2.516664230960968496e+01 -4.838392427440135179e+01 -8.581816945728746759e+00 -5.908285728627387812e+01 -7.883854545061136321e+01 -1.706423042098380805e+01 1.423387950034989302e+01 -3.353251177345856604e+01 -3.084548960255274608e+01 -2.222578308876695274e+00 -2.468510814500332984e+01
4.273572509931605623e+01 -4.874990931109084613e+01 -6.926527526017642344e+01 -4.100025531901808407e+00 -7.476709706490517249e+01 -7.903281711427030132e+01 -2.448834902262003155e+01 1.958251985699790509e+01 -3.155380566472464210e+01 -3.734912652535635402e+01 -1.671760650925753433e+00 -3.710703287249899773e+01
4.894887611998345278e+01 -5.869163135991711044e+01 -7.364218736900213003e+01 -4.879465193347940932e+00 -6.366604799693293870e+01 -6.463756371504352671e+01 -1.337489662323704387e+01 1.565424927349937789e+01 -2.112992380725668795e+01 -4.037678595638647039e+01 9.943245029768949195e+00 -4.006890888015350072e+01
5.691171684718260337e+01 -6.317288136412117439e+01 -6.505121694217208983e+01 -5.903173647965172854e+00 -5.707214478082999420e+01 -6.105241121120511139e+01 -5.504700442030761032e+00 1.088082784934398184e+01 -1.747769218166695282e+01 -3.568748656435607103e+01 8.527980864014377715e+00 -3.284406091380472503e+01
6.094692658982755518e+01 -7.000416655070958427e+01 -5.547978455619106342e+01 -1.430904851814116086e+01 -5.074894065684813427e+01 -5.859291054273727184e+01 -5.824224824393894551e+00 1.277527338178050442e+01 -2.310398378239999673e+01 -3.750470953097801896e+01 5.080210062601789645e+00 -3.150689262446651995e+01
6.177258481702606474e+01 -8.218372972834345092e+01 -4.211508452342309994e+01 -1.792944666270472709e+01 -4.005161504847878007e+01 -4.733559984951172339e+01 -1.603158408468252816e+01 1.519787598404617412e+01 -2.019894335784023554e+01 -3.420806744123435550e+01 -3.840665452237576716e+00 -3.919186309392760847e+01
7.110768326408575035e+01 -6.617832540827434684e+01 -4.203962553173444405e+01 -1.145286024403876723e+01 -2.841732716300827377e+01 -4.412270446352856368e+01 -2.360470603725895700e+01 2.879740420654028554e+01 -2.286204872316483261e+01 -2.674909921261229684e+01 -1.241919877639454306e+01 -3.894456166080775006e+01
6.013519267118587663e+01 -5.651474911330296891e+01 -1.440963641627358705e+01 -3.206325231137830656e+01 -2.631730948285869687e+01 -3.071925362003508653e+01 -2.883986799909593657e+01 2.654896444774306019e+01 -2.893473265738405686e+01 -3.145074317812855824e+01 -3.768222003615032634e+01 -2.929177025795027944e+01
3.126270758171486364e+01 -4.614390770707198186e+01 2.224676626040773542e+01 -5.647067950979041484e+01 -2.768809380332852399e+01 -2.620963915735081429e+01 -3.766796539275938471e+01 -1.000688296144915279e+00 -4.059086934610340336e+01 -2.898808012665973166e+01 -3.457797065516848534e+01 -2.330028682514866745e+01
6.680095262391477107e+00 -3.503698336036679795e+00 -7.839076440150298808e+00 -5.147518725285404173e+01 -6.567068884936761108e+00 -6.487562395001401683e+01 -1.150424677791204786e+01 -4.675740765669515042e+01 -2.670524758188814118e+01 -4.558878041105975853e+01 -3.054912746315417849e+01 -2.171362185225738273e+01
-1.070677983213867357e+01 1.663766381965568186e+01 -1.694931693066312306e+01 -5.364376470914501738e+01 -9.591089971754534815e+00 -8.626568413842038296e+01 8.326538967635498167e+00 -4.412234401663849326e+01 -3.505933548949004575e+01 -4.323657796091902128e+01 -2.739083296489724262e+01 -1.877591567631158753e+01
1.721378984888151109e+01 1.471456787094526852e+01 -8.926869272243008524e+00 -2.130733976412710362e+01 -2.349108312111621188e+01 -6.560645745377016169e+01 8.147768338233962737e+00 -1.731444455749964817e+01 -2.632865235989213559e+01 -1.682352964253659522e+01 -1.764100225750253514e+01 -8.002580825193119196e+00
-3.191728649158585895e+00 1.310985188003791002e+01 -1.200096059121812431e+01 -5.248935893582281409e+01 -3.134488420770911432e+01 -8.774388018648184584e+01 -2.451661073789566103e+00 -4.575180212663419788e+00 -5.289357678958569409e+01 -3.499047977203497339e+01 -3.622332086616565761e+01 -2.219985393537306351e+01
7.875277426338512576e+00 -5.105082243993916968e-01 -1.777826957357403614e+01 -4.755685319890446294e+01 -2.951728531849578729e+01 -7.413799189675378898e+01 -2.974641994820729884e+00 -9.934437182057848759e+00 -4.081571087441150780e+01 -1.984824914728639911e+01 -2.525872199090439096e+01 -2.009301574929455114e+01
1.715839660899766272e+01 -1.559980468165439760e+01 -1.454702304485554265e+01 -3.915841641747893220e+01 -2.553153198263836998e+01 -7.619593653659126176e+01 -2.802111114864560548e+00 -9.846637906554894570e+00 -3.639241080453050614e+01 -1.838435832983180518e+01 -2.458172861048637614e+01 -2.219833768348960490e+01
3.001396913664643051e+01 -2.617180166445348277e+01 -2.247123756247765414e+01 -4.913710692502704092e+01 -4.113651420507311940e+01 -6.818499172855953816e+01 -1.140555220053007091e+01 -1.839481204483027454e+01 -4.601745821823953975e+01 -1.577834433142091619e+01 -2.371013705146263106e+01 -2.186097455816686974e+01
2.162233539703538199e+01 -2.857748307092878548e+01 -3.102843760495586167e+01 -3.288471918490033374e+01 -4.512630771479072678e+01 -7.593746102158864630e+01 -1.521491755100988108e+01 -6.982616667546056810e+00 -4.156638455591856030e+01 -2.285388350245562705e+01 -6.802042976842018973e+00 -1.772014212044508596e+01
2.397340641954538043e+01 -2.426558582654674012e+01 -2.943939411333280987e+01 -2.755431124394755216e+01 -4.498807414630102386e+01 -6.657547395912504840e+01 -1.662272095828555862e+01 -8.835550289821433978e+00 -3.863237037775293459e+01 -2.286767289863798780e+01 -3.042669056027813568e+00 -1.731813732193201361e+01
1.099085997271139448e+01 -2.359436579866628492e+01 -1.690087815706047891e+01 -2.421647716460115873e+01 -3.895835354758787616e+01 -7.370996692206927037e+01 -2.875070027325014621e+01 -1.311194485368766038e+01 -2.855583696764311696e+01 -2.085835339962826041e+01 -9.583412750118212031e+00 -1.806548268963492276e+01
3.233884678632650278e-01 -2.366203587640851680e+01 -2.408885063416774841e+01 -2.215142661442718719e+01 -3.389331839163408233e+01 -7.763118678857080113e+01 -1.563058123835631008e+01 -2.028555686064040842e+01 -3.754942145734964498e+01 -3.098581492319850383e+01 -1.967731116493562027e+01 -4.095204268461540842e-01
2.146677794356175450e-01 -9.251262376060646275e+00 -1.899176191483932641e+01 -2.980646307136272100e+01 -5.147144865337758546e+01 -7.217973602456382309e+01 -7.430987538598206044e+00 -1.457648472325070799e+01 -2.863584968875106540e+01 -2.295879921585810735e+01 -1.981213785612163747e+01 1.174517880977471007e+00
-1.317909051053232972e+01 -1.209826480825724104e+01 -1.947724942184997232e+01 -2.350209988365142522e+01 -3.871970313443625855e+01 -6.411664737084255705e+01 9.530162512259810370e+00 -1.820347398746452683e+01 -2.934492583391831744e+01 -2.904068047761100502e+01 -3.032018650097582224e+01 -5.767938977417182755e+00
-8.922111410815114496e+00 -3.413785914304123370e+00 -3.207778993652546973e+01 -2.341089617643466170e+01 -4.033778654666198804e+01 -7.280439967570828230e+01 -1.261724153124746284e+00 -1.615564050886631620e+01 -1.690728665288193611e+01 -2.341908039906850547e+01 -2.751133496979797854e+01 -3.783491770332089388e+00
-1.174059733631954039e+01 1.936948482744512035e+01 -2.828008760882001127e+01 -4.304397177611650704e+01 -2.896688699849370963e+01 -5.504013801467024791e+01 -5.058006056236022729e+00 -2.072689987407121492e+01 -2.559387528619366492e+01 -1.828417869667071471e+01 -2.758247026723327622e+01 -1.069025307574324835e+01
-3.997881593620699192e+01 1.190731054762026275e+01 -2.414984387386658682e+01 -5.339615524605605401e+01 -2.907975499303671540e+01 -4.514528970604300895e+01 -5.464372943735419597e+00 -2.202798940059745547e+01 -1.027845413251793083e+01 -1.373671425228292442e+01 -1.697245946497226043e+01 -1.814897459533831858e+00
-5.222842949254004452e+01 7.595091919829112470e+00 -1.632661632879270996e+01 -4.735334442961701029e+01 -3.124016191541642939e+01 -5.521863357754427426e+01 -5.497478275711664253e+00 -1.505250433310854774e+01 -2.029256095422309336e-01 -1.359188987223796907e+01 -1.988996224002950086e+01 -4.997936213163411523e+00
-4.940611270617645800e+01 1.369321031944939904e+01 -2.355626842722458747e+01 -3.290384823813147364e+01 -3.973222117455022584e+01 -4.893522782541023730e+01 2.170189116878642022e+00 -1.224807149160742270e+01 -3.294552278682902902e+00 -1.566598971500899573e+01 -3.086549026257791795e+01 -6.016377798569831015e+00
-4.733209436556865768e+01 9.025906219156409449e+00 -1.365458978453532524e+01 -3.620884555766804169e+01 -2.836887042297362882e+01 -4.214857646811901759e+01 -3.369667072429153531e+00 -1.320889070985926494e+01 -2.307305630389666629e+00 -6.665163682730154804e+00 -1.741818404945729881e+01 -1.369555016872276454e+01
-5.931578603823213314e+01 9.359143295066074675e-01 -2.469507861074431787e+01 -4.279801374051564267e+01 -2.639158913406122409e+01 -3.109544077130725981e+01 1.625931312916994997e+01 2.030446725131403340e+00 -2.609363968236358744e+00 1.546925380143978401e+00 -1.617790156335083651e+01 -1.766452025445623164e+01
-5.853817419651225862e+01 7.859810079700351615e+00 -2.409494423809179153e+01 -3.258014402872034054e+01 -1.921461908159933785e+01 -1.900559242054342235e+01 1.659861649388006555e+01 9.166106684928330139e+00 3.075659781040654739e+00 -1.185627494858640141e+01 -1.746533435055956573e+01 -1.146960739041228727e+01
-7.265460659283557732e+01 -2.346908093583744304e+00 -1.201620366105317039e+01 -3.029438984656002276e+01 -2.268087322162082486e+01 -6.803628843652508529e+00 1.910036497698983382e+01 1.612760070872434426e+01 1.382425136285038647e+01 -1.058471717523207722e+01 -2.113421001344931938e+01 -1.037328595244583340e+01
-5.981609841148656415e+01 -6.753332071781978030e+00 -5.319923704533042752e+00 -2.518569131254809790e+01 -3.017839446175063500e+01 -1.213526101681358327e+01 1.348935757876012786e+01 1.241882064688897103e+01 6.762860186868081769e+00 -5.259733461427553713e+00 -1.806775885442528207e+01 -1.114862061662240933e+01
-4.138764074556533501e+01 -1.537272255879428329e+01 -7.275035959847420131e+00 -1.665757907127105497e+01 -2.499772786957781534e+01 -5.924212281910520517e+00 7.424772633149363088e+00 2.200497266654036821e+01 2.277770329535829674e+01 -5.969057150135560263e+00 -2.897247211804494782e+01 -2.898928624276928900e+01
-4.366717584176509348e+01 -1.533837075028703012e+01 -1.266265558876763464e+01 -2.906400263634812831e+01 -3.323556668520559754e+01 -1.366665278088960989e+01 3.779969230833983840e-01 1.298729712672631287e+01 1.979617356341412915e+01 -8.926916832622694642e+00 -2.585880135123720436e+01 -2.297846995617848620e+01
-5.760927136603757504e+01 -2.200179196748888444e+01 -2.306830484944136828e+01 -3.620284547899778715e+01 -5.022094136955311683e+01 -3.817708318299801817e+01 -1.044969033238565181e+01 5.614270740555390660e+00 1.367791302661248842e+01 -1.116921072599079423e+01 -4.276695968805664450e+01 -3.478689817328150014e+01
-5.727142787468307006e+01 -1.584418215345162118e+01 -4.314294021389779132e+00 -3.259812168222853757e+01 -4.142313071902874810e+01 -2.885392110297933499e+01 -1.435771583935498086e+00 2.228429323766472336e+01 2.238868753932875677e+01 6.583586178191546345e+00 -3.392608503796999742e+01 -3.104299280482192813e+01
-7.548370273815029918e+01 -1.054987826860451960e+01 -4.486257841499804222e+00 -2.422643726505858908e+01 -2.824984336715623812e+01 -2.618709638463690759e+00 8.879156852188813787e+00 8.772123247648760724e+00 1.195821049855032214e+01 5.272274035899417122e+00 -2.748747098363862662e+01 -3.071110534919875334e+01
-9.255693377172016767e+01 -1.459965710674740791e+01 -1.199528380675996608e+01 -3.206249170258965364e+01 -3.170997796021231707e+01 -1.524042049960625889e+01 -1.714870084604418254e+00 1.375792512075126872e-01 5.466744522631657333e+00 1.420056210662796747e+00 -2.935945318524462522e+01 -9.606721735162121689e+00
-9.650649123528003770e+01 -2.207439892675170512e+01 -9.425743813714433372e+00 -2.281525280779120379e+01 -2.306966296114055126e+01 -6.223182070641042785e+00 1.875383348543932271e+01 1.334821734312207298e+01 -3.010664883253287627e+00 -1.256975922916383404e+01 -1.852295606107579218e+01 -1.348050728444466451e+01
-8.781551375661769043e+01 -9.182728205002234745e+00 -5.470251731348286128e+00 -1.640865293611002329e+01 -1.437492405627942560e+01 -5.007108624717183432e+00 1.049384817958756599e+01 -8.515901773758015603e-01 -6.625069197070303950e+00 -1.285463444588212667e+01 -2.155737839656367072e+01 -1.854438663292890510e+01
-7.859862308255353014e+01 9.348837180946091507e+00 9.334491782957629269e+00 -1.392832037901502140e+01 6.576430669593101186e+00 -7.799722881921113959e+00 9.061528543359845145e+00 -6.428081207750146575e+00 -9.284807898411990834e-01 -3.476078394339980449e+00 -1.108303203051486818e+01 -6.415552341297170447e-01
-9.555424368215133768e+01 2.948286596136992799e+01 -1.303553854803853085e+01 -1.980058828313121211e+01 -5.538268656700870096e+00 -9.064511608307380897e+00 7.009249061917310009e+00 -1.034793484759492443e+01 -5.252485585834636428e-01 1.956097716164014955e+00 -2.585344524046373849e+01 -7.592455501435755316e-01
-1.170115298161729243e+02 2.143435225351390017e+01 -2.347227177563976142e+01 -1.893210974030523985e+01 -1.620205851140560682e+01 -9.022753067062705412e+00 8.953881693339850401e+00 -9.368828019325237122e+00 -8.012280605993552740e+00 5.926472021990273120e+00 -2.294197326011959959e+01 -6.263469692612716244e+00
-1.092226403472619012e+02 1.089184942831090552e+01 -1.419710331471022613e+01 -1.335075454915532411e+01 -1.162771400207207506e+01 -1.772163383651889035e+01 4.340710867946151907e+00 -7.687952476589027917e+00 2.506425061021571032e+00 8.960687323520111214e-02 -8.971880812902581326e+00 3.537186962044458038e+00
-1.074006698131993573e+02 1.172357413255163827e+01 -7.830563018712646262e-01 -1.081515096418918631e+01 -5.430828598120617912e+00 -1.347780979513770916e+01 1.805269325911331535e+01 -4.041652241555404146e+00 -8.588714867249738205e+00 1.213041895723109831e-01 -1.280004780163156575e+01 -4.247919678878995242e+00
-1.065609934452331942e+02 2.830359925375997676e+00 -5.804846328847427905e+00 -9.440864766246047424e+00 -1.699937782776266726e+00 -2.366344305069013032e+01 1.806646896801644075e+01 7.203623076529544811e+00 2.022372909998995105e-01 -5.099520391121024510e+00 -1.409771343098789487e+01 -1.045037551430621470e+01
