-5.916111045665972057e+01 3.356219980500699052e+01 2.044828742433703184e+01 -1.162525352724762584e+01 3.613397737310087621e+01 -1.801520366268222517e+01 1.801743271968059545e+01 2.766566806401719703e+00 3.116075487178126124e+01 -6.939780283569284336e+00 1.250158366537281474e+01 -1.136886999226458705e+01
-3.241343826203524259e+01 4.682345337083778247e+01 2.982962756924261072e+01 -1.444614102020148894e-01 5.994507646612725438e+01 -1.755159894085597916e+00 2.950769414601107599e+01 2.012776436852423245e+00 2.346466661426051559e+01 -1.372518443385112619e+01 1.084455298822086533e+01 -1.594404581558378275e+01
-8.273555932058170015e+01 2.685109911198419042e+01 -6.464681989777136373e+00 -3.460285318468545768e+01 1.634989881346245255e+01 -1.310073372101668809e+01 1.189421659538663967e+01 -1.831399161447980362e+01 1.364495091184927489e+01 -2.056337256063103425e+01 -6.797071887376624488e-01 -2.380505933822804110e+01
-6.107662464494676868e+01 4.148036577464137054e+01 2.276618486717532619e+01 -2.362958626970437237e+00 4.833487043819438611e+01 -7.017398112596183068e+00 2.818268278151933259e+01 7.455274977308895323e+00 3.989457199385230979e+01 -6.435214572097526897e+00 1.299505838155247517e+01 -1.450363589573307621e+01
-4.121791823896428753e+01 6.203631932827962459e+01 3.347951842060184902e+01 -8.165684119917941075e+00 5.489960806128778614e+01 -4.869405672490103143e+00 3.228394746703688156e+01 -8.806559839885302665e+00 1.800358975328704503e+01 -7.789113893617195750e+00 1.482967275570959664e+01 -1.341756084097037416e+01
-5.912106513294494903e+01 4.335802469131306935e+01 1.443613815770738107e+01 -1.613115279341236175e+01 3.949089809665980511e+01 -9.247035053281713601e-01 2.940880670275292275e+01 1.007301088172047443e+00 1.945585323080028672e+01 -8.594854264553543288e+00 1.092375211798199430e+01 -5.699414749680737913e+00
-5.272882557719048435e+01 4.444884890599331584e+01 1.423585044648445574e+01 -1.218624330403914691e+01 3.548309235307402787e+01 7.263755721695189571e+00 4.180326200363145972e+01 -9.271665171615351753e+00 2.157164527953857203e+01 -9.494656201669835482e+00 1.846530773310989559e+01 -9.800815531681932313e+00
-6.037796586978621605e+01 3.393189942379062529e+01 8.615865803686686419e+00 -1.488892721666025665e+01 3.972791136624395847e+01 -1.582803238237467269e+01 2.646804618760681294e+01 -1.563203002860243451e+01 5.622272017209993145e+00 -1.874687635413514641e+01 8.727285514009800238e+00 -1.930780438594839410e+01
-4.535559410061052432e+01 5.550338443815022060e+01 1.946878295328667718e+01 -8.024582061203000549e+00 3.266809661501949336e+01 -8.271405557250448126e+00 1.611221828524194066e+01 -1.804592485269533952e+01 8.581403960177032886e+00 -2.658420627021606464e+01 -4.126718756685221479e+00 -2.403081410006507923e+01
-2.545450378503519318e+01 5.313291777578310615e+01 2.331372643551347323e+01 -6.048047800265758056e+00 2.479113174451094181e+01 -8.846437940887787121e+00 1.604045484152479517e+01 -1.492490373276792859e+01 -9.269832261100763304e+00 -2.086066165185031096e+01 7.503973584118964979e+00 -1.808066045302695102e+01
-5.014849685247644295e+00 6.746722922899382979e+01 2.692263712857879909e+01 -9.725613545992317199e+00 3.239195529842879751e+01 -1.381985798784704045e+01 1.876118629272114191e+01 -2.202559542832601736e+01 5.039720546386799782e+00 -2.326464745094866160e+01 1.975481896005890414e+00 -1.989502619282510310e+01
-1.011142803304607796e+01 2.388293708072505694e+01 5.017543106481483051e+01 -1.819011443360498248e+01 2.904632639491771684e+01 1.718152423422061759e+00 3.768703403280566278e+01 -2.617779974805965537e+01 8.026957661570403246e+00 -3.241428205529371809e+01 -3.943893948764805035e+00 -1.761167868413148341e+01
-5.548226687733258444e+00 -2.764109740729045939e+01 5.719603967800831867e+01 -2.180475456513811139e+01 -9.919427317503185293e+00 -8.925233584627722649e+00 3.099294297365105422e+01 -3.005851973571984459e+01 1.288322715733770352e+01 -3.322793728865175211e+01 6.605221362674490670e+00 -1.228828075399777653e+01
-4.528705423673753216e+01 -5.476073232938405511e+01 6.914036878296684563e+01 -7.954107318334564525e+00 -1.094194959953168045e+01 1.306271784132082026e+01 7.208420256583027097e+00 -3.100383352259740022e+01 1.301239346173978895e+01 -2.582374418841044061e+01 -9.548988628820049840e+00 -2.417045929188846642e+01
-5.433627469630584983e+01 -5.890809032569320891e+01 7.566180111198322322e+01 -5.732439559047588062e+00 -1.407153736433275704e+01 1.112358505786962404e+01 1.936802541973621317e+01 -2.221802881819925801e+01 1.656888935618574976e+01 -2.357796584447148547e+01 9.508726925973176591e-02 -2.093700619269852581e+01
-1.835621823021469012e+01 -4.623987895348197696e+01 9.226913867081189835e+01 6.061829451737358099e+00 -2.286375056697634633e+00 -8.140272586050139481e+00 2.014752371019476129e+01 -3.238531182420373966e+01 2.256143597244609467e+01 -2.191550707377974305e+01 6.155301896212844071e+00 -1.844757192408665603e+01
1.833437387306135946e+01 -2.198224106864577365e+01 8.588559484443814540e+01 2.193275313123005077e+01 -4.966984015372418071e+00 -5.202052594229794380e+00 7.210879335462207607e+00 -2.563400410438008947e+01 1.690156031657593161e+01 -1.547601026771296873e+01 6.855594124993913852e+00 -2.149095256785539476e+01
2.221609884380073652e+01 -2.428287842529238105e+01 8.500061803474517319e+01 4.003074600283957807e+01 1.423077517973255723e+01 -7.002460891725727166e+00 2.311066508785448725e+00 -1.610207100785811107e+01 2.713616610610500857e+01 -1.598431126987192563e+01 2.740086878500109790e+00 -1.638459807307567218e+01
2.574134966645353018e+01 -3.491631430310924600e+01 8.458110373956517947e+01 4.786078923146256869e+01 1.177512054947995424e+01 -1.126143943037517303e+01 5.483442277988768154e+00 -2.643793156588699134e+01 3.601606663525816998e+01 -1.620651371932421370e+01 -4.619165620888326274e+00 -1.317795410650554899e+01
2.266627885332146519e+01 -5.806856748189592565e+01 1.008888514679417909e+02 4.224620201105338424e+01 2.053476349193183381e+01 2.847965212743505781e+00 1.433745560282046227e+01 -4.176750484625355853e+01 2.366911175280286983e+01 -2.216582731475387291e+01 6.956143857410790332e+00 -2.024583077504244599e+01
-1.147504346144160614e+01 -7.340141189384389975e+01 1.027188257648577689e+02 5.273110797989215826e+01 3.405434471509787642e+01 1.629066613727057700e+01 -1.311384780928018579e+00 -2.338807352996809641e+01 2.815069256949460197e+01 -2.776151772148863728e+01 -1.302910297803620843e+01 -1.571665955113296498e+01
-2.305316767261987110e+01 -8.261736716693036442e+01 8.852583401824058740e+01 5.179280088491930201e+01 2.210327703766439100e+01 1.222197824765336449e+01 -7.860457529611981187e+00 -3.053385369463024190e+01 1.645595841712486518e+01 -2.442866289136457070e+01 -1.550446818317594833e+01 -2.357402446984011846e+01
-5.184082870999789350e+01 -1.087835361171641182e+02 7.658793108816914241e+01 3.289202525859369075e+01 1.703165939876726753e+01 8.967148911127004851e+00 9.114702023063774305e+00 -3.156164610024303840e+01 2.549192104317171825e+01 -3.174542883324446763e+01 -1.936315533145486256e+01 -1.857398270356448933e+01
-3.647727225962056252e+01 -9.685267669756734676e+01 8.534750295784444063e+01 2.602151241132425596e+01 7.314078992087330811e+00 -9.285127542886160157e+00 -5.178279846382018548e+00 -4.057438526781596266e+01 3.854213208701621340e+01 -3.363372649257078706e+01 -8.422000328802601743e+00 -1.210455637803889317e+01
-2.254574052481998336e+01 -8.039026666446699210e+01 7.162770535099258495e+01 1.163919922811791352e+01 -1.257228709144444068e+01 1.076681958146452800e+01 -1.156888206905889405e+01 -3.444951219567551703e+01 3.436722420801464750e+01 -2.629200408388417642e+01 -9.076052796481597795e+00 -9.999824500862459331e+00
-5.640286839799384211e+01 -5.228337485702365228e+01 6.349695951211376155e+01 2.239924377158993707e+01 1.664873868338129625e+01 3.090107827426047749e+01 -3.780431547686862181e+00 -1.797686249486716648e+01 1.441349948422129046e+01 -1.387127470851698163e+01 -7.418765298815506171e+00 -7.517840337055196720e+00
1.314616532385552716e+01 -5.353970030935228408e+01 7.011536009086874799e+01 3.856221619241272158e+00 1.659445955626046043e+01 -7.620052064868088060e+00 -3.267519780664374984e+00 -4.593920743078575697e+01 3.474449798763970421e+01 -2.622849362064471990e+01 -1.663724971256048679e+00 -1.288310677482774480e+01
3.953789292623015683e+01 -1.892486322503452101e+01 4.995727410314134431e+01 6.070671140077248396e+00 2.928419941542306670e+00 4.956035976288890588e-01 -1.306053262690533501e+01 -2.683250836947388507e+01 1.882253324062569533e+01 -1.159575839600677227e+01 -7.691529450395632850e+00 -1.503037799271052322e+01
6.181594324067837221e+01 -3.580921267115614093e+00 4.769831562200154451e+01 1.890708955467803420e+01 2.546019999656375177e+01 -4.450843950899709967e-01 -2.015586265354967921e+01 -3.264339201834564363e+01 3.500768402011564717e+01 -1.643535092384054153e+01 1.513066216869979108e+00 4.020676065948677547e+00
6.245799874661715734e+01 2.246968870700114707e+01 4.235516587458099025e+01 1.893696420914284140e+00 1.049820026768417591e+01 3.355427361784709905e+00 -1.420289296674104307e+01 -2.746397451520064692e+01 1.043493751633549849e+01 -1.375150669706270889e+01 3.172671260875285171e+00 -9.334681304788180256e+00
6.580446226135444476e+01 1.755442198364836770e+01 4.526991589656429937e+01 -5.043446162125680310e+00 2.434777847140538398e+01 -4.723616494484356387e+00 -1.478389453928376085e+01 -2.630026588946454780e+01 1.641650637263832380e+01 -2.878156436190950274e+01 -4.323036857152787071e+00 -4.606290767570729194e+00
6.573233434210435178e+01 3.583783623156487863e+01 3.938318383471516881e+01 1.427131551835973511e+00 2.133179308722499457e+01 -1.400999457155087491e+01 -5.387348915142065486e+00 -1.140410222270653584e+01 9.992186860087418410e+00 -2.772198345038463074e+01 2.140708161095294493e+00 -1.215263828042838412e+01
5.717775936672184400e+01 4.632588517145831020e+01 2.963703672706458647e+01 6.740077777365527822e+00 2.410846402270448507e+01 -4.476247534655263038e+00 -1.972154713425644967e+00 -1.110568625988725522e+01 1.586575831759177468e+01 -2.645071402630408386e+01 -4.388531700492931620e+00 -1.180642315186366353e+01
3.915515357697725563e+01 4.019075813702067990e+01 5.137804195307217014e+01 -5.473799594234940447e-01 2.895517956339289256e+01 -1.410789164336345536e+01 9.135022353384936622e+00 -2.445952126659187442e+01 8.469561420748208391e+00 -2.599638390243551811e+01 -3.968237996308558557e+00 -2.128364255647518277e+01
-2.291096669965505228e+01 1.905567109000388726e+01 2.568654712943938279e+01 -2.523796235790431552e+01 2.173724759179309274e+01 -2.114785629136341427e+01 -1.368022411081179168e+00 -4.091459459405284349e+01 3.729077357949433402e+00 -4.640643196273867943e+01 -9.273403044002126450e+00 -3.447671114058743314e+01
-4.815584298387280171e+01 3.512880500465801958e+01 4.730552296818455460e+01 -5.093891677820828079e+00 3.583983789702830336e+01 -9.635725123408375836e+00 4.767063237256172314e+00 -3.263759819354882552e+01 1.194984926024662553e+00 -3.786055486416458393e+01 -2.280030737919921080e+01 -3.233148919930461496e+00
-2.845426238871404934e+01 7.505210422140359050e+00 4.779686702724467295e+01 -6.291047663685786162e+00 2.602411479678011119e+01 -2.392078408574317550e+01 5.707960123271610620e+00 -3.675032042553992540e+01 1.236724014512851610e+01 -3.120613614150335735e+01 2.976613418380416931e+00 -2.195085044088721560e+01
5.023225063080278119e+01 3.564790335644540420e+01 1.407769359179811097e+01 -6.230948338642194884e+00 1.359299276861960770e+01 -1.594305770704298908e+01 3.463603239817705237e+00 -2.222208767450719336e+01 1.057395689096042624e+01 -1.266522536388012199e+01 4.255876543589919514e+00 -1.990055180179007266e+01
8.383253848261392704e+01 -1.028574206471269292e+01 3.204285893846040345e+00 3.866643925558021522e+01 1.932387862997536843e+01 -3.730949251805270706e+01 -2.226169138437899875e+01 -1.080110822440194518e+01 1.106425044079953501e+01 -1.756513357254446106e+01 -8.098299573336156243e+00 -7.419217764270062965e+00
5.341109032089484288e+01 -1.858882907867028678e+01 8.247311767933423354e+00 3.557330849937848427e+01 9.205407067263081444e+00 -4.976873214229344455e+01 -3.847062357854422032e+01 -1.369208493289197115e+01 -4.161639101293278742e+00 -2.941379301666087542e+01 -2.718480556088194078e+01 -2.377392382765552981e+01
7.097192485891932279e+01 -1.237685941038281889e+01 2.622236152834846123e+01 5.552065562628393280e+01 3.817651224311853753e+01 -5.077042963631467387e+01 -2.180056794775269680e+01 -5.028960192078522518e+00 6.471449162007607114e+00 -4.298908723941659105e+01 -1.397160899239486831e+01 -1.403963422885197332e+01
6.463367821859813489e+01 -1.011031655650759831e+01 5.309282996397662657e+01 6.319819028279105311e+01 4.955890539848633125e+01 -5.982487046032665035e+01 -1.463333332130723363e+01 -6.493446179379825267e+00 1.735811440857117915e+00 -3.780332618558949775e+01 -7.703130740125875064e+00 -1.643059956625641860e+01
6.939525367480467821e+01 -7.162966143233991723e+00 5.471865386202711790e+01 6.679542391730232964e+01 4.375558864131507164e+01 -6.375377751529455850e+01 -1.231134103142855096e+01 -1.057603553094818771e+01 1.334608374989962876e+01 -4.259288608594896886e+01 2.686646177752908038e+00 -2.113269160579309158e+01
6.005934490042876917e+01 -1.452452603881872761e+01 4.482133074218715763e+01 5.633400694371648854e+01 2.113305548889542962e+01 -2.869598685913494052e+01 -5.329075614276747253e+00 -3.538160694881360868e+00 -1.022070100770469026e+01 -2.640312662424823031e+01 -9.465052861122075001e+00 -1.152469529950783311e+01
4.623594825203240788e+01 -1.318214420192384573e+01 3.306878770516065913e+01 4.360854661907472973e+01 -6.027383558702871902e+00 -4.273915146527232878e+01 -1.020330559649877955e+01 1.329944163898332121e+01 -6.663740847902936082e+00 -2.292794742057032664e+01 -1.530227471740042944e+01 -1.384107698205437131e+01
7.415002137425980777e+01 -1.486480121554543388e+01 1.745030213362594651e+01 3.218544404362572209e+01 -2.652851208366560520e+00 -3.587960649617212994e+01 -5.061370260288660106e+00 1.466079733509349481e+01 -2.317040028104849547e+00 -2.503921043697251747e+01 -4.954489032940688986e+00 -3.213181031673598476e+00
9.706216075741522786e+01 -1.360926145457187353e+01 3.541689745405397360e+01 4.037234104740643659e+01 1.703736848638896362e+01 -4.649201866725604759e+01 -5.399462750576294212e+00 1.762752828378676995e+01 1.255022222494810435e+01 -3.210010991382530676e+01 1.920486099483884246e+01 -7.577005610707479022e+00
8.568141467319492222e+01 -1.256673926657246909e+01 5.362401460693472188e+01 5.081329490505748225e+01 2.770323102267960280e+01 -6.430842132086283414e+01 -2.140426000487396507e-01 9.208750751461476369e+00 1.840825695151052344e+01 -3.386089043963714573e+01 2.333648254565526159e+01 -1.072122235201318041e+01
6.586215631807012016e+01 -1.967258147567562077e+01 4.889582303665883956e+01 3.318385544273814958e+01 -2.624810941010435883e+00 -2.101602215549867481e+01 -1.852382192671759498e+01 -1.554313009398473611e-01 1.092824665198153511e+01 -2.235199384108480558e+01 -3.807555198099856320e+00 -3.008652584438348931e+00
7.010628408690249103e+01 -1.170353615677069925e+01 1.963794507434575820e+01 2.620731049355340048e+01 -8.458481408374796118e-01 -5.266010224519935434e+01 -2.252632261140526282e+01 1.384579739742915372e+00 -1.273970421306202283e+01 -4.683427826789505843e+01 -1.155338286254665903e+01 -1.950450715604675267e+01
8.669570263700273927e+01 -1.224253406847033432e+01 3.364153164282154052e+01 3.887598358937977139e+01 2.831101807769707079e+01 -3.899710718961663503e+01 -1.199282520453154532e+01 -4.883617383750705088e+00 -7.202085266803115449e-01 -4.248014949361512294e+01 -4.847292336827552006e+00 -2.891347202783279613e+01
8.509651070780412851e+01 -1.090980632318153454e+01 5.207210659628211147e+01 5.162855140002027099e+01 3.706827244103881469e+01 -4.459433213600078716e+01 -1.285519376986268014e+01 -4.081121977080208296e+00 9.487097240959405653e-01 -4.764600884767791911e+01 7.419442835337378028e+00 -2.630848365909366393e+01
7.980237002224123444e+01 -6.795438024892024309e-01 6.733853997473121922e+01 5.694157241526217206e+01 3.757351379363478117e+01 -4.954094838786113542e+01 -3.835574951721100412e+00 -1.623115726897330191e+01 1.485915851605699611e+00 -4.083153787196358309e+01 6.496523271250691067e+00 -2.935807176995254508e+01
7.693947725642705393e+01 1.342876513552292828e+01 7.633615693423624293e+01 4.644669027431494612e+01 3.970694459082081096e+01 -5.575698939757369743e+01 -9.205865567232768498e+00 -9.642940430304967947e+00 7.881218296408152746e+00 -4.655711810917664195e+01 6.068246992685885743e+00 -1.910170843293046516e+01
6.623195908918594910e+01 1.888390199365818845e+01 3.940846851527821570e+01 2.782628270822805661e+01 2.131213724598186587e+00 -1.009255208881758392e+01 -3.931407513823913291e+00 -1.651597164761914627e+01 -7.852383234805706103e+00 -2.171834857425467646e+01 -6.789387380115403658e+00 -1.856536652241396723e+01
7.100772353051721097e+01 1.745996408678864187e+00 1.826473276943936952e+01 2.275975422637931445e+01 -7.708522552239490011e+00 -2.554267289770995930e+01 -6.837784852224731758e+00 -5.662077771717856756e+00 -8.454820286748121916e+00 -2.862937802229637896e+01 -6.923574553605151394e+00 -1.449365989863828652e+01
7.251603805310116968e+01 1.651138768087482944e+01 1.956715392660614938e+01 2.114202689072038055e+01 -8.862861485784790716e+00 -2.990547991603426681e+01 8.540521617499825524e+00 -1.124050036097361094e+00 -7.751742983318208324e+00 -2.494051463703540605e+01 1.763731941225691324e+00 -7.456655742543409460e+00
6.612987568128438909e+01 2.566212059432962889e+01 3.678450523007654738e+01 2.326127835389878484e+01 -5.993264431937116221e+00 -1.423064794882449036e+01 1.138424447863118871e+01 8.164383569097950044e+00 -1.373165501464184590e+00 -1.112397778147738947e+01 9.045093471390677209e+00 -3.541024600751967455e+00
6.440174023386774138e+01 4.315923348092970002e+01 5.157985072584769881e+01 2.897752233578527381e+01 2.008858537549238932e+01 -4.119732056964130607e+01 8.754449329389620615e+00 2.326902974636460009e+00 1.581175085947620929e+01 -1.874063870526529385e+01 8.481396773580128112e+00 -1.279189891615278540e+01
7.166149357979338674e+01 2.634259001101325737e+01 1.756179193708084085e+01 1.552681173139713877e+01 1.349403582891739362e+01 -2.063337065343824150e+01 -4.112126151893022552e+00 -1.302162150402517593e+00 -5.872405118502620702e+00 -1.972777819315806269e+01 -1.451849241286735648e+00 -1.526445648467020533e+01
4.774574661493610961e+01 1.871205908028728970e+01 -7.890700485024724209e-01 1.088213669372721704e+01 6.223634926358590391e+00 -3.476309260886884545e+01 -1.361194560770417539e+01 -1.380562476652388959e+01 -2.603741532164121963e+00 -3.362558855108362366e+01 -1.657052218837733903e+01 -2.284245721937155338e+01
6.258025057135775171e+01 2.715511562452591932e+01 2.020652885234064655e+01 4.584326257570154439e+00 2.845321527671778838e+01 -3.057387651212194513e+01 3.733582104253348355e+00 -1.878631263317438282e+01 1.684477961015081959e+01 -2.553734631566971913e+01 2.545389043360078762e+00 -2.358980929644341273e+01
2.532193696424767637e+01 5.041339347621119771e+01 5.052187571856593706e+01 1.995090210463305525e+01 3.854087483214367893e+01 -4.705472049285911851e+01 2.550970740536075532e+00 -7.636872247240745537e+00 1.112447066925830441e+01 -3.405905093216919255e+01 1.652705406704100710e+01 -1.975268532083081396e+01
2.291665314374156992e+01 5.136803415413773166e+01 2.651568487366196791e+01 1.613236026763144793e+01 3.240280654957128093e+01 -2.010704787594662690e+01 -5.510967957881545587e+00 -7.761363826706431546e+00 3.263784775877331068e+00 -1.711124485037657195e+01 -1.622149327288911591e+00 -9.771671216061406540e+00
3.086794549889451034e+01 4.109165344911625084e+01 2.699438062596482979e+01 -9.537722838832587868e+00 1.957109278267759933e+01 -3.399056326978858067e+01 5.428850123312741971e+00 -2.271303820869687229e+01 6.614225698366047901e+00 -2.249733997962104937e+01 -2.904368972439104635e+00 -2.024156228419582249e+01
2.401371760859262139e+01 4.683682392962353447e+01 2.398211106976701501e+01 -9.040821631914276679e+00 2.669922453745197899e+01 -3.267438362434279497e+01 2.996704947030302435e+00 -1.970001784933658939e+01 7.846065128173109748e-01 -3.063580783306836608e+01 7.597295473085181605e-01 -1.917721999130956689e+01
1.530820621704976148e+01 4.458497133401654366e+01 4.221614494856338240e+01 5.242596816180047359e-01 4.892280123611504905e+01 -2.297816947641085861e+01 1.623928140915550955e+01 -2.188647389304023250e+01 -3.689990834458915181e+00 -3.753119050646498067e+01 1.339296899710087985e+01 -1.732864782158006989e+01
1.502891971430835838e+01 6.378801941209844983e+01 3.368430104540414050e+01 -9.246728472856268866e+00 2.790270024196374266e+01 -2.716468310849435852e+01 2.502712424868616381e+01 -1.392393643954832605e+01 1.858339802910755845e+00 -3.696335839776079979e+01 6.012287620929654075e+00 -1.104902163961789441e+01
-1.233991530733508313e+00 4.033525906635607328e+01 2.763248726410423473e+01 -1.597357114532721312e+01 2.460773141610222225e+01 -1.594793292093515191e+01 8.991968151800968201e+00 -1.850009744384303900e+01 -1.340188379130938801e+00 -3.172080253586442922e+01 -4.274068723749437915e-01 -2.548615783440046201e+01
-1.306192866763135996e+01 3.689056982199798540e+01 2.448633947377603448e+01 -2.785269544854636337e+01 2.530522385211345338e+01 -1.473705749444928159e+01 -9.393191594457617200e-03 -3.290042076010114869e+01 -4.293026519298353882e+00 -3.140032830945782649e+01 -4.470448976311544698e+00 -3.641726015616166023e+01
-2.316753506931242867e+01 4.030545056554061034e+01 3.026443329756353862e+01 1.093246881132234805e+01 3.888921143846671669e+01 -1.326684521837404951e+01 -1.417359162329500766e+00 -2.527125602245957481e+01 -7.703278334963240326e+00 -2.897187674677993741e+01 1.584755808589443760e+01 -1.758472793817939106e+01
-3.128600920849023481e+01 2.506264020523127201e+01 1.372485003523437896e+01 -9.838041377254171493e+00 3.862641982295178877e+01 -1.883367824616055231e+01 1.902231864083701396e+01 -1.053168925899958808e+01 4.894313201451194750e+00 -3.224662232560569208e+01 -1.044744455240167680e+00 -2.745179144331077126e+01
-4.969728514928776519e+01 2.274426561596889940e+01 2.125094158496975805e+00 -4.924634161728201676e+00 2.127542177206681373e+01 -1.677759596673489284e+01 -3.691061026762863850e+00 -3.134887744925194752e+01 -1.248883427570011939e+01 -3.956722749773081915e+01 -1.286056459355564741e+01 -2.658040372122444950e+01
-3.597676542334761507e+01 1.775684816449146197e+01 2.281519014107414378e+01 -1.413450288904533281e+01 3.945928057746233719e+01 -2.246148755815111286e+01 1.992851742787113523e+01 -2.326142848750045999e+01 2.782016710381278735e-01 -4.473221664207593307e+01 -5.395647831538013861e+00 -2.795888505875402075e+01
-3.890010808535593867e+01 2.455882683077476258e+01 2.409370309229186091e+01 1.677338078525838494e+00 4.356029398288220733e+01 -2.726477459174367013e+01 1.324116881623465147e+01 -1.422745027681036589e+01 4.907270514277825235e+00 -1.194233056719168395e+01 1.685323944819522168e+01 -1.544595313484511223e+01
-4.110894011599229714e+01 2.721752858192220259e+01 1.252465744287200877e+01 2.926308908972836687e-01 4.983150824421849734e+01 -1.309449655263167678e+01 1.862036658466464800e+01 -1.082626797906568861e+01 8.341346123344067109e+00 -2.649341205094636109e+01 6.082278975700878831e-01 -2.858926592590279370e+01
-4.075193521516626305e+01 2.860556315241237257e+01 1.560963039115338802e+01 -2.132279640630821405e+01 3.405208822242647670e+01 -1.284613718182859010e+01 2.082968168760711336e+01 -9.563304738274267081e+00 9.188501546209787429e-01 -3.426378937433089789e+01 1.538451534156572365e+01 -1.046509633288889418e+01
-5.464674520821489523e+01 3.486779983547621953e+01 1.115360636901110070e+01 -1.128071850821807764e+01 2.486340515942296747e+01 -2.114486968524975197e+01 1.542844775840533345e+01 -1.079322639665705985e+01 4.723014921778555752e+00 -2.408379938282850929e+01 1.889854023600272370e+01 -8.046658842334711181e+00
-6.383964905424799241e+01 1.483447692977468613e+01 1.070553975489804799e+01 -2.683738900898484214e+00 2.897741293920877226e+01 -1.650649175848117167e+01 1.698546995428494100e+01 -1.430133326895328594e+01 8.220270122847914251e+00 -2.676144983525090026e+01 -1.621545318105338751e+00 -1.940760803038893911e+01
-5.949130486363096537e+01 9.284069866576517782e+00 -1.004703986407028182e+00 -2.474770415127902368e+01 2.302857139123766927e+01 -5.107050083139785812e+00 2.907378290343907423e+01 9.104671610568342288e-01 2.083535168898798062e+01 -1.594092641719164760e+01 1.478957601020083423e+01 -5.813045118295937286e+00
-7.111538323772654735e+01 3.208736764236258754e+00 -3.202407670145169583e+00 -1.307624370148997173e+01 2.736244184744879604e+01 -1.612495994865135884e+01 1.759231572661180465e+01 -2.134026929824243357e+00 5.084541376738622276e+00 -2.395419801692454698e+01 3.896518523090206187e+00 -6.009127947377721490e+00
-7.782683900309694991e+01 -1.152799839203080545e-01 -2.866676287448443050e-01 -2.181806204551296702e+01 4.353118969993269616e+01 -1.419034667538266170e+01 2.334818771926774161e+01 -8.128966464144339099e+00 2.623321119058772410e+01 -2.893607326669478397e-02 2.413194346096074128e+01 -7.307100229053165918e+00
-6.169440415836884739e+01 1.489410636084636685e+01 -5.383737828025561001e+00 -1.874467004465941500e+01 3.169759061869076788e+01 -1.287719637068090250e+01 1.702075828476879948e+01 -2.659778535638400054e+00 2.197358792376287795e+01 -1.637162119808116856e+01 1.176281752195670727e+01 -1.098460565590350768e+01
-7.496470953352685740e+01 8.422742106314540678e+00 5.785540679414435949e+00 -3.285755239104990721e+01 2.253181832264608531e+01 -1.400691986060523320e+01 2.032645089545771100e+01 -1.564667637299744207e+01 1.062859027331049866e+01 -2.486832779690522699e+01 1.107403789032488461e+01 -1.783105812963378867e+01
-7.580283619186397459e+01 4.077412044314026929e+00 -8.122061672403008359e+00 -2.133476673623999531e+01 2.477435727844954982e+01 -6.009659691352277733e+00 1.534360072424245836e+01 -6.042090516045011128e+00 1.228139488508024080e+01 -1.383774495096656665e+01 8.938272179411187679e+00 -1.584602915548601487e+01
-6.221459852961149295e+01 1.994555065706036601e+01 8.401210288620601929e+00 -2.141723405994312657e+01 3.560134454316516894e+01 -1.394667739600448186e+01 1.982707622276741688e+01 -8.764509110260869207e+00 1.783038825874276156e+01 -1.624345593766866358e+01 9.706714184198830253e+00 -2.351287594972837880e+01
