-1.737937990223946905e+00 -7.666759469936468463e+01 -5.051062317610380603e+01 4.796784724897451468e+01 9.144306974914437447e+00 3.263526201921880698e+00 -1.384650887062870339e+01 2.393339743293558541e+01 -5.974029164110091550e+00 1.182676501360478527e+00 -8.663314313339563810e+00 4.088071865746019107e+00
1.152682562976561620e+01 -8.857253090158997111e+01 -7.031175577166553126e+01 4.773775309030543923e+01 2.564146774297094922e+00 8.626684955695084867e+00 -8.439132505310043442e+00 3.491789242885052147e+01 -2.597193170010012153e+00 3.715522904849884345e+00 -1.445507741561334569e+01 8.100922175865541419e+00
2.741015383207079381e+01 -9.790035862013320411e+01 -7.720057824326730156e+01 7.201185099155372882e+01 -1.443599766961313513e+01 3.789734066882299857e-02 -2.780598559290656624e+01 2.509499291857961367e+01 -1.926415232754956719e+01 3.776581234817669053e+00 -4.695976812238927600e+00 1.805295084397078753e+01
5.796804065180103294e+01 -6.757190579431113520e+01 -6.218608703202720278e+01 5.768087473033946821e+01 -7.279008262518346761e+00 5.053119179772900260e+00 -1.711680131514928505e+01 2.720301699914962512e+01 -1.218409593562975957e+01 8.637724894684242205e-01 -1.151321498525297571e+01 1.214419663523914572e+01
2.504984070453497935e+01 -7.545681191547487288e+01 -6.209529942996741170e+01 5.825144130726766178e+01 7.874083945272075447e+00 7.159612216751337854e+00 -1.504108225078472216e+01 3.015109947494334008e+01 -1.640573279467163204e+01 -5.630004789062283521e+00 -7.712510543780456196e+00 2.407240980069847325e+01
-6.862355021375401520e+01 -1.212074016804360213e+02 -6.600271564977691696e+01 5.493746225874048861e+01 1.324946550293618586e+01 2.847511824139886905e+00 -1.715011156194518094e+01 2.347069499983092555e+01 -8.245905014580849013e+00 2.232675058671286017e+00 -3.313447594884030956e+00 1.164692045945347054e+01
-2.415337816486135125e+01 -1.252010007818294923e+02 -9.396811158002476816e+01 6.520727098864782079e+01 6.462512500763477163e+00 3.883773735806983041e+00 -2.421623944799427619e+01 3.842631272069722570e+01 -5.242575898972766879e+00 8.774038818812345042e+00 -8.791866608561941021e+00 1.472170605615691485e+01
-2.447185744525152984e+01 -1.236545803987648640e+02 -9.510428329226459709e+01 6.371925943802824577e+01 1.487326566342378698e+00 -4.832774804708623861e-01 -2.540476903221104621e+01 3.754265249212286193e+01 -7.405891227632682927e+00 9.887622423864598886e+00 -9.847476652226657023e+00 1.528703359994075939e+01
3.737147566664074816e+01 -7.788245030627247445e+01 -4.943128714953958536e+01 8.530235610361582133e+01 -3.471103257228824646e+01 -1.887975705752745981e+00 -2.454372991709115581e+01 3.845013745283311835e+01 -9.262431497285989579e+00 -7.005135194766408446e+00 -1.388196532294107755e+01 1.081321065576593732e+01
4.636937506759591088e+01 -9.133054101412946579e+01 -5.587799156458727623e+01 1.006955932449383795e+02 -4.085078890231088167e+01 1.320756500668885636e+01 -3.157902299445888517e+01 3.430406401396427896e+01 -1.226701825944897450e+01 -9.374184103634998877e+00 7.597200989008508820e+00 9.393064491793015947e+00
-2.392336582776847465e+01 -9.553329352243926564e+01 -5.397584202516651430e+01 6.524621926710928221e+01 1.377131964197660707e+01 3.202606081342048050e+00 -1.959972750322346968e+01 2.205311040343125129e+01 -1.371682981422575764e+01 -1.238293685638738317e+00 -4.067482855908348682e+00 1.355018101746770931e+01
3.173670499504929765e+01 -9.529510039005246824e+01 -6.890304049487977522e+01 9.644150644109782888e+01 -8.719557493749150012e+00 7.539873757301194246e-01 -3.529408141380135078e+01 3.093747896892462634e+01 -1.519854328616904660e+01 6.869489687526193933e+00 -6.083138565545298526e+00 1.449125688074715335e+01
-6.768286403365726756e+01 -1.062359764300680069e+02 -3.662301768285607295e+01 8.432927761296916458e+01 6.273444747132818300e+00 3.325724304129166420e+00 -1.148705302160152719e+01 2.370398533973285282e+01 -2.186781758056222458e+01 -1.861078872740952406e+00 4.485831064558235326e+00 1.331945347573082472e+01
-3.025058733035594916e+00 -9.299671274294595946e+01 -5.506457697589141276e+01 7.872789981822786842e+01 -6.508353803892925171e+00 -2.243809793727946200e+00 -1.594755503897210858e+01 3.357786195413227404e+01 -1.815709821582061068e+01 6.346505868615113233e-01 -1.882847083174503222e+00 1.409059264285595248e+01
4.441654750552140740e+01 -8.703540932008424136e+01 -6.361859683260207987e+01 8.828904441291825833e+01 -2.252618167390729553e+01 7.137258740635431309e+00 -2.284418152826384940e+01 3.065114840778313621e+01 -1.790724989465743278e+01 6.693314020347649773e+00 6.110766677063427466e+00 1.026788075765692554e+01
-5.921097758817363399e+01 -1.084036857847198689e+02 -5.411756299847468199e+01 5.769115291335035778e+01 5.060317200832507467e+00 -3.800592979050912312e+00 -1.806447444380933831e+01 2.459963642241596204e+01 -7.580620925960006140e+00 1.983115978466056806e+00 -4.282675214583268719e+00 8.468026909384736456e+00
4.484663398690355507e+01 -7.608934482592971449e+01 -6.228883145668901733e+01 7.856346535182359503e+01 -3.589551286663867025e+00 9.770683731805620553e-01 -2.976683049305228224e+01 3.188941702419733559e+01 -9.971030360702265227e+00 3.361796665761970004e+00 -1.078668411510328795e+01 1.531340259248891300e+01
-3.336080084536088464e+01 -1.032272306972887321e+02 -6.042216364676373530e+01 7.532992735224847536e+01 1.101595293333693348e+01 -1.504826188798343567e-01 -2.822331411658792533e+01 2.783475241042963333e+01 -9.404843994539547225e+00 5.552616738847373501e-01 -1.526734510568851810e+01 1.351355235670673238e+01
-7.936973552805051568e+00 -8.511525719860136974e+01 -5.350268067525251325e+01 6.007424021448093043e+01 -1.703970285711209343e-02 -2.760290091804709967e+00 -2.013521003690392064e+01 2.433660388678705999e+01 -1.585190612391078346e+01 -1.441850188569000712e+00 -1.381927950070357181e+00 1.728347384689702082e+01
-5.198474380277485807e+01 -1.077241865316297265e+02 -5.355744976438573701e+01 7.131951852716602502e+01 8.136718064522005633e+00 -2.602429294773658253e+00 -2.142072220175752761e+01 2.580000592416505967e+01 -1.382613888081176867e+01 -4.733215361969014268e+00 -1.186508909969993297e+01 1.261992297644987637e+01
4.411929986615345634e+00 -8.677765621779630578e+01 -5.784967811400215965e+01 7.496927436536381606e+01 -2.503139089221686930e+00 -2.200147630118572728e+00 -2.230722483938334832e+01 3.394213815356135200e+01 -1.154983736145332607e+01 -6.320057814170844113e-01 -1.424437150052702883e+01 1.478934186620505642e+01
1.522080407186052042e+01 -8.556030913776530156e+01 -5.543592499552220687e+01 7.804676937267514347e+01 -5.390658710512330032e+00 -4.581642297916366680e+00 -2.614532957663180568e+01 3.064059987217623870e+01 -8.377768760095580802e+00 8.742134270498645776e+00 -2.927742527381909987e+00 1.205588919731436803e+01
-3.073300909229839561e+01 -1.187386957402499235e+02 -8.485102233445667252e+01 6.007114455396718000e+01 2.309859858173905600e+00 -1.130573220059725514e+01 -4.152465599200654367e+01 1.720624010990583130e+01 -1.887638069264828999e+01 -2.201464921501823824e+00 -1.723836595744331035e+01 7.336327048955448404e+00
-1.982417793893868918e+01 -8.222972781978378976e+01 -4.283730131178207046e+01 5.974053438772072866e+01 1.348325262911999722e+01 4.970852958444019976e+00 -1.544363542443847592e+01 1.943021260380229620e+01 -1.378830119031764667e+01 -9.412432691406760199e+00 -1.801793987434122357e+01 7.598731039779231367e+00
4.756569887850915279e+01 -8.132107540780297938e+01 -6.506067574574512946e+01 1.109973125902713207e+02 -2.004897951127470890e+01 -2.456596293923864849e+01 -3.743539933460975533e+01 3.299097934109696695e+01 -4.820938407256419822e+01 -1.676443934645979184e+01 -3.658384497713976202e+01 -1.076500627291376766e+01
-8.161586397419299033e+01 -9.818287178634862755e+01 -3.041615827788937310e+01 5.837030831676357678e+01 -1.800838196197246432e+01 -1.738174871479441208e+01 -1.397842593607035866e+01 2.290143658209257538e+01 -1.422859255065903916e+01 2.833859398863706858e+00 7.921477006513611308e+00 1.146082883774028538e+01
5.350420873258139309e+00 -8.504169810303014287e+01 -4.335811753302454008e+01 8.783750618861350290e+01 -1.127296399388247750e+01 -9.645365359501592906e+00 -2.749649888632121986e+01 2.723429069467241348e+01 -1.089886228905364618e+01 9.394551156215518617e+00 -3.908945204092326708e+00 2.913877559681401941e+00
-5.543762646963621421e+01 -9.198802377031763911e+01 -3.049070159255265722e+01 6.681503695685039190e+01 -1.291046744429724669e+00 -1.083833618168028323e+01 -1.663677450361640808e+01 2.678986846833594626e+01 -4.915387715503260146e+00 1.030126039732081278e+00 -1.831852029566919615e+00 1.640172754662448540e+01
5.399917909716329234e+00 -1.114262728847406265e+02 -6.848657941488647793e+01 1.165163395543837623e+02 -2.018526834281760429e+01 -2.185242497158293773e+00 -4.567346517831074237e+01 2.842259073103122446e+01 -2.058235691005327439e+01 1.033780068079802383e+00 -1.613746973078030678e+01 7.375802904679318317e+00
2.937744495018905866e+01 -9.466133201349943249e+01 -6.361769274477251201e+01 1.016816730750736468e+02 -1.791448816316620096e+01 -2.184687703064625452e+00 -2.978386382559627066e+01 3.339525393113585494e+01 -2.486993128540566289e+01 -2.438462222395032519e+00 -8.601374647104540472e+00 1.961965084001478488e+01
1.685207495172975634e+00 -9.097884226082139492e+01 -6.202727381828253783e+01 7.488492220050518711e+01 4.925326021229900597e+00 -8.730054548463241915e+00 -3.242048300536895056e+01 3.419434538452284755e+01 -3.265145018208063021e+00 8.237712092321327617e+00 -9.402262021117431701e+00 1.238747763178289318e+01
-7.711225769705039923e+00 -7.787703353582543286e+01 -4.188559393939974740e+01 6.094050245068052618e+01 1.388183994433422441e+01 3.550822063944755413e+00 -1.796085035718323297e+01 2.006615532573348304e+01 -5.137218096686767765e+00 1.313437371623042527e+00 -1.788962050883281307e+01 -1.364428808716387564e+01
5.681440586094615242e+01 -6.857041179501385386e+01 -5.246786044009843408e+01 8.265669370660172888e+01 -1.490785790808847722e+01 -4.612725656906440541e+00 -2.897253531950762806e+01 2.844244726705048976e+01 -1.299310967067549960e+01 3.831282805647089340e+00 -1.106851248490114870e+01 1.015891224807051252e+01
3.525875273654860109e+01 -8.907254361809599175e+01 -7.778184908831909183e+01 7.944342751200548491e+01 1.291674644283381745e+00 -2.303679288999262553e+00 -1.875513232406147779e+01 4.395623292806003235e+01 -1.204493721897627267e+01 9.633654364119781377e+00 -1.755277185657749328e+01 4.878297013144461403e-02
4.249022739228188783e+01 -7.899853394803189133e+01 -7.333853381352174949e+01 6.563011734055402258e+01 -8.425669730226001519e+00 -1.605943014928266166e+01 -2.573048258654485920e+01 2.761820452451235042e+01 -2.710592626177024655e+01 3.082718573578117294e+00 -1.058033869585397824e+01 1.084784193109827655e+00
-4.075991973303594307e+00 -7.416791756028814575e+01 -4.838928142407101518e+01 4.785842864088311188e+01 -1.984762382855771223e+00 -8.916284218691755470e+00 -1.762323579844855814e+01 2.702204057171650220e+01 -4.217620354989281672e+00 2.248102640201966373e+00 -1.740771440340755660e+01 1.526861725216317467e-01
3.626567159821503594e+01 -6.541810344767125684e+01 -6.007071158535173083e+01 5.064650716972953859e+01 -1.461636306182495915e+01 -3.058230014631672589e+01 -3.691256249864899530e+01 1.951040592637004423e+01 -2.215332528532679390e+01 -1.270786334914647320e+00 -1.410875588213939302e+01 8.042275142243475727e+00
1.229284218367581971e+01 -6.914511342124873750e+01 -5.407876877580466157e+01 5.417533201516424413e+01 -3.692604387872378879e+00 -2.773571539235327776e+01 -4.152220301552434023e+01 2.424370064134829761e+01 -6.228473907144822519e+00 4.934884118536711384e+00 -1.781193322332203977e+01 4.642697906338112190e+00
1.917287425065396178e+01 -7.403990003124891928e+01 -5.973534278041950785e+01 3.826057972360448645e+01 -1.887231493881628808e+01 -2.385098033571782139e+01 -3.139919917726676246e+01 2.415090092322518700e+01 -6.856213904726274677e+00 2.150924634938378155e+00 -3.175803323767588893e+00 1.017764326897346017e+01
5.215474575214693687e+01 -6.483147694537385064e+01 -6.272492970785435062e+01 6.103440560146889737e+01 4.745912625697271681e-01 -7.238871270218417919e+00 -2.580351511725620384e+01 4.047699546602881071e+01 -2.190952578425500175e+00 8.096640790224437723e+00 -6.609359005276731480e-01 5.402865732202270621e+00
3.337298430921330095e+01 -7.429090675184025372e+01 -7.227324062533986648e+01 4.677728342284220275e+01 5.175282129670799591e-02 -2.346110495619256220e+00 -1.249106457966087547e+01 3.117004570464018443e+01 -2.129989815369690120e+01 -6.078439479067268003e+00 -1.549297590927925405e+01 2.403879923157760601e+01
1.483932313326344143e+01 -7.676645563899553792e+01 -5.785683946655005627e+01 3.494918232927048507e+01 -4.404600511776096994e+01 -2.282594022737406547e+01 -1.115633000630826288e+01 3.585402419988483302e+01 -1.402086514726532585e+01 -1.392608628788039660e+01 -2.579065155864643799e+01 -1.147534279541641666e+01
1.804443672170381419e+01 -7.430708145274068954e+01 -5.986412322814257436e+01 2.835390789909885356e+01 -8.295284239148234207e+00 -7.635540015449114648e+00 -2.026809193150189614e+01 1.418705423630147955e+01 -1.136697005877027067e+01 -3.841192259126997577e-01 -4.536245289216640941e+00 9.359635593185419822e+00
6.346664064173204167e+01 -6.719156729934985606e+01 -8.088048782369085643e+01 3.603237177655680057e+01 -5.389850370194665174e+00 6.148930033830164454e-01 -2.520545200021146925e+01 2.727631264704187330e+01 -8.889295064606404395e+00 6.844746152288592178e-01 -1.515596711996427715e+01 1.527164362112631224e+01
1.046653907043560991e+02 -6.446465576252053609e+01 -7.834624921689751886e+01 7.134164713707158967e+01 -2.149501812988907190e+01 -4.494128888521355947e-01 -4.021816026654209963e+01 1.748935610397738571e+01 -2.836263594219325768e+01 -8.403299539783485983e+00 -2.410888955239381914e+01 -2.846218790611674265e+00
6.432464881598929196e+01 -7.646030106438489327e+01 -8.815540770234940737e+01 3.468591381370927706e+01 -1.099926324394119881e+01 1.074059011567028987e+00 -2.538359531069098907e+01 1.525537121293963949e+01 -2.473120757265046166e+01 -7.654474959722501026e+00 -2.736518259080126114e+01 -5.280627496609552551e+00
1.207963967353016272e+02 -1.769996524639411817e+01 -4.559756283152827905e+01 5.187796963392409566e+01 6.686308233534889567e+00 9.735264452045957029e+00 -1.856994703301062444e+01 2.437181247972679188e+01 -8.345229841340106702e+00 6.973541162283491524e+00 -7.949609636251347311e+00 1.497148411220719133e+01
1.186887676301914638e+02 1.172468902944473612e+01 -2.368251331547012484e+01 1.145373325671538112e+01 4.103775068242059731e+00 7.929764726889410476e+00 -1.301789099480444456e+01 -8.220897819065431378e-03 -1.414781060631411336e+01 4.830377421421350181e-01 -7.391659147105547056e-01 1.418956237379768837e+01
1.317959991590541335e+02 5.683295566825883327e+00 -4.989073335691860223e+01 1.567093036409275442e+01 1.813616083555701763e+01 1.423096797538541125e+01 -3.542877112539513007e+01 -8.159735991057328164e+00 -1.946379782162491523e+01 -5.724903494976809171e+00 -2.608522875533213892e+01 1.598990344082174442e+00
1.207754154921015015e+02 9.463707967073588634e+00 -3.023515719818191982e+01 8.800281270103992526e+00 1.526103144405669187e+00 3.481146472892874932e+00 -2.502585229595136695e+01 -1.090785985686957460e+01 -2.152432791001082535e+01 -3.107816853760804854e+00 -8.592278177263112937e+00 6.680473746783867739e+00
1.308153161431540923e+02 -3.819335200899191651e+00 -6.019652050169943891e+01 1.476057817247820658e+01 7.357916813763782926e+00 5.968601624156576690e+00 -4.276613555107955733e+01 -1.051669342248968064e+01 -2.587503820279051325e+01 -3.548470430824874011e+00 -1.932093926928151717e+01 8.586358252878543595e+00
1.240644904705251577e+02 1.540902147130332800e+00 -5.400246057021163892e+01 9.748502491566870987e+00 1.082864946772141401e+01 3.904721691117697180e+00 -3.627375480487190629e+01 2.477423785182883087e+00 -7.683200794389376753e+00 5.661537299497643616e+00 -1.120031271278740093e+01 1.580310215347633296e+01
2.033850501537179980e+02 -3.481371910710478801e+00 -8.633613653714029113e+01 4.859523149058092883e+01 -4.941788465072826320e+00 6.674698010430624606e+00 -3.431223926233671762e+01 2.221486651934578305e+01 -3.205086805214003931e+01 5.383704828798389741e+00 -1.839857333198662204e+01 9.524368113682877279e+00
1.253802283063141374e+02 -9.447655426998856854e+00 -5.223472119602620722e+01 2.377293744146714971e+01 1.895340655315227218e+00 1.115520368180460409e+01 -2.110408727553565811e+01 6.269634335076686327e+00 -1.824699564533845120e+01 2.391238418084466133e+00 -1.721936321838463968e+01 1.084024083453958731e+00
9.843426898746365339e+01 -9.925008127361099497e+00 -4.035157411315957887e+01 1.511767577015556974e+01 5.117127226531854589e-01 1.217594150928608565e+00 -2.574363535967255956e+01 4.787898002028442512e+00 -5.041667231415949857e+00 3.086144167317496745e+00 -1.323657862010683850e+01 3.786517261806048751e+00
1.637627641784379762e+02 -2.907794524708045003e+01 -7.742706528359347828e+01 5.833838633719544475e+01 -1.500139658180074242e+01 2.050709135587383258e+01 -1.848547133661568864e+01 3.199248892788001442e+01 -1.102210295456549360e+01 1.300376504872383165e+01 -2.059789672110084524e+01 3.757195869670264976e+00
1.459704682987709248e+02 -5.468266865805851751e+00 -5.582495513796713738e+01 3.157533975925953129e+01 2.520081594616290221e+00 1.087770461413419198e+01 -2.772130589918749877e+01 1.445664797036136662e+01 -7.844039219648655248e+00 1.001049316539597633e+01 -9.140228793134554053e+00 1.036712313896137161e+01
1.738272668421587355e+02 -1.765207010471459270e+01 -8.678956489329672763e+01 3.954638024979597333e+01 -3.800078283338695684e+00 2.125991264968617145e+01 -2.095453068770442329e+01 2.419381567571157632e+01 -2.273763955205873089e+01 1.197934351109124229e+01 -5.246030105913099817e+00 2.362342778973966517e+01
1.216295975554226629e+02 -9.329463652680267671e+00 -5.466002056354577121e+01 1.617639222573574642e+01 1.366770937790376728e+00 7.859055609684171273e+00 -2.178225473679701452e+01 9.606827618933735380e+00 -6.350192117136638892e+00 1.882223533472863153e+01 2.697818166628059622e+00 2.057808251585607096e+01
1.300038573467976448e+02 -1.385814279641010671e+01 -5.727708298234161788e+01 3.141524827387232577e+01 3.166722738924902636e+00 3.721420683850762856e+00 -2.093450395165629629e+01 2.137542226849199523e+01 -1.633978921295147657e+01 -2.921409880360810618e+00 -1.108578636083429458e+01 2.371154600481084174e+01
9.602461117476994445e+01 -1.687979140955778234e+01 -4.744150656458020876e+01 2.850938102411448227e+01 2.367156671246019695e+00 -5.665488785059158872e+00 -3.783186610811662831e+01 8.183730316530223092e+00 -4.854387250514731633e+00 9.972521496394570306e+00 -1.950640385196466653e+00 2.663092878420625453e+01
1.241379435985809039e+02 -3.848795901363074368e+00 -5.096150556715525681e+01 1.920009264664344784e+01 3.750179581500002080e+00 7.699812980942583707e+00 -2.867286713284893551e+01 5.595670762801633558e+00 -1.357743578687960451e+01 -3.808001247281698198e-01 -1.344380612158484212e+01 1.654737227080619633e+01
1.106776637298957979e+02 -6.428201567240604319e+00 -4.215716755448869435e+01 2.282626181915791364e+01 5.183434534349355971e+00 6.497556788553332296e+00 -2.471844807624447427e+01 3.285276017450128982e+00 -1.618384760035385739e+01 -1.217550345800185729e+00 -1.045571351707014784e+01 1.708936141975446077e+01
1.123999818042308618e+02 -5.797781749146247776e+00 -3.611564233927192902e+01 3.516915215382428528e+01 1.094084576803563991e+01 5.669127664747481532e+00 -1.716420303235463507e+01 2.253884637408948066e+01 -3.277330588322795890e+00 -2.372397097917527731e+00 -1.922008513977029764e+01 4.573640800774613879e+00
9.718511964348172683e+01 2.786238199808104832e-01 -1.196355817387697584e+01 5.167900400869802979e+01 1.374907267044023484e+01 1.153506086779298112e+00 -2.832577002561675528e+01 1.241030338849659742e+00 -1.699951023040270925e+01 -2.730433360869091608e+00 -1.068968395914754588e+01 6.575588695133902206e+00
1.179316230458604196e+02 -1.912395194413061494e+00 -3.393935299217970680e+01 3.117583764847283589e+01 5.026235092788726710e+00 2.523375915155131377e+00 -2.085683677376379563e+01 1.878341038006674069e+01 -3.449376573044347083e-01 4.303291779491652314e+00 -8.763626915246279125e+00 1.237370842617175803e+01
1.023855159847671104e+02 -3.454584311328448454e+00 -2.947097975732386743e+01 2.846182544956814553e+01 7.497130696141698358e+00 -7.318688416939486130e-01 -2.875227886148091727e+01 1.033339314950415755e+00 -1.363144887611166034e+01 -3.766294094468051412e+00 -1.107229372284126612e+01 1.494032740693054251e+01
1.494867056011469799e+02 -9.579570250596830761e+00 -4.713832963441805646e+01 5.408581629562994664e+01 -3.187674873369361173e+00 5.488126673649456500e+00 -1.760755096205696191e+01 2.814275966795883477e+01 -1.253244768230281281e+01 8.510017511157137449e+00 -2.200579819838370810e+00 1.433548054022157459e+01
1.572117770799150378e+02 -6.675241039854377334e+00 -6.310087280876392413e+01 4.881534273484236053e+01 -8.049312355463753121e+00 -4.961084844737772670e+00 -1.532479028157135659e+01 3.819797179441687263e+01 -2.428455684841670958e+01 3.243147793812811042e+00 -1.530386520087783531e+01 1.178943363133440236e+01
9.742244350731654379e+01 -3.433416694626592047e+00 -2.461985414237359748e+01 3.934070504953039205e+01 6.899471149980107576e+00 -4.732676602838103541e+00 -2.921004845621045831e+01 1.299783479881528692e+01 -7.696980647381317375e+00 -8.785496421369970221e+00 -2.020108264606600557e+01 8.503827546809858973e+00
7.180476603592239826e+01 -2.310917544925026323e+00 -5.493865284784940073e+00 2.362112109322073650e+01 1.066955478030894611e+01 7.988448540812443710e+00 -2.388828711311169251e+00 1.028508227552014631e+01 -7.465481675690637253e-01 -1.662109294113413238e+00 -4.512144925389503847e+00 2.581710582569549217e+00
8.433062026354755858e+01 -1.641504246977635972e+01 -3.679223292182963689e+01 1.316036134844808458e+01 9.169451816998546168e-01 3.273623880782484008e+00 -1.466614507824659874e+01 -7.009753967245402340e-01 -2.085191672457193590e+01 -1.221511580395666563e+01 -2.143812620293042670e+01 1.960612122309987271e+00
1.127765838489789587e+02 -1.134510319098811060e+01 -4.536521316114472313e+01 3.175668082366158984e+01 2.216499972888253289e+00 -7.357875436624775389e+00 -2.288512462032907990e+01 2.295325897781586377e+01 -7.601102630924502002e+00 1.948768664218597291e+00 -1.640210814723261734e+01 3.498891851571941380e+00
1.027191806367846283e+02 -1.811670286539850494e+01 -3.354603101746119620e+01 5.483270687443435065e+01 5.912307695432621912e+00 4.096426856508025516e+00 2.053344504636243961e+00 3.989130954845531107e+01 -9.433781023319413706e+00 -3.245238008821493825e-01 -1.920041877229008520e+01 -2.261305581671521292e+00
8.985769020010076247e+01 -1.604482926539735388e+01 -2.630522407147338271e+01 4.547576421140344394e+01 -2.785444201701208211e+00 -1.022193159560681508e+01 -1.108487434248137937e+01 1.330388475917575519e+01 -2.521931663385016265e+01 -5.386887687420598425e+00 -2.109697359226679581e+01 3.429228801135273841e+00
1.201252449976976493e+02 2.687919305583551743e+00 -2.317867154446928168e+01 4.350402529665304741e+01 5.044688388949852609e+00 -8.882879452308602097e+00 -2.620131446756350257e+01 3.878409024169049868e+00 -1.735819122433353812e+01 1.652881419004316399e+01 5.603778234729389851e+00 -2.284181266293234813e-01
1.100492634049339671e+02 -5.602201520246074651e+00 -2.771560913119628111e+01 3.393236395725006105e+01 4.218414810139033300e+00 7.345077179332759165e+00 5.659069933764813598e+00 1.827403499544602639e+01 -1.573417091173643279e+01 1.048571736777907226e+01 -3.884944776476852990e+00 8.959087969081444669e+00
1.074829282794017473e+02 -8.790954667233096265e-01 -3.013612694856707463e+01 4.104045968210247253e+01 1.259199647154815338e+01 -5.400219992262571544e+00 -9.879520845805659590e+00 1.062375740568618454e+01 -1.887118841396860347e+01 2.385561679592264284e+01 -3.541504093278503351e+00 -6.294539027215162008e+00
6.980388887756438976e+01 -1.563049464119640852e+01 -1.869216903793275719e+01 1.816231101413754345e+01 -1.439501577466594462e+01 -5.399892743776551818e+00 -1.032654417440858197e+01 4.593890363824806755e+00 -6.482490453222768068e+00 3.669573017270538973e+00 -8.988604220570884706e+00 -1.349433270291405051e+01
8.163601977260580611e+01 -1.650974821683051275e+01 -1.859019185678299024e+01 5.148863248980288887e+01 6.381028138419928553e+00 -1.545474663825768813e-01 -1.360769526603661461e+01 -4.293859038555215335e+00 -3.273288258522040906e+01 3.246629030237332625e+00 -6.255721127249518787e+00 -6.580060450618239187e+00
7.825831451738061162e+01 -2.603101048934445316e+01 -4.670881877424489659e+01 1.272786713878891618e+01 -9.892014577085102900e+00 -1.541464626125368298e+01 -1.517549519600346919e+01 9.238784948073764269e+00 -1.229308906644266663e+01 1.491680525964764570e+01 -3.162564211897423760e+00 -1.721894991028478650e-01
7.200879850011016003e+01 -1.964304914697947879e+01 -1.782809900934762126e+01 4.596083244254664635e+01 1.072291573645971141e+01 1.266358674785880467e+01 2.983545246736533763e+00 1.401655036967977708e+01 -1.290062782074695136e+01 9.575050760627505042e+00 -3.263093889699728578e-01 -5.868864932249339361e+00
7.052202039098980890e+01 -2.255900404566647310e+01 -2.776487610924861826e+01 2.887997245202202379e+01 -3.100319770370888683e+00 -1.024306170059653098e+01 -3.434142734998385293e+00 2.062337778100568286e+01 -1.430144265232310419e-01 2.083095860928272458e+01 -1.500787994738896458e+00 4.078574720067749126e-01
8.185545374817311881e+01 -2.308458672970147774e+01 -3.309608768917783550e+01 4.496143483226077109e+01 8.093904665495301742e+00 -3.767024897461905830e-01 -4.872289386061464000e+00 2.105811111274777048e+01 -9.446607992055575664e+00 2.143458036848646486e+01 3.163340765523812159e-01 -6.043258776432743673e+00
7.185336317744275902e+01 -3.934375391834085178e+01 -4.552793423847775500e+01 3.868797821428658779e+01 -3.962955873543552165e+00 -1.192584113854554984e+00 -8.100199085545998656e+00 1.952873919318524898e+01 -1.888704709096021617e+01 -4.209188488844767484e+00 -1.950171439759918357e+01 -1.120275666205970566e+01
1.080209362468319512e+02 -6.527129249859956417e+01 -9.553151193912432859e+01 6.298412340501707263e+01 1.123901560519256648e+01 2.139459732690868776e+01 -1.657754655541121380e+01 3.799041996546601041e+01 -1.969097667459123358e+01 5.527201161029906551e+00 -1.438883005930699888e+01 1.054787340562947762e+01
6.498759488557925579e+01 -4.521476512745525156e+01 -5.248179409557083375e+01 4.281667065518188053e+01 1.289345540525860656e+01 1.024575540687341935e+01 -2.878517234928112956e-01 3.428133560375420075e+01 -6.254665817839168973e-01 1.212678316848664473e+01 -1.248380644053886712e+01 3.948119853089789189e+00
7.411080004237662422e+01 -4.863574758667971309e+01 -6.656692601830920353e+01 4.463345541732993382e+01 -2.306278350751932216e+00 -1.038206686613537144e+01 -8.211149967456869092e+00 3.522895718749241212e+01 -2.390162160825422788e+01 -8.994209777921862159e-01 -1.274390938749876412e+01 3.751726800258929462e+00
1.583887499172585223e+01 -7.728908117682068735e+01 -5.573184841005441825e+01 4.821790164992474104e+01 -4.863488610527914702e+00 -2.349037272972450907e+00 -1.831346243436940924e+01 1.425622123932303609e+01 -1.868780670425218204e+01 -3.341795404259437774e-01 -5.559147940224708151e+00 1.782339121816563932e+01
5.238818965825954876e+01 -7.912007618407514542e+01 -6.851007817161524827e+01 8.938466466367256658e+01 -4.898088384497713221e+00 8.664770511232400274e-01 -1.014806886608805314e+01 4.655918579715519456e+01 -1.588181715986853426e+01 1.091244654034683847e+01 -8.550421222130729859e+00 -2.672217436067863439e+00
-1.891737252174901629e+00 -6.822969270966333966e+01 -3.262322091617242847e+01 6.445077775265610853e+01 3.074469161550153817e+00 -7.287461197352335773e+00 -2.489202649699336689e+01 2.018776964454038136e+01 -3.622074365840862953e+00 5.297220572118732207e+00 -1.120752035245060085e+01 3.499615186868565431e+00
-2.832450654110322219e+01 -8.725294219169816756e+01 -4.058594308670247131e+01 5.943775872099855206e+01 -6.519845902527829473e+00 -1.378620735415275433e+01 -2.145764666172480162e+01 2.132491631721294567e+01 -1.175915566705084814e+01 6.698294621871662136e-01 8.746160706218271130e-01 1.526794915316237677e+01
2.805792344558889084e+01 -6.970787182960789607e+01 -3.947161193916983279e+01 7.249586316491664206e+01 -1.793107887414236146e+01 -3.868793849697422793e-01 -1.631680454845258055e+01 2.409396061945743739e+01 -1.918711839604830516e+01 -5.336474183764987167e+00 -1.141366192601939833e+00 1.124929868808114364e+01
-1.972079925637110875e+01 -1.228421429377518876e+02 -6.907085822592287627e+01 1.045223735156640714e+02 -1.407475958845042285e+01 8.545426693932416384e+00 -2.152420062447178140e+01 3.189880779961361057e+01 -2.316103786339975201e+01 1.761390661535580771e+00 -5.327852050221735247e+00 1.184617813499132843e+01
-4.591574765851385820e+01 -8.479585290605794512e+01 -2.706232598405226497e+01 7.030587950511511508e+01 -1.713966964416671956e+01 -1.809206653709328805e+01 -1.232541611590467134e+01 3.679647380203800822e+01 -1.264479712241752196e+01 -1.002445200681489013e+01 -7.068409311622572133e+00 1.937964443313739338e+01
-9.213858194503926313e+01 -1.189191680924348589e+02 -5.207590790092962152e+01 7.639446963504191501e+01 -1.400015040755213747e+01 -1.864394766396010183e+01 -2.598016766947742440e+01 3.823398728605824459e+01 -1.464134698746578778e+01 -1.232054853228238933e+01 -2.222967789571850261e+01 9.119439633806930345e+00
2.527776288465347676e+01 -9.261087221719527918e+01 -5.259480887139483940e+01 9.953522597077736123e+01 -3.864902943811998171e+01 3.088858062547567673e+00 -2.522172238372602493e+01 3.617243671088131407e+01 -7.821261340277091634e+00 2.608249750722837046e+00 -8.602379106819970644e+00 4.612176876145521298e+00
5.465873689169997718e+00 -8.761454051330932202e+01 -5.895982202143444795e+01 8.537865336988090803e+01 -5.897977954208877271e-01 -1.070767868706962211e+01 -3.036098823311568751e+01 3.917922165801034851e+01 -1.216008314770208010e+01 -2.926010971752506240e-01 -1.419201108667252598e+01 1.356252224405567830e+01
-1.768859460776061354e+01 -9.483260655056037081e+01 -5.371761078601191741e+01 8.805503875883266574e+01 3.195902190777478502e+00 -1.277390482246112313e+01 -2.957912636653172811e+01 3.485224965949911535e+01 -1.922327524750779304e+01 -3.821248539120182031e+00 -7.335487344336693027e+00 2.259345804366887478e+01
3.780207891583820867e+01 -9.946027184201831517e+01 -6.488913624797532975e+01 1.156503772529623433e+02 -3.292214030217746767e+01 1.224771620580487408e+01 -3.550070063536305298e+01 3.606007438699549539e+01 -1.429110609417491418e+01 -3.155346831853814038e+00 -8.431831770454643049e+00 9.375131513595043486e+00
-1.166243370769461585e+01 -7.910364215674134414e+01 -3.782128295086492642e+01 6.610881094843625760e+01 -1.675173724554108734e+00 -8.995660779421008613e+00 -1.952193925912813199e+01 2.492041950338076717e+01 -9.949849852302760311e+00 5.339779513180542558e-02 -5.028339850079476925e+00 1.180042793854301308e+01
5.427330152930750273e+00 -8.175966251746855562e+01 -4.655000736330269717e+01 8.081171386432133374e+01 -6.257354362969328676e+00 -8.263415316249931308e+00 -2.977153592583124464e+01 2.834450533409577844e+01 -1.104059034732654965e+01 -1.107256253044231364e+00 -1.367012356204159929e+01 1.251391851631957941e+01
-5.987835241736967617e+01 -9.408651278403566209e+01 -3.423572945530675327e+01 6.967601319681975269e+01 5.271287418435635530e+00 -7.298680161185488124e+00 -1.292256119719718299e+01 3.985092516492856873e+01 3.253438134497685930e+00 -2.209713699482867888e+00 -1.621356627673981166e+01 6.720767665954856973e+00
2.228541812352918594e+00 -8.219330758471913612e+01 -5.746995161665763163e+01 7.117352084073490914e+01 2.757306541052420457e+00 -4.194636817276570895e+00 -2.958073530457609124e+01 3.421394129966290620e+01 -7.199235452425960524e-01 6.433363484668987553e+00 -1.908263004689046127e+01 1.002035744085685920e+01
-8.702121774205098248e+00 -8.838300021666742623e+01 -5.075093078223887488e+01 9.378938114495942102e+01 4.678912637062097701e+00 -1.020609136589713728e+01 -3.562130086509459659e+01 3.722877056990230926e+01 -1.290755222464967389e+01 -7.299895125484054503e+00 -2.125708518592566776e+01 2.061039741988803797e+01
-6.737444953092158739e-01 -7.963224009793160008e+01 -4.893531976312363696e+01 7.139506003092334652e+01 9.239718103095693635e+00 -1.973910540074194753e+00 -2.143753703875117367e+01 3.493064492494664819e+01 -4.005329988360305293e+00 -1.063761606572551921e+00 -1.817335977571071481e+01 9.521291811761638968e+00
2.668270110736694534e+01 -8.263572802829992270e+01 -5.895078696466624990e+01 8.287139337189850608e+01 -9.253825064161643965e+00 -3.555074788201945779e+00 -3.052621029119988449e+01 3.726875495278014228e+01 -4.822915252280439269e+00 2.140595954846530979e+00 -1.767752714846142226e+01 1.146006252945246118e+01
-2.953112999933188831e+01 -9.195471120902556095e+01 -6.010338073608981801e+01 5.692347134601144631e+01 6.776803966233151399e+00 -1.206295286003294009e+01 -3.827504848078318389e+01 2.592220076793358885e+01 -9.311167079991709006e-01 -4.729675538467864371e+00 -3.209531975063340781e+01 -1.102272307518171512e+00
2.633007438450015769e+01 -7.152554208319993734e+01 -6.113510131123301505e+01 5.162504238845493632e+01 5.138720487453533714e+00 1.362661825176798658e+01 -1.618644334973027910e+01 2.473160543092735963e+01 -9.312428985909599888e+00 -1.097972292888339529e+00 -1.695878890028511421e+01 1.258722885290427662e+01
-2.834135335165191449e+00 -7.656576725856621124e+01 -5.833332228204252345e+01 3.528445633546651550e+01 7.647497243569699954e+00 3.798273937607579143e+00 -1.433704732937493276e+01 2.800026312387633709e+01 -1.846419013903108919e-01 -5.897617252844653990e+00 -2.059010164176361712e+01 1.249550293092436526e+01
4.260800022822934352e+01 -9.190856514397020760e+01 -1.040072019123294496e+02 5.884960409629960054e+01 2.342815553589372968e+01 2.645165859779961082e+01 -3.013234336206660657e+01 2.717211150327656810e+01 -1.689952307968475154e+01 -3.422462664447713188e+00 -3.503839896398284282e+01 2.515179699993197016e+00
1.182744465974018340e+02 -6.837763979551814941e+01 -8.598012647020499344e+01 7.753263284225300822e+01 -1.844807474865911345e+01 3.092965314218707107e+01 -2.758591215000917884e+01 3.839577530288906360e+01 -8.243899952091831906e+00 -7.881046241903391092e+00 -1.857537127033394242e+01 3.353036922807797637e+00
8.736530425870697059e+01 -5.900459267753308268e+01 -7.432276745949448582e+01 5.658916762790296673e+01 2.215226366863208618e+00 1.631782735599605871e+01 -2.201954982350542878e+01 2.743633794090113298e+01 -9.687435005773032515e+00 4.574376775539053419e+00 -1.866536915084761006e+01 3.935542847952362422e+00
9.165594068808965744e+01 -7.322902731271813082e+01 -8.547724947528698181e+01 7.402963363607271674e+01 -6.319736661493218222e-01 2.301773750537861574e+01 -2.453411489485363717e+01 2.831565883663195748e+01 -1.901218983763059711e+01 3.398196732282268151e-01 -1.941951944919093265e+01 1.000014321345560120e+01
9.877061959307356531e+00 -6.865964292706834726e+01 -5.332287475189906445e+01 4.681215403965749999e+01 3.179564975210510980e+01 2.004951220846996662e+01 -2.337751376753612220e+01 -1.666871132358060947e-01 -1.786499328367859363e+01 -4.901250065786141086e+00 -2.328486492217548331e+01 -1.465833492190079745e+00
9.593778069725667024e+01 -4.813332131535376135e+01 -7.511717238409386255e+01 4.195495429774341289e+01 4.317590495382134463e+00 1.304472602650643509e+01 -1.687688489746085096e+01 2.205736676648967176e+01 -1.602678673124626130e+01 6.032502904901642093e-01 -2.993863447828431035e+01 3.490053348940922895e+00
1.091498511603372208e+02 -6.021610745255583197e+01 -9.268849043433358759e+01 5.754913551484825973e+01 3.827860945221879696e+00 1.627441904929555960e+01 -1.592066879596815099e+01 3.608089971958248299e+01 -1.721275515388582278e+01 6.431067451261388790e+00 -2.529494733435479503e+01 9.524512487435856656e+00
1.246039789680750971e+02 -3.290142415247180452e+01 -7.320807629651096704e+01 7.666679895431606440e+01 3.453202315890838747e+01 3.427210273683841990e+01 -1.405816017419274289e+01 3.667171638298978564e+01 -1.717692900302363057e+01 9.494543802220345441e+00 -1.548900677117403291e+01 1.235305560687991289e+01
7.468264138874806690e+01 -6.712987493575809594e+00 -1.898722971351007516e+01 4.590151591898166572e+00 -7.167735839406493170e+00 -2.631643986135358659e+00 -4.652661482594270481e+00 6.801358615095671745e+00 -9.331371952017402549e+00 -8.309100919180650635e+00 -8.933760682697588607e+00 4.823139239743383655e+00
7.827469374874890207e+01 -2.638154625396704844e+01 -4.039060214390320880e+01 3.817909500219676744e+01 3.160732892410730344e+01 3.611585435532488475e+01 -1.192348011400165220e+00 1.037839266981210784e+01 -2.170265595736939801e+01 -2.353107434260356712e+01 -4.342424398291791476e+01 -2.657404343729761820e+01
1.526268343149233999e+02 2.509948917870549856e+00 -4.569363604177423355e+01 3.856723765568078477e+01 1.338031438490158109e+01 1.894607875441629474e+01 -1.493035863876075631e+01 1.605935173804947169e+01 -1.531071298072133402e+01 -2.659768797390125172e-01 -2.216522166477444244e+01 3.077072421178522754e-01
1.219973108341742432e+02 -2.772974398548731756e+01 -5.408629372764733034e+01 5.235405081034976149e+01 -4.145897815035926470e+00 8.040473958981127822e+00 -2.867616225499361349e+01 6.170731560260222182e+00 -3.019751021707008576e+01 -1.321453763728600350e+01 -3.394793431428512065e+01 -1.481048680673722195e+01
1.473333282104193245e+02 1.422630457300658158e+01 -2.957148791539480470e+01 5.456289007563437110e+01 2.543420267651779909e+01 4.308037706507952258e+00 -2.917268011050594367e+01 9.000541894437262158e+00 -2.060337385121973952e+01 2.461190423266465643e+00 -2.385466076486353160e+01 -8.185635624442493707e+00
1.813719641463841299e+02 7.523959756401191967e+00 -5.906729505399859192e+01 3.799358140118413019e+01 9.758426890170680323e+00 2.732651534904310964e+01 -1.427691805807974035e+01 2.132793265174681707e+01 -2.122211424180885331e+01 -2.884581922946795274e+00 -2.487759204141097058e+01 -8.798701595418171095e+00
8.146262843755269500e+01 -2.762070060627980794e+01 -4.442147117141816892e+01 2.751462713896305701e+01 1.676547169614616450e+01 2.840184337854784857e+01 1.084548591685419794e+01 2.862588729951612265e+01 -2.929160958536198844e+00 -2.135406609607451323e+00 -2.718678631103198740e+01 -1.965602736521171323e+01
1.106975194006294743e+02 1.967776362005285051e+00 -2.913509546468416289e+01 3.091900323494723324e+01 1.752105801884712477e+01 4.672805567680528682e+00 -1.279387626107297926e+01 1.598896423156590529e+01 -8.958626209544751973e+00 1.868888304694380054e+00 -1.673344492298413400e+01 2.779275602997336669e+00
1.298283789561097876e+02 2.180302674868654833e+01 -2.067834517680372386e+01 6.401284346256940871e+00 -1.669819790681042804e+00 4.119944774778931063e+00 -1.261493092496573887e+01 2.647550554125060351e+00 -1.036522194882827463e+01 4.069841275783137036e-02 -1.296526287471790440e+01 -3.243741081087323064e+00
1.238438559110903299e+02 -2.390383463442128154e+00 -4.372583284287244965e+01 3.786991167105976785e+01 -1.405719165621758915e+00 -1.191446140095539796e+01 -1.919130498954905306e+01 1.608846730352282606e+01 -1.868490856335322547e+01 1.548975875071481845e+01 -1.298342387730104086e+01 -1.301784279653923093e+01
1.199722883876860351e+02 9.185330229663172474e+00 -4.040850331697417630e+01 -1.405159387004228044e+00 5.196769768353765251e+00 1.982813300854348171e+01 -1.910995097679583665e+01 -1.471898077479253786e+01 -2.071479027127301009e+01 8.671429405376239075e+00 -6.367842588574015750e+00 -3.926466879095224627e+00
1.080836522186334037e+02 1.096584871677297457e+00 -2.341679153147384085e+01 2.851314289454789375e+01 1.547676882382758912e+00 3.900544203796751930e-01 -1.809402114761660130e+01 5.983160094813944951e+00 -2.163477727496537106e+00 1.584169803831518664e+01 -1.523741080026616501e+01 -1.376566175764985722e+01
1.269656488736547431e+02 -9.132169518708730394e+00 -4.302695934664765787e+01 3.405579947687044751e+01 -2.912749782565299483e+00 -1.399806301858272928e+00 -1.616825987824456234e+01 1.848819682764716532e+01 -8.465352801668949212e+00 1.541513358003022560e+01 -2.325640474366100552e+00 1.083900894712635221e+01
8.676804825751139560e+01 -1.529337737178036249e+01 -3.060221573905288039e+01 2.591599260174638886e+01 -1.019890382661785644e+01 -1.812592774941424167e+01 -3.085920938718760809e+01 -1.473384612664655036e+00 -9.964061515352755194e+00 1.307058633897542066e+01 -9.766507300794899038e+00 -8.220831823106917735e-01
9.872432747370248762e+01 -9.728395545508606190e+00 -2.502602171087372795e+01 2.914904733361411360e+01 -9.040973461799538313e+00 1.283515353215785693e+00 -1.389095644371187177e+01 1.032632642555220315e+01 -7.214968527054481662e+00 7.908459805679351362e+00 3.027206066622513791e+00 -7.317143788907297441e+00
1.104747852357781142e+02 -5.091981534037008039e+00 -2.191785537834952180e+01 3.822593404775510351e+01 -3.360115117017109299e+00 5.853326350253932553e+00 -1.830396833512372812e+00 2.316590176819414637e+01 -3.046781034883317751e+00 3.325971977452614858e+00 -1.347546649546658060e+01 -3.585220148136473384e+00
9.384631307672233902e+01 -1.250608243690290422e+01 -2.465375066123842629e+01 5.124424692056270203e+01 1.057285166457853087e+01 6.932509170084642847e+00 3.253720704090348192e+00 1.952937638810281840e+01 -2.242355419040089259e+01 8.159737899149753559e+00 3.770316923615134819e+00 -6.091460113194897552e+00
8.446613819131653145e+01 -7.511697821563795507e+00 -1.512227191547668248e+01 3.760797631221160486e+01 1.048266324806293248e+01 9.674376224131011170e+00 1.083227086130094818e+01 2.362305133411064162e+01 -6.140963430890912456e+00 9.700236294497095457e+00 -5.667956723559458787e+00 -8.828096168905375407e+00
9.229554677250786199e+01 -2.487128902937212160e+01 -4.997801053491717482e+01 2.251098345564624026e+01 -8.237557272121902585e-01 4.138329372232320225e+00 -3.319148519648071449e+00 1.616076708980287080e+01 -1.822672531984879640e+01 5.242989098480081545e+00 -1.331346987211382604e+01 -4.573464897668792162e+00
4.766530233247323878e+01 -4.337423664747466034e+01 -4.417728256197784020e+01 2.817816751416603083e+01 6.458714494286613927e+00 7.898737077908180915e+00 -7.019993163830213767e+00 9.772887046726847160e+00 -6.487173004681217492e+00 1.991865770803608626e+01 -3.727371940849208531e+00 -1.541952525993503365e+01
6.513884441879656606e+01 -2.369671691868359176e+01 -2.616695990336305400e+01 2.442775466952974028e+01 -7.333154482602469493e+00 -6.122871321033646730e+00 -7.246447834482957262e+00 1.516592688142668166e+01 1.361747450135963433e+00 1.489971372689836926e+01 -1.005214330868808403e+00 1.638503188554575329e+00
5.581349017279439551e+01 -2.935145278016183923e+01 -3.080290338518372195e+01 2.111900891548298276e+01 -5.800320863705498375e+00 2.754279469278744230e+00 -1.596815016760080397e+01 -3.535632912175096898e+00 -1.685229373828840949e+01 -5.144073882694828015e+00 -1.914223206631263352e+01 -2.221234053905284256e+01
5.869029120525370047e+01 -3.781763748160501848e+01 -4.727797825066647874e+01 1.818690469210371319e+01 -8.977000930025546666e+00 -1.817510701457223377e+01 -1.482323263436349237e+01 9.641813374049082341e+00 -1.227364759300376917e+01 1.508539571896522347e+01 -1.226263968677277560e+01 -9.737639284613070600e+00
6.343682975773756993e+01 -3.507904072589469280e+01 -4.881811040738504914e+01 2.217282200108971679e+01 5.656768019942722603e+00 -1.494138007472963547e+00 -1.847814976357088312e+01 7.217669800720059925e+00 -1.443059713237439823e+01 7.700762616149029682e+00 -5.562073570153311941e+00 -1.766771059748695194e+01
7.647893019699304773e+01 -1.882824393272453278e+01 -3.080550970786596920e+01 3.655801593265583449e+01 1.475232759539531147e+00 -8.956838235312137186e+00 -1.133133906096058574e+01 4.918981000204707854e+00 -1.567186688699730368e+01 2.081453341937440271e+01 -1.699818867029146219e+01 -1.465476617747457411e+01
7.313401109805920441e+01 -2.020021411138229084e+01 -2.585875660468097337e+01 3.732058741824251058e+01 -5.506546587441469853e+00 -1.074538388824509383e+01 -1.610237199493049332e+01 7.306068085897206466e+00 -2.027342246655204150e+01 -3.793948547045994157e+00 -2.452115687026190471e+01 -1.471547572257855485e+01
7.175348422555669003e+01 -1.919700720187198684e+01 -2.097065823702106968e+01 3.988649645476959904e+01 8.672673015095055504e+00 9.080545208796170442e+00 1.179111651560091723e+01 2.264728545587684039e+01 -3.227243164560786859e+00 1.741195277403669550e+01 -7.779612382890580768e+00 -6.767330811602649376e+00
4.849874954898893975e+01 -2.921007134670459138e+01 -2.539505853869674468e+01 3.631628958653237760e+01 1.010676827148233414e+01 1.395751244438386607e+01 1.894350860601547026e+01 2.260876022207496305e+01 -4.370042962714300927e+00 2.568586166759912714e+01 5.142665000581303048e+00 -9.885642980471470054e+00
4.040663161763006883e+01 -3.087950466437404629e+01 -2.308305137099930704e+01 4.737208247230717006e+01 2.407286279544378971e+01 1.781445669813865651e+00 -7.983252826859782658e+00 1.774341875504291721e+01 -1.191112020653305592e+01 7.315445917969549683e-01 -1.185950740660271663e+01 -7.487375029053069397e+00
3.400744242423517960e+01 -6.241789201533943299e+01 -6.405517399505123421e+01 1.438791691581472776e+01 -1.386032464853273893e+01 -1.539792808346110675e+01 -1.771607181132958075e+01 1.073216643212743904e+00 -3.376053508986360896e+01 -1.102929940892780181e+01 -2.290171859704049595e+01 -1.452835797060067691e+01
5.737124584239035130e+01 -3.288616075838267960e+01 -3.718080879847705944e+01 2.682386539079954701e+01 -2.209580596900413862e+00 -1.128125440731279028e+01 -4.348610908020168253e+00 1.413687432052937609e+01 -1.510137919469745071e+01 1.047242776943688547e+01 -1.104158541542978078e+01 -5.355287180409074921e+00
2.527627452826907017e+01 -4.433980010957917983e+01 -3.126005888330322335e+01 3.219626264770660384e+01 1.216575712796406350e+01 4.185743990595901742e+00 -1.187353589488193606e+01 6.754550359433351581e+00 1.377536314693224462e+00 1.925219994463422779e+01 -7.103109040688169173e+00 -5.816146823170910807e+00
