1.572344639502539820e+01 -8.726691647971406951e+01 -9.883593098407249045e+01 8.286293891650879928e+00 6.743482895261489141e+00 1.524226668889429526e+01 -1.819782785395941005e+01 2.718168758452060274e+01 1.075505651735221946e+01 1.435045298691426652e+01 -1.843451341376434272e+01 4.457471761839584268e+00
4.915343493265596919e+01 -5.986291655598024875e+01 -8.160803774146197043e+01 2.078742955179134100e+01 3.581320904024637652e+00 8.859721066931513178e+00 -2.840336816373110551e+01 2.326676468549431220e+01 7.331193053906567059e+00 1.015500893915930902e+01 -3.134394454362151805e+01 -9.111111943308538130e+00
3.000912768976954936e+01 -7.354205800445373598e+01 -7.964821223895469871e+01 3.743499401946269245e+01 1.491732116062859959e+01 2.102840964772294541e+01 -1.305017964422779464e+01 3.769664268191054646e+01 8.191769823558839647e+00 6.410707221738520367e+00 -2.812263651920670782e+01 1.686316607607444507e+00
7.629723991288123841e+01 -6.928111165897999513e+01 -9.724142211235935918e+01 3.204160134281833905e+01 1.944120789977947350e+00 2.211108361939839284e+01 -1.466672515915714570e+01 3.646606675802915731e+01 -3.039487255889161688e+00 2.779023383898928223e+00 -2.529124999361792447e+01 7.526174859990321764e+00
3.268055715183918153e+01 -7.360239559972836787e+01 -9.389629523734626559e+01 2.443519024166754150e+01 1.844129281446240043e+01 1.715747624391660509e+01 -3.084250788576979119e+01 1.994642009251624160e+01 -3.711730620560448557e+00 -1.328599725915475371e+00 -3.510111680343780449e+01 -3.962729344961850586e-01
4.264605140143513040e+01 -8.054285715232425957e+01 -9.865500604095215920e+01 1.468538493298338743e+01 2.930768072191056284e+00 1.938313838830762847e+01 -1.083668423778118850e+01 2.891369084069824069e+01 -7.012971799759409208e+00 -3.804230010519220606e+00 -2.327370346820154978e+01 1.062979395083743661e+01
1.323606395931291786e+02 -7.222886120670861487e+01 -1.046101123955983212e+02 5.580859213783168116e+01 -2.537004235988373679e+01 3.579414929414791402e+01 -2.100097981168631378e+01 3.467841682550228199e+01 -9.865375284459107164e+00 -4.551135963764979309e+00 -2.214856112981078695e+01 2.756726218474985224e+00
5.253976235576831755e+01 -7.356876985949928383e+01 -9.315167424361939652e+01 2.543816082164584458e+01 1.661345205131176073e+01 2.497114116193501232e+01 -1.685329794901550216e+01 1.970704378587567973e+01 -1.383746294931274079e+01 -4.246526871268704539e+00 -2.092339221409240935e+01 1.418753665078393844e+01
1.162058660536507944e+02 -6.735744647162351839e+01 -9.058753488820056532e+01 5.315502781614059558e+01 -1.565752940387795711e+01 4.399823217132617970e+01 -2.631217128886413192e+01 1.901655496068232054e+01 -9.246612069317968974e+00 -5.371178588485601146e-01 -6.805151171495430695e+00 9.194710910147689820e-01
3.068698463681770505e+01 -1.029927023803879820e+02 -1.240448166511569497e+02 2.001247668019718162e+01 1.329852409587932272e+01 3.060022018659717347e+01 -2.433300372012646307e+01 1.439044372930799298e+01 -2.055818696929801348e+01 -4.237775020077316768e+00 -3.175788180334327393e+01 3.792376980516035445e+00
1.263492389052753424e+02 -3.743322621665756600e+01 -1.030200463320769586e+02 2.219754258409282954e+01 1.357234994082752699e+01 4.094099815936615983e+01 -2.301594808304338358e+01 1.389754303120199985e+01 -2.488343027378570582e+01 4.007804061066604362e+00 -1.423683879273697350e+01 2.904023026894199688e+01
-5.833204137765953590e+00 -9.119784795385896814e+01 -9.150456695569887700e+01 -3.514871108236235386e+00 1.517653019421128135e+01 3.026349092861268630e+01 -2.114133043267638623e+00 1.001416532901709999e+01 -1.191433102403657252e+01 -3.724509026754927010e+00 -1.471543267225933427e+01 7.007917328471459761e+00
3.036474669089246703e+01 -8.074795697525556193e+01 -1.065841374602707390e+02 -5.795024011442198031e+00 1.107911814924628402e+01 2.718658155196798276e+01 -2.038714138457168801e+01 1.841157743220590337e+00 -1.788179477724724720e+01 7.413658133004494832e-01 -1.537045520200349813e+01 1.374744580488773238e+01
9.412765864200380861e+01 -4.553113126678312028e+01 -8.745088591374869225e+01 1.280297831082432936e+01 1.068007066794437776e+01 2.950584271999647612e+01 -1.181322015436987272e+01 1.721458834764413837e+01 -1.096521712127143644e+01 5.693246489110423525e+00 -1.455271831102787594e+01 1.555300404499151234e+01
1.230011773666460329e+02 -4.622857688918772112e+01 -9.117693903462429716e+01 2.060437134859428809e+01 -1.290250411704503541e+01 2.279569990927819134e+01 -1.366056754342261215e+01 2.346230083425112767e+01 -1.037189296668451988e+01 6.634373307327852132e+00 -1.431839780595380773e+01 1.261903138035559024e+01
1.059737243854895894e+02 -3.629838082330384452e+01 -7.763597756431266816e+01 3.508836993936902360e+01 1.899556150113194519e+01 2.048248071194068487e+01 -1.948306153245223271e+01 1.652114221501742009e+01 -1.882984352673114969e+01 5.519571252994829536e+00 -1.953221869734353788e+01 7.900218879778354797e+00
1.736012959301051524e+02 -8.319883051163351695e+00 -7.905125457374458620e+01 5.043193348513781871e+01 1.091376350020271246e+01 2.099747882350391492e+01 -3.212737027147920088e+01 1.134868915104532938e+01 -3.226394321304768198e+01 5.173868766496981131e+00 -2.631530770740447167e+01 1.371808540094552065e+01
1.252901658171969643e+02 4.127797500082159843e+00 -4.437522882971648386e+01 1.238487462688612517e+01 1.386347324283028115e+01 2.330113960698947295e+01 -1.819945012533200668e+01 8.768477063940931515e-01 -1.134239170282793907e+01 1.816786982231043179e+00 -1.716810238747204664e+01 -3.532455101422069532e+00
1.100264262216205253e+02 7.174952624668854417e-01 -3.875017746202895808e+01 8.946435577916627579e+00 3.922341329317327041e+00 9.493020652418163507e+00 -2.811024299289381290e+01 -1.512214049929469439e+01 -2.232082470972704158e+01 2.684040646273083919e+00 -1.170995974369920312e+01 -6.611127635995810436e+00
1.133685393310575051e+02 -4.009313674465813548e+00 -6.318831668787380096e+01 -1.640207719280655851e+01 1.428429993013007326e+00 1.906139547496372444e+01 -1.397406953127834051e+01 -1.566394953333329454e+00 -1.949288713101434212e+01 -6.475516207067737895e+00 -3.683299872571924993e+01 -3.541761624653884155e+01
1.458423483646547538e+02 2.569548755198736156e-01 -5.887425354076597017e+01 3.086332258209317558e+01 7.397241917083369422e+00 2.663591598565748342e+01 -2.530052135512526235e+01 6.792304506599149860e+00 -1.357667154953617583e+01 1.345581283288084329e+01 -2.407632656509983704e+01 -1.389839285941274483e+01
1.325787604242572684e+02 9.320347825024828836e+00 -5.015432769870798779e+01 1.419083226763308581e+01 9.533500119216673951e+00 1.906406478756344924e+01 -2.926681889172327189e+01 1.386102978132351282e+00 -3.421810302283524230e+00 1.727543989268978919e+01 -2.212694969220338237e+01 -1.473989126646785053e+01
1.416208431781587365e+02 -1.460476183502634839e+01 -6.258251594775622095e+01 5.620727302916790791e+01 7.095612480455660176e+00 3.804501855853578007e+01 -3.319542526110969050e+01 6.447700768590216569e+00 -1.090440578737491251e+01 1.611684345195299528e+01 -2.899241109480060530e+01 -2.075227061448509858e+01
1.033829688416535504e+02 -3.767858982779605981e+01 -6.713921594023564410e+01 5.177649846834216874e+01 5.054484321916229428e-01 2.577691917986331660e+01 -3.951293602630671131e+01 3.492710998689334545e-01 -1.648823484133605888e+01 8.596531888322882509e+00 -2.934804744153338163e+01 -1.916770213910926657e+01
1.342902968840397193e+02 2.421003564341256631e+00 -5.411245586479863334e+01 2.607036083423423634e+01 7.554925386282488553e+00 2.015265624800561639e+01 -3.750917339034678832e+01 -7.286707188099256882e+00 -1.724121662948162381e+01 1.205795632124182148e+01 -2.442354136967764333e+01 -1.833046473668413512e+01
1.018441287188708486e+02 -3.116666248587616650e+00 -4.654917433670804883e+01 2.244672807028389272e+01 1.311618992091280589e+01 2.125243501764026277e+01 -3.008530533254721462e+01 -4.023991564033764234e+00 -6.085256116143181515e+00 2.546793566361575500e+01 -1.201026976787998990e+01 -1.431365517298638856e+01
8.924122741847577345e+01 -1.618466937379755999e+00 -3.343313871999426823e+01 2.730438729628806627e+01 2.874570165637913277e+01 3.720452981940795212e+01 9.799189900643270335e-01 2.336022449483605001e+01 9.849728260695808757e+00 2.024137484336494808e+01 -1.450206666959233814e+01 -1.165541689693336380e+01
7.103071320084720242e+01 -1.987024541709820902e+00 -1.534325309581218555e+01 2.887410623000756260e+01 1.668940729027167436e+01 8.994593382148956096e+00 -2.544533645773522323e+01 -5.433454289910710777e+00 -5.465690580760202977e-01 2.056187758339149241e+01 -3.916145538113721791e+00 -8.071556368467650344e+00
1.437476041759393297e+02 -7.017055547448006081e+00 -6.025840362986349419e+01 5.064444756080321497e+01 3.174833632357652480e+00 1.008881899122754433e+01 -2.481749604234164508e+01 2.764739335534110154e+01 -1.513594333937014191e+01 1.179774702881087300e+01 -2.534836070604934122e+01 -1.584140538872350490e+01
1.273887860719049030e+02 -5.529076681766362356e+00 -4.397998389065194402e+01 4.806246415795213522e+01 1.733747238123353185e+01 1.356790916152221982e+01 -1.331329981154239306e+01 1.662664316674612763e+01 -2.114534624130002527e+01 5.194260141138123288e+00 -2.309072648057755828e+01 -6.828977548485053006e+00
1.036342904283069402e+02 -8.356021582321012886e+00 -3.854410461640789265e+01 1.592163347944983975e+01 3.282071950853699960e+00 7.821176938567645287e+00 -1.480502699299099589e+01 1.853455648822541768e+00 -1.414663207890461294e+01 5.789478407984075758e+00 -9.606597885269611226e+00 -2.015276883386162510e+00
1.240496099313243974e+02 -9.341550628015342639e-01 -4.082430142107169502e+01 2.302487581237631531e+01 -1.666586216173856272e+00 8.665490672037314823e-01 -1.156113568936401137e+01 8.139726937296202891e+00 -1.969396176612785609e+01 7.976689561764843006e+00 -2.058991361686010890e+01 -1.958348001000152294e+01
1.474151313765445934e+02 5.972100286773812883e+00 -4.272092885803770201e+01 3.525540801183862527e+01 2.742061317307473267e+00 1.436302526204975472e+01 -5.137460955862666268e+00 1.716531787917157814e+01 -1.457514269492061132e+01 2.232908776921827609e+01 -3.578654794436257447e+00 -4.183057229668980526e-01
1.018327627789600172e+02 -1.052280197685195873e-01 -2.072335782722316111e+01 3.808129960592324181e+01 2.300474898533774137e+01 2.001225204684592285e+01 -4.578640163148291364e+00 4.384399528653021072e+00 -1.325901925286134286e+01 1.242183421163287704e+01 -6.975677451499329607e+00 5.721287441222601799e+00
1.161697525110414801e+02 -3.785066767597966120e+00 -4.483119813673037868e+01 2.075188025374527356e+01 4.916089554101736425e+00 1.093055180069109156e+01 -4.340661099034928583e+00 4.428793323614963029e+00 -2.604119725010724551e+01 9.641175652583321209e+00 -1.830661460931833773e+01 -1.312242531481671648e+01
8.104196827420064153e+01 -2.082701355756635309e+01 -3.886626888808880409e+01 2.450242937775180962e+01 1.442569463132305785e+01 1.383809257805199522e+01 -7.377143136154873382e-01 1.396964374540468690e+01 -8.590722373787230026e+00 1.106904579016954848e+01 -1.197245086700521455e+01 -1.116645683602710371e+01
1.081045281046090452e+02 -9.106330544279899186e+00 -3.308654886907898174e+01 3.397073552941638752e+01 1.063505773816093791e+00 1.846875556008445685e+01 -5.848832301053587202e+00 7.178564461827619425e+00 -1.331319188044107982e+01 1.516483985198957640e+01 -5.786596386521168256e+00 -9.571035616871292007e+00
8.851876200120217675e+01 -2.448355536068159211e+01 -4.686167322602142349e+01 2.909918228610431967e+01 -1.603511412409206027e+00 8.218354878689186904e-01 -7.062872939617951928e+00 1.291931195912151153e+01 -1.552589400278273857e+01 1.089051777059778203e+01 -2.021599128912976795e+01 -6.684936470400247188e+00
7.002749282367834383e+01 -5.531536903272358074e+01 -7.232054410246010434e+01 3.834392317412950035e+01 6.327433237173780256e+00 1.206979523102293150e+01 -2.619964733809383617e+01 1.796878299759686470e+01 2.090087567651698564e+00 2.673344936496406632e+01 -4.336296096186543103e+00 1.013206133055262192e+00
5.696369315490062490e+01 -5.314638176470012354e+01 -7.635053932700202495e+01 1.108551040848146485e+01 -2.590389918238110045e+00 -9.032353680623468328e-01 -3.751065071998610989e+01 3.338438359335033745e+00 -7.098478583490799743e+00 4.782770318722326941e+00 -2.516705950601882691e+01 -6.751928898557371994e+00
7.967987508144487663e+01 -3.693232008790553778e+01 -6.407969982159671929e+01 6.552480308755181682e+01 3.141467716625141549e+01 1.488391578632231926e+01 -5.047354631790044266e+01 9.005987285983579227e+00 -1.048039866041035673e+01 1.757933120450333320e+01 -1.913698129326015263e+01 4.244172967320338330e+00
1.651124443339513093e+01 -6.592926503838930330e+01 -6.364375686361779572e+01 3.579515690189081312e+01 2.030052518566207098e+01 1.495456173929948207e+01 -3.212445929940054867e+01 4.255358907974246208e+00 1.024266718595256753e+00 2.355857303162933647e+01 -1.232635140296943632e+01 -1.341823256236544282e+01
-7.846563641716728377e+00 -7.922657666227603102e+01 -6.987486332231605957e+01 3.218313262454947221e+01 3.512350474787972132e+01 3.677395678376765886e+01 -2.249558205273726585e+01 -9.961006824142584648e+00 -1.569363938390173274e+01 2.247721894662016240e+01 1.558570672057444817e+00 1.850115253132478710e+00
5.273820047292280044e+00 -7.876685197926266824e+01 -7.925804337335711125e+01 1.435696929047606574e+01 1.770454384725841379e+01 2.306707501831363061e+01 -2.389867715778833102e+01 -7.758954229266540992e+00 -1.804132146666368186e+01 1.244600516901781262e+01 -3.946864098513309660e+00 7.874239343048059503e-01
1.015444138042045381e+02 -5.167710372795927753e+01 -8.404153248567497769e+01 5.033047264297822210e+01 1.464613952513592210e+01 2.615694520872506246e+01 -3.198302863448916611e+01 1.095115191959222400e+01 -2.200107694395536839e+01 1.212253804163462334e+01 -2.724206834492700402e+00 1.075408196177842335e+01
4.330567602733007959e+01 -4.695656914799221227e+01 -4.210961855464143611e+01 5.392347215428037543e+01 4.049034731233223283e+01 2.871516012120908812e+01 -1.261311428938311074e+01 7.063274384656660132e+00 -1.431560685070352434e+01 1.027326851800187413e+01 5.101322890092501172e-01 9.945531677364961354e+00
7.635879606990755519e+01 -4.448706093895247449e+01 -6.017431779235795375e+01 6.359373833435989809e+01 4.109111029450750152e+01 3.539900640686985867e+01 -1.045106016988989772e+01 1.985484772152444322e+01 -7.539888832694991549e+00 2.626869829765004027e+01 -1.138712485212646541e+01 -5.634212505697577811e+00
6.276262702308596886e+01 -4.396238346142869347e+01 -5.779135099088713901e+01 5.090793557315059559e+01 3.506505254328747156e+01 2.635501472977469817e+01 -1.406727244702049795e+01 1.075171329639811546e+01 -1.619329820307119050e+01 1.721020635388471831e+01 -5.806619691293465557e+00 4.473447215517253994e+00
2.842758178482362297e+01 -6.049795867606526656e+01 -6.065837195786279779e+01 2.679566864384393909e+01 1.382788867864193172e+01 1.552989277878215901e+01 -1.823027452907876267e+01 1.138501323441185775e+01 5.888642122255944855e+00 2.787129948382016664e+01 2.419295418685769583e+00 9.121059902286386745e+00
6.866576780934791202e+01 -4.798666438466590023e+01 -5.634987976715130742e+01 5.035110728362873544e+01 1.820732151412286015e+01 1.890888474399407215e+01 -1.910420053345129787e+01 -1.868475103774718038e+00 -3.091533733527640138e+01 5.421412230273536803e-02 -2.348166062144528610e+01 -1.760383775809204465e+01
3.583054220111480959e+01 -4.966136603037914199e+01 -5.571003981835904995e+01 3.224032815729420065e+01 2.610541009886742003e+01 2.174462613824391610e+01 -1.687657600070517816e+01 8.346596094431721014e+00 -3.735554569624348620e+00 1.803220693695111976e+01 -1.335597727245043842e+01 -1.653289002613894709e+01
7.365742572906390251e+01 -3.695466637598907056e+01 -4.546911777052163472e+01 4.760687007754592059e+01 1.896662872056833038e+01 1.593388997382846384e+01 -1.767568948474085744e+01 3.932456118648397947e+00 -1.804848243173715616e+01 1.486134745877998142e+01 3.994761507887150564e+00 4.908478545902017487e+00
5.923334054561851758e+01 -4.419582378855979243e+01 -5.018111325092027641e+01 4.517369172716875880e+01 1.753389456308187278e+01 1.768145878101462998e+01 -1.690524208575491372e+01 8.668988227487458786e+00 -9.209866737819275784e+00 2.634622333555118701e+01 9.146721491954565408e+00 -4.786937963276212571e+00
7.049311052498620711e+01 -4.020616823729209699e+01 -5.502232443949588259e+01 5.355278952178049678e+01 3.027859160735837563e+01 1.749661074948723893e+01 -9.573811011062096199e+00 1.615576338192735051e+01 -1.455430457846147618e+01 2.997790038991858097e+01 2.120943894291031917e+00 5.892654357436944323e+00
5.347336389190746786e+01 -4.185336037265910392e+01 -4.807753068339954439e+01 4.977595744007126655e+01 2.841732666404664442e+01 1.096674141195684093e+01 -9.525436477331242102e+00 1.263589423615782437e+01 -2.149780984821816077e+01 1.438061748055904943e+01 2.952742028108370498e+00 2.241104868209966572e+00
5.484427944082647599e+01 -3.691326218351798616e+01 -5.291908696929061762e+01 3.472293216360276347e+01 1.579159913740948085e+01 3.079155679532360246e+00 -2.986828838415457454e+01 2.341031150734234068e+00 -9.334404505894269732e+00 2.868958648953114476e+01 -1.244150318397346799e+00 -1.470376155748318681e+01
5.336934994314606229e+01 -4.112587765008062490e+01 -4.672019040330570760e+01 2.232435990753739574e+01 1.922115949707323690e+00 -3.959595814229698529e+00 -1.756602712098766617e+01 -5.962123864297009135e+00 -3.088776179213184747e+01 -5.306969278884288599e+00 -2.502615924232674161e+01 -2.104547498961495933e+01
6.365786286094929380e+01 -3.889184586078149408e+01 -4.795057412276852915e+01 3.585573413988507241e+01 1.278178609736771243e+01 6.587085233102262904e+00 -2.571246513048957461e+00 1.563671048744130054e+01 -1.603898597228320710e+01 1.220279864701331007e+01 -1.601815021126587624e+01 -1.755581473317639762e+01
5.850959985309033584e+01 -3.635843955998765864e+01 -3.506353344602246835e+01 4.846619970696838209e+01 1.297104264163554888e+01 4.770708343219339120e+00 -2.309596956927264966e+00 2.041986202245016457e+01 -1.130538977312194859e+01 1.406092286915185596e+01 4.428754944440131069e+00 6.804630449195261832e+00
4.110415347577691847e+01 -4.868153322714529452e+01 -4.491838297600790497e+01 4.011982996652552202e+01 9.721655953264514594e+00 5.784716993346821212e+00 -1.638483774765730772e+01 1.209528159930860802e+01 -7.494547699396994389e+00 7.911618384103357826e+00 -1.216645504618291440e+01 -2.141216126638232353e+00
3.778637657051928755e+01 -5.330197591383069522e+01 -5.198755048331510409e+01 2.429455104701924739e+01 -1.709909479827417034e+00 1.614726228566941924e+00 -8.780092811576549749e+00 1.076140591497328458e+01 -1.536704831761791112e+01 8.428948017767083911e+00 8.470525696908510760e-01 3.267567889417606342e+00
6.149500809279344082e+01 -3.896048782627673290e+01 -4.698694820626059254e+01 3.553606484354869366e+01 6.663736044084910048e+00 2.735573789950218604e-01 -4.443038972437234335e+00 1.176178635786424742e+01 -2.300944746664703899e+01 1.211627081078074220e+01 -3.895755522741258581e+00 -1.004269002936202781e+01
8.274349193859703178e+01 -2.742775011108589212e+01 -4.126502292646770087e+01 3.396289399244324159e+01 8.335980950916690446e+00 3.614762277866606865e+00 -1.132105250143971809e+01 1.155518036812147109e+01 -1.637989324485111098e+01 7.959818821629454533e+00 -3.404935802918534815e+00 1.287394968854431720e+00
9.908340618958693824e+01 -1.016283876601486469e+01 -2.879182624451070893e+01 4.260732520173647231e+01 1.179142853520228229e+01 6.401820628957808346e+00 -1.234265535131978453e+01 1.399658456456662758e-01 -2.887398985467953594e+01 2.007585684458736530e+00 -1.173746549460246946e+01 2.506314688873210184e+00
9.584666726258242875e+01 -9.129782387223180251e+00 -2.155665882873834249e+01 4.476013818274279998e+01 9.974716652332977773e+00 5.719559065392672004e+00 -1.745608500005148755e+01 5.789130456494024912e-01 -1.983530443018772260e+01 7.260511871777680426e+00 -5.311800155508551669e+00 -1.269134925069764819e+01
1.504276945264730330e+02 4.291900542775537986e+01 -4.145920950305251651e+00 2.660183511345464780e+01 1.344443912203879066e+01 5.796415699233870455e+00 -3.811254109584523064e+01 -3.126296877309044220e+01 -3.420339784861918275e+01 -1.908165541414860167e+00 -1.084897728082840374e+01 -4.775416479493310717e-02
1.725754634630857254e+02 4.291182709420344565e+01 -1.478990226029988975e+01 2.404975048269066917e+01 6.672176675449872363e-01 4.267433301262506973e+00 -3.019545305161919657e+01 -1.688179220697194438e+01 -3.437366164246925138e+01 -4.844364643800653347e+00 -1.336885183121216514e+01 -3.127520843898325964e-01
1.318190873876989713e+02 3.422174590903573943e+01 -1.823882332420455299e+01 -2.323066082905253182e+00 3.230592429201966098e-01 5.899898510285414233e+00 -3.009797099367311191e+01 -2.691238873328975956e+01 -2.818096123807412567e+01 -9.873470560859507472e-01 -8.482971687648863224e+00 -5.990706118340794362e+00
2.072292613026884567e+02 4.873400423684050509e+01 -3.171495916438400897e+01 4.694347162942028717e+01 1.579873183226755806e+01 1.204051370691539447e+01 -4.018638434589110631e+01 -1.192730254966504688e+01 -4.407298864169692365e+01 7.969632235302395173e+00 -6.824057345141293141e+00 4.000331661540605488e+00
1.330069522252088348e+02 3.039445012660167578e+01 -7.235720979944593623e+00 2.852111158875212737e+01 1.476392458774329342e+01 8.540007527063806947e+00 -2.969698935546119856e+01 -1.927977448656964299e+01 -2.691763919828273188e+01 -1.352707501174795768e+00 -8.703145698235077887e+00 -4.387851023261550409e+00
1.140586262304136653e+02 3.187641918279233977e+01 3.313637651074779367e+00 1.268129102863457192e+01 1.100446142232463487e+01 1.039200981573903171e+01 -1.514033227963811434e+01 -1.880300311307701833e+01 -1.991380525123334166e+01 -1.631185142392243659e+00 -4.131516715950530383e+00 -1.631144616397242952e+00
8.454807835509517133e+01 1.663054847737734931e+01 1.383236862090087671e+00 -2.402201555507060604e+00 -8.501133496259893008e+00 -9.094366390615995499e+00 -1.218401944693254713e+01 -6.059922445636022559e+00 -1.187168320051960713e+00 6.089433494688545778e+00 4.102551112349440032e+00 2.226080433695244221e+00
1.140957025561959739e+02 4.017577393151491094e+01 1.209958085711525300e+01 6.411361348626218870e-01 -8.246101112764817387e+00 -3.445808855824299410e+00 -7.919562032615734992e+00 -7.429779419167121368e+00 -1.209997111710058704e+01 -4.256290579900035453e+00 -1.401773165498084284e+00 4.184251903868045908e+00
2.061544467776134582e+02 5.708435261495495894e+01 -2.064392818562799548e+01 2.792568236738976850e+01 -4.705755336430743618e+00 5.459691057908648837e+00 -3.252572265292823062e+01 -1.353591578562598130e+01 -4.231902704526823555e+01 -2.037844568255067657e+00 -1.184350698282590386e+01 -6.956384949806050599e+00
1.995899128951824082e+02 5.342176679575557330e+01 -1.988031243356086719e+01 3.072322137241570061e+01 -6.028750201478188409e+00 -2.283324311026648346e+00 -3.344385961160860887e+01 -2.236193930782238226e+01 -4.439039636333720296e+01 1.166206070929282390e+01 -1.907684780705113070e+01 -7.627713570952428412e+00
1.416630965982701582e+02 3.901229006748078376e+01 2.178210295327422052e+00 2.586641601901852283e+01 5.889516180589311478e-01 3.063430677209636244e+00 -2.187109485204699055e+01 -1.465807803017472466e+01 -2.664813914054308341e+01 -4.344497118821752046e+00 -1.122355259206697831e+01 -8.464724215050807743e+00
9.157599953034913653e+01 1.982632142709498524e+01 5.948086519511843306e+00 1.216697781910933962e+01 6.765312103181865488e+00 6.375277033894933609e+00 -2.558924580316578101e+00 -4.341393043122022455e+00 -1.081081376764309354e+01 -5.760913936088593701e+00 -1.078799091455430315e+01 -1.113783893806364667e+01
1.513402863640802707e+02 3.990965137467500767e+01 6.490851858413253517e+00 4.723457963695870632e+01 4.384968311720700562e-01 -2.601768059250592735e+00 -1.523805533338630447e+01 -2.016231569685251745e+00 -2.204724330186800429e+01 1.602318292907258979e+01 3.660687875961988080e+00 -9.017011201264142350e-01
8.965254192540781730e+01 1.554396992726613291e+01 2.891047115004663937e+00 6.615898866127812639e+00 -1.538649938020960306e+01 -1.599127609332625966e+01 -1.766028120128874690e+01 -1.296058911461159369e+01 -2.344351357362947397e+01 -1.919084354147266325e+01 -1.625786401856866803e+01 -7.387271120248724898e+00
1.102765580411013104e+02 2.324128955369049265e+01 1.678846505350631446e+01 6.149035209719757233e+01 2.337632250444240256e+01 2.676854882303785654e+00 -5.717499085145718141e+00 -1.074593127790615998e+00 -2.941297367713739419e+01 -3.537371355063644529e+00 -1.029265643089505211e+01 -3.912205059407443120e+00
8.728231773788641590e+01 1.242110584902291492e+01 3.216799692015695822e+00 1.724499651024335378e+01 4.445990647825535103e-01 -1.402409004117377567e+00 -6.235885658650829555e+00 1.528609567446319151e+00 -6.649694109984856105e+00 -5.539480591178009838e+00 -1.390896027020637860e+01 -1.131394800293622893e+01
1.152568385670372209e+02 1.707784686405260288e+01 1.710206166518733362e+00 4.045601179251632828e+01 2.456961284436672166e+00 2.710351018388780897e+00 -2.580875700185732313e+00 2.341045132142299590e+00 -1.833276112385917500e+01 8.807862745936102300e+00 -3.237575652383182678e+00 -4.645615926597455925e+00
9.054414055333640476e+01 1.393698637978678789e+01 9.064081145421530650e+00 3.826162731248653870e+01 2.008178704044751584e+01 1.013734371925567146e+01 -1.578862742142586484e+00 -1.504300024458947949e+00 -1.591928144121247612e+01 -3.180541110276948302e+00 -1.322449801536563463e+01 -1.036515409358502282e+01
9.140398372598292553e+01 1.675001512214247867e+00 -7.158097404014025500e+00 4.863175306384901830e+01 1.639290183760962805e+01 -3.686688532681010599e-01 -9.164611115996184054e+00 8.460339223014992527e+00 -1.691900649181348371e+01 2.830973563641854263e+00 -1.326310158054488397e+01 -1.486169524613781689e+01
8.701306961179508903e+01 4.474131755245325692e+00 2.813700378612497666e+00 3.171589616248777332e+01 -8.683687917599897332e+00 -1.112228449976102418e+01 -9.612450941054335729e+00 4.066657888475688765e-01 -1.442187774949212553e+01 -2.179437070573991608e+00 -1.324277404101785294e+01 -8.140810762232602471e+00
9.518674878638377379e+01 4.001880434386682062e+00 -1.202968843620440254e+01 2.342949806057725937e+01 -5.998907754645621537e+00 -1.808311091831988904e+01 -2.436050997377366656e+01 -1.085541864673206547e+01 -2.783408051094702529e+01 -1.097193184519517217e+01 -1.876848347506687986e+01 -1.085461656090743610e+01
9.801086375529845895e+01 -8.752292428901677912e-01 -1.207708450958565294e+01 4.089523204594306094e+01 -2.306161440285487974e+00 -1.647453061487758674e+01 -2.615632455315868299e+01 -2.641557235416344795e+00 -2.809523818589388355e+01 -9.962448187421079737e+00 -1.534440703362271563e+01 -8.024822676606911287e+00
7.084828285452300634e+01 -2.119633698743120576e+01 -3.256972842733076590e+01 5.394164111793740801e+01 6.526899597889234350e+00 -1.430358709609024004e+01 -5.494037416048811906e+01 -6.024847862396732978e+00 -1.863469236244737104e+01 3.873888588543814571e+00 -2.700675104503306301e+01 -1.695503334348292412e+01
7.471861678366461490e+01 -1.141705390995254099e+01 -2.484517571027858551e+01 3.499209177600747012e+01 1.996147204278846399e+00 -1.648286287878969603e+01 -4.661596907269429835e+01 -1.054160467508059540e+01 -1.642453200476403197e+01 8.759735952679637450e+00 -8.662297265980779315e+00 -6.312169459672157146e+00
8.622855715977183877e+01 -2.950527617768733890e+01 -4.449908716987762602e+01 3.704379944037470551e+01 -2.843298257744839930e+01 -3.254273548484945877e+01 -5.173727530572001854e+01 -1.949277163543446889e+01 -4.874713185370517010e+01 -1.598559957119711683e+01 -3.051217374926485704e+01 -2.780530360565808223e+01
9.848895356894513498e+01 -1.207582322897356342e+01 -1.701399920465205895e+01 6.084020596507674128e+01 3.854809129391406408e+00 -2.816265328199841544e+00 -2.471910084757744031e+01 -1.245286201432254103e+01 -4.006501299010221828e+01 -9.606770090582866795e-01 -4.967067297452577357e+00 6.415904390080744868e+00
7.857128327986652039e+01 -1.050688601535520306e+01 -1.249597588611733912e+01 5.046533827352312329e+01 8.480970630015406186e+00 -1.026462029628690686e+01 -2.102358660323859141e+01 7.127674311433853660e-01 -2.320724707780576779e+01 7.135560031067276210e-01 -1.272325045194238236e+01 -4.536072586720420574e+00
7.453167983695725241e+01 -4.128465983960985142e+01 -5.804924769720742717e+01 3.976976516717290622e+01 -1.023205848386527883e+01 -1.810665647723013905e+01 -4.374671736365002062e+01 -5.056885557765022909e+00 -2.664813494059570331e+01 5.071015561018896278e+00 -3.039479959983063750e+01 -1.548101093861863120e+01
4.321816610410105142e+01 -4.217062834904597679e+01 -5.601949013543163858e+01 2.484829156601236377e+01 -3.876263432933279685e+00 -1.107216669592246205e+01 -5.039223947050571439e+01 1.466350259821733948e+00 4.884343741160213526e+00 2.629750767812211620e+01 -7.360895896994565035e+00 -1.380826686804278225e+00
1.758199752564679557e+02 1.207935909153267318e+01 -5.445850237642365244e+01 5.310212364319741596e+01 -3.915868253237739793e+00 -2.000303749815351750e+00 -5.376257915153158251e+01 7.323055711031037696e+00 -1.412215679249085554e+01 2.397394332261428929e+01 -1.403199696921678452e+01 2.741010218591202197e+00
9.092524479020167405e+01 -3.132904120531590664e+01 -5.981461593657415676e+01 2.251518768900390199e+01 -2.175885577928125514e+01 -2.338172142749417404e+01 -6.884242090765694400e+01 -2.629571286815247433e+01 -2.596434215001785617e+01 8.659774559847805975e+00 -1.377499323726378933e+01 -2.274834870125271635e+00
4.487326283896835832e+01 -3.306737380782292490e+01 -4.906772388668258600e+01 2.403942959417169689e+01 -1.965806485163500650e+00 -6.425546589760374516e+00 -5.871696949329871984e+01 -2.263087688163525968e+01 -1.063438784466636733e+01 2.527223051090311756e+01 -8.330532567803466293e+00 -6.678324718593626308e+00
7.359485530194830005e+01 -1.678971754540417294e+01 -3.541288560654246709e+01 3.433893083158252324e+01 6.123113827757361349e+00 -5.211916556237255804e+00 -5.091370473854482270e+01 -1.413383090895073835e+01 -7.812179437743565380e+00 2.567439399328000604e+01 9.371250836602342815e-01 5.211992001634378369e+00
8.770351342766468861e+01 -1.609277122127356563e+01 -3.685581529268878853e+01 4.080823517244567711e+01 -3.026207093880657339e-01 -1.380631809009061683e+01 -5.073238631321737557e+01 -5.687144872924015715e+00 -7.304123415276243314e+00 3.113635984529406642e+01 1.083166150485922685e+01 1.390659333697187883e+01
4.818278296123113336e+01 -3.894916197378410772e+01 -4.534820758611782310e+01 3.248383011506938800e+01 3.410019943623677996e+00 -8.868398728038371814e+00 -5.009393038889473360e+01 -1.176019510629259912e+01 -1.147993294624186689e+01 1.445527585811364268e+01 -4.799554334263538280e+00 5.668201675218762503e+00
1.227111888278489289e+02 -8.044569943562676073e-01 -5.899897835608697960e+01 2.026094265350014467e+01 -4.298963679079288447e+00 2.779768284568649328e+00 -5.087920144220858987e+01 -7.250302294673935499e+00 -9.668751556943256276e+00 3.016923755795372841e+01 -1.905275633339785557e+00 4.780597691131967863e+00
8.518243605509883309e+01 -1.406648455955141763e+01 -4.146674243735567700e+01 1.879654193116615346e+01 -3.098529475711013781e+00 -7.605460812857089081e+00 -3.914288929533825723e+01 -6.080829402403688633e+00 -9.473928632835805885e+00 1.319526759426287299e+01 -1.622445414470253411e+01 -1.285031536860949153e+01
1.145120654655877104e+02 1.431128691642582851e+01 -5.728445646562288829e+00 4.740031338740298850e+01 1.686173017584714984e+01 1.182644416458552605e+01 -2.581605376426907128e+01 -1.234649118707780779e+01 -1.632056834288599134e+01 1.446304324400843910e+01 -1.383231735060428846e+00 6.157249739441457592e+00
1.174837257880200241e+02 2.505923983154884738e+01 -8.998523159622773271e-01 3.908986672432331488e+01 1.720469642277024036e+01 9.027601729658400131e+00 -2.871229090932703798e+01 -1.099612286800562444e+01 -1.103127410853194057e+01 1.007022218929698276e+01 -6.821321629412365972e+00 -2.828971865605645508e+00
1.233176015788152142e+02 3.246496910225677368e+01 4.358934353992605537e+00 4.098771220537879856e+01 1.853291399523511984e+01 -1.107606478395145588e-01 -4.492179101011423370e+01 -2.622512877386378705e+01 -1.925423810061057139e+01 8.480247137865514873e+00 -5.227034676353803810e+00 1.543213396308740215e+00
1.818175707923325319e+02 1.716857593916272862e+01 -4.210777810711326197e+01 5.180057472590580403e+01 1.002476761675686667e+00 1.065388174320826309e+01 -4.533857093881813682e+01 -6.916561029300243746e+00 -2.007783226589653935e+01 2.338656563199036498e+01 -3.631965819148373242e+00 1.366812224485449256e+00
1.049127953777649793e+02 2.228175728480445983e+01 -7.422860915543990856e+00 -4.576534070884621386e+00 -3.624450906424162788e+00 4.514182174559639993e-01 -1.082222799780727840e+01 -5.624201780036029774e+00 -2.977540928539562870e+00 9.982003886601528819e+00 6.600074362846770626e+00 6.280510418887022439e+00
1.443567908523197900e+02 3.710031320384089781e+01 -8.531407109245119358e+00 2.621061281588993808e+01 -1.219945153304629937e+00 -1.108663984277129799e+01 -5.636653604526392769e+01 -2.985135927393747579e+01 -1.838856691834535440e+01 1.563973812577703448e+01 -4.535336957814351422e+00 -3.985548730338579926e+00
2.037033121192408203e+02 4.109055780664444768e+01 -3.748068765639960276e+01 5.636588219489765095e+01 6.429519465521569721e+00 -2.661198487388221068e-01 -6.537542693651744230e+01 -2.784090399345610933e+01 -4.234656075480506132e+01 2.603526873535539821e+01 -5.254521982029110916e+00 6.589549563031694035e+00
1.176862247735097355e+02 2.229666963497053089e+01 -9.766088610151763660e+00 2.072072272507585922e+01 -7.396233827482392442e-01 -1.286338129827925769e+01 -4.804758133091181094e+01 -2.482709804371763695e+01 -1.505859198813683975e+01 1.300149940004066451e+01 1.858373074782345924e+00 4.677210636676909061e+00
1.304424091906925582e+02 3.019552871643197633e+01 -1.761979387269305519e+01 1.833913224852378221e+01 6.664049672379229072e+00 -6.443598976352786778e-01 -4.929689023566679396e+01 -2.828076236684417211e+01 -1.758205089066606774e+01 1.879039084442528917e+01 2.388642719330347219e+00 7.050974940211053088e+00
1.224701512216381616e+02 2.951352973812618785e+01 -6.655648968143720978e+00 2.020219772523141799e+01 8.690318782081499549e+00 6.995225159175511465e+00 -3.063820831959434088e+01 -1.974499286087027627e+01 -1.465868652028357566e+01 1.579933465643260426e+01 4.834557659896258741e+00 4.908926266785066161e+00
9.176078296447369098e+01 1.105230094514659989e+01 -1.486237635184337336e+01 -9.141163725828750586e+00 -6.952912049618151791e+00 -2.403566807447361064e+00 -1.400773513986749919e+01 -1.012333640009164171e+01 -1.031548696356364658e+01 -2.986051597336729646e+00 -9.367387812335397967e+00 -7.215534609057095317e+00
1.474705560504795017e+02 3.915620643506886722e+01 -1.831532529125404096e+01 6.309268185186190259e+00 1.411928331600009301e+01 2.100943259984595812e+01 -1.968406742819173871e+01 -1.422885860085566634e+01 -1.236328766129309109e+01 1.607566563443580776e+01 5.754745216573793343e-01 2.320398637626029270e+00
9.869616118036688590e+01 2.289280648558114706e+01 1.664762544214337447e+00 5.309306512648808152e+00 3.431595387780261852e-01 -2.583437636421098693e-01 -1.303578646847280176e+01 -9.246604550063896255e+00 -7.129021412667598590e+00 3.089312134492348427e+00 -2.773416685927668102e+00 -5.158843654936394962e+00
9.594487988011496782e+01 1.399134085172143394e+01 -1.525918452239286438e+01 -9.917113730488257062e+00 -8.463354439101072657e+00 -6.389336111998149548e+00 -2.272355926005055338e+01 -1.921202975467774721e+01 -1.550970142826507114e+01 -1.079450967847954024e+00 -7.779918281671121427e+00 -1.014629136082100658e+01
1.089428448661449522e+02 2.040425394873486908e+01 -1.810131601564453874e+01 -1.501670751235248247e+01 -1.040578271806118060e+01 -2.354371051199026343e+00 -1.775967671910144219e+01 -1.671117751563970799e+01 -1.897233673429188983e+01 -4.150259146203257643e+00 -7.445617030351371568e+00 -5.756515439480859975e+00
1.121603450317203112e+02 1.110226106420483205e+01 -2.803632632832406557e+01 -4.296256098740261820e+00 -5.050189662796817913e+00 -1.403724902169533939e+00 -2.672507791813518452e+01 -1.558453020184784421e+01 -1.474713678874713096e+01 4.606018068650268305e+00 -4.783570688684481098e+00 2.411680645377922705e-01
2.431948377993517738e+02 3.088526460455623379e+01 -7.292587964767633935e+01 4.083787441817909780e+01 -9.731279552555189838e+00 2.806260026575123590e+01 -5.310692270013835525e+01 -7.845685857828704535e+00 -2.521228136190340052e+01 2.793279126632681653e+01 -1.083718007682957563e+00 1.787160061654616072e+01
8.157362164605166299e+01 7.348522062391446674e+00 -1.561837679108398547e+01 -1.276615903367025595e+01 -2.032501154238217111e+01 -2.075198596511038573e+01 -2.881217699501705098e+01 -1.487948261804569583e+01 -7.485547425251578346e+00 1.790157149728665686e+00 -1.139661592417644975e+01 -1.389752253753775513e+01
1.378160053173962467e+02 1.677009733795027913e+01 -2.901757957743286909e+01 3.824549254355404315e+01 1.172099686926410200e+01 1.289659000625365692e+01 -4.545046082615715477e+01 -2.144837678828192651e+01 -2.218707703150440125e+01 1.693689274265210898e+01 -1.360164647176046904e+00 1.266893848375329412e+01
9.172453148589107741e+01 -7.975156824939434230e+00 -4.637918579023201460e+01 -1.116970252182996504e+01 -9.888086517409512055e+00 -7.404707214751787170e+00 -4.625336615517102246e+01 -3.799723432568569592e+01 -3.588327447405691828e+01 -5.225168930328541350e+00 -1.231145608198498920e+01 -7.019116236848077506e+00
9.777580501214748665e+01 1.228339005191440014e+00 -3.487336045745965407e+01 1.838896403467393270e+01 1.825546755864289050e+00 -5.755537024543902369e+00 -5.379526632622911109e+01 -2.722655859626959085e+01 -2.156278518383462739e+01 9.431403484259947234e+00 -1.379199566421559098e+01 -4.511875986446982623e+00
1.087475990681135158e+02 1.218680478413008217e+01 -3.279419308001089917e+01 1.219390526233378225e+01 7.052055692945180532e+00 5.063999181212618161e+00 -4.854185082539676444e+01 -3.279071147690451937e+01 -2.835102783449062969e+01 5.060528961952114102e+00 -1.605621540868976638e+01 -9.887470948556075001e+00
1.422043823906009266e+02 2.421126857204181704e+01 -5.029879224710551000e+01 6.863403204195741569e-01 6.623502493536978619e+00 1.538994766959478611e+01 -4.700754561176339053e+01 -2.849031390759035887e+01 -2.497657053941459537e+01 1.355079754465557684e+01 -2.046542367578358679e+01 -1.465270500828317601e+01
1.321071128557147745e+02 3.096216906328258744e+01 -2.895643124227233045e+01 2.275596152183533505e+01 2.027001570690124055e+01 2.258734969927888514e+01 -4.513620183841845801e+01 -3.251992222602313376e+01 -3.049277739081252037e+01 1.989860065018114099e+01 -2.276407305958816352e-01 3.412647897629197402e+00
1.309431967371977521e+02 1.611935559891398384e+01 -3.214224445278816944e+01 2.277372303257708452e+01 7.973502665458660488e+00 7.718820507874682768e+00 -4.248119627693394307e+01 -1.963024439234842333e+01 -2.018966566977521992e+01 1.406603441422832823e+01 -6.078175177922742201e+00 -2.490360681924421726e-01
1.136638638366106875e+02 5.210137851439202272e+00 -3.538219024649892219e+01 9.381149205050800077e+00 -5.383982642817565001e+00 -7.602021455518780613e+00 -5.229777982480901954e+01 -3.386861688831072570e+01 -2.760624195870718722e+01 7.454235186052046380e+00 -8.579221210423344957e+00 -6.104131241128669672e+00
1.872962465160058514e+02 2.118544469569936695e+01 -5.344942602285772892e+01 3.406201421475645930e+01 4.802351913728402089e-01 1.803245760040255163e+01 -4.515703150480032946e+01 -8.154853478524341170e+00 -1.621677353859154280e+01 2.718629957544746389e+01 -3.274213290920712449e+00 5.601335233766389976e+00
7.012285006794324715e+01 -5.514793734622458921e+00 -1.449321757272189259e+01 2.816800103123543408e+01 1.581249816768998429e+01 3.949238846995783980e+00 -3.049401571047235038e+01 -1.219566830575921301e+01 -2.474519416672222860e+00 2.084556932795933193e+01 3.168879150051821192e+00 -4.769762260370020712e-01
1.130092006319542293e+02 2.447754013905955262e+00 -5.670867705207882636e+01 1.955380728875083918e+01 1.672496091293769638e+01 1.841525151145937045e+01 -5.430515402724950036e+01 -2.641115569175877908e+01 -2.328920443421442599e+01 1.927096822037213641e+01 -1.207984122479437872e+01 6.846844792062612983e-01
1.128497829953793428e+02 -2.988621558917656795e-01 -4.950434004065634497e+01 1.668089786053734613e+01 -7.428524729783468672e+00 -6.593781140612255953e+00 -5.984133093584414098e+01 -2.826145806032644714e+01 -3.022514572930448651e+01 7.358860701986966291e+00 -2.230127355380813725e+01 -1.258224521534284790e+01
1.318909619175165346e+02 1.848499563281061597e+01 -5.177367121498190272e+01 1.313911189438147176e+01 1.469982010489520086e+01 2.284533318658318635e+01 -4.022272443590102142e+01 -1.122349217265531252e+01 -1.082218269652581455e+01 2.519329120736429672e+01 -1.680139094824632195e+01 -1.276377555809373732e+01
1.255443285688613884e+02 5.434984353247095612e+00 -5.417563984436490188e+01 8.049489449163472088e+00 -3.717378232463636856e+00 1.948781880912875852e+00 -5.569970949002181726e+01 -2.950537912548767849e+01 -2.597775856310801501e+01 1.698947107305166782e+01 -1.158617617304285652e+01 -1.073118699994806136e+01
1.139328522679953437e+02 7.514010033533232047e+00 -3.658117918217696740e+01 1.518561430090528397e+01 1.079190086322076425e+01 1.546955655017288223e+01 -2.517727128508970225e+01 -1.080973513623356919e+00 1.684041836569117656e+00 2.946621107347178281e+01 5.166599959631977823e-01 -3.059538143039081781e+00
1.188393547635863570e+02 7.156928174344883153e+00 -4.960091645903445823e+01 2.662954921082521054e+01 2.059817573558099468e+01 2.371394982612509139e+01 -4.004258589647194100e+01 -8.547987797410947053e+00 -8.984087152489943051e+00 3.100244678596521197e+01 -6.560491746890371623e+00 -8.650598098280841697e+00
1.657022097352021319e+02 7.372956177907944664e+00 -8.420163733498129943e+01 2.950029704088163385e+01 9.954014226922971886e+00 2.780470601811137854e+01 -4.458445204769795112e+01 -4.398519843835581256e+00 -2.376594869943689048e+01 4.232195298714895415e+01 -5.412915351861737001e+00 2.270234811995431201e+00
9.105180062957278153e+01 2.981172010145239248e+00 -2.931872621077845054e+01 2.453880823137991740e+01 1.570472745423873207e+01 1.702054415523259578e+01 -3.106846262929012426e+01 -1.228793867890608027e+01 -1.476553863484199169e+01 1.079695139196895681e+01 -1.639196769253850761e+01 -1.270584090141532485e+01
6.101051971146720376e+01 -1.644556638915769398e+01 -2.580095733056257856e+01 3.216192886557309549e+01 2.234955407536394745e+01 1.252939101557299040e+01 -2.923865327548279680e+01 -8.099487498361423121e+00 -6.129495905138494294e+00 9.737655967830399106e+00 -1.488157884089938676e+01 -1.484722333633298952e+01
1.172641217610792665e+02 -5.764067141759007029e+00 -6.999130624114064858e+01 2.398046947849256227e+01 2.158789946914375690e+01 4.501106503326655428e+01 -2.419589424352397344e+01 -2.780489505304760467e+00 -2.664690243053932051e+01 8.258678624543017932e+00 -3.354704254331316093e+01 -2.211747038596423209e+01
4.661337593667224866e+01 -3.177607748155441669e+01 -3.993817167498534104e+01 2.713991066075075054e+01 2.741074445157752848e+01 2.768970400312397473e+01 -1.501068975567504005e+01 -2.107949292951943221e+00 -1.105804731468225022e+01 -1.151556206298055329e+00 -3.030722745266372087e+01 -2.463418552166739062e+01
1.359173316954329493e+02 -1.243700628524310403e+01 -8.409706156806579713e+01 2.129129733145013859e+01 2.198825052162533567e+01 4.754513361565795293e+01 -1.746829416812078506e+01 1.027365702555539428e+01 -1.884380312871887853e+01 8.527658967267495171e+00 -3.654520768019243349e+01 -2.074505132816143060e+01
1.044946621112931666e+02 -1.220944057092416202e+01 -6.511151517964236746e+01 1.584327295317982909e+01 2.234731399539132823e+01 4.306907185265147575e+01 -1.693127752346079973e+01 -3.006020560001183117e+00 -2.178769270085193455e+01 6.970317783187891969e+00 -2.404979503216519987e+01 -1.485659570044501265e+01
1.233445778515703921e+02 -9.925332930554436217e+00 -6.740171462637627542e+01 9.364494279307804092e+00 1.578537249634245576e+00 3.243189813719642700e+01 -1.928119157142244688e+01 -8.272888313035458907e+00 -2.601641259110741089e+01 1.728330509682741933e+01 -6.389376737432752584e+00 -1.474443750994129054e+00
7.262277961872709398e+01 -1.160198207590507558e+01 -2.937656897646720822e+01 2.850231802136179660e+00 8.819407678745076140e+00 1.758391427959946895e+01 -3.002163321657955297e+00 -5.317655472688100904e-01 -9.168369044284208513e+00 -5.620583429746570658e-01 -1.146035841004568212e+01 -8.207205841749622977e+00
1.088419350855326400e+02 -6.326752739757912636e+00 -6.127768799649498277e+01 4.242939342060360275e+00 7.959489438627505464e+00 2.446098986768625494e+01 -2.778289359087501609e+01 -1.629130608069533537e+01 -3.622962368010766454e+01 -8.861926628896437563e+00 -3.246616864425581639e+01 -2.376712957910199719e+01
9.642701995148826200e+01 -1.479138242132376746e+01 -5.568585892572274076e+01 1.161280051285674730e+01 1.781672708284300199e+01 3.182761071409209919e+01 -1.703812712666890405e+01 -7.266751148885251865e+00 -1.599694090578806538e+01 2.007450358412680913e+01 3.918818892600562265e+00 9.583976193230091312e+00
1.782669001086866842e+02 -1.312576108352842041e+01 -8.685863457586913228e+01 1.930262974701847156e+01 -1.912187144127570804e+01 5.015741947544618995e+01 -2.331837001008095100e+01 -6.166747156939580421e+00 -3.875633343991495394e+01 -6.901626211314367154e+00 -1.735177892652661313e+01 -4.811894903460114392e+00
1.189090788988122824e+02 -1.978678752482863246e+01 -7.400063520670747153e+01 1.698959879518790572e+01 1.930877228162669823e+01 4.325679691556211992e+01 -6.880917826820077465e+00 8.480483721783318884e+00 -2.403269870483702420e+01 2.442231008752676402e+00 -2.011154660887257606e+01 -4.697736514442210520e+00
7.258032118997783755e+01 -1.429979376089605836e+01 -3.167609949703235017e+01 2.607145557046903050e+01 3.542254424135420976e+01 4.468198984469455581e+01 -8.709170606197186304e-01 -4.699558573909323300e+00 -1.657051079319390041e+01 3.166017611842051771e+00 -7.421577780193986840e+00 5.908634517906351746e+00
5.015139292045860486e+01 -2.454711302714238741e+01 -3.679711530583739432e+01 1.576888437703854118e+00 2.124830042655821671e+01 3.615460423565949100e+01 8.425300357185607325e+00 -4.568290184447136859e+00 -2.088573664979686129e+01 -6.569069760608091890e+00 -7.740054385299856676e+00 1.961185520421475204e+00
1.096673547881974713e+02 -4.593140035477340177e+00 -5.513821907276501122e+01 1.903607721024019206e+00 7.233551926863116321e+00 3.319847973749736525e+01 -1.013198837416990372e+01 -8.479653116678338876e+00 -2.812121043712285484e+01 -9.357959664796485777e-01 -2.279580212910463999e+01 -1.164930802620678030e+01
1.045794128274082340e+02 -3.860389547854424563e+00 -4.052620433521740750e+01 2.778565524257323816e+01 3.257093193316661939e+01 3.521328675601423441e+01 -1.502630097164248468e+01 -8.089346534316224080e+00 -2.012658685907529232e+01 1.358301915063216470e+01 -1.489878569645468609e+00 1.271641999436976889e+01
9.913713353961574626e+01 -6.887981242633047785e-01 -4.299304638963759118e+01 2.469039219114132777e+01 3.811592303775432811e+01 6.339114653534912236e+01 4.628546574494635024e+00 -3.219857721318268862e+00 -2.671005335809095982e+01 3.087135045571277825e+00 -1.787598109332211038e+01 -8.177200000858348972e+00
1.159941167421394823e+02 -2.364764174256060336e+00 -5.339700491285555017e+01 9.502578846378941790e+00 2.471115579567788956e+01 4.735539462412752698e+01 -2.988981374423183013e+00 -2.969748225981934997e+00 -2.502667768446457330e+01 -2.411656761481434597e+00 -2.224490662004811270e+01 -1.035216374770328507e+01
1.275537375387464465e+02 -1.612487752787751205e+01 -7.274529677700567731e+01 3.239726609889997633e+01 2.824423248407681086e+01 6.651778685008953573e+01 1.723614118335190781e+01 2.302029766216855933e+01 -2.157599245170423430e+01 1.329590731136470261e+01 -2.076437075436627921e+01 -1.793564005164927977e+01
1.407973776359658586e+02 -3.049130013990703603e+00 -5.887076712707180803e+01 2.143685262098485822e+01 1.197075269733780800e+01 3.207732375591373142e+01 -7.223854548972962419e+00 4.348931263117540524e+00 -2.698932508067833425e+01 9.748708915397200414e+00 -1.072993488136398099e+01 -2.739824329476107323e+00
1.273486800401195609e+02 -2.327850241089324701e+00 -5.603396850324766376e+01 3.825065793078696430e+01 3.099884162183206371e+01 5.087213094986483952e+01 -2.138643693926115752e+00 1.079249684752858762e+01 -2.116411745290496427e+01 1.329281214335417616e+01 -2.298446154423188403e+01 -7.229807816043539503e+00
1.492803437724759021e+02 1.155079742444917912e+01 -5.920829579015403965e+01 1.301662646398372480e+01 1.472605666960751947e+01 3.875555098642038132e+01 -1.500420578390101589e+01 -2.993234723262634844e+00 -2.334637794599296257e+01 1.272420822436652621e+01 -2.359943331124541999e+01 -2.087168197583380191e+01
1.370350384574925897e+02 5.699293123504696190e-01 -6.250842811938933608e+01 1.404545652128536659e+01 7.119778307412000906e+00 3.263410021320891019e+01 -1.612971099747212378e+01 -1.740957827192681107e+00 -2.256688594705526540e+01 1.522694718184352780e+01 -1.282193313751490216e+01 -7.309036646132984316e+00
1.294442941620567922e+02 -7.302293560660388927e+00 -5.521623952753935072e+01 3.435548885656655216e+01 9.189262701470912731e+00 2.410555499090680343e+01 -2.078868298086618438e+01 5.048029881596539425e+00 -1.604889140275188453e+01 1.581856758513089289e+01 -1.965517455658366686e+01 -1.902050992739540547e+01
9.675462593307580050e+01 -1.129125752996827714e+01 -5.448963849374564461e+01 1.508797923446098110e+01 1.953830523803225461e+01 3.628934575977974930e+01 -9.619440874290681620e+00 5.212674767391268560e+00 -1.074206291979931649e+01 1.371324570222359185e+01 -1.905642569264303177e+01 -2.239412979869921116e+01
9.620398420675036277e+01 6.731549558435356850e-01 -2.453990004032286265e+01 2.321595044701211918e+01 1.852105445417778995e+01 2.530841549596544127e+01 -2.952542196720322920e+00 8.591313515871409123e+00 -3.285246888631847106e+00 7.266414106631268410e+00 -1.916474455513649033e+01 -1.644250754396651715e+01
1.292766685694024318e+02 -1.035220298111902792e+01 -5.652069852894574353e+01 3.696706892097603969e+01 1.927095416042769216e+01 3.727400291472340399e+01 2.829986100511437730e+00 2.793676578004663469e+01 1.363998626136913472e+00 2.946176300148437122e+01 -1.497058879948814081e+01 -1.135000085236454126e+01
1.255167526900407324e+02 -1.560040582433670409e+01 -7.732606728916644556e+01 3.408226902686222104e+01 1.401371367721482208e+01 4.409950041968714629e+01 -1.613778954767240847e+01 1.301488172747898808e+01 -1.237464773498341764e+01 3.068036247696201002e+01 -1.501472314785566198e+01 -1.291837120633959302e+01
1.439106569331644323e+02 3.301203342515865558e+01 -1.740961812351290661e+01 1.184531644703836228e+01 9.469404832414081596e+00 2.174914572189967998e+01 -1.521576583645384773e+01 -1.291784151570621830e+01 -1.648765202458928769e+01 1.428339564106796544e+01 -1.463776624813437621e-01 -2.413696271355441070e+00
1.168160378404360813e+02 1.629824668690898193e+01 -1.561077888706828531e+01 3.752816613269130386e+01 2.978423209841130159e+01 1.618137222744807602e+01 -1.366738449348418172e+01 1.309860612677785063e+01 3.130208538737129231e+00 1.368964868020146319e+01 -1.750058868835494508e+01 -1.473944728883583188e+01
9.048489351619649312e+01 7.612648704510655229e+00 -1.205877523930581319e+01 3.131955293310924304e+01 2.139251624543636154e+01 1.669551291246651559e+01 -2.079024593576711766e+01 -3.724319770258403217e+00 -1.070668314656628262e+00 1.732677350698209295e+01 -8.002170249677632796e+00 -1.784925627287458028e+01
1.121826236661092366e+02 1.704124809092096271e+01 -2.252072780060515100e+01 4.964307060595023025e+00 1.043201405889534694e+00 2.775143145340240203e+00 -2.629575832541318192e+01 -1.615946077392402813e+01 -1.706541919324559231e+01 7.393048052887590593e+00 -1.374285602301267772e+01 -1.818134569871478590e+01
1.135260175007482388e+02 7.979816470282847796e-01 -2.119710361424077405e+01 4.476157474682645443e+01 1.702108187147077345e+01 1.852659885033567733e+01 -1.653144251369982953e+01 1.775004789039230868e+00 -1.503604198371088785e+01 5.525601876973722071e+00 -1.129400157263910209e+01 -1.830074400575897187e+01
1.004994608833756615e+02 -2.359240311885952934e+01 -7.003214025501898732e+01 4.253459022757096619e+01 1.107159699872236480e+01 2.508071596611549126e+01 -2.684560332240010894e+01 1.125926288646302709e+01 -1.081230724319881098e+01 4.106111261055909978e+01 -2.827317758915639967e+00 1.870127484703504095e+00
1.144357758776199745e+02 3.197253063746201462e+01 3.815497546075989010e+00 2.366006919192810898e+01 1.195283790493904874e+01 1.358774951108105977e+00 -3.035271361587638594e+01 -1.677452307106069185e+01 -7.942155466889998294e+00 1.161867119207199295e+01 -6.456948959963137114e+00 -7.370636693204360768e+00
1.002987920839068039e+02 2.106858692786676102e+01 -4.162408599383152108e+00 2.521188333409865479e+01 1.783277557784664324e+01 1.991585315473648166e+01 -9.247415502524583886e+00 -5.042576162366836368e-01 -8.158513180238962548e+00 5.745618797958704782e+00 -1.261957431378588979e+01 -1.817356494742235640e+01
8.420936617061082075e+01 4.049410683142347978e+00 -3.286469978599656283e+00 3.499558914111316454e+01 1.975377807763914007e+01 1.408003224706801149e+01 -1.051858236636745225e+01 -5.812502237974749519e+00 -1.282694497695478830e+01 1.103365852906389932e+01 7.551757021878764853e+00 5.586618835146561324e+00
1.049263597663953647e+02 -1.002951605047501360e+01 -3.905167658164624100e+01 4.471303239766646698e+01 3.954080898789802845e+00 1.744588862400258833e+01 -2.259405578143936211e+01 -4.171734566467297789e+00 -2.222797214831162194e+01 2.709254758165010202e+01 1.201313334212584572e+00 -5.273176427642877862e+00
9.409115676032581632e+01 3.915140748610999921e+00 -1.846496625578756579e+01 2.176444612223748010e+01 6.870330589459510584e+00 9.102667827246600396e+00 -1.004090391672578875e+01 -9.080005483686598211e+00 -2.108086336487780699e+01 1.252739504958331906e+01 -6.955388753156801496e-01 -5.860240347133434113e+00
9.794663644424392146e+01 3.076311077407979155e+01 2.048342794368600295e+01 2.895936040721832683e+01 1.295437095128922245e+01 -2.547351236311573341e+00 -1.958305877281753737e+01 -8.281395238307117879e+00 -5.278104874729548257e+00 -2.455524004773535385e+00 -1.135403341743340455e+01 -1.055408590633693677e+01
1.358613913180454347e+02 2.985118877619862587e+01 1.421349633063970330e+00 7.305877751023473365e+01 2.804551720738789200e+01 4.228651205649548217e+00 -2.875685758050331486e+01 -9.221288761350400875e+00 -3.352445224427085435e+01 1.265955221332322189e+01 -5.505622495297998853e+00 -1.761417744719238598e+01
9.605609906788400565e+01 -3.298640861658515000e-01 -1.992674590852439920e+01 3.028295962863426283e+01 6.500073692182547269e+00 -5.824866468002822373e+00 -1.155977781037692864e+01 2.726903280823539166e+00 -2.613960450308278283e+01 -2.186891106340706159e+00 -1.006218639665448755e+01 -2.476857451992864778e+00
7.710817709774094908e+01 -1.858581639610266834e+01 -3.108510792523036059e+01 4.223376991573988448e+01 1.134889678186171125e+01 1.055177477708127043e+01 -2.922526896306766631e+01 -1.165419869169638289e+01 -2.737930574549979568e+01 -1.543697911002126055e+00 -2.394912278507471726e+01 -2.134925651206756214e+01
9.655347270259318293e+01 -1.039578436279261808e+01 -2.355696334935327485e+01 5.531104843756688183e+01 1.730168057798655212e+01 -5.857273734541559307e-01 -7.313603217991984096e-01 6.599871779579874698e+00 -3.178498331112266229e+01 1.306350574587235513e+01 -1.373299661665838656e+01 3.732327877239831615e-01
8.063543271327215223e+01 -2.674442146736901726e+00 -3.455289049572941806e+00 6.769680099186858513e+01 2.920595654366560723e+01 1.275168728374523397e+01 -1.225747595374040988e-01 8.015694335582272956e+00 -2.736434584766907463e+01 5.909985324080770042e+00 6.192429257649312291e-02 -7.981451695069750940e+00
1.018551487685098493e+02 5.882814248713720495e+00 3.169022513405801433e+00 6.480859222102337469e+01 8.537378031247595089e+00 1.766113951248316827e+00 -1.920677817413058008e+01 3.635647517192761136e+00 -2.243277083684536422e+01 -8.132945555256181791e+00 -1.055270255079580544e+01 -2.232977865300149034e+01
1.348892623627076262e+02 3.151803121850473843e+01 -5.317264728313348954e-01 4.257251593852366511e+01 2.281468886590476686e+01 1.456803801304297785e+01 -1.786423856213429318e+01 -6.701968464968285133e+00 -1.611457249597455998e+01 1.055624707037699395e+01 -9.151613500102726562e+00 -5.441992030092794863e+00
9.315631816048352221e+01 3.089325743344487840e+00 -5.862544645907070695e-01 5.841121367641231643e+01 2.645213749081736765e+01 1.818161181876648413e+01 -9.594805672097792559e-01 -2.090644655132523511e+00 -3.012930186248108555e+01 -4.102068688130347418e+00 -1.529144174143009494e+01 -1.429000543934188983e+01
7.856587791491458006e+01 -1.823438306064165459e+00 -6.741270986106053797e+00 4.008023841722278036e+01 1.952361854424248833e+01 1.117775240891211652e+01 -7.723571104998983472e+00 -2.011361902715876671e+00 -1.659683153913337250e+01 5.742866717501163620e+00 -7.596754709777769676e+00 -1.986985324677554843e+01
6.679157163806539188e+01 -1.528550510788879357e+01 -5.285749275911740597e+00 5.902578267611906426e+01 2.083141128988858526e+01 2.689890189721627323e+01 1.215486099389710262e+01 1.243989672939829738e+01 -1.714668427569731435e+01 2.840111530735190737e+00 -9.740791271488351555e+00 -2.307600604220507989e+01
9.397742305369961002e+01 8.065388179558016901e+00 8.677527400444940753e+00 6.042270145798212155e+01 1.646930419590734473e+01 2.861006882685481756e+00 -3.116535211745240730e+00 1.347888901081243596e+01 -6.576067333542713556e+00 1.032023751601433403e+01 -5.588253482849371068e+00 -5.359463040489766961e+00
8.756935263434392880e+01 7.876625592758428773e+00 1.448457284110888921e+00 3.104132906660601776e+01 1.371965213159318786e+01 5.333925137133130434e+00 -4.812762150901128244e+00 5.927995632323328934e+00 -6.862005165780131755e+00 -2.094767958555486587e+00 -1.096635363678912967e+01 -7.614679906300183987e+00
9.482454953014200782e+01 2.651520117621357997e+01 1.626282714358248427e+01 1.749480938790399875e+01 4.744619228105142916e+00 7.665581832018394159e+00 5.894445512542753285e+00 3.812635620615437482e+00 -4.906208557628538358e+00 7.468719370825889214e-01 9.874147715269931957e-01 -3.391350375472816925e+00
1.185161905698314229e+02 3.530460334311162995e+01 1.635560673958845612e+01 2.983405801990492634e+01 1.310572561666687008e+01 5.634541801337746847e+00 -3.421980138022818974e+00 1.798543852443543756e+00 -1.220794662743978343e+01 -6.968756833082811575e+00 -1.336039850842483467e+01 -1.017047266782073400e+01
8.166825413161450342e+01 9.543385728771838217e+00 4.640577572459175570e+00 1.997663566694689052e+01 -1.529132098720026534e+00 -6.312186353328232968e+00 -1.499999072546950707e+01 -8.321389271030373180e+00 -1.525527983329744686e+01 -1.039985301192044531e+01 -1.386209112171320790e+01 -1.478939287444546657e+01
1.095028752282413507e+02 1.738887579860886134e+01 6.872234256887679749e+00 5.392371826538325763e+01 2.641061953904188897e+01 2.264065953741303616e+01 2.771131585376170037e+01 3.121511257756024094e+01 -8.787419814990649058e+00 9.008107227665121286e+00 -1.211188291730214361e+00 -3.243898346022629831e+00
9.899475416153504170e+01 3.038877722181806007e+01 1.623643714908075708e+01 1.394390678442806752e+01 3.293432809005107487e+00 -1.454506211377564195e+00 -5.202090565162540869e+00 -3.966440539003063925e+00 -9.717478075138860305e+00 -6.219793863952292945e+00 -7.232150593066069000e+00 -6.389856566428314011e+00
1.053140969320403997e+02 2.233715348555966429e+01 1.805019631231083466e+01 5.730649647897594434e+01 1.750816135811440333e+01 1.060968765257638147e+01 2.243523451015496306e+01 3.057129803871054108e+01 -1.095230801091170569e+01 -1.466954869595819666e+00 -9.806351013963363172e+00 -3.589077410860109119e+00
1.070831205764794163e+02 2.682533354118846347e+01 2.527018929182493778e+01 6.205939504027995213e+01 1.684744311204178757e+01 1.506482205578886635e+01 9.599504529909435036e+00 7.465572492388009351e+00 -2.641953773528100413e+01 -1.673243519608873742e+00 5.872581921319795839e+00 -9.459823540683270693e+00
8.688612117801406498e+01 1.268868031382584682e+01 8.414018152604912260e+00 3.146064014929122266e+01 1.307891280139469359e+01 4.606959121551701841e+00 4.852892394123331954e+00 1.222499143288601964e+01 -8.247339647309257060e+00 -4.447386173269036291e+00 -7.207722327885495162e+00 -3.134614473311390093e+00
1.000241459062395109e+02 2.769085647693894359e+01 1.846065229190852364e+01 3.006491589603760417e+01 1.222463784823929700e+01 8.299397979461517139e+00 4.042756297637371432e+00 5.881183935705982080e+00 -2.385658336549187908e+00 7.841090482328060496e+00 -8.331788804426387696e-01 -5.962968824219066377e+00
1.005822075639285060e+02 2.493268030309404537e+01 2.096111099354172680e+01 4.428329264824624545e+01 1.935873207342741864e+01 1.778398471813912352e+01 3.161586233902849763e+00 5.542193644928715024e+00 -2.903409799989621565e+00 6.883605313325299235e+00 -1.650426538487968386e+00 -6.193277916621284795e+00
7.740738847536056255e+01 4.336645049892043247e+00 -6.988745073556956733e+00 6.100944682684513509e+00 -4.250811144603876102e+00 -9.818589733656803986e+00 -1.658113026336813078e+01 -1.053834108135755265e+01 -1.539889015040646392e+01 -1.063430769036491341e+01 -2.087156108253973485e+01 -1.887593678483651871e+01
1.050771880166642376e+02 1.965953799785665623e+01 1.159117119680537478e+01 5.779168000580229858e+01 2.758385010703152318e+01 8.580335296580248183e+00 2.792591931503483060e+00 2.324669795215544355e+01 2.671771146257125307e-01 1.527856362671644597e+01 3.237967151632420659e+00 -1.998189470558431324e+00
9.219491521125775080e+01 1.697639206021528580e+01 7.170700653842551731e+00 2.789605965141840116e+01 1.540052551138945347e+01 5.472697607314861656e+00 5.800748396348796909e+00 8.379945631745806978e+00 -1.182054630834611864e+01 1.898039734742832163e+00 7.949628703893739656e-01 1.277324280423454139e+00
8.702569686935470372e+01 6.235966286118507895e+00 2.918311540154224559e+00 3.833212593088939002e+01 7.771580142990651474e+00 3.989861020098408151e+00 6.169459066167204853e+00 1.467113968031529581e+01 -1.460495839158341447e+01 -1.131249070419359182e+00 4.278297611465721850e+00 4.058950185021359403e-01
8.323835286194105265e+01 2.768256327738598532e-01 4.270832884951323294e+00 6.266198368187122014e+01 2.364755416075423966e+01 4.411817068310745604e+00 -1.921877844627635223e-01 1.357096436763201552e+01 -1.148864927439781347e+01 1.667486534691905220e+01 8.844999138264553196e-01 -1.752253574575407313e+00
6.892835245276978640e+01 -2.425997041446549929e+00 1.406005022370724333e+01 5.757119484320889313e+01 1.706056874462090178e+01 1.591280838900025252e+01 5.125082423195223003e-01 5.814631086959904938e-01 -1.297995900245960144e+01 5.015568866433389061e+00 -2.255041996867587439e+00 -6.529340330197247688e+00
9.081729387109277241e+01 6.013506981935709206e+00 2.867655553814707048e+00 4.817759522923879700e+01 1.655391244898368086e+01 7.819106766806370068e+00 8.151484756092111539e+00 1.252261594624951258e+01 -1.332169039898138152e+01 1.120115173330750302e+01 -4.115598648339050314e+00 -8.925378554337001447e+00
5.312639647540213161e+01 -2.864354338205925643e+01 -1.535053130809941457e+01 5.557698296825402906e+01 1.513548730681092636e+01 6.785882695992690117e+00 9.473258384307547075e+00 1.548722149589021058e+01 -2.090490429159669361e+01 5.615953851161441079e+00 -1.247746471151069869e+01 -6.911590435365612350e+00
3.383095994471310064e+01 -3.385712299605194886e+01 -8.249198421659137637e+00 7.137653391203265585e+01 3.008064819129605283e+01 1.089911081571166207e+01 -8.129350812467547982e+00 5.997359527473134833e+00 -1.470058703798837030e+01 1.321689136526039832e+01 -3.078884681821426383e+00 -8.998666630547965894e+00
4.671204628485962473e+01 -2.990106634082532366e+01 -2.062317518483654055e+01 4.788038311913231837e+01 1.435840474462714766e+01 6.147073247618497049e+00 1.116099773715586707e+01 2.518033326100120917e+01 -9.402461093522619606e+00 1.352012970751180809e+01 -7.445125195081551794e+00 -2.051055897728336674e+01
5.475821199937189476e+01 -1.909292693787153894e+01 -7.103941567925626366e+00 4.909188219662046038e+01 1.633248572116261954e+01 5.978564547151229647e+00 5.473027598705398233e+00 1.405456314079483882e+01 -2.043712812740382745e+01 -7.979035871389866585e+00 -1.169705311985089935e+01 5.470810104139999908e+00
5.435234354215573660e+01 -1.863622041835471776e+01 -7.212302602598674284e+00 4.082526976032103505e+01 5.673119272630055221e+00 3.149815360049196045e+00 -3.256998135762230628e+00 1.089158343574625931e+00 -1.785220621470641333e+01 2.312779667573421793e+00 -3.969658918962885252e+00 -8.127935714574061166e+00
5.375274671856094244e+01 -2.064876318874611627e+01 -1.442470095866769597e+01 4.324833196882115516e+01 9.609267277833087206e+00 -3.073624015965864320e+00 -2.008539622898579680e+00 1.141576102790561009e+01 -1.770364763602110969e+01 6.694243167269865680e+00 2.038449911718741347e+00 -7.916740668934107994e-01
4.699517383969291018e+01 -2.216372167837844387e+01 -6.216512429579323928e+00 4.396447757585521998e+01 -4.550236940854988088e-01 -3.060228440910143455e+00 2.301268845383393824e+00 5.945717124695924838e+00 -1.725176919852510338e+01 6.197611359107084716e+00 1.688998198279708929e-01 -1.707426849199442653e+00
4.051611212143390617e+01 -2.939425142509836064e+01 -1.445041628341600948e+01 4.365494090116654036e+01 1.878948123916050150e+01 1.726619923737824180e+01 1.689564486430632329e+01 1.736345566191559797e+01 -2.235259188229065330e+01 -8.863032625327377900e+00 -4.061960974173954853e+00 -3.515352073670463096e+00
4.633004146204365270e+01 -2.206614902334390749e+01 -1.019079878965360919e+01 4.492555463958102990e+01 1.878399128560850073e+01 2.626741536549470624e+00 8.216895848283153114e+00 2.085994860974092546e+01 -5.781571176022882952e+00 1.102344785058916798e+01 -1.980262809666032187e+00 4.609902280844279332e+00
4.424889035887544253e+01 -3.379231671260824754e+01 -2.930290369060964650e+01 2.407990319401432799e+01 -1.558624061184879395e+00 2.411385218432291033e+00 -5.935495049392823574e+00 -1.023634693879428603e+01 -3.796378993846612104e+01 -1.702979574179683198e+01 -2.522980761007647743e+01 -2.484908757374382660e+01
4.836492558668005159e+01 -3.086732274317910907e+01 -2.356720794774244609e+01 3.950947697180090046e+01 1.849960384225583709e+01 8.853067509793270062e+00 -2.755211042530063104e+00 -4.058169012887602456e+00 -2.967566034840443123e+01 2.022005047711776804e+00 -7.194538865406413741e+00 7.231004421177100738e+00
1.765806754689656799e+01 -4.952765401865816841e+01 -3.489749639235060386e+01 2.718865275385881120e+01 5.297218147830315083e+00 -2.132603506053670106e+00 7.030620898772559357e-01 1.242704883941777538e+01 -1.298021781942421882e+01 8.368470551617008368e+00 -1.412355886353862333e+00 3.567160466936613705e+00
2.795784427055499677e+01 -3.835080382092486673e+01 -2.690569965730065860e+01 2.194812144150523636e+01 -1.036123271214999697e+00 -4.157133776718793250e+00 6.355092802168325505e+00 6.858656635773074939e+00 -1.924766408458417999e+01 6.837496997899954465e+00 -1.233115031387312932e+00 -7.386105696686990463e+00
3.521789234453021322e+01 -3.524848457832163717e+01 -2.700792960434931445e+01 4.546629008616312717e+01 2.203131831379583616e+01 2.888995610958789761e+00 -1.738008955731715321e+00 8.067542088741280537e+00 -2.168416361784413482e+01 8.289121377572424620e+00 -7.283257986304435327e+00 -1.342851515566485077e+01
5.070056568157955468e+01 -2.302539400020706140e+01 -1.295390285991605062e+01 3.954395008795049904e+01 7.824503753502918713e+00 2.054280731717862185e+00 2.810868190237158615e+00 1.377275214023564942e+01 -7.837199709140628912e+00 1.141709338684431607e+01 -1.854676335094373130e+00 -1.092819495721163880e+00
5.820774929294022826e+01 -2.478818646854035990e+01 -2.050539723134316361e+01 5.402001286611856301e+01 2.453140002858437185e+01 1.182071665942455496e+01 7.606879438976890562e+00 1.630559584490282177e+01 -2.424255333839609250e+01 3.332492721208128117e+00 2.307141113367580765e+00 4.539743396242161388e+00
2.976948616940643078e+01 -3.188124830903518969e+01 -1.482200622343521523e+01 4.509492551699662499e+01 1.900043279667572804e+01 9.416350236853400446e+00 1.460817572046232371e+01 2.562847935635235430e+01 -9.819701510280586021e+00 6.869010102501880155e+00 2.582550150598668104e+00 1.684630463856817073e+01
3.438313440706363622e+01 -2.952500978160642120e+01 -7.712291492361149636e+00 5.080121817420044295e+01 2.775069830212932409e+00 -3.743518708684298701e+00 1.092608042955044922e+01 1.955753996261881156e+01 -1.235492797336102910e+01 1.981892519547647780e+01 1.261045113773315940e+01 8.476733117470672596e+00
1.080322420503113534e+01 -3.852902339153664002e+01 -7.188199702829455973e+00 5.014127350493667734e+01 7.115344795215735374e+00 -3.875991560892968035e+00 7.157761086697999708e+00 1.797479918933021636e+01 -1.434318625820130677e+01 9.507709431121458721e+00 1.034570399889297221e+01 6.313134103190814805e+00
5.885981336091310823e+01 -2.363344527885429613e+01 -1.688533541927472115e+01 4.437345387048159040e+01 4.961254643194966896e+00 8.124476000828932953e+00 8.948817327251823883e+00 1.376023845419552316e+01 -1.923497460186217722e+01 1.504234788695971758e+01 2.393219950205356739e+01 1.598531525392564667e+01
6.340487712936862863e+01 -2.143772909696500406e+01 -1.980907122579689172e+01 3.794925048994053185e+01 7.457617544312089564e+00 2.704390103572861470e+00 7.162091675370962918e-01 1.859122871578679081e+01 -8.343383602441901914e+00 7.629549900017535080e+00 2.552246658872148188e+00 1.762602106237807886e+00
4.573604862977148144e+01 -3.212722097479269223e+01 -2.591380464884568369e+01 3.946568599266039712e+01 8.797830542305456802e+00 7.762761623694538926e+00 1.125952104185162028e+01 2.736955975406230124e+01 -1.128565475948481112e+00 1.783460984633197199e+01 7.811453296501721155e+00 1.107704942347797150e+00
