-7.962882264946202326e+01 8.155571967928796795e+00 -4.362447535494665907e+00 -2.592888760455273811e+01 2.603881506779994126e+01 -6.781355301189837093e+00 2.653958242887052421e+01 -8.877603263659654687e+00 3.618024122468171555e+01 2.640867166424186063e+00 2.707866987658483637e+01 -8.903147948979928117e-02
-6.583050767336202114e+01 2.185877294067270071e+01 -1.211420366893079414e+00 -2.804494336846494207e+01 3.209817686649762436e+01 -8.878282527410213731e+00 2.483072798759997823e+01 -3.484585075872481674e+00 2.295711759907785066e+01 -2.353033639198334726e+01 5.970855680980140967e+00 -1.751136340531154545e+01
-8.123800354028340109e+01 1.528108993657789938e+01 4.759898480261940179e+00 -1.682831871473884178e+01 3.041238816524215238e+01 -8.152833694955260668e+00 2.711028627333985241e+01 -4.139044514555164866e+00 1.953322071820402073e+01 -3.894166170263245075e+00 1.933757158400792875e+01 -1.409977407621388679e+01
-5.621943121243971575e+01 3.234516505713920509e+01 7.895375478794256274e+00 -2.251131999962605335e+01 2.534365062622905640e+01 -1.599878758901720133e+01 2.006108065093348003e+01 4.226044371667008193e+00 2.306533083457990330e+01 -1.318867408177949585e+01 1.111478536903877057e+01 -7.159405919054796286e+00
-7.489810632059862883e+01 1.020806235197168199e+01 -1.086171276652030393e+00 -1.908978710608791829e+01 3.722598946773592843e+01 -6.801197664462012682e+00 3.239471030694966913e+01 -5.249122817247361183e+00 2.105492839462407773e+01 -3.895014537452271774e+00 2.235822356297103752e+01 -1.531367471730185592e+01
-5.419106196067795622e+01 2.020858062296602498e+01 6.208402969773150204e-01 -1.863531868810908776e+01 2.756620550110103096e+01 -2.084337155272165631e+01 2.517065709924362693e+01 -4.796038735853347390e+00 1.781175016747477713e+01 -1.749036553093522173e+01 1.748517098293797289e+01 -6.176697697918642760e+00
-7.394540557221023391e+01 2.201614071731535915e+01 1.042666560706781098e+01 -1.699279957730437829e+01 3.017531703241436247e+01 -1.522683739156895655e+01 3.324359216667855321e+01 3.462859504054545567e+00 1.621672028017983536e+01 -8.636813748476424024e+00 1.240876646125242999e+01 -1.377645395911789095e+01
-5.423207213696308315e+01 2.877195760292834592e+01 1.587649870353499537e+01 -1.182361087648472697e+01 4.443836882643462616e+01 -1.458085383122823586e+01 1.158360423658461613e+01 -1.224623578524282408e+01 6.265864455865564508e+00 -2.226165398661848016e+01 4.135588168638550499e+00 -1.411171452150875183e+01
-4.875748081258427646e+01 3.087291658969030550e+01 8.308498298137887872e+00 -2.284280941383277508e+01 1.953743031692463461e+01 -2.493357686186282862e+01 5.221259553717604973e+00 -2.452895862580074038e+01 6.413469417289280550e+00 -2.446286810669158029e+01 -1.251816849876503213e+00 -2.604343656274312480e+01
2.868530980529255459e+01 7.444895509650982035e+01 2.906270760599709035e+01 -1.273096705210231505e+01 3.834158224167271101e+01 -2.721205514350416621e+01 1.543496738794670087e+01 -2.050953149671688891e+01 1.036900247242060757e+01 -2.657215029009226726e+01 4.895282490870270564e+00 -2.054521573050945094e+01
4.392552873124458301e+01 9.672178439885801993e+01 4.820299989883329062e+01 3.071772751204335350e+00 2.811160428508489417e+01 -1.637322016918016487e+01 9.780719308476134799e+00 -1.809712750430940531e+01 1.115880858953494048e+01 -2.300384200597684625e+01 7.263807786879448614e+00 -2.325367940617522322e+01
4.806915595153147081e+01 7.019298100938306106e+01 2.231846315703576522e+01 -6.474050239509560045e-01 2.063643058933314123e+01 -7.942863040099916283e+00 9.978466006185264803e+00 -1.817103038007240201e+01 4.173902681640290879e+00 -1.830971108246628631e+01 2.643726184587382289e+00 -1.934948749605253226e+01
1.123506263070548528e+01 5.902361195682336614e+01 1.811352741824565982e+01 -7.440058215369077743e+00 2.048237640717073305e+01 -1.663869911363962828e+01 -1.069529037957526185e+00 -2.190328961460539858e+01 -3.374007136087405101e+00 -2.595043248402657809e+01 -2.470699643862205086e+00 -2.731774152227887598e+01
-2.165762802876714943e+01 5.033846872234595082e+01 2.664843195884983729e+01 -1.273453444099371978e+01 3.040376121423440026e+01 -2.323880172577391789e+01 3.304374286105307590e+00 -2.723208271100108391e+01 3.102813136826757301e+00 -2.273777189750700956e+01 1.817315072720043556e+00 -2.828524601817932904e+01
-1.485042106152222985e+01 -5.007933976192633452e+01 3.683449198205200892e-01 -9.751063950899705901e+00 2.104109454538636115e+01 2.688929621514213775e+00 -3.517778692569673016e+00 -2.422801486153515071e+01 -5.194378660282700011e+00 -2.689429447781963844e+01 3.062481049317890669e+00 -1.371919442725274330e+01
-3.691569386406963815e+01 -1.139859276808883948e+01 1.045951660555813056e+01 -9.556008432816188503e+00 2.470751553123473343e+01 3.621960532594586724e+00 8.467808907675372865e+00 -3.918140729858976101e+01 -1.256333502986542072e+01 -5.082527934021941363e+00 1.099943581851327012e+00 -3.336926120881999935e+01
-7.272728332794537209e+01 5.375023388778055633e+00 4.824446161085040785e+01 1.342582544018581459e+01 4.779402332148417543e+01 -2.602971045164633956e+00 5.153862625406744336e+00 -1.962931063361047990e+01 -2.201905215647590097e+01 7.255699693855738985e+00 -1.278480916419203339e+01 -1.913295966962873962e+01
-3.799936372837507292e+01 -3.457045166748373788e+01 4.663765320278464799e+01 -1.954893456021191156e+01 1.909558576343436798e+01 -1.264766928099225751e+01 -1.320051236918463999e+01 -1.495958223076521953e+01 1.024883339659409742e+01 -3.605564837983662585e+01 7.414815285488192131e-01 -2.970272156652896101e+01
-1.060840034267616261e+01 -2.730248996446517751e+01 3.741265289616396927e+01 -7.982799445368713442e+00 1.334208201986428222e+01 -1.838624967906279650e+01 6.292412483902522169e+00 -2.993385733889457967e+01 8.370572730977199782e+00 -1.499896388869645847e+01 2.728946028193816264e+00 -2.354874945772472827e+01
1.023869632366975679e+02 -5.567850729390194431e+01 -7.348544397498034897e+00 2.663697799937365218e+01 7.329584798642735599e+00 -3.401039133362545641e+01 1.079729375810076419e+01 -1.960521069746165068e+01 4.762705802703981028e+00 3.234494737649768581e+00 8.152684611358587574e+00 -2.833687593938856963e+01
1.047161780644182159e+02 -6.436338650592900024e+01 -1.927554826130552357e+01 1.246955248074069367e+01 -9.503273699232490657e-01 -3.257235756094142687e+01 2.193365599629809815e+00 -8.189865188204768387e+00 -8.303006687673324393e+00 9.099431586241024661e+00 6.480221143690075181e+00 -2.492544314525567728e+01
8.404172431133744681e+01 -6.250273071730320851e+01 -3.507577870005752629e+01 7.348681997267120458e+00 -5.950808007874897498e+00 -3.114173250613434618e+01 -2.414261512425499134e+00 -6.600146485071014979e+00 -4.426356646559705510e+00 -1.617662684586024247e+00 -3.965327078023803686e+00 -2.345348611268012107e+01
1.285852638924612563e+02 -7.308055830909600559e+01 -4.219737361791960950e+01 8.455716893617633900e+00 1.365841203720545849e+01 -4.133906229092714568e+01 2.324425553854142379e+01 -8.731546567044539131e+00 -1.567790074542711798e+00 -5.552917671405283251e+00 1.100892768802769517e+01 -3.312137008102780555e+01
1.352720556927606026e+02 -7.330695125338672824e+01 -3.738401666898496245e+01 5.614749274192350370e+00 2.393725880877948597e+01 -3.192607270980288448e+01 3.673823565771080979e+01 -7.074676485023165817e+00 5.684365369675033364e+00 -3.699149672032374880e+00 1.451825068169256561e+01 -3.175149292794483102e+01
1.052012516091816678e+02 -5.051601478816684221e+01 -5.451919984736736779e+01 5.208115176721388018e+00 1.082379614669038226e+01 -1.921253226206759734e+01 -8.697528127425027122e-01 5.072965017232224483e+00 -5.590160037934253978e+00 -6.703371602313876743e+00 3.299943244415703525e+00 -4.918944865563918967e+00
1.258507379742924854e+02 -7.479527620592870107e+01 -5.847001545189147720e+01 1.583925037577754047e+00 7.917433604793723489e+00 -1.858054279068319659e+01 2.466102596646319967e+01 5.706482312811024471e+00 -3.257353063654293113e+00 1.419375950437474554e+00 -3.202785660949958313e+00 -1.193482445008717008e+01
9.819916394511217561e+01 -7.324742995189188832e+01 -6.463266977329473661e+01 -6.608191628932564399e+00 -2.059627567350689414e+00 -1.480491594353265228e+01 8.432468934746530920e+00 5.201635387686220469e+00 -1.341738597454586923e+01 -9.834339910641745064e+00 -6.623367317092085926e+00 -1.500572701380136920e+01
1.326886544549020357e+02 -8.697809815856075488e+01 -6.041329651405439449e+01 -9.142557756474763764e+00 1.325740248792985199e+01 -3.307049274614227130e+01 2.987571342137696817e+01 -1.143589507737026523e+01 -7.392160096631181787e+00 -1.160284570764961920e+01 -4.811206222476342442e-01 -2.589645617511896347e+01
1.125067493599518684e+02 -7.813625190921347041e+01 -7.043584959584038074e+01 -5.346224256288956589e+00 8.643077300033031207e+00 -2.800353156120423392e+01 2.460768007751499908e+01 -2.632433301269468284e+00 -9.088684425863601035e+00 -8.323497425015517592e+00 -6.730629857101165570e+00 -1.447856500145731928e+01
1.334058246670015819e+02 -8.592549067017449715e+01 -5.038692397530354583e+01 9.754974484031118109e-01 2.150667303164675559e+01 -2.474175906748879328e+01 4.561981546805765220e+01 -6.553713988494357601e+00 8.767759906828656469e+00 -1.056621630963947744e+01 4.353671779511546269e+00 -1.786211177382446635e+01
9.760095687324965752e+01 -5.401969239667725020e+01 -3.602716497956291164e+01 6.874686859755440693e+00 -1.241961487144813692e+00 -9.168433462405813472e+00 5.289962982350603582e+00 2.344300851645509276e+00 -9.830407377904302635e+00 -2.852975314202341295e+00 1.930251508173705499e+00 -7.514988622856519029e+00
1.300248524566488868e+02 -8.103219744172184846e+01 -6.180143047201646311e+01 5.211641117503825527e+00 4.960630074714830862e+00 -2.929378850699357884e+01 3.971579620035376479e+01 -9.248595737339604383e-01 -5.541708109790169701e+00 7.351859386181889278e-01 -8.452871029409493309e-01 -1.782074259256234683e+01
1.087721962879563193e+02 -7.754784216579534473e+01 -5.162483355905368398e+01 -1.422322069934882194e+00 -2.094653659793885403e+00 -2.087700050780085803e+01 2.638120222220563349e+01 -5.667511857888727356e-01 -4.919774406854468651e+00 -3.595670129051420361e-01 -8.333679586186145016e+00 -7.835808435820060147e+00
1.063194297318155606e+02 -8.429199810805309312e+01 -6.454260414013604930e+01 -1.511310711988512523e+00 -1.188471664826493468e+00 -3.324292464423057680e+01 1.345001833447567563e+01 2.688926699376230633e+00 -1.540016996798293469e+01 -5.951381334100315001e+00 -6.189542892397193796e+00 -1.850835961637920235e+01
9.440115197551766357e+01 -8.844921264754506751e+01 -6.801417143248386310e+01 -9.021656362712814570e+00 -4.520474483732728199e-02 -4.810759506066729330e+01 8.626161150049696857e+00 -9.046030024403828307e+00 -1.360929529272541672e+01 -1.108423128164699278e+01 -1.256976352753247639e+01 -2.047636533299385064e+01
8.382380497765480243e+01 -7.671906387832990504e+01 -4.938261471192386409e+01 8.147938069269008210e+00 -6.242276448172335179e+00 -2.879491387335128394e+01 4.487745304046574901e+00 4.676371172979854052e-02 -6.473603274172180733e+00 -7.893850173245693380e-01 -1.620535073894297629e+00 -1.756611106707428505e+01
1.224883183537116906e+02 -6.879329225511986579e+01 -3.587142206511926190e+01 1.863578623084216801e+01 2.304952032655836547e+01 -4.245996959685825800e+01 3.134762007170225218e+01 -3.385393300487917756e-01 7.954774470195612679e+00 5.715974536311382970e+00 1.458979803488150750e+01 -2.161111800938394367e+01
1.045982486765789474e+02 -6.590444037199209504e+01 -3.812516797877066921e+01 8.798446430885011438e+00 2.603935514703278109e+00 -3.520867839763241847e+01 8.340305114937139663e+00 -3.435601310737645075e+00 -9.709102936579464327e+00 3.150972336784547245e+00 -2.822430731435062956e+00 -1.412032483347419998e+01
1.024015554966427572e+02 -6.701843051440394561e+01 -5.801596702700240371e+01 2.334758893883600361e+00 1.066717663195512422e+01 -5.914508362296002275e+01 -2.421575240893007575e+00 -1.412087773573911420e+01 -5.109009297296315921e+00 -2.581198403562237953e+00 -6.804243627824281049e+00 -1.670062952891444397e+01
1.152040543100911378e+02 -4.857431567677791406e+01 -5.352446635862165181e+01 7.161475247832912672e+00 1.998109506371648081e+01 -5.137024067000947980e+01 -8.799563589164193900e+00 -1.318739930148083239e+01 2.267079207574972166e+00 -9.262971308391858116e+00 3.353971980875497527e-01 -1.349491845919314770e+01
9.335754377572260410e+01 -8.578714811446616295e+00 -1.751114338434080864e+01 2.014016814978720760e+00 4.005824764413063122e+01 -4.643638802252590381e+01 9.227578812487337245e+00 -1.164165868706935214e+01 1.756488340940641990e+01 -1.632235383987577393e+01 3.332263413736360924e+00 -2.164132828374046369e+01
9.799060180689578203e+01 5.594094042399875732e+00 -2.036958831670803960e+01 3.377548714332587743e-01 2.619444655208566530e+01 -2.441430913157582694e+01 4.335967056273890563e+00 -2.811535680304275076e+01 -7.013689557844127620e+00 -1.477942685537001211e+01 4.940868457392618041e+00 -2.498075454217833524e+01
9.933106556224423400e+01 -4.654850188683545298e+01 -3.907549572670157545e+01 1.140484552738077895e+01 1.006079122076235244e+01 -3.412096555555947219e+01 -2.064999662917540846e+01 -1.328160070272129012e+01 -8.696262788880364525e+00 -1.387641078588232979e+01 -6.127476700824596278e+00 -6.145694351047929160e+00
1.325189592513653736e+02 -5.709186742722914687e+01 -5.985719839761799221e+01 1.213548961671501125e+01 3.290415701119974301e+01 -5.795134157209058401e+01 5.959840964447746803e-01 -6.212852236241952042e+00 -8.475580857660421685e+00 -8.620726855739343719e+00 3.754127571394541896e+00 -2.113973023915090721e+01
1.324025194596865731e+02 -6.309635947519829813e+01 -4.916248339008825496e+01 9.450675065625668836e+00 2.816632084908367517e+01 -5.444423965845069802e+01 1.249925519196229118e+01 -1.186902851563049666e+01 1.626627589267666041e+00 -1.186534581200801597e+01 4.405941501327564680e+00 -2.284097540368826174e+01
1.284900371882400520e+02 -4.785815388374864199e+01 -5.221589599086222933e+01 1.910717097780384677e+01 4.194583008227391474e+01 -4.787550612405696882e+01 3.181195217318594359e+01 -1.758167958027686772e+00 6.211036003668425565e+00 8.559226866319349369e-01 1.052801530222763660e+01 -1.883490510233638204e+01
1.293171123888837144e+02 -5.860644572339506908e+01 -5.021885316282835987e+01 9.504630634250961663e+00 1.834916900972880427e+01 -3.876883240280891130e+01 1.086814777225881201e+01 -5.355668069796733377e+00 -6.671435870005034019e+00 -4.716862357320511734e+00 5.856358936277199501e-01 -1.416430936570249877e+01
1.380545465240220722e+02 -7.507192866899002581e+01 -4.601973518426764542e+01 -3.494037932621886888e+00 2.787893119772152062e+01 -5.480777357643408720e+01 3.162697547889008121e+01 -1.261572654172679897e+01 -2.064569790999337240e+00 -7.793569306168430799e+00 4.761159758726153157e+00 -2.477878937273057147e+01
1.357105420424366287e+02 -8.196373252252594455e+01 -4.302991739605825217e+01 -9.545266527432949566e-01 2.017566587131964084e+01 -4.951616487402084488e+01 3.874354038455702920e+01 -1.392915164664010419e+01 1.432139501382846181e+00 -1.214636070454169570e+01 1.232044604689161815e+01 -2.696869883651389088e+01
8.718339520722533109e+01 -7.594822898590642524e+01 -6.050322627419720334e+01 -7.645422124492938565e+00 -1.091190119163291605e+01 -3.281105112443189853e+01 7.860968043397516425e+00 -7.139633755436287643e+00 -2.167394927567080742e+01 -8.742471170400849090e+00 -9.754484879888989823e+00 -1.758400013040095899e+01
9.942234013740626608e+01 -6.935016489212766544e+01 -5.760972455939329961e+01 -2.531584320422807011e+00 8.820044276758910229e+00 -3.036938509189480229e+01 2.228808137147366608e+01 4.384334867079608067e+00 -1.104204836055325423e+01 -5.546688937592164415e+00 4.827220199319537386e+00 -1.488589513465855774e+01
1.251154794105876249e+02 -6.518837350917067397e+01 -5.310534232335430715e+01 7.603302509095857253e+00 2.484227571650648514e+01 -4.116335053293930457e+01 4.781938786574636424e+01 9.029730952581722647e-01 -4.235597505197500112e+00 -2.143580482844545720e+00 1.395358255707612116e+01 -2.313568216226224550e+01
8.920831950121484510e+01 -6.122592712654247293e+01 -6.753120652505711519e+01 -4.635446336914128551e+00 -6.605585794896917662e+00 -3.516440947004233664e+01 6.789330228344164553e+00 4.485786121035648222e+00 -1.939207793571273797e+01 -8.281571688259903752e+00 -1.236895022670328359e+00 -1.310241884100230081e+01
1.135492215152725777e+02 -6.877695261469332877e+01 -5.289599871743273951e+01 -4.545951536755350020e+00 3.371239743932604505e+00 -4.228456329278081682e+01 3.597611779155833034e+01 -9.252500435696415337e+00 -7.302716089045075520e+00 -1.146270183920412222e+01 1.237744203726086623e+00 -2.398972431606825850e+01
9.190652642369332170e+01 -6.336808344912824964e+01 -4.066107137611940914e+01 -5.437652015587637777e+00 -6.719744471938030372e+00 -2.056294391585177550e+01 1.679681563469783256e+01 2.668863101304032259e+00 -1.181368781930012268e+01 -1.939514104624096014e-01 -7.111365060915162850e+00 -1.158885979302987224e+01
1.194991668354019794e+02 -6.839096038648798981e+01 -3.661598855528920637e+01 -1.486465527309109547e+01 1.796930551662402564e+01 -5.483925166724199585e+01 4.074236124057247821e+01 -8.356102539320303890e+00 -1.204731592371239657e+01 -4.587039170509492614e+00 -8.717523995102050005e-01 -2.638256156954491871e+01
1.163564278673132861e+02 -5.881716274369638597e+01 -3.745862579193003228e+01 -2.275302662084349059e+00 1.434646525780665272e+01 -5.139614201392224402e+01 4.148169073268587681e+01 -7.095313744475257423e+00 -1.621408697536415255e+00 -4.619462681450423602e+00 3.943962375065362735e+00 -3.391013855579276992e+01
9.649059149330511787e+01 -4.938902080121094684e+01 -2.715943304179918272e+01 7.078316144735749660e+00 -6.141280143365363209e+00 -2.311760745007124740e+01 1.711565978622443751e+01 6.938239973052855447e-01 -6.770714582321662789e+00 6.941747916705232058e-01 -5.872212159617771654e+00 -1.532967612374929445e+01
9.211576280453562049e+01 -4.170189720697675995e+01 -3.346526776063117126e+01 9.225418513555281308e-01 -4.447726133947437432e+00 -1.907526191516178926e+01 1.093750985836533651e+01 1.696299475752613528e+00 -1.249960486024626505e+01 -1.775940831707009337e+00 2.443408713885286687e-01 -1.763798804424963151e+01
9.858222369457672585e+01 -4.736213835849498821e+01 -2.464663989317758563e+01 5.183034044713242139e+00 -1.672923255462354319e+00 -4.029459815311081172e+01 2.426695327995206952e+01 -1.478420039724688451e+01 -1.169353826281140840e+01 5.027628153215797369e-01 -8.697888124270060084e-01 -2.382940917527209024e+01
9.315473634982069484e+01 -1.940311131175248960e+01 -1.999204218484815954e+01 5.037028628899094862e+00 9.014051055037951343e+00 -3.995003709745566312e+01 8.213514936327236171e+00 -4.396990813812874599e+00 -5.062517040037799454e+00 6.371750494743231741e+00 -4.779699428374220460e+00 -3.089473654673627578e+01
9.073792401770623428e+01 -1.499405327742690375e+01 -1.271142434692989021e+01 8.219443848370165284e+00 1.217520073060622998e+01 -3.484294861954749223e+01 2.338613614211312353e+01 -1.104835048203269565e+01 -9.026557463505715972e+00 2.844134902737123660e+00 1.011566951642968171e+01 -2.439507310419464758e+01
6.792190099852942353e+01 -1.434624813464161264e+01 -4.499589013376168012e+00 -1.180146594049547559e+01 2.861111855470622523e+00 -2.574062316099375636e+01 -1.669378026238589552e+00 -5.061630374778691710e-01 -7.352724221915183378e+00 2.345150891933985626e+00 -4.564818779124960813e+00 -2.154379165210498925e+01
7.394430034367840676e+01 2.447672429484146406e+01 3.796761696917236417e+00 1.056735428809900235e+01 3.892933839854241285e+01 -2.836020742690909202e+01 8.159555094665254416e+00 -1.232677137207391738e+01 -6.222672231534713383e+00 -8.949866454256136805e-01 9.679745666519984582e+00 -2.199173022800511745e+01
3.458973007991322390e+01 2.768426024648390893e+01 1.867789708463406129e+01 1.604413377450318023e+01 5.452034318504788502e+01 -1.943496590040142280e+01 6.388737695712930709e+00 -3.183530828502632026e+00 1.992280405615145300e+00 -9.425583939689973434e+00 -5.263676217261462398e+00 -2.218423781866966138e+01
2.032664026370293442e+01 -2.963048422029450535e+01 3.595799151916705227e+01 3.466784503019916031e+01 5.239301976921092319e+01 -3.027816282892945310e+01 2.380307868194892151e+01 -1.798830572790950555e+01 -4.115912966109651627e+00 -2.279037659397314286e+01 5.096457174971016357e+00 -2.415351240396256571e+01
9.189243560538148614e+00 -3.778613857766039530e+01 4.781920751903825817e+01 4.252651468797070322e+01 1.450031490881554319e+01 -3.200417455545803591e+01 9.098170975629809476e+00 -4.565250899537639739e+00 4.505169739883458035e+00 -1.157376390184739812e+01 -3.976806146959798394e+00 -2.451244462992182349e+01
1.416308222655368354e+01 -7.322657410397408739e+01 4.237848571043019774e+01 2.962880297879816283e+01 6.526094438154648181e+00 -3.803278619787784010e+01 9.543967144938555691e+00 -1.574629993130506378e+01 1.298004173354370394e+01 -2.304187991484893061e+01 -9.544179155402837011e+00 -1.828360529274243973e+01
-8.313959549087826417e+00 -7.236811191264061449e+01 3.707784216985042747e+01 3.697224340894887007e+01 -1.672592374799221959e+00 -2.487424254116426425e+01 -7.069707883901522827e+00 -3.876601130233472414e+00 -5.808930806841875238e+00 -1.999336927910142236e+01 -6.222679379499846064e+00 -8.882763930347506331e+00
-2.480451351468463628e+01 -8.714247989517755855e+01 4.755765383930136636e+01 4.920432605023376027e+01 2.036088102724802695e+01 -4.620649708633657760e+00 4.697055521620363550e+00 6.203356208638041380e+00 2.041258244741317895e+01 -1.768909559759772776e+01 -2.702140020007582066e+01 -1.332643529787820214e+01
6.089724741814698028e+00 -1.031610746657340485e+02 2.181588703309049393e+01 1.348474257965128942e+01 4.448209269561715473e+00 -3.622116544977576069e+01 -8.449154442370005569e+00 1.202142477909309726e+00 8.614955565279810656e+00 -2.190176435933232568e+01 -1.206231112653673421e+01 -5.975993999135870816e+00
-2.396762603380413736e+01 -9.981250170862757898e+01 2.437274750978279414e+01 3.530523083165128639e+01 5.423085649109746775e+00 -2.222178511941871903e+01 -9.176191242902660861e+00 1.888015461508679493e+01 1.732076578575409442e+01 -1.221489582770121984e+01 -5.289692110034883044e+00 4.074069309853054044e+00
-8.552107796665029582e+01 -1.260316978723288059e+02 4.349344640668064699e+01 4.415157455600153469e+01 1.212462315097678811e+01 -1.735246369916085740e+01 -1.438371798654816480e+01 5.281303168430376616e+00 7.806482211913610136e-01 -2.454122863891804229e+01 -2.040557278603726843e+01 -4.893974071976677109e+00
-6.697604386065556525e+01 -1.156228092471250193e+02 4.037287438802184170e+01 3.522974582876476290e+01 -7.512610349456462444e+00 -2.950359896882065414e+01 2.509321297498654069e+00 2.157032456196989401e+01 -2.307853081920648197e+00 -2.006107464994289558e+01 -4.226842166925046662e+00 -2.762199245280264392e+00
-3.012861040689278624e+01 -1.278226545636202047e+02 3.564292091886618152e+01 1.155628717424068874e+01 -2.168260343624945463e+00 -3.220051621988634594e+01 1.023155593904316873e-01 -2.129083205088537767e+00 7.888921545438812188e+00 -1.806773977590868441e+01 -1.165994942910161480e+00 -4.148143058456416732e+00
-8.329454968727642949e+01 -1.138241917808462063e+02 6.788991446707353816e+01 5.044488389845741239e+01 1.760287038280159777e+01 -2.238517823239284610e+01 9.118459576998896310e-01 1.866274105185480892e+01 2.225039179104365328e+00 -2.008362034797749018e+01 -9.036364694624758442e+00 -1.563807624463379753e+01
-9.409194506852699647e+01 -1.386002370124459731e+02 4.143500505936872003e+01 4.125704071455285060e+01 9.689594065007874235e+00 -9.156689970863746808e+00 8.765608593890309663e+00 1.713099054970634683e+01 1.492133257613159358e+01 -1.263810398413472313e+01 -6.355238833192017545e+00 -2.613798049093805531e+00
-2.850094474642513021e+01 -1.175802116407033253e+02 5.421618584638449079e+01 1.948810387505471553e+01 7.300394884553816688e+00 -2.948640719727010406e+01 7.766830028427103905e+00 8.285900634545157573e+00 1.455250146638968900e+01 -2.598911591003668420e+01 -3.425413598377905267e+00 -3.503785203070410859e-01
-1.265808001303943797e+02 -1.483948259414593736e+02 -9.892711560155897033e+00 1.080519584931620614e+01 -2.290105096980178701e+01 -2.753916418197324845e+01 -1.300220548627558514e+01 9.227916401614093544e-01 -7.623348390933726293e+00 -2.590623866501812245e+01 -2.678150335138904836e+01 -1.776277168389580652e+01
-7.670562405350540303e+01 -1.297252216391678417e+02 4.453196644120598080e+01 1.843044914642820586e+01 3.718961419199358076e+00 -2.568666561590350028e+01 -2.784654310881237826e+00 1.069525211534253728e+00 2.789629708316153511e+01 -7.311448211174690348e-01 1.004687278501278591e+01 4.690057475433095924e-01
-4.156699843685598239e+01 -1.058106583708234893e+02 5.421633993599861867e+01 8.176808274460803716e+00 1.043732066436133721e+01 -1.612921228764039938e+01 6.221128960424657794e-01 -3.951904777001904012e+00 1.679706565153090381e+01 -1.292797840146808497e+01 -3.320801385177396980e+00 -5.310440270451017852e+00
-9.454128670439190785e+01 -1.486535481675392703e+02 4.664067641166238332e+01 8.722474621468407463e+00 8.548701424035177965e+00 -3.380937916555415512e+01 6.600635261795871678e+00 9.358038283313188543e+00 2.633887777194008706e+01 -2.669964844795801184e+01 -1.187101158910046728e+01 -2.020171516462145078e+01
-1.037066176127225248e+02 -1.460401167839352752e+02 2.390830415970234668e+01 1.191194379187422570e+01 -5.973562020769449532e+00 -3.838607052471512304e+01 -1.105459311553087431e+01 2.461288207702594821e+00 1.084912245431137201e+01 -2.506508249041982950e+01 -5.789396598845821806e+00 -2.088214427326673839e+00
-4.311582629790606802e+01 -1.145102290511682810e+02 5.033833315452793045e+01 9.964846452160353252e+00 -3.746480496442554653e+00 -2.541081928501549925e+01 5.147053264333504075e+00 1.334148138567133657e+00 7.556448292435680614e+00 -2.138720485811987260e+01 5.520507611992021779e+00 -9.010554368544246628e+00
-9.924953247302030945e+01 -1.283982592424252687e+02 3.917758519794365668e+01 2.500029792540828311e+01 -1.452292517214167766e+01 -2.540974566107020749e+01 -2.415855123667898674e+00 8.704640840801470603e+00 1.106748038936278178e+01 -8.173965066680684899e+00 3.946026631877593172e+00 4.682369545798533039e+00
-4.095230210699349982e+01 -1.045561867632264352e+02 3.920597592538506149e+01 1.206767650528730407e+01 -5.661044236739162017e+00 -1.931681336668336968e+01 1.546237900661209252e+01 -1.004322355275457213e+00 1.165067924076883976e+01 -1.670357458564818742e+01 1.865404975148970745e+00 -7.776222850624809446e+00
-7.209940830488335450e+01 -1.249161364595892110e+02 4.149523677928783627e+01 1.672011230287700201e+01 6.304856487047603153e+00 -2.694626233389943337e+01 3.387718549402445234e+01 6.734048261239053090e+00 2.473316704502003205e+01 -1.268232195210404356e+01 1.067010118041254607e+01 -1.045752218780951992e+01
-8.642270476172635085e+01 -1.116113930499482620e+02 4.949957680933489002e+01 1.376497594963130666e+01 4.545172989057423507e+00 -3.342561873957508567e+01 3.609733754996311461e+01 2.927196900897977461e+00 1.990588148018406045e+01 -2.160596380732335220e+01 1.871279246614599856e+01 2.425307547096986482e+00
-8.392701436042773366e+01 -1.059584460065978533e+02 1.719525437056930883e+01 3.001787468125931468e+01 3.689371566262327651e+00 -2.062356743831617578e+01 1.647836665924454280e+01 1.525652711067328804e+00 2.262334531368315638e+01 -3.025920848079672432e+00 7.971805699045239280e+00 -7.272283788515071734e+00
-4.476583531330572896e+01 -1.006039922011054131e+02 1.022984508808151105e+01 3.309946096821162698e+00 1.035756752413510817e+01 -3.568534834300854186e+01 2.188965089337175129e+01 -3.456924133785765907e+00 2.240432250610159315e+01 -1.867428235641037659e+01 -1.809082444900529829e+00 -1.805802419436325579e+01
-6.487274493119711849e+01 -8.614035130124506168e+01 5.641663259345155446e-01 3.104063078608488979e+01 1.706940200333274049e+01 -3.188557787886284700e+01 4.612888479812207621e+00 -1.142561293498207320e+01 4.498740808860808293e+00 -1.416629343689230147e+01 6.972181135346697811e-01 -1.998257310553361776e+01
-6.187275910367474552e+01 -5.164884769806013054e+01 4.621169330910384510e+00 6.827271761444793974e+00 2.109647162457881819e+01 -1.729435727217908081e+01 1.749444359896775580e+01 -3.136643555568688235e+00 5.603999781141055792e+00 -2.155378460092917692e+01 -2.989792772383690345e-01 -1.816551594885778798e+01
-4.745017995701122260e+01 -5.358457703987976117e+01 5.277179482002772204e+00 -6.344765762278946397e+00 2.630654978281079792e+01 -2.501843359523142851e+01 2.149301274184175270e+01 -1.834304222273648222e+01 -2.185384549449421954e+00 -3.148556166451460570e+01 1.138465785756306303e+01 -1.317245801430941299e+01
-4.912311052879822171e+01 -3.849848793730043184e+01 2.009746997500790755e+01 2.290890658680353908e+00 2.483266635765608044e+01 -3.423245607810692093e+01 2.142461004574200700e+01 -1.127791837197307778e+01 1.329784391285421918e+01 -1.787459260665666250e+01 1.482723429704951457e+01 -1.444994042863010009e+01
-6.262255075812048943e+01 -3.148419432335818868e+01 -1.233480255444268092e+00 -2.848899338102336998e+01 2.369043026904131466e+01 -3.072088091869649418e+01 2.546582710739701838e+01 4.757769863497202323e+00 1.404772612107383623e+01 -3.818515225585041151e+01 -1.168324576749134369e+00 -8.768773306373500276e+00
-5.231394230610717955e+01 -1.569201438166887108e+01 7.194969977472582379e+00 -2.246587484261684864e+01 2.261912598292619236e+01 -2.052375648585032764e+01 1.606652140342411528e+01 -1.499401124102222660e+01 5.763114145043918057e+00 -2.356157267610232608e+01 1.942543458954152413e+01 -3.975286885888307697e+00
-9.015397631060284311e+01 -4.354432268430390707e+01 -1.005073360851376840e+01 -2.100269153018118473e+01 1.057834864965606236e+01 -2.467492351483305058e+01 2.795288894986209272e+01 2.445666320692098328e+00 1.300289904989243439e+01 -1.335654453802804298e+01 8.495206866441495919e+00 -3.782477180354106849e+00
-5.280616426888391857e+01 -2.410262374860368340e+01 -1.069265450909258419e+01 -1.905541168868960611e+01 2.100576308386075297e+01 -1.803306506696691969e+01 2.403997767357376603e+01 8.169358368107833002e+00 1.022009179815935376e+01 -1.767303788403904363e+01 2.349394942872823222e+01 -8.440978148845127649e+00
