-1.503271623629570115e+02 1.547605212895664728e+01 -1.006993053208799438e+01 -8.382655687980168580e+00 2.308581254194940868e+01 -1.746019716320403248e+01 -1.294966779592990491e+01 5.008629717231428913e+00 1.708014089616322551e+01 -1.234513244718244529e+01 1.852321569321251138e+00 2.921146392896202926e+00
-1.261549758266143755e+02 1.968274833461820350e+01 -2.537085662984145173e+01 -1.628679574835270571e+01 1.270697149168006845e+01 -2.029418237241650935e+00 1.696918438641015570e+01 -4.649813016080647898e+00 8.501924164907840975e+00 -1.233594788153211752e+01 -3.463972398243312156e+00 2.211456807513361156e+00
-1.073364162689138936e+02 1.153985821213652230e+01 -2.806100157014461871e+01 -9.586722457567061539e+00 6.931496445607826296e+00 -6.648943273312523772e+00 2.376137107745684318e+00 -1.220557713850830872e+01 -9.474986788219432299e+00 -7.790784893174284242e+00 -2.950478800652604150e+00 -9.059457681005639529e+00
-9.450792118934768382e+01 1.039318134341268163e+01 -2.858303952361539402e+01 -1.224716658871349040e+01 1.607039527927681455e+00 -1.235158694681174296e+01 -8.783112611543508308e+00 -1.334558227383376305e+01 -3.032533671315957413e+00 -1.373539981264376308e+01 -7.815828079700856357e+00 -5.688151039347665083e+00
-1.015475896895566450e+02 -5.609496858730105728e+00 -3.406242606882931767e+01 -1.207169857062336682e+01 9.732473943764073709e+00 -6.886388789626166407e+00 -4.245709345227641762e-01 -1.312162314849311784e+01 9.612841011062294161e-01 -1.109029652382069919e+01 1.291207252198721900e+00 3.154605736572642094e+00
-8.189962734398395128e+01 1.067319217603816917e+01 -3.719520841747007722e+01 -1.822359478971328883e+01 1.687579256031986930e+01 3.082418812973265254e+00 1.516298088822892964e+01 -6.380538402096281203e+00 -2.118498045525416984e+00 -1.195866448039473084e+01 -2.394600278964465812e+00 8.891882694046142177e+00
-9.774900293315135968e+01 -9.536394768401130762e+00 -2.903663706731930461e+01 -6.678096954399788565e+00 1.755428227416596343e+01 9.845786095854890618e+00 2.556460142394848845e+01 -7.171402985745447545e+00 5.524913522244494501e+00 2.157477666004703920e+00 8.305990843454452488e+00 2.130621471300581860e+01
-9.009985022296180546e+01 -1.725313661212323169e+01 -5.215413285696707391e+01 -3.937315951138846515e+01 -4.968450115667318201e+00 -5.999711371974583152e+00 4.455842161149144331e+00 -2.949750219657585859e+01 -1.852926028572613149e+01 -1.088780156073439187e+01 -8.083550014944563600e+00 6.903886223013508072e+00
-8.398474770527603539e+01 -6.057268186138631272e+00 -4.070696540674510544e+01 -2.805979563106880548e+01 6.106500924495755100e+00 8.222243192089329078e-02 -7.422594533826633700e+00 -1.556885136592824992e+01 -8.673223432037669767e+00 2.567785285444039722e+00 3.618768874638742528e+00 1.798919418196454600e+01
-7.024580116645532257e+01 -3.021932337169188187e+00 -4.301828998086995171e+01 -3.386340537682042395e+01 8.494244939942605654e-01 -1.327080785302323207e+00 -1.053167355695424590e+01 -1.596842077234624568e+01 -3.660943375058322680e+00 -8.223910355196636601e+00 4.499262432080188390e+00 1.529770755507526303e+01
-8.652602664838832425e+01 -1.061219333903723694e+01 -4.646466223628067382e+01 -2.305459397708005298e+01 -2.840914496702873659e+00 -1.041071101846151059e+01 -8.776664248133588586e+00 -1.788785348439276390e+01 -6.585895163234487093e+00 -8.831710068300452354e-01 1.035270674954579917e+01 7.122044555741767091e+00
-9.031794610673084378e+01 -2.075864485239987012e+00 -1.524922246267806969e+01 -1.326657039100123114e+01 -1.081486709901186671e+01 -2.053877118352374964e+00 -1.099273303355373432e+00 -4.757793784997338626e+00 -3.900135099216209156e+00 -7.491337866241583043e-01 6.594710637566420175e+00 2.346991605479048282e+00
-8.762353450057193527e+01 5.875686842154427936e+00 -4.144370910264232322e+00 -9.531734035569652264e+00 -1.401148563143456016e+01 -1.019800455431776598e+01 -5.050164531728289496e-01 -6.435828681435934229e+00 -2.433980814146778027e+00 -1.610448295333384294e+00 6.902068728296054445e+00 4.194362186514151603e+00
-9.426985227014532143e+01 4.993001605966550294e+00 -2.017339013549182170e+01 -1.213348715085515650e+01 -5.797845861668249334e+00 -6.131643376899531539e+00 6.952035844556948563e-01 -1.663967974338389411e+01 -1.295565490999544167e+01 4.143913339588709555e-01 1.237846996160310731e+01 5.142246021662450595e+00
-1.076402783639896796e+02 -1.711978776059717688e+01 -2.398364500627756968e+01 -2.704221027408481604e+01 -2.609847741255661546e+00 -1.107285123535791982e+01 -1.491896018812732727e+01 -2.207489968377739586e+01 -7.669135505567419742e+00 -9.942516512441031296e+00 8.119457759372973982e+00 -2.104341571088165441e+00
-9.053063227572357619e+01 -7.834034196446593157e-01 -2.117576619645652869e+01 -1.157690788101042578e+01 2.543970246231931909e-01 -5.998931306692101728e+00 -7.466428373386196249e+00 -1.318973205209154820e+01 -2.315676104655110201e+00 -5.656871288201217318e+00 2.939949511438496588e-01 6.944783480696655076e+00
-9.095775590362333674e+01 -5.299230589923601187e+00 -5.951293610908908072e+00 -2.968110409749312062e+00 -1.283388970649243710e+01 -1.632848738601164484e+01 -1.170014163747397085e+00 -1.166070855918594873e+01 5.599518368768272580e+00 -6.509084515165828755e+00 -8.171032840541123221e+00 -1.765447197793047929e+00
-7.569812818171632784e+01 -1.845636283635371910e+01 -8.695582660995004876e-01 1.814971747459606988e+01 -1.065986265079367001e+01 -2.654437269585070780e+01 9.753681634330237937e-01 -1.169795547610856090e+01 2.242868715617088071e+01 1.863839285662119494e+01 -7.811310514730831045e+00 -1.489121881771624878e+01
-6.237402647167689906e+01 -1.363806106381633043e+01 -2.791201831587566318e+01 -2.312001954314007079e+01 -6.887464459031829023e+00 6.056915357446304604e+00 -2.260555379660444508e+00 -4.087275046660803213e+00 1.370326559345156170e+01 1.895154973001075405e+01 -3.413290491377503066e+00 -1.056974521945894274e+01
-9.180487727049055025e+01 -1.950612145325548852e+01 -6.613093042812647582e+01 -4.969663174647463677e+01 -1.450338974920971857e+01 2.641445886422130584e+01 -8.558601866800819025e+00 -5.835499509761826076e+00 1.529627988024210339e+01 7.479985892703979289e+00 -1.360384829894696246e+01 -2.753961927767707962e+01
-3.710143609684831745e+01 2.687661505820947383e+01 -6.677918658445901201e+01 -2.977186151405945225e+01 -5.236673454880194534e+00 3.813638003619194450e+01 -2.497948435991862226e+01 -3.829400358243145774e+01 -1.072010368204008124e+01 -2.116912779070822737e+01 -2.835623094890949147e+01 -1.983095405636404251e+01
3.798272052247761366e+01 3.795536326425167317e+01 -8.011254948721273195e+01 -2.900518901141645500e+01 -5.541200995655827199e+01 7.129640876344506495e+00 -3.540093776614239118e+01 -3.625845293747731546e+01 -1.573429985619865334e+01 -2.432511058130042159e+01 -1.182281189241846420e+01 -1.010679095872375655e+01
5.506079708199560230e+01 7.046846072508301528e-01 -1.026246634912852187e+02 -3.719452835272716129e+01 -7.465072451182068392e+01 1.650904813697402318e+01 -5.341059845750790203e+01 -5.154881232404133584e+01 1.459445074953159782e+00 -2.661576069923712495e+01 -2.408560877462115002e+01 -2.651672570904979054e+01
4.687729651685241095e+01 -1.201253737314521253e+01 -8.877906298108439387e+01 -3.152975640838027260e+01 -6.673029748349964052e+01 3.320541667326389756e+01 -4.327823663926076847e+01 -4.734044947596439101e+01 1.909995043927086300e+01 -1.944844472925445800e+01 -1.676354672030797133e+01 -2.252364758246116239e+01
4.572068483317772092e+01 -7.857294823565256436e+00 -8.720259254532831505e+01 -2.790121504511951400e+01 -7.217276438926940330e+01 3.020882807238208301e+01 -3.742508210114807810e+01 -5.670890621478352500e+01 2.738770941402252035e+01 -2.580700619040649002e+01 -2.358044319130876332e+01 -9.179131582460955840e+00
5.205872738517032872e+01 -5.501966598435010347e+00 -9.178210970517767464e+01 -2.685505445934714430e+01 -6.898413606773574713e+01 2.897145486354454746e+01 -3.603290613978654733e+01 -5.686913148711407473e+01 3.291537433451471628e+01 -2.923600897555439815e+01 -1.634180341142045734e+01 -9.794283088823398487e+00
5.629043616067303901e+01 2.094847734787927518e+00 -9.008464037865849150e+01 -2.780266969558060097e+01 -6.811903598525239545e+01 2.302823754246111321e+01 -4.398662847337208603e+01 -5.214577829385041241e+01 2.075363274809208747e+01 -2.320201224845450838e+01 -1.581896454179853251e+01 -1.395623866684658054e+01
5.350693319734038056e+01 1.374139842820205715e+01 -8.706835614831064163e+01 -3.430629946695226806e+01 -6.090583216511313225e+01 2.181050150724072978e+01 -4.080993520322371637e+01 -5.771397004567856470e+01 2.575755978802873614e+01 -1.711104649096484209e+01 -1.561282708632894156e+01 -1.625593047332471741e+01
5.477321248566522627e+01 1.207772085608740475e+01 -8.999949667736274250e+01 -2.731738458095819766e+01 -7.535211371387762824e+01 2.141586470285580646e+01 -4.007904875704991809e+01 -5.637658334359588252e+01 2.354035921690361732e+01 -1.441505113461457910e+01 -1.342716595334766438e+01 -1.518278870474483355e+01
4.662116779846677161e+01 1.256486915374633284e+01 -9.222623237652072703e+01 -3.446055575825323558e+01 -8.064162157090532901e+01 2.794211736057364703e+01 -5.381444183149213956e+01 -5.724673197422772830e+01 3.135246225284973676e+01 -1.312603399164268936e+01 -1.059508277911297469e+01 -1.580914822060697489e+01
3.947387709622194762e+01 1.125212939392612377e+01 -7.221171350840778302e+01 -4.181083487319107661e+01 -6.580545344116276851e+01 2.572883378053673908e+01 -6.965004933200330584e+01 -4.488842443832972151e+01 3.948034606768015209e+01 -1.547542223919354143e+01 -1.026840439743726563e+01 -2.295740922037747112e+01
4.399444229227328407e+01 8.383179792199024760e+00 -6.044321002007445998e+01 -4.482822835261902128e+01 -5.349373007023670823e+01 2.632594535177847916e+01 -6.753393320018602708e+01 -3.742933789326997385e+01 3.039397273067091731e+01 -1.521116915544644854e+01 -1.729936324740062759e+01 -3.087920216455894717e+01
4.765752248498816357e+01 9.759173368297252793e+00 -5.342683828316675942e+01 -4.546087395504790152e+01 -4.343689375451662471e+01 4.715616302337449994e+00 -7.721860733675302413e+01 -5.531591208366782553e+01 2.286537596425653973e+01 -2.383824123530253303e+00 -2.361412323021666637e+01 -2.826349806195676706e+01
3.704225430184833812e+01 1.418174489669894811e+01 -5.750822439642487893e+01 -3.409576575271698573e+01 -2.805629908789223848e+01 -2.111796225556042828e+01 -5.792400201714109187e+01 -5.285187841923711716e+01 4.825484289165551388e+00 -2.392165880474723672e+00 -3.291025287597852866e+01 -3.018033278386889151e+01
2.412194465770922136e+01 1.852800363304638154e+01 -5.959576541940027994e+01 -4.472302576877142855e+01 -1.186168423188038545e+01 -3.705862668544746441e+01 -5.376934785246606907e+01 -3.382238578035560295e+01 2.775276111161903092e+00 7.020864270570017496e+00 -4.039411037643445468e+01 -3.162833621420552177e+01
5.945149717048510141e-01 2.938372567707762784e+01 -5.331608399088240446e+01 -3.079269628673376502e+01 -1.278597751565425256e+01 -7.011739796168291150e+01 -4.314618982377204759e+01 -3.015709299010177347e+01 -2.474436371930897494e+00 -4.902277932393229065e+00 -4.195352643196581965e+01 -2.523962908103007408e+01
-1.667751090125485192e+01 3.552697086418485384e+01 -5.090617144397883465e+01 -4.332649096460226446e+01 -1.718272804959947164e+00 -7.367280152095381140e+01 -2.237344074235008407e+01 -3.656148084431139011e+01 -1.518692911182844796e+01 -1.018213421038282895e+01 -5.031359700379903188e+01 -9.898123226675473063e+00
-4.399712995923312775e+01 5.661031056719316723e+01 -4.148307888561407708e+01 -3.289047252144232658e+01 1.912038084000748261e+00 -5.992018542774713552e+01 -2.337684443631759734e+01 -4.183575422594898896e+01 -2.540379061404809136e+01 -2.655160514832252350e+00 -2.578116378480764226e+01 4.415420120149830652e+00
-6.976313077448489253e+01 7.060090206447134165e+01 -4.928653882433343369e+01 -3.621938414900836278e+01 6.344068248352905393e+00 -5.100022381277116068e+01 -4.942625947267112352e+00 -3.178699559569766819e+01 -1.848310704823556705e+01 5.375582178251343990e+00 -2.089443205697291717e+01 -9.878522020441186768e+00
-7.654063135831123077e+01 8.003609760527801598e+01 -4.141569688137940375e+01 -5.349364154388685222e+01 8.213567043095395093e+00 -5.729288118788586104e+01 -2.663694759105815635e+01 -3.778763650916278038e+01 -1.722280784840197754e+01 2.218812436947009914e+00 -2.539481686952067818e+01 -2.600700085018305430e+01
-4.260570850753160244e+01 6.275443722544302005e+01 -3.140898450027511757e+01 -3.188587204559150123e+01 1.068872121598833047e+01 -3.534275539712326974e+01 -2.709519392943925098e+01 -4.029094480921187937e+01 -2.052343333238012946e+01 1.337083808845556998e+00 -9.034653023044111109e+00 -1.781220167606936755e+01
-1.886472890774231104e+01 7.290710564178655773e+01 5.219792197817305635e-01 -3.525952581255102558e+01 -1.588139569564712161e+01 -5.086569284604648544e+01 -3.045825087004482157e+01 -4.192710371025066252e+01 -3.044971656891449641e+01 -1.397989105209998328e+01 -2.381472352477975818e+01 -3.863579803464999429e+01
3.660945603286192096e+01 3.880223971876230848e+01 -1.609214415764918726e+01 -2.268922375815911252e+01 -7.258685983117379692e+01 -5.433023714482871469e+01 -9.238025802715473134e+00 -5.014930552515397011e+01 -4.125854976268714580e+01 -1.063021149254331732e+01 -4.747304703436424944e+01 -5.784633212592081719e+01
-2.460211491789559801e+01 6.329590484034581266e+01 -2.562132150709268785e+01 -1.405576270871799593e+01 -4.421413842198580824e+01 -6.254925393288582569e+01 1.008865738817290136e+01 -5.401916652502987404e+01 -1.787568392665360051e+01 9.204586674909428723e+00 -3.326611024541982431e+01 -4.966531789242148420e+01
-1.741864032708323506e+01 4.693305155968296560e+01 -3.058311515788303936e+01 -9.730430253457093670e+00 -4.234542430756810916e+01 -6.045048324134428697e+01 8.252937532842386403e+00 -6.039388906886351549e+01 -1.338143249535612256e+01 1.072702689173558177e+01 -2.997097641274565660e+01 -5.383709504426074943e+01
3.636849707841764712e+01 3.725803492451570165e+00 -3.554272736393282628e+01 -2.504924973053438197e+00 -6.725245979111494421e+01 -4.847303742518823810e+01 -1.034465195105137170e+01 -4.921340777151334578e+01 -1.533231267235069950e+01 -3.010664298619608381e+00 -3.679883683997935861e+01 -4.822418385131886254e+01
5.694862707946366953e+01 -1.315316563974334940e+01 -2.390804380905188964e+01 2.685314009691261994e+00 -5.695311823668971130e+01 -3.831371009122430848e+01 -8.550505075530491439e+00 -4.204147842066745255e+01 -5.706164940103898964e+00 2.358950694320776975e+00 -3.529941761279387435e+01 -3.673285242579692067e+01
2.077074590614046912e+01 -9.166233056170089100e+00 2.162267133382582074e+01 -2.712984718671888729e+01 -5.378583478929363082e+01 -3.100831736573334396e+01 -3.293837696171169682e+01 -2.565339751741168328e+01 -1.097715027122756659e+01 -4.332201750189924816e+00 -3.688779507995609919e+01 -3.379021664242861789e+01
-2.804857030149272390e+01 -9.865130406824482279e+00 3.835501598654402500e+01 -5.151815678036136603e+01 -5.273284302278666758e+01 -1.535775825375958092e+01 -3.604050679314114802e+01 -2.961718811033273369e+01 -1.794050005734242603e+01 -9.710999420837573837e-01 -4.064645517842806299e+01 -2.713486518924744217e+01
-1.570750186146348426e+01 -2.018348592963248933e+01 3.410025185247498314e+01 -5.850422612783341947e+01 -5.564423036133921130e+01 -2.486979027560841438e+00 -2.838079151472885897e+01 -2.680159226593164590e+01 -5.659457041087712525e+00 -1.360836446560368351e+01 -3.127477013484559976e+01 -3.121339950242334282e+01
-1.214284763059690420e+01 -2.474923430907665534e+01 3.843051458525742703e+01 -6.879734722932960267e+01 -6.201580840294640495e+01 1.790729421244371622e+01 -2.226926958429373116e+01 -3.130534636314991559e+01 -1.037158104556355909e+01 -1.015433143855112164e+01 -2.684607305726166615e+01 -4.039268027781970716e+01
-9.999931445245964667e+00 -3.905383936593881344e+01 3.355984560007263440e+01 -6.801427222066485001e+01 -7.245360276098330132e+01 2.325498008794028948e+01 -2.538554289579501599e+01 -2.022226983423012214e+01 -2.819162801993368817e+01 -1.157637612859096166e+01 -2.791948298194095202e+01 -3.978561277034225441e+01
-2.566533865387444280e+01 -5.246247547758551377e+01 2.946663041778347747e+01 -5.734154281009912779e+01 -5.876250162395699306e+01 8.465914307174504216e+00 -1.081051698260802496e+01 -1.026265067864605562e+01 -2.389008627269985752e+01 -1.572639900289243187e+01 -2.894633089382305968e+01 -3.631233021415040696e+01
-3.048495543865263002e+01 -4.798530245654957582e+01 2.461425299538819544e+01 -5.083044941373580627e+01 -5.806672829092870103e+01 -6.932325958155303169e+00 -1.116257551898260658e+01 -9.483697797530318496e+00 -2.185995002326675518e+01 -1.894343442145455114e+01 -2.946801059556652547e+01 -3.075111726203574136e+01
-2.545072605741195915e+01 -4.491577923069887390e+01 1.596182118864593846e+01 -4.781834000913374894e+01 -5.533913906691174134e+01 -1.584196441296457181e+01 -9.180866211420676493e+00 -1.148985585161952905e+01 -1.966576770072530422e+01 -2.786117801723543153e+01 -2.562684607097970968e+01 -2.738316422577145914e+01
-1.393927473620652080e+01 -3.840875023800322197e+01 7.592281873262361813e+00 -4.209428979761408129e+01 -6.336937068115216931e+01 -2.057904225679440202e+00 -1.577197366988853666e+01 -9.329959358042374973e+00 -1.729774667311815506e+01 -3.088592987501257170e+01 -2.206250823509634174e+01 -2.364802687922714242e+01
-1.872480426965648093e+01 -2.086457540330638238e+01 6.903329406228492893e+00 -4.573753225836293268e+01 -6.938594758340096291e+01 -4.780765618866357869e+00 -2.871663685856522719e+01 -2.007584489026392749e+00 -1.811651142665418490e+01 -2.881850884572767058e+01 -2.480311300600834556e+01 -4.096184337235973061e+01
-6.000329244251755512e+00 -6.192032930634498555e+00 1.467351608682152175e+01 -3.630812354937995678e+01 -8.030087642043164919e+01 -8.792990317423033275e+00 -2.705918548330699736e+01 -1.296280891524648737e+01 -2.648958971397897244e+01 -3.267738204437613092e+01 -2.761962157176527555e+01 -3.912546690620546030e+01
-1.729328013982436829e+01 2.545307097769363480e+01 1.226097247960465708e+01 -1.875979283244069507e+01 -6.346113321244187944e+01 -9.386835441989797246e+00 -2.450750212434898856e+01 -2.359749389152791110e+01 -3.299273179616818652e+01 -3.327857116388844361e+01 -2.300610640206171453e+01 -4.051870116587802073e+01
-3.051828310566516222e+01 2.555285063251714206e+01 1.786879719070390848e+01 -2.964601551127024237e+01 -5.539846084319346176e+01 -1.005074184369809132e+01 -1.543582067471507813e+01 -3.056366115775396253e+01 -2.250226682358373864e+01 -2.396637472711677930e+01 -3.229782043670389413e+01 -2.421360235268551975e+01
-1.028330534466815465e+02 2.531596348793213025e+01 6.896688457917834469e+00 -5.091790110505561984e+01 -4.652935502692433545e+01 -3.213563673130811083e+01 -1.108085144359880125e+01 -4.330753854265991265e+01 -1.678108626369113665e+01 -2.974551332548179516e+01 -3.635243919786151423e+01 -2.161372214366279110e+01
-1.513381473808761370e+02 2.654622470862047479e+01 1.363502215494005831e+01 -4.177457389475901550e+01 -4.290610982461200251e+01 -2.966349618031772906e+01 -6.213820034298187522e-01 -1.794121445519410685e+01 -1.657075118319649931e+01 -3.004837709588757377e+01 -3.345691576820939872e+01 -7.275016319658785591e+00
-1.836017135360115446e+02 2.857501831955107363e+01 1.108585944295858638e+01 -3.995347679804908836e+01 -4.286383865808826954e+01 -3.381717041824461489e+01 -1.402375693783152144e+01 -3.515484886815990251e+01 -3.359126643076668017e+01 -3.577253457867101361e+01 -4.394804007191180517e+01 -1.580627091374165971e+01
-1.829662275093506878e+02 4.342079211943126182e+01 1.166901009854219140e+01 -3.669019829796154397e+01 -3.447406381287672161e+01 -2.913047396904774899e+01 -9.536418301687772825e+00 -3.178244092247517116e+01 -2.505843376662440747e+01 -3.581424193776868492e+01 -3.186369297874614048e+01 -9.577619745181541688e+00
-2.052922245288571617e+02 4.641360811297859357e+01 1.738268792932276696e+01 -3.075176823818106797e+01 -2.103678602761447536e+01 -1.429132935062935417e+01 -1.020096627811332368e+01 -2.582094960202341127e+01 -7.974504237730251965e+00 -2.268337691053069349e+01 -3.450841762173100591e+01 -1.233680497068012905e+01
-2.082244677870931753e+02 4.221928296001158287e+01 2.439513716598061155e+00 -5.602728641058794778e+01 -2.570316381841973197e+01 -1.700359233733576048e+01 -1.516242683434568761e+01 -2.254751544733635882e+01 -6.224624910832178060e+00 -3.399471826850167844e+01 -4.977424477888139620e+01 -2.385583633722970376e+01
-2.028289252716058400e+02 4.992476811054490327e+01 3.461598740753262682e+00 -3.859477480490489398e+01 -1.681084929620580937e+01 -7.039872118093165376e+00 1.597785227898480542e-01 -1.456857865230524851e+01 -4.237785762945186718e+00 -9.769714319154878979e+00 -3.591931099443360154e+01 -7.897325891767845718e+00
-2.287028236600585274e+02 3.136895326557522168e+01 -6.293107755279825355e+00 -5.703811216479812174e+01 -2.822514262711385058e+01 -2.569898788521834021e+01 -3.497434522913152488e+00 -1.733996446824142978e+01 -1.420593762351885658e+01 -2.010809102918303637e+01 -3.870598213730974635e+01 -5.054794208351641061e+00
-2.274820320618663914e+02 3.864696205137610718e+01 -5.360191287128912130e+00 -5.443595650565499966e+01 -2.400984036535036026e+01 -1.004038272034486923e+01 3.585412414625890332e+00 -1.310353860188892838e+01 -5.499761514643709326e+00 -7.556874362122306010e+00 -3.229304570605059155e+01 3.969279920015894803e+00
-2.233706702136563251e+02 4.074224884941583014e+01 -6.184234661086515317e+00 -6.793191954203172145e+01 -4.110544699087421350e+01 -2.742182030616937283e+01 -1.939105780997348871e+00 -2.253453800920466321e+01 -1.107043720366255179e+01 -1.698547615975338232e+01 -2.784724246923846280e+01 -6.090012399219265404e+00
-1.979854494506648734e+02 4.405727608944368257e+01 8.739155456673056932e+00 -5.239678109931051608e+01 -3.100970630684263085e+01 -1.236108737787478873e+01 1.766658009261047724e+01 -1.157230798901160185e+01 -1.134746403238829249e+00 -1.036188249419947027e+01 -1.608303685615591405e+01 -1.079331849628122342e-01
-2.043083850949371083e+02 2.925094079392233937e+01 5.149079989265786139e+00 -6.702747572789633068e+01 -3.631248445405761061e+01 -1.843194409977679271e+01 4.059388986708794889e+00 -6.588817062353296450e+00 -4.654789252903036356e+00 -1.653674303726209516e+01 -2.632796618974142788e+01 -5.764797470210522690e+00
-2.033752858841841942e+02 1.603487067669987454e+01 1.186905052422655515e+01 -5.391942079581245650e+01 -2.956803530124230761e+01 -2.160160350474868807e+01 -8.676548718169231122e+00 -9.127799208445802392e+00 5.126830330242016842e+00 -3.120470184003452108e+00 -2.302397310930813745e+01 8.491888730348446046e+00
-1.949185327293264436e+02 1.218891362421861402e+01 1.523933791003973681e+01 -5.181966443010757928e+01 -8.224804253893427841e+00 -6.186917285147925938e+00 -1.619743880721627249e+01 -9.541518303044650651e+00 1.900666276151370226e+01 1.192090263072622847e+01 -2.610906892216750919e+01 -8.656950758350632213e+00
-2.060754949183358917e+02 -6.673610860201890205e+00 2.824238256188570517e+01 -5.627049585103639373e+01 -3.372375199664161016e+01 -2.969339820689000220e+01 -2.064342477620458283e+01 -8.574021580355644545e+00 1.272012225705657329e+01 1.146309297608434541e+01 -1.146512329502859373e+01 -2.492611937405087019e+01
-1.937662262880301682e+02 -6.836554410267408954e+00 3.957215637370563854e+01 -5.349065630711536556e+01 -4.646992841627383797e+01 -3.831402141877255474e+01 -2.922344104274696264e+01 -2.643828008148727804e+01 -5.149048208551148420e+00 -1.036118240152654968e+00 -3.271130032124766274e+01 -3.325548527313624447e+01
-1.559923004151492023e+02 6.918981182090891302e+00 5.115966511017715135e+01 -2.802522705088800592e+01 -4.136260365508235282e+01 -2.411393683437540503e+01 -2.467655519683037113e+01 -2.298759894988968000e+01 -1.602640013199856384e+01 -1.225904969750255802e+01 -3.221002216565021570e+01 -1.816244546676783500e+01
-2.068910753515240515e+02 3.718874263548374870e+01 5.952643766267613046e+00 -4.151209499382349577e+01 -3.209250769956035754e+01 -4.765064003481365518e+01 -8.913702669480784380e+00 -3.671836590723511051e+01 -2.071509738831679215e+01 -2.890416840572239465e+01 -2.429583534605900752e+01 -1.852254903367356320e+01
-2.353725196879917689e+02 5.514359211692878660e+01 1.965082235983338776e+01 -2.164460160380762943e+01 -1.789000361109443560e+01 -5.025469771694697840e+01 -2.188037511426033532e+00 -3.492420263002973257e+01 -1.986353876137548724e+01 -1.934894627857524796e+01 -6.895584058304669917e+00 -2.848089673235748798e+00
-1.850015282833749097e+02 3.054866088127724666e+01 8.020102366667055449e+00 -3.363028023785645360e+01 -1.234124098445601625e+01 -3.044671784099516998e+01 2.856433341838438889e+00 -3.022918764392020563e+01 -1.783076025241965112e+01 -1.560594863569294155e+01 3.018430481041454172e+00 -5.514265301996200463e+00
-2.379837351020223366e+02 4.120715553062334280e+00 3.652923291503719128e+01 -2.172345484178553932e+01 -2.872886706735158224e+00 -3.556158037433409191e+01 -3.479568502631877447e+00 2.018038366108025894e+00 -1.811213490049457775e+01 8.390731623127813066e+00 -1.063280850697899638e+01 -1.579138943507794224e+01
-2.061211031274614527e+02 -1.196831058321217256e+01 2.113786360978812695e+01 -2.729135570384964993e+01 -1.592156315890476570e+01 -3.553753367901724403e+01 8.407495401578151117e-01 -1.014562583941017060e+00 -1.363759953194357522e+01 6.113031324103986641e+00 -9.468553845135751601e+00 -1.217388395461972195e+01
-1.593248269758313427e+02 1.657644526619140635e+01 2.726653831415126206e+01 -1.401998723716150330e+01 2.435857753679958382e+00 -2.001759692653412515e+01 1.457242593372569495e+01 -2.401540741431323056e+01 -1.980657379781955107e+00 -1.341178997318727539e+01 -5.456279934351189187e-01 -4.494053930986970258e+00
-1.591443228299679333e+02 3.043918150745752627e+01 2.217850531157312588e+01 -1.625831707757311406e+01 -1.674712592355306118e+00 -3.327101489810050339e+01 1.696108101931487155e+01 -2.865122004781435550e+01 -3.988465674329682908e+00 -3.828969818124547064e+00 3.213914681990755362e+00 -1.106445558223886749e+01
-1.552796771491827599e+02 5.008565262582401090e+00 -3.152341065610211324e-01 -2.713866344917435924e+01 -9.361549028222183821e+00 -4.227964540676006067e+01 1.356560968222462371e+01 -1.959519657665459391e+01 -1.177391921040801392e+01 -1.401309263494908919e+00 -3.110389364089808595e+00 -3.334445969065578996e+00
-1.365214663276427132e+02 1.795289977720551988e+01 -1.037446224061556777e+01 -9.116551594687205551e+00 5.586150516479023942e+00 -2.480269227699947621e+01 1.041685236048509822e+01 -2.831893403409659982e+01 -2.714741352728437107e+01 1.076107103315770885e+01 -3.090562032270303572e+00 -3.397714339747892609e-03
-1.307850510741374137e+02 8.669834000916955219e+00 -1.733909192552017586e+01 -6.814376412341063727e+00 -2.553387118258413579e+00 -2.764990251487419215e+01 5.590788139006306778e+00 -2.024858233307094935e+01 -1.546285539710534884e+01 -1.141414716859174305e+01 -8.187451474551011188e+00 6.908018965698930813e+00
-1.134603384063187690e+02 9.349109409080067490e-01 -2.757147460682352147e+01 -1.811394737395530541e+01 7.214092500577695688e-03 -2.712116549544000677e+01 1.711290215765302491e+01 -1.424105759086609524e+01 -9.373319868619303108e+00 -7.605519765108383901e+00 -1.991544469419265884e+00 5.410654932846198584e+00
-1.117554841888385226e+02 -3.603036381845982739e+00 -1.661099394140263996e+01 -1.846178068631143532e+01 -1.168695271088039789e+01 -2.570385096766507260e+01 -1.092756967042742833e+00 -2.008008776336082946e+01 -1.029885768324768591e+01 -1.093084730806262783e+01 -2.582383994819640982e+00 2.664585211595995151e+00
-9.182813924102197234e+01 -1.081563592686363151e+01 -2.294600158491945763e+01 -9.137308161578863164e+00 -1.955121815055845858e+01 -2.756914608263025457e+01 2.204947012139139684e+00 -1.223625141846609843e+01 -7.065547852754026081e+00 -8.349723975535962239e+00 -1.256245270495226052e+00 3.353936985248896718e+00
-9.248431572286665414e+01 -1.145513979894865386e+01 -1.797164388415241376e+01 -2.234272562354539104e+01 -1.589378342928559995e+01 -2.189005459760705108e+01 3.839002966956555518e+00 -1.148534982388984815e+01 -8.295215894012324398e-01 -6.757989842098259814e+00 -4.317248336768932049e+00 -5.365942294870627016e-01
-1.363043420279529983e+02 8.825877350589593107e+00 -5.329710179282961313e+00 -2.646868877825770738e+01 -6.013702177891358858e+00 -1.365737256488218776e+01 1.631477463748149503e+01 -9.810817837698570187e+00 2.329231346491627264e+01 -9.168703356326894038e+00 2.410052396384184448e+00 -1.036855535855505650e+01
-2.078960559053846282e+02 1.001302490396149025e+01 1.971871060129218733e+01 -3.953626897400856421e+01 1.612805784127584374e+01 -2.784911011763822941e+01 1.187316686489288120e+00 -3.626154911075448695e+01 3.002780742119368540e+01 -4.350485337748474990e+01 4.599536150175859817e+00 4.397403308984269898e+00
-1.710976093073172137e+02 1.592906659897960253e+01 9.932301815908559206e+00 -2.820830498649495865e+01 1.164622258793431087e+01 -3.145314125136643923e+01 -3.651933388041304074e+00 -3.255898784073423968e+01 2.662456785736198839e+01 -3.260028005140053153e+01 3.750542165344989964e+00 -1.198577239254364102e+01
-1.609588647511013733e+02 1.102563717103797458e+01 -5.606611431289420189e+00 -3.737784426120497017e+01 6.950908931950978698e+00 -2.255396781232664694e+01 -3.407506612862335471e-01 -2.419995961841684462e+01 2.247442763664533061e+01 -2.006013878973827502e+01 2.184913560797766863e+01 -5.694517083406327451e-01
-1.303638546276186503e+02 1.718301161374664598e+00 -9.068974444654067213e+00 -2.313055286266683908e+01 3.827440667183561018e+00 -2.061676713139171113e+01 7.330056431287796492e+00 -8.047177410438678180e+00 2.563225403382451262e+01 -2.000598044973898126e+01 1.226909772072646021e+01 -4.292667713235045923e+00
