-9.146506450566319302e+01 3.648818304309801874e+01 -1.424736946979837171e+01 -1.004442648000044258e+01 8.640161991500214356e+00 -3.043092577939087917e+01 -8.128876307793106548e+00 -2.937999768332390715e+01 1.330649147780034980e+01 -5.632342055578016371e+00 -5.183079558022447131e+00 -3.939487208153443554e+00
-9.777336284879001482e+01 3.301701612463568836e+01 -7.338561163469989879e+00 -7.188522716549173630e+00 1.335481781811663105e+00 -2.461146867513713232e+01 6.098526888696389925e+00 -2.239297661109822712e+01 -1.728235373485393689e+00 -1.339386807075363173e+01 -1.221152816030700272e+01 -9.414728626787319143e+00
-8.346446025188892293e+01 3.003023180412834492e+01 -4.814220158619408885e+00 6.131944712082754378e+00 2.911069913527142461e+01 -8.713847092650601311e+00 1.027512778777402680e+01 -1.625026085160316924e+01 -4.040468748968731205e+00 -6.797983135753060679e+00 4.778002106895569590e+00 4.158005963448564657e+00
-7.573196689937387305e+01 3.302737920049889198e+01 -2.001348857560632855e+00 7.854972258315031652e+00 2.905790142756476513e+01 -5.925709071009327644e+00 4.794271099882204901e+00 -2.191150287768332205e+01 -8.316759801276417008e+00 -6.653082655235203369e+00 7.543988001162834856e+00 1.022417174787208793e+01
-6.682939692094758755e+01 4.398007409563232528e+01 1.550160862717467225e+01 5.869904154326262891e+00 2.711132167583963692e+01 -1.825502640765108708e-02 4.778665549634467880e+00 -1.313443514856055749e+01 -3.318106173428258643e+00 -3.277515402798796273e-01 7.785095575313410343e+00 6.133462250017382544e+00
-6.646665666880703327e+01 3.177291294379808306e+01 3.914596602848630091e-01 -5.981741772775315269e+00 2.682341780991478331e+01 1.079044955083136337e+01 8.888389810701497140e+00 4.909961449769226771e-01 2.897192781335775624e+00 -1.743083214187115981e+00 2.141661367141181938e+00 4.937547343998808458e+00
-7.259416742558497049e+01 2.256207444106561155e+01 2.136941763916579973e+00 1.215962961397667108e+01 2.576068324902941598e+01 -1.722924091535487090e+00 9.922383467233419907e+00 1.021306965503963049e+00 5.028712593306726042e+00 6.255089065021362416e+00 1.506184924283029147e+01 4.357481796703155386e-01
-7.653300128749000919e+01 1.812455234542800042e+01 1.776761626498109869e+00 -4.106919468445607291e-01 1.483854600800781398e+01 5.463657132540280514e+00 2.891753375553367089e+00 -4.867998321622754254e+00 5.370151860462271998e+00 1.511891306069687690e+00 9.885821868757970421e+00 4.170333847234710234e+00
-7.982345655423299036e+01 6.597875883498719674e+00 -6.221349002833129305e+00 8.841561431632476431e-01 1.720313763223321146e+01 9.753425181541025779e+00 -5.683651893690537804e+00 -8.414918233135725956e+00 -3.124102853498350818e+00 -4.611989456846422364e+00 3.885818844663435634e+00 -5.505180731728459342e+00
-9.499054962303932825e+01 -4.020917669142746398e+00 -8.297345300548690794e-01 -3.755464387535489834e+00 2.065423005806942047e+00 7.601900370653404515e+00 4.559037964472191007e+00 -1.989395825862373623e+00 -7.841535500802463421e-01 -3.074123005583943247e+00 7.699198177333054893e+00 3.793246442831335941e+00
-9.325532966894132869e+01 8.359538555012974825e+00 -7.655155042011185351e+00 -9.434622783624497799e+00 8.082956784806999195e+00 -1.148472182314658063e+01 -1.527132679744250598e+00 1.424905802881502481e+00 5.827427440089579136e+00 -1.068438402120275121e+01 -7.041688872453419901e-01 -5.598688383980560346e+00
-9.490618546799598221e+01 1.206216267449897828e+01 2.331528035161699819e+00 -3.277195651647488273e+00 5.590232271808490694e+00 -6.095618821748509220e+00 3.223118215962857747e+00 -7.931636651521874803e+00 -8.325628547125594636e+00 -1.466060799783772595e+01 -4.231539757588199890e+00 3.417226082951645427e+00
-9.972797720944323885e+01 1.951087037273997460e+00 3.988118380989941869e+00 1.641492817977362240e+00 -1.277162276349456427e+01 -1.325454648367448840e+01 -2.480315920336565938e+01 -1.891304920605099227e+01 4.404290296823719864e+00 -7.823459531557832580e-01 8.410445393399397673e+00 3.122414248626936839e-02
-1.069564748527850497e+02 -4.104868130221111855e+00 -1.755119791780255412e+01 -1.275677502546740705e+01 -3.884710219434356127e+00 -2.575957323977017488e+00 -5.576125894348241907e+00 -8.871934998950923301e+00 9.632108598722606274e+00 -1.787355959603758038e-01 6.060988215803941870e+00 4.197850014509123540e+00
-8.933383158632577192e+01 7.277267890817991969e+00 -1.164233812720511807e+01 -7.950447841415579475e+00 2.097126643842778471e+00 -2.069496723626462753e-01 -7.283062212722009043e-01 -8.058157096616792359e+00 1.016910895146729210e+01 -1.840480130076519449e+00 -3.353250333084289991e-01 -4.663383408943796660e+00
-1.116898501193488755e+02 2.306998903415802271e-01 -2.254004054035382154e+01 -1.898791420900999327e+01 6.172077237803591743e+00 3.311934892764019533e+00 1.575068418114117463e+00 -1.458876866117073945e+01 1.567647859382848896e+00 -1.627878084094870559e+01 -1.618570677201897468e+01 -5.248452318651878556e+00
-1.212837391781932581e+02 -1.465105691336653138e+01 -2.685764181906524328e+01 -1.633743900291436191e+01 -1.175036066760759823e+01 -6.393234930034467745e+00 -8.789837160308847430e+00 -1.318291012158030817e+01 -1.031415323812473694e+01 -1.735880228763427624e+01 -3.669345879093720786e+00 -1.083347000109950642e+01
-9.436817735789398398e+01 2.128035819199758372e-01 -2.556234353729963615e+01 -5.074224152463594706e+00 4.283271682221761800e+00 6.069232440840877096e+00 -1.711474975882208760e+00 -5.803028468058610834e-01 1.127258959463303789e+00 -6.324745425228840645e+00 -2.779201937997585858e+00 -1.866609760008320507e+01
-9.065701587887110691e+01 1.091226706983284611e+00 -1.365789055464923507e+01 -3.578120086290439872e+00 5.682458825476303765e+00 -4.534167208712716501e+00 -6.997366518667215374e+00 -9.376802247856886652e+00 -2.478220152941790211e+00 -1.376330328132161007e+01 -1.176206853609571645e+01 -6.478544669627374297e+00
-9.903915493431179584e+01 3.733073473003958309e+00 -2.267942942047327648e+01 -8.560332289767778491e+00 -1.164317525164738854e+00 -2.380744744052416451e+01 -1.139583196931708287e+01 -1.547660438821552553e+01 1.018150069803557400e+01 -1.366474469315786600e+01 -7.085851532462109859e+00 -4.135098455448424914e+00
-9.927152702372735860e+01 3.796707325680303668e+00 -1.217710409268835825e+01 -3.207288183115706737e+00 -1.453672339007044734e+00 -1.501399830982930617e+01 -1.241909953856936077e+01 -8.505052629976066925e+00 3.625767470487120114e+00 -1.183645168145544169e+01 -9.320898591571145531e+00 -1.925096862082300575e+00
-9.326040641308750878e+01 5.280067899714291357e+00 -1.175357142197102434e+01 -2.561693449617351348e+00 -1.125307813719550154e+01 -1.532850100481573463e+01 4.701304570274155381e+00 -1.424517308341604682e+01 -4.672782411054241081e+00 -9.164719731170341888e+00 -2.582196217960733620e+00 -1.212778778571763993e+01
-8.406332518842161505e+01 4.938672471086446691e+00 -8.337080143198260629e+00 2.714727874024902121e+00 -2.734752775723317875e+00 -3.867161080822990815e+00 -9.317980169550629910e+00 -6.763076878845869722e+00 1.029595099763190191e+01 -2.227066093265987590e+00 -4.085532245712537147e+00 -6.120044058200702075e-01
-7.803574461569954224e+01 2.206220083174353253e+00 -1.824207340986503567e+01 -1.711956400666423406e+01 -1.718566166128604422e+01 -7.644106276138982636e+00 -4.170521417274455800e+00 -1.259748933620307199e+01 -4.447423709618927745e+00 -2.067467426983737866e+00 8.270783493651112650e+00 1.260272505224111583e+01
-8.247747496690924152e+01 -9.660408330328174031e+00 -1.797014587702048516e+01 -5.361845127786582843e+00 -5.709839888016606579e+00 -1.653514982523592636e+01 -4.082650543503652862e+00 -2.282285155115451403e+01 -2.158660526472482744e+00 -1.953320735469046276e-01 9.961515823667861369e-01 -7.045257697780207273e-01
-8.959575499070913907e+01 1.416645170904406781e+00 -9.149872604013024713e+00 -1.394136664721465557e+01 -2.217935589719908762e+01 -2.123989561608225074e+01 2.283602873645952158e+00 -1.535688226061701656e+01 -3.126868975367683490e+00 -1.115975183858856390e+01 -3.220720456307722745e+00 1.102972054180801909e+00
-9.320243670237269384e+01 -2.054955353305496946e+00 -1.712118960601207718e-01 -1.848378741794582059e+00 4.689487224853930769e+00 -6.470155361995617582e+00 9.116596662770515280e+00 -1.730665295800520909e+01 -4.304346606259262131e+00 -1.169462338356511921e+01 -2.293132352857898404e+00 -3.829630853740474628e+00
-9.397314829761549504e+01 8.853525806707843060e+00 7.921812068764718662e-01 -4.480135620612612612e+00 1.117082753349449575e+01 -1.283911511163282704e+01 -2.516500342939285151e-01 -7.411339340594134129e+00 -1.311259731806069251e+00 3.422918411948949746e+00 2.179929037584971585e+00 4.188830704317345166e+00
-9.929745176809686313e+01 8.299652551411231372e+00 -1.332364744770072917e+01 -4.338660460091004367e+00 3.847435809715326283e+00 -1.314812276995306561e+01 -8.929923314441172266e+00 -2.048884508292374562e+01 6.123671237223906605e-01 -1.240771595495519630e+00 -1.012403233526048396e+01 -4.185967284433398383e-01
-9.734423414093518545e+01 2.536298323656242637e+00 -1.742534047846127976e+01 -1.256540752548167461e+01 -4.355919468744643197e+00 -1.282925882021661934e+01 -1.114963857117474433e+01 -7.094492915329351668e+00 3.833971169426876990e+00 2.592181698004942803e+00 -4.667864370489748893e+00 2.826506610872023817e+00
-9.689921798390676599e+01 -3.635873158739811650e+00 -9.197911570301579687e+00 -1.208796512209818275e+01 -6.117423626407148873e+00 -1.787199749834876172e+00 6.661549668426335558e+00 -1.152760697199421758e+00 -3.015007576757155583e+00 1.900999029720479072e+00 8.155450952042530233e+00 -1.640280127093965090e+00
-9.714989980937738778e+01 -2.032906111029455509e+00 -1.507576485279638234e+01 -1.373734564517945245e+01 -5.542783136091100182e+00 -1.570931485564252483e+01 -3.793680494006830273e+00 -9.485480972342756445e+00 -8.634298836818778966e-01 -2.889925421629042646e+00 -3.027168332136639606e+00 6.434862102506573311e-01
-9.373200771126792574e+01 9.020033067503803181e+00 -1.901803998857408118e+01 -1.188018794908708742e+01 2.167033905812569827e-01 -8.184363097246226459e+00 5.713501945849186470e+00 2.909596709785611690e+00 8.299392292351477352e-01 2.854196773355196282e+00 2.810979855863678267e+00 -7.104329749988911757e+00
-8.806748000377513108e+01 -3.676083039853219248e+01 -3.816027828366173935e+01 1.152010025672456450e+01 -7.004594455620017257e+00 -2.956884872029772282e+01 -3.519185715812638193e+01 -1.066415779618430193e+01 1.628845814916670776e+01 2.746347394585391299e+01 1.404632812481376369e+01 -8.325462528479535607e+00
-7.439506203898102399e+01 -2.515244761219786085e+01 -2.780092698260526163e+01 1.801963020455506381e+01 -1.509140869007526220e+01 -2.661339586845911498e+01 -3.770752704557693846e+01 -1.259836049253434531e+01 6.285684157189517229e+00 2.285449766155047513e+01 1.098081211385710532e+01 -3.271194519137122114e+00
-4.792163631749194508e+01 7.432061525521662659e+00 -3.276840847988791694e+01 1.630820110596717143e+01 -1.538791520373013810e+00 7.735519219756676890e+00 -4.903106388953830219e+00 -2.186068475884770379e+01 -1.463105927774615722e+01 -1.501537716552359036e+01 3.911772493502512660e+00 -3.714745088356654179e+00
5.700044756654986111e-01 6.561410789771676377e+01 -5.590516639045000602e+01 -3.522706555406398987e+00 -3.441538566246598663e+01 4.540435184825909687e+00 -3.479273658649704259e+01 -3.404108048836656764e+01 -1.807829805106990051e+01 -3.207108592863860252e+01 -6.309734078880916641e+00 -2.558682524341750764e+01
4.794703172443375649e+01 7.934389250387162917e+01 -1.034020469600077661e+02 -2.790338360136830431e+01 -5.013747441549548967e+01 3.334434515289483869e+01 -5.212980901838449199e+01 -5.099966997984331840e+01 -5.062330421755603105e+00 -3.916023208079255369e+01 1.511170959955349780e+01 -1.911097786100029694e+01
4.503453265728757060e+01 6.626749448617707117e+01 -9.982292514592259636e+01 -2.533828032160085542e+01 -5.390225675602223987e+01 3.639056171132552464e+01 -6.067566582721278223e+01 -6.727860785114354769e+01 2.019701908503008525e+01 -3.317137118090201398e+01 1.354636558982299022e+01 -9.498560063918166207e+00
4.897674413245565006e+01 5.486565175984843279e+01 -9.136858165976708790e+01 -2.671397449295467652e+01 -4.929510901578451865e+01 1.805015939850544271e+01 -6.267075054484299557e+01 -5.951213904056210424e+01 1.989318933774199749e+01 -4.178630093409865509e+01 2.675513244498261756e+01 -1.977180991867505000e+01
3.813108548998145864e+01 4.624899609788080568e+01 -7.963835915427519296e+01 -2.265389905761299261e+01 -4.951566549265839967e+01 -1.317603222290692155e+00 -6.770833568122964152e+01 -5.425845891058168036e+01 2.021024362482712888e+01 -3.974284763603714055e+01 1.170452611313391245e+01 -1.729690177114297001e+01
4.645547023954533472e+01 4.998096612417648288e+01 -5.176945724537681315e+01 -3.030474755992825209e+01 -3.327998409661764612e+01 -7.297309555301493944e+00 -6.197883100417652713e+01 -4.668841940845448590e+01 2.280547861224196993e+01 -3.343070811530262887e+01 1.395062900841409714e+01 -1.688659879208972825e+01
6.265433524341261773e+01 5.415161532846797598e+01 -6.009845332262466400e+01 -3.733375781396858883e+01 -1.326539054803915008e+01 -4.009728797393536937e+00 -5.509618884525512783e+01 -6.144402899192258616e+01 -7.915833631061033770e+00 -2.823950705281981755e+01 -1.032332174672961500e+01 -2.327647021806254912e+01
7.974665190202480858e+01 6.341228612896965444e+01 -6.138624935180405373e+01 -2.795581968522980532e+01 -3.391832437249608478e+00 -5.649227953895361587e+00 -4.352333017510567004e+01 -4.570961511350822093e+01 -1.615059573607150867e+01 -1.951161110082026084e+01 3.272429581846480584e+00 -3.911531882985358699e+00
6.195143912830562272e+01 7.319391101934826338e+01 -4.444900778643982164e+01 -3.556661012824311285e+01 -1.956766057450980512e+01 -2.864380722967584347e+01 -2.818973781178390681e+01 -4.354112751625848432e+01 -1.791421509229542863e+01 -1.761158476891704083e+01 -2.628429035783497181e-01 -4.814923149563711036e+00
-6.819266179996866128e+01 3.101870461289884418e+01 1.796048329197910576e+00 -4.870518216209131879e+01 -3.045030347753641564e+01 -3.938616293306127147e+01 -3.373665703146616579e+01 -1.998866443703617080e+01 -2.901404973367575479e+01 -2.078733731986716293e+01 -1.799644269570523925e-01 -7.934255415743914241e+00
-9.711810692949168811e+01 2.395637941376661928e+01 -2.736519332877060062e+00 -1.409725389183420319e+01 -9.587326499661267931e+00 -5.860784575048432998e+01 -3.732787159492999507e+01 -9.951578921703912783e+00 -1.723970292860123976e+01 -1.666630124522271927e+01 -1.464640480877377549e+01 7.007694644695279251e+00
-2.600806034697285796e+01 4.421782153364246426e+01 -3.739428839567953133e+01 -1.964879938783655966e+00 -1.384262352984302069e+01 -7.058994289177300629e+01 -5.232505195320708680e+01 -3.348314704149449028e+01 -2.902923683173828096e+01 -1.184652584149654153e+01 -1.971628754461968569e+01 -1.212047907412264891e+01
1.271798432692827774e+01 4.553492095755287750e+01 -4.629637406070396111e+01 -8.373865373257919131e+00 -1.926659007203955554e+01 -6.903187427245271124e+01 -5.203297283161220577e+01 -4.899419930559940894e+01 -3.962553834883596693e+01 -2.439328158787245737e+00 2.384995062687833567e+00 -2.123423686642809116e+01
3.727841946554796948e+01 4.646676521168605234e+01 -4.672343617683313255e+01 -2.344731652046052162e+01 -1.890040996477280189e+01 -5.407811794423854224e+01 -3.580707781321436300e+01 -4.075286544674685274e+01 -3.983778288640228737e+01 -5.153724326363043673e+00 -1.132486797369640286e+01 -2.609510137827238196e+01
3.794479930913337284e+01 8.807994472252821083e+01 -1.754287051330777558e+01 -2.323861996368130889e+01 -9.944295398203312430e+00 -4.688261861322939694e+01 -2.602805776756681055e+01 -2.703160459843262942e+01 -3.125398906052712888e+01 1.514053871893109360e+00 -1.484065679554587902e+01 -4.221917069062304684e+00
3.134997345682904779e+01 7.790410179666571366e+01 -4.183657109226121662e+00 -2.376566936930857565e+01 -1.766059457949048728e+00 -4.708358381231624890e+01 -2.987212841177802147e+01 -3.865867249413410889e+01 -2.346381291420963677e+01 1.375730791598689606e+00 -2.770717191873721319e+01 -1.730625710561750097e+01
1.968124254397378792e+01 7.590783458534070860e+01 -5.046528426369922826e+00 -2.552871024047257720e+01 -9.736619983357318375e+00 -4.762411750068292804e+01 -4.638789808959002414e+01 -4.335010428080514799e+01 -1.757197774259006806e+01 4.628290859677244740e+00 -3.234766170468799373e+01 -1.463730496864217656e+01
2.478908479842360180e+01 1.684388512638383517e+01 -5.853215014550893613e+01 -4.645373889116238075e+01 -1.888434431869519514e+01 -2.489054068837847922e+01 -3.516780520443210634e+01 3.427475522840951250e+00 -1.405042503854272873e+01 2.117903396807205851e+00 -3.705333529079022270e+01 -1.438101042487773640e+01
2.018250279016027449e+01 4.022183018554660094e+00 -7.277283325719790241e+01 -5.211265187941729238e+01 -2.300256077129873233e+01 -1.353335266336355147e+01 -2.973696365568478228e+01 8.160445029794701099e+00 -1.727357596689268604e+01 8.911159264959685800e+00 -3.580435418795133273e+01 -2.292354483373964769e+01
3.414468838500727088e+01 2.637758453285659854e+01 -5.192155081234767522e+01 -5.630109833848842271e+01 -4.112315857577064548e+01 -1.738029971482220049e+01 -2.296105533772482232e+01 -2.180721062077005712e+01 -4.365508739165261431e+01 -8.890884447465272622e-01 -7.877923549635109879e+00 -5.414237486572256230e+00
1.458535236338672192e+01 2.297728805767549787e+01 -3.031152216429949675e+01 -3.866186841573588140e+01 -3.257083423830036395e+01 -2.071339873318337510e+01 -3.037662951230619512e+01 -1.483374881112323429e+01 -4.451043432762334362e+01 -1.156751029240387751e+00 -1.610331607667368914e+01 -1.113425133009003432e+01
1.001515265946694626e+02 4.495822492706776075e+01 -1.334829865380922342e+01 -5.040433081899366385e+01 -2.538760928409872264e+01 -2.072838210118835889e+01 -2.221151410895442169e+01 -2.156543604132878755e+01 -4.990070125502163734e+01 -3.979482063262262059e+00 -7.309867716020235662e+00 -8.377819937607455358e+00
1.172990937613185594e+02 2.515268316138629245e+01 -4.427750381652887057e+01 -5.804847039225661831e+01 -5.276086677109654488e+01 -2.790308205925521179e+01 -4.133296821005246358e+01 -4.200869907433755657e+01 -5.615473747986597175e+01 -1.893099948874897365e+01 -5.443410138868594927e+00 -6.619902782681625908e+00
1.302503826701037042e+02 3.910939735406751083e+01 -4.190629000676842963e+01 -5.709230464573293773e+01 -6.915045087139134239e+01 1.323805977730860839e+00 -3.454432190887434473e+01 -2.821820216299301620e+01 -4.992683484074881051e+01 -1.691691975712410922e+01 2.154371982474977187e+01 4.178400798706878305e-01
1.078756686191600949e+02 3.470835039750505757e+01 -5.017132378429381134e+01 -5.088508310386042410e+01 -7.268401874854210121e+01 4.988694856331271410e+00 -3.340840396208941598e+01 -2.401473329899460651e+01 -3.523377675304077883e+01 -2.536530436304714442e+01 1.878461734245022186e+01 2.053824069325811408e+00
9.881285045776365905e+01 2.336307208049133166e+01 -6.885428055376577561e+01 -3.188236823241679474e+01 -8.138998783463844688e+01 1.574790265923922128e+01 -2.717317895459018118e+01 -3.194103029990149523e+01 -2.633511599374152468e+01 -1.801727837151372569e+01 2.003761481373572195e+01 -1.854967503149953600e+01
9.135641340738189342e+01 4.806922255420925438e+00 -6.613978114651771989e+01 -3.517958118947120738e+01 -8.378274122922415756e+01 1.705369541970538450e+01 -2.201217135344025522e+01 -4.341523441994090149e+01 -1.806263765522663789e+01 -2.424681357812671934e+01 2.803550370488930099e+01 -2.868382246780318212e+01
8.341247083057993450e+01 -1.960399423792957174e+00 -6.056610298966219830e+01 -3.634364506942900164e+01 -6.856628110389586084e+01 1.834262458518336558e+01 -1.853746094786531273e+01 -3.957684405925662929e+01 -1.113642005981349570e+01 -2.608204397430974097e+01 4.017904764510598170e+01 -2.778715637268953742e+01
6.618138669461012569e+01 -1.470932185732429787e+01 -7.435348688475966128e+01 -4.193488695020586476e+01 -7.059468107457735186e+01 1.156009334018449763e+01 -2.552304694181357192e+01 -4.545084404976388726e+01 -8.688252766587009290e+00 -3.749311128737798526e+01 3.686666859882738834e+01 -3.266130900456695940e+01
6.323799839576102499e+01 -2.037875641894793688e+01 -7.506997449550348733e+01 -4.115766210840493500e+01 -5.850698008816056017e+01 1.081781961008776349e+01 -1.248662524706869625e+01 -5.524812121714997204e+01 -3.143790050626060761e-02 -4.085826381736882240e+01 3.419190587054963970e+01 -2.771466980971566585e+01
6.504102368608052132e+01 -1.840105378439883310e+01 -7.255824506688162501e+01 -3.271456810072014321e+01 -5.072100714299548940e+01 5.464762484968540335e+00 -4.061682595989532629e+00 -5.492496711268945120e+01 3.615377457435863473e+00 -3.514211164152148825e+01 4.237964819500645319e+01 -2.443512462442303246e+01
4.947267321101510618e+01 -2.704372821748302158e+01 -7.828728346728539123e+01 -2.374404043728438296e+01 -5.048390579628147634e+01 3.706505429006852204e+00 -1.612837296283984401e+01 -4.836946097061066041e+01 -1.149159529271742031e+00 -3.966036988414472120e+01 3.862924228232159862e+01 -2.708510874912379052e+01
3.528451243722246033e+01 -3.464602953672570607e+01 -8.388161754181170693e+01 -2.229874133278040915e+01 -5.784712896161973816e+01 -4.693050516593259225e+00 -3.451280486964616756e+01 -4.769093191209722704e+01 -5.738865062959784602e+00 -3.692464788255220043e+01 3.111982214930691981e+01 -3.255711087402283965e+01
3.069111851522934487e+01 -3.540692776311605172e+01 -7.453571948711902451e+01 -1.339579767908482033e+01 -4.980317476805862498e+01 -2.519039942383567166e+01 -3.386208928341616797e+01 -4.697518952890980160e+01 3.763518556627571954e-01 -3.011094285220198330e+01 2.290935182535972814e+01 -3.230861315983155180e+01
2.475626760999625731e+01 -1.485303075103128201e+01 -5.504226482858101832e+01 8.898859497867062984e+00 -4.587457953109385755e+01 -2.541693156563168543e+01 -4.134869690962970878e+01 -3.522517702820806562e+01 8.790397264322098891e+00 -1.796928914954568057e+01 2.102872762672067353e+01 -3.253704789119630902e+01
7.544552548125528446e+00 5.078427184592806398e+00 -4.355338832493922041e+01 9.834827979374474172e-01 -6.611195756362111808e+01 -3.595845928228958854e+01 -5.038258344797463906e+01 -2.486352219582172651e+01 2.359660203022501790e+00 -4.082503811872908273e+01 1.431615035946155068e+01 -3.100271729476499871e+01
-1.695675101607292135e+01 3.268502550027503339e+00 -2.982735108324107642e+01 -1.118211120861814933e+01 -5.415280965913363787e+01 -2.912741759418985055e+01 -3.794493251788124155e+01 -2.486208869021641377e+01 -8.308526641437426363e+00 -4.199516126295113594e+01 -1.639903307335116978e+01 -1.139204764553311477e+01
-1.016779329746593135e+02 1.422205640133160109e+01 -1.599868966546659443e+01 -3.732864431833999674e+01 -2.789346124310513630e+01 -1.570887718103801056e+01 -2.350437592948414789e+01 -3.118214743523146204e+00 -1.523390849448094819e+01 -3.724799559386960368e+01 -5.533782166011874892e+00 -1.051076337984908626e+00
-1.492380002426626504e+02 -6.099528536958951364e-01 -2.271102033661726693e+01 -4.318013703009631854e+01 -4.127332661660628332e+01 -4.015166236974884129e+01 -3.893216647659992447e+01 6.691654391311584682e+00 -1.880583779243334419e+01 -2.786874487038953774e+01 6.305954200897717854e+00 -6.000825162497507748e+00
-1.564079711314408314e+02 2.388879253826912219e+01 -1.375006135752751746e+01 -3.813410921155499977e+01 -4.436608187541798998e+01 -4.316012020387509551e+01 -2.919796971159500742e+01 1.224679358831400577e+01 -9.143895355788401957e+00 -1.246263294116567089e+01 2.006193161255716007e+01 -6.528765962386318122e-02
-1.785521546788921228e+02 3.573801755157823834e+01 -2.563552484972317203e+01 -4.012786562695848147e+01 -4.896794418400631344e+01 -3.795492083200305444e+01 -2.688322495083939856e+01 3.888724335355912221e+00 -8.455667521396271979e+00 -1.752495910215309749e+01 7.632837066534666981e+00 -6.084671539537660934e+00
-1.869657625102155407e+02 2.411651492287739984e+01 -3.799177165197713180e+01 -4.581677995349001264e+01 -4.527713099215131365e+01 -4.459633776420574236e+01 -1.980174384393182407e+01 1.901812176633861284e+01 -1.344228452181373612e+01 -9.852823782270583308e+00 3.953996163697644839e+00 -9.681436199361641570e-01
-1.676903229332073408e+02 3.915234862482499523e+01 -3.860291855088749458e+01 -3.985021193765575731e+01 -4.131608665786994550e+01 -2.704468094461169514e+01 -2.074362156129911483e+01 6.554998919703081128e-01 -2.744688764221172583e-01 -6.330987269004967999e+00 1.073908945650502211e+01 -5.759400118773747579e-01
-1.838123185575952903e+02 3.932033621640699295e+01 -4.444833726507833660e+01 -3.707742393583339435e+01 -5.376819557358304991e+01 -4.210639773964351207e+01 -2.726293735684215847e+01 6.302220750707670405e+00 -2.679307344113176725e+00 -1.837051912894912098e+00 6.705336851934575293e+00 -2.003118292883748097e+00
-1.940193039755802147e+02 3.901166116281431329e+01 -6.360200509847437900e+01 -6.222612390926026649e+01 -4.454716738721680258e+01 -4.253030442294775071e+01 -2.377394845697550707e+01 -2.982489789243917500e+00 -1.338315577034176806e+00 2.084262041012447941e+00 7.520355252944654012e+00 2.583417752358636132e+00
-1.997297900910728004e+02 3.423916322813647639e+01 -3.597229441666343064e+01 -3.731315353449836891e+01 -4.785796633225129426e+01 -3.457644005392181441e+01 -1.579364711211740868e+01 4.194501855840741200e+00 7.161975089379435389e-01 5.364602764242426325e+00 7.504459199084305254e+00 5.235005704566800588e+00
-2.004085522739597991e+02 3.414081961647745089e+01 -4.013297401235551831e+01 -4.150455175116037765e+01 -4.440878498820363518e+01 -3.501060694951576835e+01 -3.542787799970900409e+01 -9.692066785197365419e+00 1.567292917544171882e+00 1.473060347939875392e+01 2.432911261576441575e+01 6.205878394113206298e+00
-1.960507135835298413e+02 4.704598948890553345e+01 -2.314003007021662484e+01 -2.176230966155270607e+01 -2.705746723458447178e+01 -2.862120387334965699e+01 -1.972306152561144188e+01 -1.979092813586082045e+01 5.817046974262747305e-01 2.613067418782808460e+01 2.792110821510336649e+01 4.372038541764981190e+00
-2.241678971995862923e+02 2.889369731146082643e+01 -3.369557696292515914e+01 -2.240356382616036512e+01 -3.942885576560475158e+01 -4.672479279109172268e+01 -3.222966215274459501e+01 -2.456646561670003237e+01 -9.899554627945926555e+00 1.730492909372840771e+01 1.943697340095389947e+01 -1.806486850095662788e+00
-2.078988629976016114e+02 3.878764604889601486e+01 -2.905188697180664548e+01 -2.280692888545083008e+01 -2.632849119257685544e+01 -3.035992705442136952e+01 -2.768669909730543566e+01 -2.001347100574034243e+01 -1.489530326752475986e+01 7.067495642865022631e+00 4.411378712697436200e+00 -6.043505799893893027e+00
-1.638148632862400120e+02 4.123291205161172712e+01 -2.683391975860221024e+01 -1.289255171203080685e+01 -3.517566258875803697e+01 -2.975384917000970830e+01 -3.115796285786011666e+01 -3.052655990789650531e+01 -2.014405393499720631e+01 1.663981291396180495e+01 -4.004764189903369243e-01 -1.271211667126419265e+01
-1.608748134296580474e+02 3.734091774754798365e+01 -1.532312145153537308e+01 -2.845348446353102290e+01 -3.742076935952712802e+01 -4.615515333309411972e+01 -4.180969408884534744e+01 -3.390412439011731749e+01 -3.464159907256848214e+01 -9.048827605648025241e+00 -8.011174827442767210e+00 -3.179570940818521407e+01
-1.049415479087192011e+02 8.438895862382986479e+01 1.525505832681373164e+01 -1.358365233459333687e+01 -1.240542598253907869e+01 -1.943543381536212422e+01 -1.341483582301748356e+01 -2.085397799594564816e+01 -2.043271572212005793e+01 3.765678966554000251e-01 -4.303167746023245144e+00 -2.060502790046958665e+01
-3.004271226996748823e+01 9.142716377569018960e+01 2.086674411475761559e+01 -1.671763371256948005e+01 -4.191905312543211437e+01 -5.220881500617529980e+01 -3.433203777760189723e+01 -4.297610144746169425e+01 -3.211819261420514238e+01 -1.594017932626593037e+01 -1.782606118626310021e+01 -3.230826876689842919e+01
-1.438299364065897024e+01 4.134414628235548150e+01 3.262549184077386855e+01 -4.615145461758238099e+01 -3.839362472610186217e+01 -1.220467231554020060e+01 -4.704418435125048603e+01 -4.171143456160825735e+01 -4.217208553255079551e+01 -2.245260987543246500e+01 -1.989092386374592536e+01 -2.833038246688279216e+01
-1.590851100491525649e+01 1.753713860117433754e+01 3.735885257816073590e+01 -3.512624261950487181e+01 -3.370064360443062412e+01 -6.735661339948686432e+00 -4.188175287195296903e+01 -2.851407022414736758e+01 -3.186725980863830543e+01 3.943611936771951321e-03 -2.144572405458887054e+00 -3.000088447906141553e+01
2.235572302573276460e+01 9.540149594518037901e+00 3.072884270804837392e+00 1.526435159978863254e+00 -5.333179417972245062e+01 -2.280617389429474429e+01 -2.962973635509981563e+01 -3.863280349882498399e+01 -3.914937267802135779e+01 -7.583470168695305436e-01 9.637855003759026928e+00 -4.819330733884474682e+01
3.696775229184317446e+00 -7.131507138453760941e-01 2.338990881372966513e+01 -1.142009951092631148e+01 -4.499629348656574734e+01 -1.937101703460228919e+01 -3.924406159181431519e+01 -2.839437094903306757e+01 -3.115981031341862462e+01 -6.845364234923760449e+00 1.115749837736860428e+01 -4.187973764701536084e+01
-3.481611448396853348e+01 -1.774186596018576267e+01 3.919835064983965367e+01 -3.539002377006928413e+01 -4.035539750190877584e+01 -1.831952263507439582e+01 -6.150486809388483778e+01 -3.104077236618430646e+01 -3.207716695319195566e+01 -1.597741850654329454e+01 2.986303674338365965e+00 -3.420274476183633539e+01
-1.159658560363807212e+01 -6.353060928264540053e+00 6.777135212654044061e+00 -4.400745587142743886e+00 -4.570249782275075034e+01 -2.051411162578377301e+01 -4.202942531167880702e+01 -3.038548130297728278e+01 -3.083555472423775967e+01 -1.802310009773071542e+01 1.106680911591512384e+01 -4.580737062980742991e+01
-1.040972783239880073e+01 7.438802486646398648e-01 8.790832917672691593e+00 -7.309047500594571645e+00 -4.481298140182417455e+01 -4.204593857772199073e+00 -4.785525624774996345e+01 -1.860252391247751902e+01 -3.248373367597935868e+01 -1.846454824757116242e+01 1.418858398105845353e+01 -4.693957480216229783e+01
-2.337188482954224256e+01 -5.856463485264730373e+00 2.542107725709546173e+01 -1.368552535822381522e+01 -4.605742304405751497e+01 4.405941367334589742e+00 -5.023677564889328551e+01 -1.803217227639425602e+01 -2.818170838145096369e+01 -1.885125270697724531e+01 7.715661064835662941e+00 -5.385397423035730213e+01
-2.652791330685534277e+01 7.873063966122755275e+00 3.042830826102126096e+01 -2.174192453917790857e+01 -4.344347262318784431e+01 9.938865608153864883e+00 -4.316091074703066255e+01 -2.641938990573245150e+01 -3.051605112557961164e+01 -2.141694883613482503e+01 4.951566223114659770e+00 -4.595791107056452063e+01
-2.289562172733617373e+01 2.168670319329335783e+01 2.961115154561689877e+01 -3.999139289535663977e+01 -3.897658648134139270e+01 2.601012580499318005e+01 -4.051203425499807054e+01 -3.275445057241820734e+01 -3.367181600539687736e+01 -2.505218099431482415e+01 5.275126782419851779e+00 -4.435404402880440955e+01
-3.132474954299162917e+01 2.850950780192412282e+01 3.322625142388116615e+01 -3.718888882573834564e+01 -4.000172781211136908e+01 2.681725260489584883e+01 -4.363583709649832088e+01 -3.050065869509369776e+01 -3.049693241834643942e+01 -1.978422272721046227e+01 6.319467441600540525e+00 -5.372576062192506186e+01
-3.366812804113875757e+01 4.059022107650061884e+01 2.830709673576712859e+01 -4.932172126609293628e+01 -5.213867682992739105e+01 2.118722697705949187e+01 -3.739082738944017592e+01 -4.362493529851675333e+01 -3.474857944747462568e+01 -2.198231396672663607e+01 2.143297505634126576e+00 -5.243770096069865616e+01
-4.516818518380674163e+01 5.990830884277394830e+01 3.612442705344751914e+01 -7.120356934495080736e+01 -5.368363113363606232e+01 2.421414346565359921e+01 -3.166891011958813351e+01 -4.436703267619784441e+01 -2.999743287320997354e+01 -1.597305430159684647e+01 7.662567931344277383e-02 -4.845572035205596961e+01
-5.168821562204941245e+01 5.871183134690024730e+01 4.815874174965023258e+01 -7.443993577313167975e+01 -6.134602428703249899e+01 1.084711129359999582e+01 -3.328880714190951551e+01 -4.507719233593015673e+01 -2.512007160772877512e+01 -2.274750851010234243e+01 -1.225054436499420873e+01 -4.062436278249172261e+01
-5.112779405219963280e+01 6.816111153035365078e+01 4.220589471363722112e+01 -7.741694031469035053e+01 -6.338138801584028670e+01 8.743590844446671895e+00 -3.624862929414842938e+01 -4.603421781789590739e+01 -1.962203226624971819e+01 -2.022448206535968751e+01 -1.185043097733867867e+01 -3.051905401670725482e+01
-2.767219367695995658e+01 8.295952371985362106e+01 4.880220674753396537e+01 -5.993594290512523060e+01 -7.146674476609109661e+01 1.550228674851509325e+01 -4.536918540447698689e+01 -3.616999197422308043e+01 -1.632619081762458890e+01 -2.562826749088059586e+01 4.801409462095806546e+00 -3.286024080383099033e+01
-1.674290399725654055e+01 9.979156838036178101e+01 5.086528817360559884e+01 -3.794917452529629998e+01 -8.496708838728491742e+01 -8.120472175794098746e+00 -6.052353621017971363e+01 -4.682088979497217451e+01 -2.290895726075916983e+01 -2.320167951869397882e+01 5.998049548677641063e+00 -3.482040037863180970e+01
3.482874242372003160e+00 7.845618084859012242e+01 2.655461863814908696e+01 -3.040117234150806880e+01 -5.761601161018573691e+01 -1.617676712454288435e+01 -6.197265071945952286e+01 -4.700930479583983868e+01 -2.371755879763288988e+01 -3.914920729411068123e+01 -7.246061898085539354e+00 -3.954659748975802103e+01
1.099089977393234818e+01 7.429173805958180310e+01 2.461573193498372447e+01 -4.052356210280787963e+01 -4.137941664805859432e+01 -3.253953359765952058e+01 -5.601911847593129323e+01 -4.993168277162843083e+01 -1.798136815334904526e+01 -4.067866384785180145e+01 -1.119330899071606389e+01 -2.212426603702062877e+01
-6.714197240927433086e+01 1.040191243727226720e+02 6.631451499657393356e+01 -4.066854919839467186e+01 -3.970268219484677275e+01 -1.400501873923800922e+01 -4.573205797655380422e+01 -4.689750561413589480e+01 -1.905482183875614766e+01 -1.785985531558245754e+01 -1.789350469251920828e+01 -3.172346962313194130e+00
-6.801002809493073187e+01 1.073874329206441018e+02 6.140597303858758949e+01 -3.741238189070465836e+01 -4.849352096047158511e+01 -2.409911631480290595e+01 -4.789152432300760154e+01 -4.526157974366768855e+01 -2.223973680191237179e+01 -1.914078252662319102e+01 -1.502388166385848756e+01 -1.474004697806543440e+01
-3.189990652217153411e+01 7.800614477692317905e+01 6.903130846516737051e+01 -3.497166217515370334e+01 -4.753438772097660348e+01 -1.667415779847116752e+01 -3.701046688659171480e+01 -5.339944974992475579e+01 -2.804539411510364033e+01 -1.421581055334051413e+01 -1.193046085805228174e+01 -6.568858302212883693e+00
-2.795436238276758445e+01 5.475250652815384456e+01 7.455558733259240967e+01 -3.858175895038518632e+01 -6.074249899403924502e+01 -2.254394048572993725e+01 -4.089571234625709195e+01 -5.541326375526046633e+01 -2.388541978159660673e+01 -2.908029468671089290e+01 -9.467108382769758634e+00 -3.279104388166603545e+00
-4.928658508239089464e+00 5.551841853262239113e+01 7.778695657771916672e+01 -3.219978157653524420e+01 -5.359713365481005098e+01 -2.227444408711021140e+01 -3.659177758967082639e+01 -4.800153226893517200e+01 -2.497256323561889246e+01 -1.703389655715515971e+01 -7.624181709616770775e+00 -1.548726610749392307e+01
-1.022436112312341550e+01 4.498054073563623234e+01 5.256770823244494295e+01 -3.109126229219634041e+01 -5.138778594348140416e+01 -3.602049354377888335e+01 -3.931146133069502469e+01 -5.846639153125559574e+01 -3.284126405164150242e+01 -1.721115416504896700e+01 -2.758706708091785753e+00 -4.648743290412680196e+00
-2.280882568398565269e+01 3.728912465590533998e+01 4.667905228818386121e+01 -1.990790527255893494e+01 -3.307571175738249991e+01 -3.743760315458979449e+01 -5.012886942352110253e+01 -5.278865060036676482e+01 -1.862881862723175175e+01 -2.273524528490601071e+01 -7.557252237453128352e+00 -1.944150829171819339e+01
-3.613428263741269575e+01 5.300554781441064023e+01 4.582706427162927554e+01 -2.811711434837049239e+01 -4.199879362277835071e+01 -3.550213856305519045e+01 -4.968103483521397834e+01 -5.716645306733080645e+01 -2.135656219088717478e+01 -1.779041872061321428e+01 -1.354232825588089639e+01 -1.683048341823215566e+01
-2.656851549604043683e+01 5.518805248825282206e+01 4.498925633753391651e+01 -2.699093397015042228e+01 -3.030361622590473303e+01 -3.910834431046778548e+01 -5.390275068018427618e+01 -4.118190048383569746e+01 -1.511045319146370325e+01 -1.672399606258666083e+01 4.266987775473687350e-01 -6.156968878997338912e+00
-3.766826659966529434e+01 3.856332039406689915e+01 4.860124861580946032e+00 -4.460036869035586449e+01 -3.985909779490440030e+01 -5.334554370941309998e+01 -5.096388823770206500e+01 -4.543164556181457669e+01 -2.668472508694642897e+01 -2.515247690120272495e+01 -9.495360978415790854e+00 -9.061445096198360361e+00
