-9.957536122719082528e+01 3.997182497782850952e+00 -4.920997516221284229e+00 1.079541484225484460e+00 2.875639332006548976e+00 3.206401326235979177e+00 5.058481313894851006e+00 -4.778684260612173773e-01 2.636345078570031575e+01 -1.569826794778113932e+00 4.941080590634906677e+00 1.596933825476172508e+01
-9.938820812205781863e+01 7.649724682348534976e+00 6.409562827751580372e+00 1.726600925437717393e+01 4.730821217466083972e+00 8.831027966623377523e+00 1.842241943777112922e+01 9.532067561915834375e+00 2.768930691507356556e+01 7.103260565975526575e-01 9.031600544257549767e-01 2.467871215218062630e+00
-9.641668462485068858e+01 1.820004607120534956e+01 2.069838546681614133e+01 2.606139693351923725e+01 5.562062322253057189e+00 2.449528044513311187e+01 1.967085490596011965e+01 -4.752925404345294425e+00 2.710059786366082690e+01 4.373125660343713861e+00 6.771345426006249113e+00 1.380755742409159481e+01
-1.008963285770962699e+02 5.061819942409490736e+00 1.372098575784271635e+00 1.170374650110383286e+01 7.962992905058463577e+00 5.635874346705358029e+00 1.253573599582787690e+00 -3.964426636757501399e+00 2.355495301170661548e+01 -1.629945738198235627e+00 5.988962058773575237e+00 4.451579829588985682e+00
-1.082801451832358879e+02 3.257464600675132882e+00 9.299189820410319385e+00 9.733239718742543900e+00 1.874232766172980735e-01 1.874162198606651231e+00 3.675242403779385825e+00 3.852843334354432159e+00 3.067518310310072494e+01 1.281252011007703828e+01 1.217911155516998178e+01 9.483808821108958398e+00
-9.858575551722995556e+01 8.054974442696510195e+00 -4.809104129800428673e+00 1.119896639902169611e+01 1.182195278364098634e+01 5.889889482424328193e+00 1.176148025036158273e+01 9.731745790601607382e+00 3.192879778063880991e+01 3.683273347341438964e+00 9.020648950148716594e+00 1.187595910852051517e+01
-8.256537828138333168e+01 1.066026811460475088e+01 1.263832700862501568e+01 7.597838404597828443e+00 -6.299122541404270414e+00 7.103769676461592297e+00 8.319398256069828079e+00 -5.070463075620487814e+00 2.438258057883238550e+01 -6.260649475148440501e+00 6.902552923740353563e+00 3.195682324973133426e+00
-8.558420660291557169e+01 -2.753346840365585990e+01 -4.617322340239226719e+00 2.968631016826596358e+00 -2.924573088359073125e+01 1.041801493375436394e+01 -2.817728113304793780e+00 6.450247723152559232e+00 2.446998480785916286e+01 -1.574687297367116301e+01 1.646553409200539519e+01 -8.538704186197611179e+00
-8.818922049115360551e+01 -5.011495999369269327e+01 -7.836345055632090606e+00 -8.235122980539007642e+01 -7.456487514055902466e+01 -1.555379363395690362e+01 4.671034502026326862e+00 -2.611138960311663482e+01 3.612063489296902929e+01 -3.749561128378688579e+01 1.333538351819553114e+01 7.140301699429492999e+00
-6.913434372773542691e+01 -1.834109439437742139e+01 9.032735962315239675e+00 -5.271511786999879234e+01 -3.562715411386126618e+01 4.212957178954462201e+00 3.436849239404111245e+01 -1.110440173175366851e+01 2.999700960415930240e+01 -2.820712317246706391e+01 4.863688244818005657e+00 -7.211176171539760427e-01
-8.695091529289979349e+01 -5.259415415773496960e+01 5.729113838116247637e-01 -4.642758594324689625e+01 -3.458826603859167648e+01 -6.957527739204591555e+00 2.569631878138658010e+01 -2.543698521173561744e+01 2.884904365567941653e+01 -3.415827759374053585e+01 -1.073675882872232989e+01 2.324388662528640015e-01
-5.740499379771827648e+01 -3.563354942394941816e+01 1.907574965639439313e+01 -2.538477513130797902e+01 -1.448952694793959139e+01 2.113151700215033735e+00 2.054281318586109961e+01 -1.572107574142371078e+01 3.883167695337116498e+01 -2.504420921093976915e+01 -1.885061898390358426e+00 -6.331726215962524940e+00
-6.501468471857080544e+01 -5.186840615752393546e+01 1.287082559055645614e+00 -4.238040154900963330e+01 -2.584031943786467167e+01 -2.356370976763831493e+01 9.674513662574248940e+00 -2.108667823772454142e+01 5.312964684807583637e+01 -1.587889835340785538e+00 1.268890568353840820e+01 9.325648027098816684e+00
-3.095555041784017902e+01 -4.543249201669048887e+01 4.097568000630550600e+00 -4.419416275770107205e+01 -1.444532347377099946e+01 1.348486279693437950e+01 2.355882891114094235e+01 -1.753330506352115492e+01 4.033315344657759738e+01 -2.274454980332262721e+01 -3.702949113059257336e+00 -8.848609322759184437e-01
-4.014308987214346303e+01 -5.663249596383369777e+01 9.332218855398348722e+00 -5.002870968576644373e+01 -3.242456394355899363e+01 -1.012328670603672975e+01 1.501289960186802830e+01 -2.044318358453477913e+01 4.644346511796121746e+01 -1.632641649257101335e+01 1.019213592140753910e+00 1.158215159633908442e+01
-2.747599054723789891e+01 -5.414116152857116759e+01 1.103162785649992728e+01 -5.245184077052900307e+01 -5.639980342237855382e+01 -9.366913566864649709e+00 9.398629545092067161e+00 -4.240049466695552383e+01 5.295193418256284446e+01 -2.359625252848453059e+01 -6.462235548215362613e+00 8.702663818511346960e+00
-3.166381224876104739e+01 -3.662163814273540652e+01 3.327260990766705362e+01 -2.550652497091702031e+01 -4.039132211376750092e+01 -8.781008600887172832e+00 5.079914649377133884e+00 -2.946476080266223985e+00 4.856150680567893119e+01 -2.066464550248129228e+01 -1.865247103788858496e+01 9.779490841814148183e+00
2.591628255479096765e+01 7.278978496457750857e+00 2.967978923747261177e+01 -2.548913057312887531e+01 -3.136707685014803459e+01 -7.571204414186634146e+00 1.426919530473806574e+01 -2.670011046981873193e+01 3.964868679216716885e+01 -3.897741272828046277e+01 -2.157460568602990492e+01 -1.536391513893337724e+00
8.019570975424564097e+01 2.012478804899097895e+01 1.145740888813786995e+01 -2.781672920797248594e+01 -2.058217793383786898e+01 -3.808749421114650868e+00 1.039819506452864672e+01 -1.747325853649055460e+01 5.463568510406399525e+01 -2.146043099089191486e+01 -3.319852934188073590e+00 6.277085739277269205e+00
5.279058641756569870e+01 9.791460902651305531e-01 6.198659006899516655e+00 -4.462635797319644126e+01 -3.774225955870907256e+01 -1.389185497012942427e+01 2.654754221869507269e+00 -2.078487084459036538e+01 4.108427519992816457e+01 -3.507282416276433423e+01 -1.460559244475367535e+01 3.161722294449041737e+00
6.985975382663124833e+01 5.776511300821188577e+00 1.164882048964084937e+01 -3.318888261556464414e+01 -4.193993657742369408e+01 -1.364940132302868037e+01 1.877547050719641675e+01 -1.243391245020287883e+01 6.279480092878153386e+01 -3.638503980624898304e+01 -1.151347141608187741e+01 7.059125819040771965e+00
6.698292049695194805e+01 1.183108551017579124e+01 2.098149141946223750e+01 -4.262726744903457643e+01 -3.117313022904811248e+01 -1.351422192422546864e+01 1.733441426824691334e+01 -3.379012988099173942e+00 5.819363079277266593e+01 -3.666232535561606909e+01 -5.603899085782726885e+00 4.485139726285650497e+00
6.375381092460115440e+01 1.665783349581414186e+01 2.088396772362711928e+01 -3.331596752421572205e+01 -3.407839477603529588e+01 -7.046896019701337721e+00 1.333243467904532054e+01 -7.200782562519385088e+00 5.370721997143515125e+01 -2.647858379789845173e+01 -1.805715032700558886e+00 5.072791807591094049e+00
2.460768794343741206e+01 5.591308789986348060e+00 -9.247042323604928171e+00 -7.014406176094038869e+01 -5.495719028936835571e+01 -1.981468997847915503e+01 -3.152834654473559084e+01 -4.071596652543040307e+01 5.582139452479598418e+00 -4.916941488633895574e+01 -1.542593016845966325e+01 -1.046043030172808308e+01
4.403746967346674523e+01 5.757339931738572503e+00 3.416788610444561414e+01 -5.073664625664567041e+01 -4.117506218154156272e+01 -2.325537465361117739e+01 -9.621043887049967935e+00 -2.660542998104286383e+01 3.039572479130411864e+01 -2.811337652012449695e+01 -6.733526322034704137e+00 -3.219177868876948345e+00
5.694401233997220402e+01 2.037913708840139648e+01 4.801992007362150616e+01 -3.041495253459417469e+01 -2.585144440339090721e+01 -9.611189382126969605e+00 1.387508869969670933e+00 -2.148184619983719301e+01 4.607210086521043735e+01 -2.226606598626282718e+01 5.799474532469695021e-02 3.119143945475001622e+00
4.319807481332907884e+01 -7.126417818971058082e+00 3.170859770834959690e+01 -3.464000145627299787e+01 -3.127090796596203148e+01 -1.340536151136941889e+01 -1.563820716583398429e+01 -2.288991756871489613e+01 1.637456793933633747e+01 -3.730675588961116773e+01 -1.653626243096642412e+01 -9.593210166043187215e+00
5.217662302716916400e+01 -1.044116462325620809e+01 4.040085189381935038e+01 -2.030870666358668686e+01 8.642776482270289051e+00 -1.391756084536941218e+00 7.636042157624622462e+00 -7.692119693728964869e+00 2.032664331384115997e+01 -1.871090912709239973e+01 -9.346883338156654730e+00 -3.462911423087180030e+00
4.408892445104883961e+01 -1.995663204311535210e+01 3.218300207646656474e+01 -2.110701562091312056e+01 -2.109262195305415943e+01 -1.390838946069150595e+00 4.252167205173765119e+00 -1.459889740609312447e+01 1.003359269097820849e+01 -4.910869719717078397e+01 -1.851994076653820187e+01 -1.191553072758247112e+01
5.104873406960799542e+01 -5.311094969996828397e+00 5.546512900435568838e+01 -1.684175309311832081e+01 -4.011515398586043446e+00 -5.194335740917885857e-01 2.497726573221585156e+01 -8.367565742423515474e+00 3.258852771048987762e+01 -4.180366990139059169e+01 -8.317387258145247486e+00 -1.376291726843365737e+01
4.914861019185946134e+01 -9.814661589609006143e+00 3.712008341464317596e+01 -2.325842474518441705e+01 -2.414103021542319993e+01 -1.380863382894355951e+00 1.722739756537035927e+00 -1.222944764975190068e+01 2.073211658467521801e+01 -4.110048460663983860e+01 -1.295350657053447740e+01 -1.527233737860595397e+01
6.972570784779765063e+01 -8.842900091404439777e+00 5.223967536678762258e+01 -1.408318788347098049e+01 1.455606282700993459e+00 1.135353460946350879e+01 6.866133389691968070e+00 -3.484558734190215112e+00 2.467035642536791329e+01 -3.021973755836894071e+01 -6.710097323308127137e+00 -1.212357908076139168e+01
3.762937070165980913e+01 3.062865549201683635e+00 1.913543555093288262e+01 -2.950833409751650649e+01 -1.303488815244818610e+01 9.267587395741931633e-02 9.795567933345612488e-01 -3.011601225625538092e+01 -3.702443684299009163e+00 -4.430817391689034679e+01 -2.917870510387204064e+01 -1.106730473745070142e+01
6.859508677543581712e+01 7.395501774641977022e+01 5.417374739200840850e+01 -2.689794618076199484e+01 -5.354784330187724706e+00 9.164716903585853558e+00 9.701505339751825829e+00 -5.379241695830236480e+00 3.085886666215164809e+01 -4.099506422434389208e+01 -1.876188702997403723e+01 -7.628640044504410689e+00
6.417955502088838671e+01 3.363777051693077880e+01 1.850411894036638927e+01 -1.387696280081663858e+01 -7.155893746522713705e+00 -4.276608596534347662e+00 -9.707637503034151294e+00 -2.542123366885653724e+01 9.171252683403841033e-02 -3.006341978206108934e+01 -2.176283198695887577e+01 -1.503423914552283946e+01
3.338828992014100550e+01 6.402982137223378345e+01 6.464154102778908850e+01 -8.294999141427280565e-01 -7.814278273857800272e+00 4.233982063265898432e+01 5.247304421988173040e+00 -2.120582847550903693e+01 5.529426475595123236e+00 -3.265946346046571591e+01 -1.726343327584695686e+01 -7.260212297613769294e+00
8.029496466606289573e+00 4.047416585291937707e+00 2.788375063230281370e+01 -8.656839469806934417e+00 -1.699298354146334944e+01 2.870038108508996189e+01 1.070473346689122174e+01 -2.596347545585211236e+01 1.429158746748924536e+01 -2.044555810679930374e+01 -2.127404015585280206e+01 -1.182657969921029917e+01
-2.503238611040691097e+01 3.701146475171911021e+01 2.788875655819332167e+01 -5.768830872752131356e+00 -6.856095172160928897e+00 2.180833450942468943e+01 1.010429356053690420e+01 -1.683891215265303742e+01 2.819349530575433249e+01 -7.988689076349254847e+00 5.483479575059118538e+00 -3.278795431613588551e+00
-4.991358097433709418e+01 3.539802304334324390e+01 9.987154908664857444e+00 -8.481840156097693040e+00 -1.295406910682038415e+01 9.326112542788049353e+00 1.250444176450117162e+01 -3.986843293243115482e+00 2.933701810593450432e+01 -5.317212151602382697e+00 -7.589266076396466332e+00 -1.935915464585892476e+00
-5.561890501605786596e+01 2.771839061106015834e+01 3.428112860878288259e+00 -7.612872603416718675e+00 -1.159008849678006392e+01 6.303649695232675043e+00 2.060518047444877254e+01 9.109980980205568457e+00 2.420794927828670495e+01 -1.704604613359681053e+01 -2.392889378413615020e+01 -1.513957708970795579e+01
-6.989150852433991190e+01 2.286885306304868593e+01 -5.773677329109342615e+00 -9.704044307391717084e+00 -2.849018456495366891e+00 1.479996457970095136e+01 3.529670020279306186e+01 1.687942608777052556e+01 2.137869752062355388e+01 -2.244552170207398589e+01 -1.853008737845219400e+01 -7.973692863062053604e+00
-6.117265363814257029e+01 4.104309450985859087e+01 2.537228190074527490e+00 2.428945341832587701e+00 1.802897134884221231e+01 1.479626606533416222e+01 2.661703986168740954e+01 -1.489891480368227716e+00 1.530181152795502797e+01 -1.715318263553158218e+01 -2.408636227940107233e+01 -3.999999426441115169e+00
-6.751954009863786155e+01 4.013486588235770114e+01 6.647840522271667218e+00 1.250245468978719998e+01 1.451882427619169391e+01 1.479435292012190395e+01 2.580994886432352686e+01 2.121693258787661573e+00 1.487009120321720346e+01 -9.272852759200445050e+00 -1.356304988395473465e+01 -1.651563139200018071e+01
-5.630110837045533145e+01 3.735555582281585885e+01 2.134221422780715915e+00 8.222212195550559599e+00 1.324056750732403920e+00 7.512101420816055253e+00 5.794738008764582560e+00 -1.351149922849055773e+00 1.632625121726608697e+01 -2.057866040406402064e+01 -1.072548425697718422e+01 -1.852157434936962233e+01
-6.134257156466907190e+01 3.380377159872716675e+01 6.144979596678972200e+00 7.337759950690162292e+00 -5.544392997669291390e+00 -6.105192030577339501e+00 1.854928456423337479e+01 -3.164983607685087463e+00 1.444821146516997956e+01 -5.542167699967723848e+00 -1.906860390612761691e+01 -1.474506897883934542e+01
-9.909145786686028146e+01 -3.386298551293616299e+01 -2.611635102075604919e+01 -3.066313889747160459e+01 -2.490684913235725162e+01 -4.204133764226888559e+00 -1.880626769182121549e+01 -2.174257740890082147e+01 1.655328490915744766e+01 -2.075533802217452006e+01 -8.616068843940944078e+00 6.312955840155847653e+00
-8.545195474894391907e+01 -2.091106609764191759e+01 -7.797020202931276955e+00 -3.472581701703184365e+01 -3.376845744229655111e+01 2.046559592066245159e+01 -2.195480291459416122e+01 -2.081488928832615315e+01 1.606823287149918400e+01 -2.051879153534967770e+01 -2.598639331979022860e+00 8.112848107785662677e+00
-9.585562743016684095e+00 1.364238293179147021e+00 2.250601681920723252e+01 -4.023370306295714016e+00 -9.884317006088195967e+00 2.644322570193846289e+01 -9.113280774566701936e+00 -2.309319758649868604e+00 2.341593023947143593e+01 -1.180515382202015573e+01 -9.179658113080069626e+00 5.210736084790106304e+00
-4.569258828443949483e+01 -2.137797272670814053e+01 -2.276465611001121658e+00 -3.809572028907936669e+01 -1.377343960896029351e+01 2.005744190999066490e+01 -3.633166189728459727e+00 -1.139954866774347586e+01 3.167873483964459069e+01 -1.112779790492225018e+01 -1.943585781438473603e+00 5.797490843195836518e+00
-3.349112733392707497e+01 -3.684666494825111016e+01 -6.060037571344884633e+00 -5.120620896313901937e+01 -3.796629850641254222e+01 1.279727977200729061e+00 -2.148165883447797597e+01 -2.653841502526168483e+01 1.672301202256559804e+01 -3.480685213181658355e+01 -2.178626147894057041e+01 5.266956236152726234e+00
-1.976249561181017711e+01 -2.572760648502800507e+01 1.320181339534860498e+00 -2.978314800990473543e+01 -3.120500061762479760e+01 2.658042111705782062e+01 1.802770625181376474e+01 -8.133146613426886162e+00 4.125340475826720876e+01 -6.981850673088136894e-01 1.456257567204731274e+01 1.163697882398186678e+01
1.372083885081061716e+01 -3.161406875323794274e+00 -8.995294436484208234e+00 -1.981203579372489898e+01 -3.851208645487996307e+01 2.802940836072016495e+00 8.918736423759050069e+00 -8.173644779345558220e+00 2.487595130501232177e+01 -1.867263441514089450e+01 1.108606082536707893e+00 -5.143011614383796726e+00
9.269266158504659359e+01 6.159138822969104865e+01 1.148978121485259862e+01 1.840509337997965389e+01 -5.043751459207165055e+01 -2.609618066105226575e+01 7.190950545071604694e+00 -1.329967735299048037e+01 2.194551900734297334e+01 -2.754318982850717390e+01 1.308678945041517849e+01 -5.118784636780340236e+00
5.653403902801926506e+01 1.154667329144833765e+01 -2.208095006833006479e+01 -1.271715425948523404e+01 -3.454758980149395597e+01 -2.864504487435624469e+01 -1.821438695084272297e+01 -2.645371785109787055e+01 -5.723956667772545082e+00 -2.597828372016558518e+01 -1.536292397462521819e+01 -2.282446990192244840e+01
5.721336586011112502e+01 4.185397349429065628e+01 -1.884009376592621621e+01 7.361790835850547055e+00 -1.126764035752066739e+01 -3.130250189545374262e+00 -7.757591121335181583e+00 -7.943734172488897016e+00 1.420761547776541533e+01 -1.650014009101446888e+01 2.463116212722033183e+00 -6.110861780069693161e+00
4.517159013953688174e+01 2.694233357440638343e+01 -6.896159224387808706e+00 2.851507448626000585e+00 -2.432786390551036959e+01 3.104699889630276211e+00 4.149391944161777701e+00 -1.615549289873401761e+01 1.311156446157718314e+01 -1.943608385486984957e+01 4.190292616932801195e+00 -9.262768963065150629e+00
5.207129027162528701e+01 2.433200359818808423e+01 -6.887511313396053048e+00 -7.996115254534180039e+00 -1.676612595215538803e+01 6.298144272086803497e+00 -7.174958407404760763e+00 -5.547685205767674432e+00 1.904341939419453666e+01 -1.357045980791821194e+01 -4.797925874101907517e+00 -1.267319622816049218e+01
6.408275059110800953e+01 2.205844166558887665e+01 -4.269850642467990731e+00 3.511827247367593330e+00 -1.689175050140566725e+01 -3.394941135949885336e+00 -6.250985251870238457e+00 -1.289656789283792193e+01 2.686623854056331595e+01 -2.260750703833145536e+01 -5.498844152079826131e+00 4.650147249528839843e-01
4.857183804960486384e+01 3.937379264986486760e+01 1.596568174177577148e+01 1.668386585209716833e-01 -1.487523302957810500e+01 -4.153673989388719789e-01 -9.611454926619567019e-02 -1.292075816522810783e+01 7.149105013729667668e+00 -2.646997014002426241e+01 6.897754467331774997e+00 5.313717235550797113e+00
6.857038660117022744e+01 2.854014069220406924e+01 1.946860986481722477e+01 1.737157818601702175e+01 -6.756442797259643918e+00 -8.442394222906846046e-01 -5.838155208969126875e+00 -1.999135386211047205e+01 3.341586730726626087e+01 -4.585455331916442390e+01 -6.443341290925547860e+00 1.308885463385777115e+01
4.443697085056301432e+01 5.723022476870485775e+01 3.848084282757166363e+01 1.191438359111991296e+01 -1.445270611461979016e+01 -1.507716492440502343e+01 1.502025590994379201e+01 -1.887219533000564198e+01 3.480702859063902110e+01 -5.450726302775338183e+01 -1.724483344845586785e+01 2.416314427041716328e+01
-1.450994813177909792e+00 3.458489543749075779e+01 2.846981714635664673e+01 1.051678440734870001e+01 -1.998073362054566715e+01 -2.411655955694193665e+01 -9.594849041562250491e+00 -3.260496602512911579e+01 1.886456204482630739e+01 -5.952623624883152331e+01 -1.415165515345476166e+01 7.459856525384212844e+00
9.485693186059108939e+00 5.779068840470587531e+01 1.518109609986291986e+01 2.675769888301065436e+00 -1.319010547353333251e+01 -1.691388007213091527e+01 -3.493996862346429033e-01 -5.762212505618206748e+00 2.859502881425402876e+01 -1.333297135646871645e+01 -6.220401552966592362e+00 1.226118605745220913e+00
-2.269549976915833600e+00 6.993232561114757573e+01 2.626960728910086473e+01 -6.807268338708218458e+00 -3.815428998177140585e+01 -2.229818821668756712e+01 -9.310447183176584929e+00 -5.023414857939727085e+00 1.551715681511459799e+01 -1.434121292784521629e+01 -1.804492178097911292e+01 -7.857813899850135009e+00
6.992748525551176542e+00 6.158578311897493052e+01 3.973084071459205280e+00 -9.660179736099550496e+00 -2.267120481728628789e+01 -2.358090669245089188e+01 -2.999120111890909435e+00 -8.809980746962889242e+00 2.029132879670331491e+01 -1.335662497157251494e+01 7.012625464759789651e-01 6.915113634989578095e+00
5.906753182347703302e+00 4.778076593111725856e+01 -5.858722563377752657e+00 -8.787148389061592013e+00 -2.060917931861305163e+01 -2.649979434694097336e+01 -1.987430209546961279e+01 -2.076887406018669324e+01 4.236002001903250047e+00 -7.190981450930337360e+00 2.017702737250654188e+00 1.030392697665726054e+01
-1.184047380395891835e+01 4.357536495132512755e+01 -1.405054048468631755e+01 -2.438923061664188197e+01 -2.900544316502223197e+01 -3.693584942056347842e+01 -2.986333170748786614e+01 -2.903952212069876282e+01 1.012886734866575766e+00 -2.702774033465561843e+01 -1.094168197159712541e+01 1.673768873015269998e+00
-9.330823957387142542e+00 5.191522413219368559e+01 9.628132042228692455e+00 -9.985838322053252725e+00 -2.180868527152773240e+01 -2.000769215681475188e+01 -1.860181966255595398e+01 -3.648146719261565352e+01 1.481874628147162198e+00 -9.486139876098553358e+00 1.704449129321555567e+00 7.894804488394058239e+00
-3.937639428703332101e+01 5.623973879386790031e+01 2.485107939246438846e+01 2.446720238256864910e+00 -2.156839163792905723e+01 -2.981361657740033877e+01 -1.687995407993008357e+01 -1.761507298072446304e+01 -1.764419875434271923e+00 -1.627377740326171462e+01 3.814339878624660507e+00 7.228857820276249235e+00
-6.411884376729071278e+01 2.232736980408369831e+01 1.093029397248224299e+01 8.478600442037352636e+00 -2.029436993937779476e+01 -3.251706239900914852e+01 -2.761242548995196699e+01 -3.697772724497627905e+01 -1.169123926426356164e+01 -2.485310699380647748e+01 -1.130913632226399557e+01 -7.671800248497611108e+00
-5.014243137601624056e+01 5.742917560225669149e+01 3.844300074313329674e+01 2.267413655905945902e+01 -1.008406363376075454e+01 -1.606098758817257632e+01 -2.109957904281775320e+00 -1.657619318218541338e+01 1.577040760185031942e+01 -3.918486587789136166e+00 -1.410858562767800706e+01 2.735355036119748284e+00
-6.469312098592732241e+01 4.424757534713084794e+01 2.686761557025091207e+01 1.775891581492456694e+01 1.020209795733867075e+01 -4.555853134113016623e+00 -1.275450105581617777e+01 -1.467410737741682958e+01 1.020600221403509167e+01 -1.797707422849343040e+00 -1.220429535964462353e-01 1.413302655345947123e-01
-8.056920037130686296e+01 2.769062888798647037e+01 2.642743083837075346e+01 2.458742424709835461e+01 8.890430164690727111e+00 1.491140798282237157e+01 1.043126454211016707e+01 -1.942085174690136640e+01 1.147225193275638055e+01 -4.715904073732110069e-01 1.774007034012982764e+00 1.414842890996935054e+01
-5.998146167732424772e+01 -4.574937570666531172e+01 3.164465512982274120e+01 -2.847473148801919862e+01 -3.667642508888131658e+01 2.674358250441691354e+01 7.161876923267799455e+00 -1.269375728732839193e+01 -4.527907870484805031e+00 2.095879857807376734e-01 6.622804685027626981e+00 5.645653501124734408e-01
-1.374167679962424984e+02 -2.820907722414576568e+01 3.402793825192310351e+01 -4.579789849737014151e+01 -1.901363963160273585e+01 -4.915703753706297974e+00 -1.683144787872431891e+01 -2.882233307316057491e+01 2.470420377843187509e+01 -1.617093552985483296e+00 -4.556832607523509715e+00 -3.112745461926315294e+00
-7.457582381714821906e+01 -4.303315555397890080e+01 4.601840007962631773e+01 -1.771342160638827323e+01 -1.295396382530450197e+01 3.493775214188552969e+00 -1.303799396432698821e+01 -1.102962194063881896e+01 3.732151277709648696e+01 1.109886925172346217e+01 2.327954375477562365e+01 1.707260020819676782e+01
-2.291725705814715042e+01 1.497563091309198624e+00 5.986102149184429777e+01 2.455493279004114271e+01 2.089934521665707479e+01 1.606712531869705529e+01 -6.967491358612863728e+00 -1.490684193985015860e+01 3.541867645422941990e+01 9.370921334315025497e-01 -2.670174404292390058e+00 -8.277243594617683442e+00
-1.734311920677034990e+01 3.792635470688670463e+00 2.315957524155567882e+01 -9.545589313266331644e+00 -1.651219110669064705e+01 -1.589540875240241746e+01 -2.895937654482245449e+01 -3.530594038983250016e+01 3.158197848446658895e+01 -1.104770498328367623e+01 9.155838767932658051e-01 3.364852295706023178e+00
-7.846590197307596881e+00 1.743043188808272248e+01 3.840861675585610158e+01 -5.776385634231718136e+00 -1.452922116947509501e+01 4.485295565520933891e+00 -1.926782457142790861e+01 -2.872195417062501832e+01 4.534353144441011807e+01 -5.043377159887352690e+00 8.436560632629083401e+00 -3.765402324146867929e+00
-2.026497516868786875e+01 1.250046720233505226e+01 1.220499633436889475e+01 -2.735110011713826239e+01 -2.226723887933097856e+01 -1.658664589616416762e+01 -3.074567009551582686e+01 -3.553879245277660459e+01 4.873693178820558103e+01 -1.450847629694731111e+01 -1.201129847076091828e+01 -5.976326736719618893e+00
-1.909014813117259957e+00 1.622529070947198448e-01 1.023179760564763718e+01 -4.943050701850610018e+00 -6.252709757744931984e+00 -1.208074538266169995e+01 -9.685296812906184272e+00 -2.129077622012675519e+01 5.300801888746120483e+01 -5.704985135039373212e+00 1.420062044951734492e+00 -9.353346673636115938e-01
1.186637481764916480e+01 1.467005763184380207e+01 2.730909884873735649e+01 -9.388989506625302184e+00 -9.783887068328478875e+00 4.233548036084366473e+00 -1.046156675482644971e+01 -2.152366936070111691e+01 4.557257252725276686e+01 4.291606053842668800e+00 -7.172664014967338630e+00 -4.694500964177686697e+00
1.660160490917159848e+01 4.627926550777606174e+00 4.685137268256804433e+00 -2.073533319472245751e+01 -2.503667755933190797e+00 5.555645216716353918e-01 -8.047628722912453014e+00 -4.869722463084444897e+00 2.175374337037061778e+01 -1.170889238211695016e+01 -4.505877068285860432e+00 1.024270088795066869e+00
2.168314490864241861e+01 3.310543363022132812e+00 -6.025384495044647792e+00 -2.149931904467456434e+01 -2.787551543360213202e+01 -3.235499452903388917e+00 -1.708433526894275190e+01 -2.873237389984475243e+01 2.146367199977682816e+01 -1.807862858003914397e+01 -1.099329673004180208e+01 6.152225295408290329e+00
2.358711224764297754e+01 -1.318727175194815082e+01 2.164135217929498811e+00 -3.198272007505833869e+01 -2.422822914897157887e+01 2.620788030108221811e+00 -3.201684278475928380e+01 -3.745217417414739458e+01 3.626652013563787591e+01 -9.899010394533632962e+00 -1.849782032022828915e+01 -1.900883619894043308e+00
1.747051262953940309e+01 -4.338628188766000093e+00 -1.745488033628420865e+01 -3.239513335017376505e+01 -2.294123795457422332e+01 -1.631283161100491430e+00 -3.752182263284016273e+01 -4.033024514174587694e+01 4.947645349143202509e+01 -2.179896929059454891e+01 -2.077651962804356600e+00 3.873199615106259763e+00
2.250196810847844375e+01 -3.858250878520189886e+00 -1.625901111799930021e+01 -3.414608966507766041e+01 -1.775096421861322682e+01 3.094635137624023535e+00 -4.461774397470922082e+01 -3.051238303793388695e+01 4.717149603885878406e+01 -1.763489428422118621e+01 3.363431675929547282e+00 1.279415664724564028e+00
2.678335179109508601e+01 -1.674074773907686264e+01 -1.988344183529609666e+01 -3.660991817597938791e+01 -2.050018493612566317e+01 -8.679043546895437444e-01 -4.920322079255731751e+01 -3.304743048063643585e+01 4.731556519143238404e+01 -2.900431103392904930e+01 4.955320433649266221e+00 -4.937834643963983083e-01
2.731415982179471058e+01 3.761853601380522605e-01 -8.429824127518077859e+00 -3.622000708401435531e+01 -5.998537870997846966e+00 2.546552684990355253e-01 -3.927320569522977678e+01 -3.111636987743050398e+01 5.809112655783812329e+01 -2.071883797323116028e+01 1.404227332345230117e+01 7.060036684938041596e+00
3.804359976561748624e+01 2.282625945466207540e+01 -2.040306309839592913e+01 -2.899912566813906523e+01 -3.397154843937422175e+00 -4.084608051049143818e+00 -2.515482232391136463e+01 -4.705579906685019864e+01 5.378408674525236677e+01 -1.260520007257764519e+01 8.619988218109408962e+00 8.624447986628425156e+00
-4.288796728669277414e-01 -3.296773751594028568e+01 2.343134935334763469e+01 -2.005348966493410856e+01 -1.625127932259251651e+01 -2.798192188693631977e+01 -3.185007988150053393e+01 -4.211622898188010566e+01 3.155349982403102871e+01 -2.179451726651777221e+01 3.255454972544802317e-01 5.811099418086048018e+00
-2.650190969024576049e+01 -8.020014485349817335e+01 2.583765111833107397e+01 9.701723289213557422e+00 -8.738244299770247636e+00 7.599963325862466590e+00 4.155182637577621740e+00 4.183029000928077501e+00 2.593218849455830721e+01 -1.347632870801110272e+01 -8.155781044361464893e+00 1.527111260863638798e+00
-2.050463216020376223e+01 -5.336587226629626457e+01 6.870701725423145945e+01 2.135018476252232844e+01 -1.781201693372704398e+01 -6.559002061375231563e+00 -2.168752929090033632e+01 -1.514726003332845217e+01 2.452544088402391864e+01 -1.320378878607670536e+01 1.000041735898032691e+00 6.603329994186486473e+00
4.020700050403573300e+01 -7.993122111512166228e+00 -1.304741996406532323e+01 -2.318438927579245501e+01 6.225506523304254358e+00 -2.891761233766286665e+01 -6.217303551430358510e+00 -4.987918575472382088e+01 4.848104090075903372e+01 -3.453636767313521538e+00 -1.281117071166744203e+01 1.991348508533408790e+01
4.556590318470422574e+01 -6.357418382647834321e+00 -2.478814786410611504e+01 -2.358227149560770641e+01 3.075742839885080127e+00 -3.553149703653551228e+01 -1.783790068748793090e+01 -6.745142567827954849e+01 3.707199720833204992e+01 -2.395635384705010296e+01 -2.328191701491000032e+01 8.433999857515042109e+00
-4.733971228876720261e+01 -4.660577379384216101e+01 4.775939149864115763e+01 1.567785051109376493e+00 -4.229837262750828053e+00 5.510788884465280812e-01 -2.600944536225556902e+01 -1.154162367111972820e+01 2.735548239675093285e+01 -1.721340160170976219e+01 -1.673317381360317313e+01 -1.234641199392990174e+01
-7.940365666723631932e+01 -8.569916938031639120e+01 5.330820969409155197e+01 9.659154725822503451e+00 -4.691589617505683485e+00 -4.716608487479168055e-01 -1.242217145899740238e+01 -9.583170361747264110e+00 3.980563652738345581e+01 -2.022967604348924908e+01 -1.600175083002289389e+00 4.355245884903208520e+00
-1.731843738641112651e+01 -7.253674110175656153e+01 6.596967164765904101e+01 2.240211411311920742e+01 3.493099163693206277e-01 -1.626148802929778370e+00 -2.048117300041025146e+01 -1.404296344354318826e+01 3.194092907444789731e+01 -2.229763932031563911e+01 -1.082862029078223998e+01 -1.462035172004742734e+01
1.342835212623647134e+00 -8.203848579550853515e+01 5.385012064615833083e+01 3.091428739998192299e+01 -3.994835470459414672e-01 4.372441453420765178e+00 -6.856885823452355311e+00 4.320126904622128450e+00 2.016665626830908309e+01 -2.469698495600976074e+01 -1.890242463113576932e+01 6.150242065071833686e-01
-7.175135305481891379e+00 -7.754514616586658349e+01 5.291524943851948137e+01 3.186182970255314473e+01 4.337677436107975737e+00 -8.355735069371106327e-01 -1.860297696607916151e+01 -7.010073672219708563e+00 2.431033514974190979e+01 -1.811750947151540814e+01 -1.039916295146979763e+01 -2.945973316328088787e-01
8.570212369211230197e+00 -7.747021892941313581e+01 1.972358807431933814e+00 1.533679362558602399e+01 -9.972761651475325451e+00 -5.680169506570106108e+00 -1.720122496093006248e+01 -1.221384543658821897e+01 1.350650507491231878e+01 -3.552901194422664588e+01 -2.101301430453525043e+01 4.664951944211604307e+00
6.409589844310396245e+01 6.540463546262035521e+00 1.898924854330628520e+01 3.301636110378840527e+00 -1.538545034947008716e+01 -2.105952904890949551e+00 -1.712117262631387193e+00 -2.866941229835356708e+00 1.213003275458317098e+01 -1.744478158408361779e+01 -1.701513508326052104e+01 2.506883755478921394e+00
2.553885267941258519e+01 -1.449152677483270679e+01 2.123489516970799684e+01 2.970299197946560099e+01 3.355175587533392623e+00 3.391409768827205085e+01 1.497938548939015035e+01 -1.602868271100273745e+01 2.000341900381131666e+01 -9.403997616724875996e+00 -2.294510995560782618e+01 -5.652855811656892548e+00
1.380653138687645409e+01 -2.739386182097124589e+01 2.333938518675362417e+01 1.339864209428103337e+01 1.326718203321078704e+01 3.723236204134503424e+01 1.633132212513606873e+01 -4.498593205136225848e+00 2.088463077713115013e+01 -2.505278451595469846e+01 -1.460004622137311969e+01 2.064843325276209995e+01
4.464854603447881765e+00 -6.621803163129924563e+00 2.007989225416794810e+01 2.295873413383097272e+01 -1.626747003014799908e+00 2.607821353215510385e+01 2.200787171781160723e+01 -1.396825757578181815e+01 1.725460431270787964e+01 -9.874815415831900367e+00 -7.872661837550161579e+00 2.171706541192653006e+01
2.473336440737199027e+01 4.094323826640754760e+01 1.013732686854709542e+01 2.087497276488383946e+01 1.345655036563048412e+01 1.972758374207253951e+01 2.003990637582967338e+01 -5.286770374495411318e+00 1.556758271574408070e+01 -3.885337274407633323e+00 8.193669329135483181e+00 9.754001740213780636e+00
-5.254952541231989471e+01 3.897611192686967030e+01 9.875176159663929809e+00 2.542148249281510886e+01 2.158922066876141344e+01 2.238064850910082981e+01 1.941613594785560792e+01 1.158543761466680699e+01 3.382289173023031736e+01 1.186152053831681563e+01 2.247453244646288795e+01 2.921333813833584259e+01
-7.303994982377579959e+01 1.299933436485205718e+01 -1.140608232923355914e+01 9.887812026547022626e+00 1.107134180023070158e+01 1.461652693900919253e+01 1.367299666447430795e+01 -4.102552417637297388e-01 2.894355355079838432e+01 -5.881117679920074615e+00 5.454472322283232089e+00 1.711061407164675785e+01
-8.026529871187617005e+01 1.267803969816344178e+01 8.310516427796565964e+00 2.171650526474475029e+01 2.428360622210399811e+01 1.718092786441394892e+01 1.804043548912744299e+01 -1.481045765969891903e+00 1.766412945604288609e+01 7.176483748945371666e+00 6.885801364509580580e+00 5.082943695479649193e+00
-9.027450986166134328e+01 6.848868070654152262e+00 -5.525917918240920379e+00 9.952605452895905813e+00 1.520805972618921231e+01 1.488128321118811215e+01 7.460938627518458155e+00 -2.721411494188494817e+00 1.527877424150545593e+01 -1.138580889528462947e+01 -2.522288914497518686e+00 1.154304821505721179e+01
-9.832861930038086484e+01 3.002709640329378260e+00 -9.187039219128333656e+00 -1.025414043048312251e+01 -2.423021752016955244e+00 -1.340794071060281922e+00 1.153535199391023092e+01 -1.029664729677274959e+00 3.048168093892751784e+01 3.150050125398223599e+00 1.194811767664306856e+00 9.058189763824893603e+00
-1.076326873343045207e+02 1.532084981617098052e+01 1.611504858147367258e+01 1.242513672474287745e+01 1.066031676009309370e+00 -4.323847849170666890e+00 3.078099561608236723e+00 -3.459935644675041111e+00 2.654875874627649424e+01 3.640293855532199530e-01 6.413510890653850716e-01 -1.075624469176747589e+00
-9.672835602875564120e+01 1.817928110156076826e+01 7.619875106683473120e+00 1.508998063495980446e+01 1.017297916190036311e+01 -3.160368040070844042e+00 6.973539401285596462e+00 2.248374944649592866e+00 2.141389798779371034e+01 -6.223279061901012987e+00 -6.957582479964186106e+00 1.634860490495156427e+01
