-7.093559277194671608e+01 1.867391480506403312e+01 1.046285178578950514e+01 -1.835917933514970457e+01 3.560565995285658403e+01 -1.200862528557604847e+01 1.798729101364750704e+01 -1.170383922623802420e+01 1.207808754747267344e+01 -2.063339128658418886e+01 6.202898580586471589e+00 -1.452727761926292516e+01
-8.267801436433660456e+01 9.662594188676084883e+00 2.883008657166102218e+00 -1.908669933000338759e+01 4.193788990730312349e+01 2.445397323009046886e+00 2.422250418803690408e+01 3.903039978946428512e+00 1.811104569328541203e+01 -1.134197297980773556e+01 2.293247599595308372e+01 -1.329998501121593346e+00
-8.023249687063832880e+01 1.198899863574139601e+01 1.488357156893492572e+00 -2.039644847132951355e+01 3.570574422970795325e+01 -6.537711839228760091e+00 2.192072784459308110e+01 -1.276550258824725503e+01 1.579093056149468666e+01 -9.474590133933928016e+00 1.879566058924590166e+01 -5.219599573570102180e+00
-6.722267580649086938e+01 2.163876567474935797e+01 1.171628240897343076e+01 -2.083244247695574813e+01 3.032141671360272284e+01 -9.441165532938029514e+00 2.049303470500689173e+01 -1.152452006774908000e+01 2.891929677613053684e+01 -1.062626234730424457e+01 2.436634304634490178e+01 3.196659241117064898e+00
-7.113172000290190056e+01 1.683464112596523066e+01 6.946216664871498025e+00 -2.075248360094240496e+01 3.692207774272753795e+01 -4.162023393276188088e+00 3.126198718167558965e+01 5.467022184484884306e+00 1.973918205244800106e+01 -1.468011629305928878e+01 5.138208019773568225e+00 -1.301127273589444755e+01
-7.016387313709751083e+01 1.587086164492872520e+01 -5.490487729541682071e-02 -2.442663767529785446e+01 3.065915576939447718e+01 -2.147285808059690737e+01 1.906730792088617576e+01 -1.244019380991385759e+01 1.984426721625627010e+01 -4.846084930230563081e+00 3.034956860761403874e+01 2.985623867153234468e+00
-7.215777530114144156e+01 1.540860600427057392e+01 -7.248403825165997461e+00 -2.416704556532785375e+01 3.666845069298543081e+01 -4.628710457259186395e-01 1.965927491983325126e+01 -7.826950877205786306e+00 2.487103247914097182e+01 7.438561434588967458e+00 2.043597730593137385e+01 -3.639029479673361323e+00
-7.504859913531367965e+01 5.037164734908389896e+00 -1.921717618261060423e+01 -2.762025274780175721e+01 4.117349471496091695e+01 3.899785463465345714e+00 3.150080694413160742e+01 -4.596741514195033518e-01 2.237387151448272249e+01 -5.118374218557244504e+00 2.520870140919033631e+01 -8.606997180375618228e+00
-5.609092869283733762e+01 2.288783687054084481e+01 7.567971074861075564e+00 -2.123298695947185166e+01 3.775678775402833764e+01 -2.141857624096442869e+00 1.501162805829296509e+01 -8.674302150388413679e+00 1.267070572910340331e+01 -4.619737823002063593e+00 1.528682936001196069e+01 -8.187110228582433535e+00
-8.585290683866425354e+01 -6.656900939557571562e+00 -1.257880934985506727e+01 -1.687007713942549003e+01 3.227285677895399374e+01 -1.415213456423323635e+01 9.076064462911503483e+00 -2.140202892789825029e+01 4.406050442371836517e+00 -3.207048306060000797e+00 1.180693720940339020e+01 -2.023111076287298715e+01
-7.305017945882751462e+01 1.524893906579727698e+01 -7.826649248908728929e+00 -1.264206670666969501e+01 3.425844271288116971e+01 2.261591161835177388e+00 2.052788470755846717e+01 -1.630168980079059793e+01 2.608703970188057664e+00 -1.914796494841643337e+01 9.738833368856862904e+00 -1.599376308860566098e+01
-6.143008786997279458e+01 1.105190061724657014e+01 -6.593131352049550920e+00 -2.196926753371293373e+01 5.273429695737262080e+01 4.149700673009437679e+00 2.453803297951254692e+01 -1.979500272526494342e+01 4.757918295985534840e+00 -1.868957323478076660e+01 5.992263989503956445e+00 -1.085782884307302965e+01
-7.074707374428545847e+01 4.374851980195803236e+00 -1.038735049901286089e+01 -2.428057101969245224e+01 2.868734039749188014e+01 -1.587380942866585265e+00 3.484584305612592203e+01 -7.594250145538639529e+00 1.013724971112691264e+01 -1.855867152434475198e+00 2.274386510067132861e+01 -3.429876006706804148e+00
-4.987826488954104320e+01 1.530764354814996153e+01 -4.341248374390587195e+00 -1.426888801100542281e+01 3.986236311562567636e+01 -1.164662394216842145e+01 2.668946307686049835e+01 -1.375657495610402670e+01 2.098795449740372021e+01 -3.411871371226602001e+00 2.267311341817273984e+01 -5.353354998682470445e+00
-1.551699395588049368e+00 5.209768042761685081e+01 1.215220763250070135e+01 -7.694560248119286072e+00 2.784703613447539539e+01 -1.094820374272174845e+01 6.977014754905557226e+00 -1.182915052355573060e+01 -3.379511237678656244e-03 -1.999353222265614249e+01 3.703680164289122168e+00 -1.121283574803193162e+01
6.635391646868177418e+01 6.684498205936240822e+01 3.109248689749804484e+01 -2.582907015423452357e+00 2.844991580742156145e+01 -1.477833455618013403e+01 -1.361098207934049675e+00 -2.332363599983473534e+01 -1.432085606299350111e+00 -1.188889845953023539e+01 1.056478734434087130e+01 -1.349935636542087636e+01
6.794999542387100178e+01 2.034089418075470235e+01 2.727922525610580351e+00 7.930572016701479265e-01 2.238568025908243797e+01 -1.534778649906603931e+01 -3.699911418909903382e+00 -2.955061767172313125e+01 -1.328086646382277891e+01 -2.411264322986090747e+01 -4.113273643606733643e+00 -1.964348454141540401e+01
8.060726966701815854e+01 4.781638223795940235e+01 2.303795147828480161e+00 6.105639821970752834e+00 3.750364781159672845e+01 -1.117527476594359248e+00 6.770897209978778974e+00 -2.930744665490168188e+01 -1.771584579825113304e+00 -1.540009360500963531e+01 1.074732848975618538e+01 -3.635491001774769693e+00
7.010342037137912996e+01 2.542469288513333225e+01 -3.349396181544985751e-01 1.347005218421505646e+01 2.367320933287024687e+01 1.831358355016022177e+00 1.773123222633653295e+00 -2.412247681365815311e+01 -1.173759122253935416e+01 -1.259646358409724343e+01 2.932803070171014603e+00 -3.224915940001053194e+00
1.125600410080397751e+02 3.166141612553657225e+01 -2.379019770959371272e+01 -5.714058180867486847e+00 5.030271908538885839e+01 -3.814953181359553191e+00 2.197623839914929711e+00 -3.445425911874680480e+01 -1.128046813338530541e+01 -1.879651827259512942e+01 -1.343827549236749963e+00 -1.496487186572349515e+01
9.888864714088575170e+01 9.166423092389898386e+00 -2.591963933744062309e+00 -1.151662911153998792e+01 2.518126144457922422e+01 4.932014802766000905e+00 1.437288268571077232e+01 -4.212972317718777049e+01 -9.333181986234070138e+00 -1.167578703304981680e+01 -9.889055813415360774e+00 -9.764401608071423766e+00
1.230665998813027784e+02 -1.029481486096092979e+01 -2.044245019024749865e+01 -1.823285600390777006e+01 3.080311802145266142e+01 -2.348068874358554226e+01 3.488035632142566556e+01 -2.835131743537900917e+01 -1.209600363915781784e+01 5.672093455372322346e+00 2.535812341598335351e+00 -2.677525181502583251e+01
5.088722579933332213e+01 -1.853906723897906872e+01 -2.163587268893247995e+01 -7.027636458989173995e+00 7.400211580402860534e+00 1.414609156260544509e-01 4.217070925813166227e+00 -5.369590215479558282e+00 -1.345092908115172925e+01 -5.121716341963990615e+00 -1.196733383475128676e+01 -4.101064895843441249e+00
1.250112564914799975e+02 -1.861844585425377119e+01 -3.405479811990831251e+01 -3.619558404837089682e+01 2.170491205234874599e+01 -1.695350381299538256e+01 3.344425249703396474e+01 -2.398329315143640272e+01 -2.129982903528866345e+01 3.690802051859263688e+00 -1.294196120648039461e+01 -4.186090661136873337e+01
1.272763645111861024e+02 -1.735295587109982307e+01 -3.771682967353306992e+01 -3.340331325522349459e+01 1.191620751320044747e+01 -2.108325125380938658e+01 3.067600168758456647e+01 -1.473107709784396135e+01 -7.621614225168321433e+00 -1.110823062457663379e+00 -4.895506830992152558e+00 -3.062230008980491647e+01
1.061768447513245661e+02 -3.814262599745262161e+00 -3.345204679989173968e+01 -2.530687459850613052e+01 5.172693822971604405e+00 -2.980232349093300925e+00 2.677611335374179191e+01 -1.011008351668956351e+01 -2.772355911056933575e+00 6.457555694474997665e+00 -1.770757344945824041e+00 -2.417434025769707517e+01
1.037295453145557502e+02 -2.405390993456153126e+01 -5.731444355893727050e+01 -2.949841356237608281e+01 -8.698458490635392337e+00 -3.866415881275325717e+01 1.493625832066468107e+01 -2.093155768855235621e+01 -2.448384278193351093e+01 -1.406074666476411572e+01 -9.886034236478385751e+00 -3.839160156182087746e+01
1.183048719503287600e+02 -8.101448046966343242e+00 -3.272798298085115221e+01 -2.185509553443367281e+01 1.268968115810575448e+01 -2.772827558578411100e+01 4.099016349724109887e+01 -1.565505375480638861e+01 -8.726920525552539942e+00 7.040607605575955219e+00 7.704397173327082182e-02 -3.881616228563255078e+01
1.088788637479229919e+02 -1.058228731192934191e+01 -2.930381516526992058e+01 -1.166452712770324140e+01 2.957362068048978720e+00 -2.391827741564429388e+01 3.550120003852121897e+01 -9.161720970367788652e+00 -9.703972068788594640e+00 7.279454178070515979e+00 2.091528563398154628e+00 -2.985084252130651450e+01
7.944999323542685943e+01 -1.488503905267941185e+01 -3.182516423172539533e+01 -2.091109710868440175e+01 -5.967651611356249219e+00 -1.005049447616574732e+01 7.125916599454274802e+00 -2.287971183617203508e+01 -1.623469159601406986e+01 -1.217392440338803894e+00 -1.814150523102784973e+01 -2.241550081356714585e+01
8.250991015688343566e+01 -2.208633767808918691e+01 -2.474359116233861045e+01 -2.159943474174874467e+01 -6.394694651286866538e+00 -2.541151853313172637e+01 1.880068863776035215e+01 -2.278660819032649698e+01 -3.401960455622850787e+01 -1.205859372694864362e+01 -1.229493981941043401e+01 -3.252484935734327109e+01
7.206011654783418408e+01 -1.566909889717806514e+01 -1.880581195599771860e+01 -1.708215407568864563e+01 -1.227535811208917593e+01 -1.286576701111000531e+01 1.051081261923399346e+01 -1.825261807917268442e+01 -2.543465307330034975e+01 -7.575827194915582652e+00 -8.012048743085088631e+00 -1.689820726005648055e+01
7.984521012062339196e+01 -1.536596005106717833e+01 9.816407368840263103e+00 -4.619707027846165381e+00 -1.467188914408597888e+00 -1.752215694807685153e+01 4.638048967954490820e+01 -1.996603631474971507e+01 -1.470914077065677716e+01 5.652215921116141573e+00 1.799869430832900408e+00 -2.047458357012628838e+01
5.194860874564933795e+01 -6.260252468865714626e+00 -1.441589972705606471e+01 -6.745883895732069035e+00 -9.247877680424565483e+00 -9.167151949042821713e+00 1.506661566149484699e+01 -2.125327775373274619e+01 -2.564690643938337544e+01 -1.335344583074357061e+01 -7.774401049552928100e+00 -2.666858620814960545e+01
5.881561445411223588e+01 4.967089501671361518e+01 1.178642248876781906e+01 3.839051754409487316e+00 1.290737366751612569e+01 -4.936544348413153926e+00 1.531634147202042229e+01 -1.835137255730210626e+01 -1.105916492011597718e+01 -5.172653471012936599e+00 -6.212949047333937713e-01 -1.706082375399065398e+01
4.990656638693051406e+01 4.986958262662220420e+01 2.653188754156465734e+01 4.574582984596903046e+00 2.474005761047345686e+01 -3.071975295267966644e+00 3.070448180172896713e+01 -7.631113967447079816e+00 -1.380366959314415887e+00 -3.503178708506538452e+00 7.963773672614292920e+00 -2.893450415447117763e+01
5.679473504671533135e+01 3.803576823008731367e+01 1.932855592294958313e+01 -1.989411352800841915e+00 3.127247673947967854e+01 -2.389929041757817885e+01 3.225396454497099796e+01 -2.356134300658471048e+01 1.820595338431901578e+00 -1.635555701730890732e+01 7.772085678006108722e+00 -2.967490775629797639e+01
9.123614692531605286e+00 2.595211980726350731e+01 9.880839376518647299e+00 -1.603623633649187497e+01 3.616774757950037156e+01 -3.432690940240997524e+00 4.156793644959905976e+01 -5.206374701813219374e+00 1.426055023547110601e+01 -2.191527708648936112e+01 1.725881861645310433e+00 -2.383058610155178414e+01
2.509357113129906125e+01 4.115230825444342599e+01 2.080235460681102921e+01 -2.108621109772382596e+01 4.007159404952055581e+01 -1.260196765105617089e+01 3.475518854079867737e+01 -1.300401792463350858e+01 1.259537977705005751e+00 -2.626454518799448934e+01 1.121511667839448556e+00 -2.978901206730962059e+01
1.830205419165333325e+01 4.880949001948209798e+01 4.103916338924705975e+00 -2.144644319754983375e+00 2.624056624579427677e+01 -8.031488072717744231e+00 1.910388876503439803e+01 -1.014632214936511900e+01 2.054475375281516136e+00 -1.382102000822770904e+01 -1.225720106345862703e+00 -2.865832054538066842e+01
1.888112212175458637e+01 5.619998596728926543e+01 1.156331676345725867e+01 -1.833079215979973853e+01 1.674133413496765854e+01 -2.765641480975509126e+01 1.642470753551301499e+01 -1.460452179472894585e+01 -6.127582484134934226e+00 -2.998786404719851362e+01 -6.890298911501707479e+00 -2.997756161302444511e+01
3.993507723938226839e+00 5.159644474541188686e+01 2.446003492378974897e+01 -1.295395097335213919e+01 4.314941287340165843e+01 -1.146544242978390571e+01 2.812404297961791499e+01 -1.702415045858679576e+01 6.738814010492459872e+00 -4.313668910253275612e+01 -1.852368506205010812e+00 -3.157740873967050987e+01
-3.142313109968510076e+01 2.025476053339819771e+01 2.869069439591998893e+00 -2.463932648227478239e+01 1.950257049197833226e+01 -2.482386784491324150e+01 1.757140702193928661e+01 -1.629162365094125420e+01 -1.239194178420488512e+00 -3.077327920076620771e+01 -7.426338983948816974e+00 -2.509934786901003889e+01
-3.293968140640426157e+01 2.640765956206235643e+01 8.225403763612028740e+00 -2.668571400099627766e+01 2.544219273530026726e+01 -2.300603297812220305e+01 1.333597720979476264e+01 -1.904738596400040151e+01 1.175474229420021288e+01 -3.665262325040936275e+01 2.472448241543468761e+00 -2.191472797324316346e+01
-3.941997429277823528e+01 1.751526577751107894e+01 1.111931158357604588e+00 -1.032489500320997244e+01 2.755287389786339958e+01 -2.830711008968257403e+01 1.206004559204502158e+01 -1.641147875820107771e+01 9.034501001080094795e+00 -2.470826052193776690e+01 -1.008635865715594271e+01 -3.446404672937036651e+01
1.068888553662958074e+01 -5.647447025637059426e+01 1.843268643213249902e+01 5.225193892196518419e+00 6.101592844455308473e+00 -1.763435435932388273e+01 2.201295710688389917e+01 -3.270429686619023357e+01 -1.571149840614173598e+01 1.748295005143357450e+00 5.267878111196783841e+00 -1.984256450864732102e+01
-8.780261994677827531e+00 -2.564627755546364085e+01 2.562558669584269921e+01 5.709544370371155253e+00 1.441755898835446814e+01 -7.823366354541868795e+00 3.004105546083912159e+01 -2.722581708501538955e+01 -2.379513743372338563e+00 -6.193718781442556498e+00 1.898274471561373389e+01 -1.753798856544909768e+01
6.867887322450540921e+01 2.821620895941158480e+01 1.594758279344771701e+01 -1.397676747577170087e+00 1.077151732316463573e+01 -1.629810392494617588e+01 1.938060147999625471e+01 -2.329673759171254943e+01 -1.671637414678315281e+01 -1.397840951667362930e+01 1.059507876567480800e+01 -6.564369877262262953e+00
8.741731055097190506e+01 7.686533440544609519e+00 3.380729180205388484e-02 -1.460484216526988988e+01 1.291432692037745511e+01 -3.251612161852730054e+01 1.863939194082272621e+01 -3.372144348572292216e+01 -3.602066205099377783e+01 -3.948159937733134939e+01 -3.666878801590765402e+00 -2.947469021423287217e+01
9.517771936160190194e+01 3.465459711598684578e+01 1.828347726941208951e+00 -1.088184399305181316e+01 -1.642044669657352074e-01 -2.164833441361664512e+01 1.989949344484498894e+01 -1.666636372867904115e+01 -9.456335522247474756e+00 -1.182200118361020635e+01 -2.321232630050152235e+00 -2.309330722633928090e+01
6.136779917504743764e+01 1.217055572528807161e+01 6.068368455077918888e+00 3.063649162681446825e+00 4.327558314143496787e+00 -6.885479266258780484e+00 4.780955566240570498e+00 -4.315552040626100094e+00 -6.813999247415374327e+00 -1.256337210159877849e+01 -7.982979245027207682e+00 -9.086785869288755535e+00
1.012829533921753722e+02 4.341104887694651637e+01 1.877455109461600102e+00 -1.364705886277621261e+01 1.284097725814850577e+01 -3.375824712265293215e+01 2.875292085441004630e+01 -1.782499461341987157e+01 -9.512689999142988739e+00 -1.438967077966323416e+01 8.363352153471311112e+00 -3.285444966136616074e+01
7.933132770324870364e+01 4.287916741269421550e+01 5.307333633696985409e+00 -8.419268232226977844e+00 5.781965209184969368e+00 -2.781775747269327326e+01 1.098626926575360230e+01 -1.926599312588237112e+01 -1.825544827546246296e+01 -2.474465979609082211e+01 -5.599770247050324556e+00 -2.639911638510277925e+01
6.804036535813361297e+01 3.752453704756074160e+01 -1.870448407548738867e+00 -1.384506075310447315e+01 -8.584383561938292218e+00 -3.396731661802982671e+01 -5.418994386284397002e-01 -2.901993831438572613e+01 -2.522543518241908700e+01 -2.189301355573299901e+01 -1.294958308256439139e+01 -2.823865351982400185e+01
9.532371950072760569e+01 5.860773387156859826e+01 2.170118408759893924e+01 -2.130684395159944700e+01 2.269985589979147278e+01 -3.546971544266955334e+01 1.799432628773519127e+01 -2.098239027549437097e+01 2.600418970927496964e+00 -1.013101814700173442e+01 1.206734440073965153e+01 -2.611938549828125389e+01
6.369673689495537872e+01 1.640444185014959544e+01 -1.270723889808208540e+01 -1.016614536389922385e+01 -2.627163203572842498e+00 -1.310545704339308593e+01 -3.965159629808299613e+00 -1.267458823975860227e+01 -3.687071866552508848e+00 -1.076922604437010378e+01 -5.189442343047879547e+00 -1.391523337279756589e+01
9.589819759364348783e+01 6.495850020082892229e+01 2.382106579708674587e+01 -1.879324841321782458e+01 1.410094323178878506e+00 -3.536048855057696017e+01 3.158829230013896705e+01 -1.363087032793331410e+01 -4.363946878401085527e+00 -1.579861871574893684e+01 1.426892569334300376e+01 -3.070562881089848162e+01
8.167002266921443265e+01 4.803118802198936521e+01 7.501103348307558427e+00 -1.393110819557628766e+01 5.590791969186781785e+00 -2.261250922927203533e+01 6.965607128703366513e+00 -1.542395049909452354e+01 -6.978241404466999143e+00 -1.561789795662391711e+01 3.751957220139559457e+00 -2.380430984951108897e+01
6.933163381134647807e+01 3.941667173180027817e+01 6.595730718848285434e+00 -2.262945734843119183e+01 7.922356990553976352e+00 -3.329984690341932208e+01 5.514142952987766577e+00 -1.825394329259781045e+01 -7.726540258224248170e+00 -4.034959029102092387e+01 -3.724477742095408495e+00 -4.319509114212185352e+01
6.155279562648108538e+01 5.339373936530228804e+01 1.793715796341719937e+01 -1.463880282780149322e+01 1.647259378007874275e+01 -1.496367381378607142e+01 2.282436661546960366e+01 -2.011868303704514460e+01 -5.147107767294391678e+00 -1.615513636570634048e+01 3.759303782974056318e+00 -2.825071305077286610e+01
3.830603583819989666e+01 2.922836734229542088e+01 2.275158255999126311e+01 -1.173818592340242617e+01 4.284613976330714991e+01 -6.853475437202888543e+00 2.577388404868665006e+01 -3.445117822900849092e+01 3.765638531171429548e+00 -1.121150097513855215e+01 -5.417267184517752909e+00 -3.746467492196199345e+01
1.480198012619152870e+01 2.323219176047622980e+01 2.017252021145958452e+01 -1.157818786282108903e+01 1.138002400890378496e+01 4.346476264371545994e+00 1.569676283849732279e+01 -2.732269818988496013e+01 -5.543435252268158031e+00 -8.221981603579326503e+00 -4.428724766217062125e+00 -2.150347487256880896e+01
-9.573728509403462983e-01 -3.324813789100150352e+00 3.622986970784866401e+01 -3.462374464506387994e+01 4.041569040248811007e+01 1.041900925528140220e+01 2.874752670267126931e+01 -2.442674891307546758e+01 5.640668200807126276e+00 -1.819604895554726198e+01 6.127871297253104643e+00 -1.769290383079672679e+01
-2.335953943344332373e+01 -5.339686435843900902e+00 3.098589888241116697e+01 -4.650243636300415062e+01 3.667235960609949785e+01 4.538118748570679095e+00 2.325114481654289023e+01 -3.803523625406165110e+01 -3.566156763349595415e+00 -2.437455420235272285e+01 -4.837335367137530540e+00 -3.775692027483444946e+01
-4.995055113753680587e+01 -1.228233825622137942e+01 1.323678285679979183e+01 -4.380411854900638957e+01 1.911577391530311232e+01 1.345559896404743583e+01 4.005926817487758806e-01 -3.955325132250372633e+01 -2.000083117904265961e+01 -1.857438241392314637e+01 -1.644140925679741372e+01 -4.136589232218311452e+01
-3.396772200166920186e+01 -5.922215933519698439e+00 4.887840060799129560e+01 -3.576451755719773473e+01 4.567973924274759412e+01 -3.872511844680074145e+00 1.496190084366315531e+01 -4.875065345336496136e+01 -4.691595045705216904e-01 -2.081228141829966916e+01 1.408372276552387703e+01 -3.200362004418384743e+01
-4.265672442888428861e+01 -9.407098705719381115e+00 4.925927884833535586e+01 -2.666066368778116669e+01 5.614763435875821784e+01 3.662071995571602567e+00 2.846365974821203437e+01 -3.085451751494122163e+01 1.244712263123212281e+01 -1.333361606263851940e+01 8.356551645055778632e-01 -4.035280126976282133e+01
-6.257606017430420309e+01 4.001310807127816283e+00 3.260763027418811077e+01 -2.221434509589419548e+01 4.108749241189697443e+01 1.477248764643117696e+01 2.023684932244973567e+01 -8.377535539990439872e+00 -1.179232648555575302e+00 -1.277554469118203784e+01 -1.084397367926718125e+01 -3.014515077617922145e+01
-6.786499740312484619e+01 -2.048555406190732242e+01 3.357052171882028091e+01 -3.070539456810253753e+01 3.914249313274299880e+01 1.405648909939181301e+01 2.922502302845987643e+01 -2.769582786793146312e+01 -3.855289712810558544e+00 -6.844900979869983360e+00 -8.411413834205250240e+00 -2.818943719149286053e+01
-6.168110181802309455e+01 -4.140770709847119235e+01 4.198718213098321428e+01 -4.585425506080616742e+01 3.538916967756516385e+01 -1.512822321973819939e+00 2.176235210611101323e+01 -3.962728585748025978e+01 9.466703892689697142e+00 -2.644607707809530694e+01 -1.189174010860391739e+01 -4.065632686027803544e+01
-4.479509541899508207e+01 -2.777030278450974876e+01 9.723151389580841908e+00 -3.630370891956270185e+01 3.624137186631855911e+01 1.055967171710988239e+01 2.925603590432152146e+01 -2.021399260587523727e+01 5.752711227669416338e+00 -1.229944006438926962e+01 -2.300413371582570310e+00 -2.853196295145488648e+01
-4.640891643671723443e+01 -6.808560373423279799e+00 8.301241867388915452e-01 -3.527013626981482020e+01 3.197499221521607637e+01 3.387325956039672903e+00 3.535433317404404363e+01 -1.552151999940103977e+01 1.006655319737761189e+01 -3.188301926476760073e+01 -1.525818378944232556e+01 -4.073588289198530532e+01
-6.155106001463552445e+01 1.267465359819164306e-02 9.874250533407300523e+00 -3.786693950073958348e+01 3.284025823956446999e+01 -3.963038328976541180e+00 1.944927039108536349e+01 -2.297145616388318246e+01 1.616477290713560322e+01 -2.300724890674511158e+01 1.039108031282557576e+01 -1.620444318076660650e+01
-5.631652529089963366e+01 1.064308972329932246e+01 5.367864113435132367e+00 -3.179455450966791830e+01 2.260953445884828383e+01 -2.242491056539153504e+01 6.104846144585841294e+00 -1.737748276165691763e+01 1.271619801175840436e+01 -1.683653540191110665e+01 1.438680998456303328e+01 -1.930095147307304160e+01
-5.360609190558429304e+01 1.356574400139988157e+01 1.240832262544117981e+01 -2.618050593271358650e+01 2.252891977052292560e+01 -1.368879876071260071e+01 8.142388745949046935e+00 -2.612546013057508176e+01 4.942691098334950794e+00 -2.405347747775304157e+01 1.054081802490732755e+01 -1.897122398897780471e+01
-6.231402991140345904e+01 1.165767553701857118e+01 -4.462529179790371892e+00 -1.087104194396576595e+01 4.020812092551598482e+01 6.036801857576052921e-01 1.054628576472731183e+01 -1.406087725669641131e+01 1.098650803787353425e+01 -7.974066523758526870e+00 6.942059912204521233e+00 -8.614277875787859529e+00
-6.554435715502873450e+01 1.429068071790660177e+01 6.540052137910185692e+00 -2.015580384509308232e+01 3.550029454549978425e+01 2.673310054306327732e+00 2.409340459102203269e+01 -2.185381671559665229e+00 1.309533153872997602e+01 -1.801938828325762643e+01 1.253210563022417823e+01 -2.032963761029068905e+01
-7.419450640323539403e+01 1.972041546243987753e+00 2.382871313898798604e+01 -1.997622542113201760e+01 4.245598027107627104e+01 -4.835970326309340095e+00 2.952781868173936175e+01 -7.270654402134706373e+00 1.586374731834736451e+01 -1.634702817515800533e+01 9.063969483812439165e+00 -2.512061125175284815e+01
-4.438367849495669759e+01 -8.424347028443655461e+01 -2.618387239766050101e+01 -4.160409843118564766e+01 1.856565478513742562e+01 3.366960416384799970e+01 3.068329908218324675e+01 -4.913456136116423778e+01 -1.950777604785739250e+00 5.796985850669162943e-01 1.863008586156822588e+01 -1.198872912537979474e+01
-6.762626665208804866e+01 -8.552782275059954031e+01 -1.945782212418573209e+01 -2.899310758055401038e+01 7.106329587004008630e+00 -7.502760424138386064e-01 8.633523612839264061e+00 -3.532531424078388227e+01 -1.124617533748571141e+01 -1.533873847488321118e+00 4.522829946476404572e+00 -8.190527157093456800e-01
-6.822387745923884417e+00 -8.477143207805832503e+01 -7.288490600396408503e+00 -4.506869122905160907e+01 1.660730128561525909e+00 1.245102497514092299e+00 5.728572164941935441e+00 -5.786988854918389791e+01 3.020775623761775996e+00 1.144903233566589584e+01 1.656382936519919014e+01 -9.945495654535509544e+00
-5.865063075935713499e+01 -6.900342040670898314e+01 4.298203607259820092e-01 -8.465523759412318938e+00 1.748282548581094176e+01 -5.845685754087650565e-01 1.779483283611616429e+01 -4.138111810634948995e+01 1.215953713690201354e+01 2.563785356385124459e+01 1.526708675009883187e+01 -1.080853455345913616e+01
-2.908157504598256438e+01 -6.784082883524386887e+01 1.219595273864658580e+01 -4.354243894775188473e+00 3.162398721928457235e+01 -2.448956710595191488e+00 1.723146572696508372e+01 -4.788892319739469627e+01 3.001310620707886123e+00 1.065513235065593101e+01 -1.634590214239104000e+00 -2.246227768968726224e+01
-1.294398182380201590e+01 -4.318860273013359574e+01 1.251835116483647781e+01 -1.990826176119277147e+00 4.471321873327333662e+01 -2.997972834098080686e+00 2.719714856302160655e+01 -3.033307506939106801e+01 2.117168839396424573e+01 2.091811968238975084e+01 5.685129920733295705e+00 -4.612518329304127462e+01
8.241626222381614753e+01 -1.809479416325725509e+01 -2.089112314982453000e+01 1.108271828279776372e+01 6.563777225359249456e+00 -2.289215785399185066e+01 8.157630339984757839e+00 -1.417509434847944405e+01 -4.126640940738138141e+00 -1.534151811043755753e+00 -1.168880155316323277e+00 -2.417944524057833888e+01
7.923882610840655616e+01 -2.196195319740436247e+01 -1.911918011755754776e+01 -4.620008740318626295e-01 2.114198647318941937e+01 -1.515801998773165060e+01 -7.560281750066158324e+00 -2.235697808957002763e+01 1.595572957634864508e+00 1.688974201600597169e+01 -7.219750908807559320e+00 -2.691495940078929294e+01
8.226381107206745469e+01 -2.514238422683100538e+01 -2.284848857576140446e+01 2.112662850251268765e+00 3.337005774984469042e+01 -4.448665468232666953e+00 2.378986844347541485e+00 -1.921048193145131222e+01 8.405461891238182659e+00 2.204647626653726533e+01 -1.783468047025716929e+00 -4.155372102341273433e+01
5.851868686731275204e+01 -4.592945183388145836e+01 -3.744693936815480129e+01 -5.517582757565787865e+00 1.422753850760834382e+01 -1.794117887863109928e+01 -1.435416899996404538e+00 -2.547142017713169082e+01 -1.761831812022794042e+00 1.332498419892307240e+01 -1.493261650959193254e+01 -4.498327121962786634e+01
8.307052536623565686e+01 -3.023564204242813602e+01 -1.339685831294927709e+01 8.093857313136446407e+00 2.965964725512313649e+01 -1.360548458645365599e+01 8.693547738901354904e+00 -9.486465316523283064e+00 -9.280356294955400820e-01 2.246052554470564289e+01 -5.453026530581572828e-01 -3.379940360662295973e+01
7.123103471978778600e+01 -1.501685295770418627e+01 -2.171090240430590512e+01 1.355543818177892135e+01 3.070424662534002636e+01 -1.008085430723193099e+01 1.269449322119151624e+01 -1.284783900632349329e+01 8.189741114080135276e+00 2.176372707667412598e+01 -6.319084793268006095e+00 -3.616616309169867804e+01
8.561257957580752986e+01 -3.440719349320983866e+01 -6.861439160499309686e+00 -6.387747322866315081e-01 2.890047737950713369e+01 -2.229022759686344912e+01 1.215066171372775550e+01 -2.375338811746003742e+01 2.925761466754353446e+00 7.129828856536542858e+00 -6.701911886572889721e+00 -3.585093270746930472e+01
8.366091353086335403e+01 -3.566656220649698383e+01 -8.157068975854029347e+00 9.247856035919735262e+00 2.720993820111097250e+01 -2.056760035782845364e+01 2.531568807252723374e+01 -1.952689831298918222e+01 9.017555559222765194e-01 1.713770593500917627e+01 -5.970855203954529067e+00 -4.325389658546551175e+01
6.426499486570713771e+01 -2.791089147778705382e+01 -1.372268113201601913e+01 2.633072261360446475e+00 3.071205179141406205e+01 -1.389948415765490530e+01 1.389865500410689947e+01 -1.784154776434205303e+01 5.854847587383535057e+00 1.194171918333408122e+01 -2.236872225679053727e+01 -4.374474258153632178e+01
6.982403783050497736e+01 -2.992317690942110886e+01 -4.555035410239735683e+00 6.785367073252247749e+00 2.361739885561282648e+01 -1.805108127071486024e+01 2.525980129469177982e+01 -1.580688924235163739e+01 7.720304789201068552e+00 2.057760056411587613e+01 -1.366061515114517810e+01 -4.292201859233018979e+01
5.584599329268813506e+01 -1.611054723938213584e+01 8.940571759052060585e-01 1.191529189207912864e+01 2.045790004366597614e+01 -1.111167607647043454e+01 1.696797330397390269e+01 -1.738841650337053579e+01 1.111019392052287813e+01 2.191842097508630616e+01 -8.649426122649783721e+00 -4.181723796682243943e+01
5.864814699699895328e+01 -2.041187417859664066e+01 -9.645587475620965634e+00 1.473780034528851601e+01 1.700186271922348169e+01 -8.122220568181557354e+00 1.914976166273970648e+01 -1.201885655942746034e+01 -5.723505404898871163e+00 1.172531359597172340e+01 -7.272247350345236505e+00 -3.559130223596429232e+01
6.715120529324806853e+01 -7.140785375260319867e+00 1.642685915240041439e+01 -1.014859161252562991e+01 2.104834062655033478e+01 -2.794483298019163087e+01 2.409370843296719755e+01 -2.192826208993519543e+01 -7.982424043224808585e+00 1.292902212525099159e+01 -8.739688199362067422e+00 -3.193949082672735074e+01
7.910346013983986779e+01 -1.621977410301303024e+01 1.952147042056938986e+01 -6.598407594106059371e+00 3.251406336724524238e+01 -2.342197532041810604e+01 3.071088272381175699e+01 -2.542006609022736185e+01 1.405279654175503934e+00 1.032010099779993162e+01 -3.219082690911095224e+00 -4.360920481406412819e+01
5.098437305098859440e+01 1.024296203226422897e+00 -1.756681770794104924e+00 -2.108797867954796512e+00 8.209007510712641675e+00 -2.056260436164597039e+01 1.175910228688075421e+01 -2.476697823581212532e+01 -1.564445275868709828e+01 1.526991176096857217e+01 -2.255273207309245720e+01 -4.405766062560454088e+01
6.248595231053123200e+01 1.559918131174329314e+00 2.527154700132442855e+01 -2.464405108939525135e+00 3.479794308116768065e+01 -1.684851325873433225e+01 3.334765608189155728e+01 -2.341801652300939196e+01 9.631138549920530423e-01 1.194495948419136333e+01 -9.232521922699852723e+00 -3.997820480881095762e+01
5.599911751691463735e+01 2.306162159468389650e+00 4.183137531938645282e+01 -1.197780347717331217e+00 2.580956583910850455e+01 -2.208348443568470998e+01 4.137834032018645303e+01 -2.840205304671517439e+01 -1.222682082841780016e+01 1.501322635336508071e+01 2.098557257876342064e+00 -4.502680436734904390e+01
6.295529350259701573e+01 1.172307786486036107e+01 3.303634538971610368e+01 -6.540003118036278096e+00 7.866520856967733621e+00 -4.006677784799212105e+01 2.964334033967889681e+01 -2.029143148085530157e+01 -1.505877184659386003e+01 6.526088219836424287e+00 -6.655169156537029451e+00 -4.006832736267384121e+01
6.000517184729332598e+01 1.431491826693806857e+01 4.799162975394446562e+01 -9.794612204342523221e-01 3.125688252617525364e+01 -4.543364175818796369e+00 4.131233746556024045e+01 -4.874997261496953627e+01 -2.167648386546270700e+01 -4.040416538172861394e+00 1.149887208057575450e+01 -2.647528176704257064e+01
4.387470635020115139e+01 1.719126448149517472e+01 1.451310637944718351e+01 1.863221140352063099e+00 1.494661908335154799e+01 -2.120103964528853879e+01 1.012694660336983787e+01 -2.921039777155771233e+01 -2.820170586489255271e+01 2.931161618926019674e+00 -1.017412253277305112e+01 -3.025335523502420898e+01
4.585948861148672506e+01 2.080298831053662667e+01 3.403962254032048662e+01 5.582308790128468701e+00 3.581298250030968688e+01 -2.030964884561427652e+01 2.406027896970034163e+01 -2.379940608588876927e+01 -1.011460761845695977e+01 -1.935998036981223969e+00 2.411194832839818503e+00 -4.151135290811781431e+01
3.265365134092929367e+01 1.629295611826815104e+01 3.268300039935819257e+01 1.418376681054111899e+01 4.043174790679094599e+01 -3.897068274791776421e+00 3.380690965359850964e+01 -3.629180149841279501e+01 -1.224458896836438804e+01 -4.693094591558588213e+00 1.134490153109812915e+01 -3.087300059876341507e+01
1.843324093898486637e+01 7.552777228759750550e+00 1.365323651595336862e+01 4.341813103311414901e-01 2.471287652985860817e+01 -6.108310261338372626e+00 2.467289116721057596e+01 -3.605454842638182811e+01 -3.012077079869728635e+01 -6.695830754631683313e+00 7.644002094581050066e+00 -1.702405474540881869e+01
-9.202237247298025835e+00 1.088111419098247090e+01 7.649542950009783127e+00 -4.443333234463743509e+00 1.849107169519436411e+01 -7.915826875880623170e+00 1.835311826922517042e+01 -3.611618131715984248e+01 -1.758737361026765811e+01 -3.719821760405211286e+00 4.760999228640595327e+00 -3.341531987163975259e+01
-4.136328205731805951e+01 8.554471462261826531e+00 -1.460651506083209483e+00 -8.187851745008671855e+00 2.366054195559944162e+01 2.576651324619723127e+00 2.338227410777977155e+01 -4.541317073502126789e+01 -2.199637652468454618e+01 -6.226688358911673049e+00 5.733097336775776043e+00 -3.567047193693149154e+01
-1.580144974093256671e+01 1.981939915379944850e+01 6.942475896650392109e+00 -2.386445813249141423e+01 2.272869795509441815e+01 -1.532668631649959678e+01 1.572250285546962090e+01 -4.181155048827233855e+01 -8.834764356956380738e+00 -1.066119980867702566e+01 1.551609481979550065e+00 -3.126648084669240291e+01
-1.019566309581537844e+01 2.920319556409094730e+01 1.326979528362691596e+01 -1.292864155593416520e+01 4.082609546461912942e+01 -3.430382412359866962e+00 1.438709968441833809e+01 -3.845892174040386635e+01 -7.781361283720890754e+00 -1.423710715676739014e+01 9.525473820715440354e+00 -1.911349395436969090e+01
-3.668686423125208318e+00 2.511887802831275707e+01 1.135142605914059466e+01 -5.540226879016750594e+00 4.796493674544903030e+01 3.809693540019178926e+00 3.441782615714969040e+01 -1.725002810190395053e+01 -2.691195589804506128e+00 -1.161168427891015753e+01 1.293062017415441023e+00 -2.551141847335473045e+01
-8.856685429402787690e+00 2.743514557904182638e+01 5.544512880345223493e+00 -1.008648889019737283e+01 3.786478409835353887e+01 3.806916023341603506e+00 3.748745018439459642e+01 -1.794090986640545538e+01 -7.440069845060550691e-01 -1.601302962726442303e+01 -5.977821858376728414e+00 -1.944364028856779925e+01
-2.642944637552006526e+01 3.248567659156057630e+01 1.195830644515606700e+01 -1.307942977667256379e+01 3.543681632744470278e+01 -2.376705953481824452e+01 1.114522835806187118e+01 -3.381496681683856309e+01 1.872686473222726189e+00 -1.982262047631486723e+01 -4.627381674735582706e+00 -1.842259004156717594e+01
-2.341765885516568702e+01 1.858460296927286493e+01 1.605068660146696757e+01 -1.389024661140611272e+01 2.984330888462333320e+01 -2.365852184051668772e+01 1.728379806158870835e+01 -2.367572186666944845e+01 -8.370514919841545165e+00 -2.357331723159081704e+01 4.583642171360775563e+00 -2.420350767814070991e+01
-2.711441869225943435e+01 2.727763769423751938e+01 1.052401769871508641e+01 -1.571838640994770486e+01 3.866571141676359247e+01 -1.162911801989593563e+01 2.031361444858806209e+01 -2.616456224973946121e+01 -6.160801167788732435e+00 -2.043781960871102399e+01 4.901820515849484750e+00 -2.596751206376564980e+01
-4.774530508787216121e+01 1.486141330695612339e+01 1.679291287357536078e+00 -1.697588459463877797e+01 3.492290669362918720e+01 -2.400568872771915352e+01 7.877393394064732490e+00 -3.729649476562525479e+01 -9.526825319490448862e+00 -3.234207410094890633e+01 -9.873121743019053653e+00 -3.399585140623698720e+01
-3.884604077020219393e+01 1.583893581560998243e+01 2.208291795614590924e+01 -3.717247786524926934e+00 4.100943082268054241e+01 -2.309488968224241034e+01 3.259332981005611529e+00 -3.319018233630006165e+01 -1.472456423794562319e+00 -2.106714983953911258e+01 1.401554754649753498e+01 -1.403875216862211417e+01
-5.462148559043610874e+01 1.374143896074205173e+01 -2.951832044007518085e+00 -1.903976989659321717e+01 4.049346121142467325e+01 -1.494532996430715421e+01 1.416371342007229295e+01 -1.112484729126826899e+01 1.323094668817146591e+01 -1.749810922488898868e+01 9.013956720426337554e+00 -6.102513656559729327e+00
