-1.109737305233627609e+02 6.334545377328986149e+00 5.352627412277711549e+00 -3.644010029120542171e+00 1.847739802403087772e+00 -1.393212425072099192e+00 -1.579597799008286785e+00 3.676324561142697789e+00 3.100195682089398730e+01 -6.209614247001886689e+00 -4.585538181728511020e+00 -7.158278800717868151e+00
-1.145292090976658699e+02 4.652605926564815420e+00 3.019746927303231576e+00 -8.870138867602210819e-01 3.919355529687243767e+00 1.681326560160127492e+00 -1.303197818289855592e+00 1.221329387491601537e+01 3.029998168262209646e+01 3.384499373735577077e+00 1.013416039088614085e+01 -6.294925349021121441e+00
-1.027941130188330021e+02 1.062671694165777225e+01 -4.448649203656569462e+00 -3.432613081532025934e+00 -4.378932559348506892e+00 7.108747522045648637e-01 3.828797869747488036e+00 -5.585512211440479824e-02 3.089157151082683583e+01 4.805122999131816286e+00 7.336573944707963868e+00 -3.181735495883393661e+00
-1.272571687942770211e+02 -1.026370014519218543e+01 -2.204993324660320653e+01 -1.491914694887252146e+00 8.253045156019497952e+00 1.086502612216855113e+01 1.467904736945491706e+01 2.754533915124624421e+00 3.761004976302761804e+01 1.095924311084973013e+01 1.365394409268708475e+00 -2.676549756109108280e+00
-1.071883959879016004e+02 4.670881707323798260e+00 -1.142143146844148305e+01 -1.743925129241923777e+00 -9.319255141648596918e-02 -2.470953735028462717e-01 -6.635764890206411692e+00 -1.081920671135892320e+01 2.110726907673819852e+01 -1.679435759007499973e+00 4.027451084578491880e+00 3.966877043674387426e+00
-1.039630573765824408e+02 9.642923352830960582e+00 2.109582442310392381e+00 7.356868247041640885e+00 1.492610190227760425e+00 2.123880682108707951e+00 -6.790658907111690734e-01 5.641543258587526921e+00 3.533247501713866257e+01 9.708220302207219987e+00 7.130263252208265179e+00 8.340035102333882122e+00
-1.245211045286796008e+02 -1.134303681469428859e+01 -1.597739714813943479e+01 5.815867913831958003e-01 5.897044889649320609e+00 -3.813342391487012151e+00 8.084825292563080357e-01 -2.778493373498468255e+00 1.151425312788036592e+01 -1.187447003673471713e+01 -9.462155010149555068e+00 -1.100198481374532378e+01
-1.140867141242688092e+02 5.615143214846570530e+00 4.171358538647841563e+00 5.963603322439208654e+00 -1.030616577506109133e+00 4.897288833561621146e+00 6.200878949313308297e+00 -4.163350386617279852e+00 3.485217767315283766e+01 -5.312286373063141554e+00 8.668679703072225351e+00 5.755759452753045124e+00
-9.488630756713752135e+01 1.217789109355643973e+01 1.388320284088942103e+01 1.420700232706450272e+01 4.418574323264701675e+00 -2.129856619089109948e+00 1.576221996912407874e+01 -3.033250183856726956e+00 1.522844704800363580e+01 -8.047955808347623474e+00 -3.365261503653398378e+00 6.704177428519515480e-01
-1.034332943616242062e+02 1.166695319319756763e+01 -4.729893581625087329e+00 7.048799716909389446e+00 7.930385361943102396e+00 7.561648800190064357e+00 3.443688012418607780e+00 -3.420845096978782252e+00 2.252626782954089180e+01 -3.752004404919047520e+00 -2.030630860466797749e+00 5.392323357380060855e+00
-1.232578536922554520e+02 -5.359398106732278677e+00 3.420676479509054069e+00 -2.994142657086102055e+00 -9.888553346024078650e+00 5.401725628556605763e+00 7.501882430710322680e+00 -2.798029079835425925e+00 2.987700365981413952e+01 -5.907506567320048418e+00 -2.155867858752001931e-01 -8.590761022888930398e+00
-1.503241433970252672e+02 -2.589237877905837593e+01 4.733896055215386411e+01 3.215868540523840835e+01 -2.072807214765112249e+01 1.346439122683592871e+01 7.758619385424663228e+00 -3.843136494309474571e+00 3.614203270221881326e+01 -1.143869367084114153e+01 -3.296674716464105259e+00 -3.307443525391549954e+00
-6.452545874837687734e+01 -4.535112142022300930e+01 5.512780441068507287e+01 -1.969316460886311404e+01 -1.681008620050360491e+01 2.809339946039789027e+01 -1.976028053952346042e+00 -1.673121057515083265e+01 2.349037363716138316e+01 -8.324186930688859398e-01 -1.499595316407694590e+01 1.790848647933558269e+01
-1.475212971137071918e+02 -3.632540369129982594e+01 4.988387086280262395e+01 -2.785711873715396081e+01 -8.914086236463351298e+00 1.652221635072917039e+01 -2.542642988029021112e+00 -2.253598776126007408e+01 2.980483860068913771e+01 -1.772568772905273704e+01 -1.098799694466813115e+01 2.077830468585672463e+01
-5.568253945488345380e+01 -4.727198975744971676e+01 5.743349334155639241e+01 -3.678012098833940513e+01 9.162177337427011015e-01 1.757695553966411239e+01 -6.693431088438853038e+00 -1.687404155986480347e+01 3.286509183432409031e+01 -2.431418649907831764e+01 1.134954282104597034e+00 1.791371442834846306e+01
-9.638401774582717962e+01 -3.046568343249052191e+01 5.822160080419919126e+01 -3.960198071165646638e+01 2.516646042502977298e+00 2.800831115591894616e+01 -1.757508226938588436e+01 -4.663168318222205677e+00 2.894579859629895324e+01 -2.432702141547512653e+01 8.943960594249727336e+00 9.050689349697387698e+00
-1.884302609186368613e+02 -2.603419183753516108e+01 8.560405387585657877e+01 -5.314056640284981370e+01 -3.080641735476275400e+00 1.244537215703827115e+01 2.557686649722147543e+00 -1.371458593589737696e+01 1.428906218019743335e+01 -1.789507088097248566e-01 -5.696759395346808752e+00 -6.278087792108698828e+00
-1.750319934091579341e+02 -2.999906185493819066e+01 8.556447982437806843e+01 -5.823087424267490064e+01 1.020051982533152213e+01 1.625743742961369165e+01 -2.539664505842175402e+00 -1.516564129078254908e+01 2.141048845199248518e+01 -6.113157548477135883e+00 -9.156761845361824470e+00 4.596394408644940199e+00
-1.487466849334623475e+02 -1.838724682848543068e+01 7.077169386049118316e+01 -5.532040852027878941e+01 1.102901267412520525e+01 1.123445097922381919e+01 -2.633785597146392821e+00 -9.407484972823070279e+00 1.385030639436473621e+01 -4.864937405370467260e+00 -4.001783777022288824e+00 2.960428148109222501e+00
-2.238132780353106455e+02 -1.451182074646480658e+01 7.984018917595886933e+01 -5.817867135151011837e+01 9.813724756571772900e+00 8.066002309816163063e+00 -6.107373622898949250e+00 -1.963222263416536606e+01 1.932236030796480719e+01 -5.433680844929519083e+00 -1.080542906411366744e+01 2.691175026229372769e+00
-2.521034250831164059e+02 -4.335186567866624330e+01 6.278353973414815670e+01 -5.954045109468574992e+01 1.895033911918010183e+00 3.104519262940193425e+00 -1.085585796828389249e+01 -1.728369162245263624e+01 1.778126564002583621e+00 -1.232876887456806259e+01 -3.675040216350842659e+00 -9.353013574815530973e+00
-1.357105565152484701e+02 3.002982578619146192e+00 4.429572939495780304e+01 -5.113276238181289557e+01 2.365407900564629173e+01 3.701995318074761787e+00 -1.042040722093478777e+01 5.613166555333410024e+00 3.974454541901207616e+00 -3.716511228440434245e+00 7.445440191111802886e-01 -3.019070979334981253e-01
-1.695749624993591738e+02 -1.062929467990860566e+01 5.500513890594584865e+01 -4.652290602510225170e+01 2.057942175925755990e+01 -2.406303276435399763e+00 2.623870952796373501e+00 -3.084952737972323167e+00 8.788666920762572943e+00 -2.091173434962813271e+00 -3.880818417042013913e+00 2.936215440031912927e+00
-2.701671471371134885e+02 -1.262169083498580768e+01 6.056182596933243900e+01 -4.654721789165508028e+01 1.739944368167082445e+01 -1.043368551203163186e+01 3.496270700390492703e+00 -1.594730741454848655e+01 1.947109788604645431e+01 -1.738530616615395985e+01 -4.915084336118651365e+00 2.377390243275653603e+01
-2.293419853484519422e+02 2.259227686760455356e+01 5.148693494548384564e+01 -6.336995524713209704e+01 1.319310745840334498e+01 -3.988516929556436885e+00 9.683773517763764715e+00 -2.642421672933696541e+01 2.330750010430424624e+01 -1.824321371744576936e+01 -1.639806014683273361e+01 9.804790867539180610e+00
-1.518059000551433542e+02 5.368826947528043014e+00 3.627452317089451128e+01 -3.769415949471513017e+01 1.766369690441749896e+01 -5.363761870449271996e+00 1.088546673861838343e+01 -2.032521143285535459e+01 2.480533177723608418e+01 -1.143352395914947905e+01 -3.339803466748436644e+00 1.091983076050246737e+01
-1.271326691235095296e+02 1.005477740779202733e+01 2.942829309556214312e+01 -3.712743529850087754e+01 1.929074473470491569e+01 -3.594494921200692694e+00 8.404905075690480842e+00 -1.541297616815728588e+01 1.942234838017228782e+01 -9.806052173569160146e+00 3.178172539323574686e+00 -3.251206075850673116e+00
-2.471132417887125996e+02 -1.700200382805412858e+01 7.069248892508591098e+01 -4.762131843087012584e+01 4.956705741609370719e+00 4.583158261767663610e+00 -8.697204469851506303e+00 -8.832705498074789219e+00 2.234839642525867731e+01 -1.333668603620015070e+01 -1.361122683662875144e+00 -3.420724087924413404e+00
-1.254450075218028076e+02 -1.551085473675979465e+01 5.298359084880706860e+01 -4.311073995068892373e+01 1.124641158480199721e+01 6.597394132827049340e+00 2.816235405340866915e+00 -1.680714914902573653e+01 2.418612417203813436e+01 -1.112176382977687084e+01 -5.349706331444888718e+00 1.059430237876005521e+01
-2.025242637037535474e+02 1.039464577188967898e+00 6.949034895671266554e+01 -4.939965234430734142e+01 9.554740667555027045e+00 1.848816968895452106e+00 -7.594429180531388823e+00 -2.610630019751496445e-01 1.669148532278816788e+01 -2.039246849868916556e+01 4.589863388744477746e+00 7.329334544677104546e+00
-2.292790710688843205e+02 -4.423675804443452364e+01 6.446136673713317577e+01 -4.019490731180256660e+01 9.771855241401549819e+00 1.486117093097672281e+01 -9.878189678030567578e+00 -1.482198043397204401e+01 2.555751837429719586e+01 -1.490734776226845426e+01 -7.533465077248749253e+00 7.665471845457980216e+00
-2.116423109592175251e+02 -7.038994088207169852e+01 5.080478055275785465e+01 -3.533965879445678127e+01 -1.558125037552792769e+01 -1.787037385576793724e+01 -2.141772285305218659e+01 -1.485896340439702357e+01 1.587072375040748895e+01 -6.305443064260053632e+00 1.305525325706208273e+00 -4.645659101788927714e+00
-1.213473733990443861e+02 -4.571229961731014413e+01 6.247728873192352950e+01 -2.305770938269165526e+01 1.644483317152025137e+01 8.438659024145453103e+00 -6.857545494828054089e+00 -8.282192982296939121e+00 2.321321620407221431e+01 -2.324366093843629244e+01 3.160300059739988399e+00 8.723711041589044868e+00
-3.664735175958827540e+01 1.228879915618163388e+01 8.357596942947418484e+01 -2.680001179485059026e+01 1.383927683806635756e+01 6.711317461168706977e+00 -5.950969448392887884e+00 -3.045284193964257202e+00 2.481921767789086886e+01 -2.237526473941290917e+01 -8.540380362436419404e+00 -4.878740812149088057e+00
1.088754624249104097e+01 3.820325609399855882e+00 4.104812852752735353e+01 -1.203828683391850873e+01 1.059482873345243803e+01 -2.491822451227786672e+01 -4.387602925528612730e+01 -2.791436695604568285e+01 2.040544409719552021e+01 -3.098739370205587207e+01 3.775360718028921703e+00 2.769873111989946235e+00
1.857441830989133535e+01 2.097064860473901859e+01 2.892169541409067079e+01 -1.392254476156940868e+01 3.654347820617970655e+01 -3.282780146811845157e+01 -5.422684226059033108e+01 -1.850876622110602909e+01 1.940540565327438216e+01 -2.892217481804849299e+01 -4.159039894521754377e+00 2.819552123368841201e+00
-1.507497043749101540e+00 1.758699054790759320e+01 3.563067702161575312e+01 -1.743493453629577772e+01 2.622062523645949739e+01 -3.155870391665041552e+01 -4.774642882678437417e+01 -4.107256879234354585e+01 2.045853693053407696e+01 -1.992902615542549682e+01 -1.394294059419999954e+01 -7.527657183042695266e-01
5.675201170313973975e+00 1.717431253047231365e+01 4.586378965022855425e+01 -1.208434834272741121e+01 3.591866302859064319e+01 -2.896836020074363560e+01 -3.757931542046665641e+01 -4.096242610657677119e+01 3.296808487396663168e+01 -2.127830877662195164e+01 1.643683554892811927e-01 -6.859117977705280644e+00
3.225013928658431617e+00 2.042447896600337742e+01 2.577163500755390402e+01 -1.919777395397649400e+01 2.416938392427462645e+01 -3.049269150799699801e+01 -3.741195482740533151e+01 -2.527498785592575103e+01 2.602976459316091962e+01 -3.301246810276258259e+01 -2.254873614452510555e+00 -6.357936796809650737e+00
-2.338163432255337426e+01 -1.302292930147673644e+01 6.582016059162000943e+01 9.099769489267586664e+00 -1.562594390437017822e+01 -1.909938412042564337e+01 -2.570099266433398810e+00 -3.933762960170071210e+01 1.578134968838546470e+01 -5.404946313178382589e-01 -9.192387309164352871e+00 -3.119492634628692862e+00
2.891551499303385953e+01 8.823033804161470428e+00 2.971403203914508140e+01 4.317398936206481963e+00 2.072720993890322916e+01 -1.183959761523599852e+01 -1.494794505662851236e+01 -1.365314165583773587e+01 1.390980981191140664e+01 -2.213284112347794164e+01 -3.570312902196905114e+00 5.514206048806803651e+00
3.145731145734159284e+01 1.519584360234067688e+01 3.014459096692462836e+01 6.409404238385011610e+00 1.970831558531828875e+01 -2.410538536368918017e+01 -4.226889487994509409e+01 -2.538535008188632958e+01 2.534915638937165028e+01 -2.085226050667337461e+01 -1.338126226562368615e+01 -2.478154782361624786e+00
-3.682102173033003112e+01 -1.086757163100386414e+01 9.120933440214717081e+00 -1.538181983831033506e+01 2.275234660409664045e-01 -2.578167514583676656e+00 -4.316714120048639813e+01 -3.162055825287188782e+01 6.302220145581699740e+00 -3.946016528949277813e+01 -1.591674708953514283e+01 -2.093286772431617848e+01
-3.224954971703800766e+01 -2.396812051767623242e+00 1.575551786243347507e+01 -5.409192960917645898e-01 1.296613711570756422e+01 1.846781573152839684e+01 -9.684981601641958093e+00 1.751333119491200296e+00 3.886865165243909104e+01 -3.197206407253082028e-01 6.914421891100349882e+00 -7.402697531883387860e+00
3.324228740708862517e+01 3.473450858099769789e+01 4.113920677161420514e+01 2.583579960838537914e+01 1.215875006009045478e+01 1.183286283149702989e+01 -2.392481474383876261e-01 -5.733504332228717359e+00 1.644943531021813854e+01 -1.121140862181270670e+01 4.191068449459245393e-01 -4.406122677470150961e+00
-1.814668326604208914e+01 2.273821349750824083e+01 1.369033634209873007e-01 -1.576782290259333230e+01 -1.529392763222820584e+01 -1.506640263830948356e+01 -3.618901564029744122e+01 -2.817637669330344963e+01 2.503887862886302607e+00 -2.299116797329325834e+01 -1.038487276808479542e+01 -2.471899949229272409e+01
-1.529843698768392812e+01 4.002081986515528200e+01 1.279581519207880191e+01 7.990740958175853947e+00 8.199514852747231686e-01 -2.325263017034878921e+00 -1.535785533762997801e+01 -8.070075882119255084e+00 1.587729391083103536e+01 -2.399119251768587979e+00 4.050848713788176347e+00 4.427981154312201184e+00
-2.354244546296792606e+01 4.749633542074599291e+01 1.738495024638464059e+01 2.080252807694014550e+00 -7.579890536140001522e+00 -8.865398227088169492e+00 -1.554952131799146287e+01 -2.497998432721583129e+01 1.112538679446092971e+01 -1.125214331841606707e+01 -7.425103850756130441e+00 -2.407044721213731364e-01
-5.135243738589348084e+01 4.030868934346381138e+01 2.445554366115585054e+01 1.213945998745028731e+01 -9.939876310634772949e+00 -1.088587391138197269e+01 -2.354190865290679469e+01 -3.209101547164225110e+01 -1.040290707526749436e+01 -7.211737199945439158e+00 -2.523164590270660312e+00 9.692633359256415559e+00
-4.365891679320427698e+01 3.518472254138681876e+01 1.524883728687033546e+01 -2.192406478165842998e+00 -9.514279792802355473e+00 -2.258864476929149845e+01 -2.025709826924664725e+01 -2.765545610535006205e+01 8.107522021924861377e+00 -1.283590510779022509e+01 -4.928655255397656809e+00 -1.660366896633100886e-01
-5.803864180429853548e+01 3.741594518861510466e+01 1.009889285725338937e+01 -1.423698211998220664e+01 -1.108306375546500888e+01 -1.281137605367231203e+01 -2.882597877037861878e+01 -2.875267836897421603e+01 2.990811962730647977e+00 -1.733157128834658067e+01 -4.500047397566930840e-02 5.209743208293613925e+00
-7.303368900133817476e+01 2.041638660707301511e+01 3.758588204563995117e+00 3.498930920454010440e+00 -1.454877910922908058e+01 -1.882135450622244832e+01 -1.765144519256513789e+01 -2.542466175875935619e+01 5.063716673854058214e+00 -1.580708007329783804e+01 1.366301155836540282e+01 6.802272523552893801e+00
-7.215956768034590141e+01 1.110082428779414343e+01 2.904833843864644383e+00 7.081903059122421240e+00 8.821919856518112724e+00 9.106190156832374427e+00 5.736877882569518583e+00 -6.446552704640971854e+00 1.877586662707550502e+01 -2.839392927189124283e+00 1.062519546612195853e+01 1.021257295992790581e+01
-5.246317975052319582e+01 -8.606931920649683043e-01 5.342742393917891519e+01 2.189117525519111851e+01 9.853508261009633173e+00 2.043481377279307765e+01 4.417588706822479949e+00 -1.589593696119056787e+01 2.287367918850025106e+00 -9.518375578833536466e+00 5.675655246367329099e+00 -1.821487349203639283e+01
-1.039119553141632224e+02 -4.346222734273234778e+01 3.191160374249727028e+01 4.049268085985065824e+01 6.602070135657694294e+00 4.488295951036702647e+00 3.002416506964345366e+00 1.106538516292360441e+01 3.253943020406343578e+01 -1.035115059972438800e+01 2.867605826602647401e+00 1.264378369366035493e+01
-1.863086198867863743e+02 -6.419402476387028855e+01 5.556179538104626658e+01 4.292328830984351384e+01 5.244053808750302359e+00 -1.081334377375128319e+01 1.162851291005230792e+01 1.473384182963995315e+01 2.857815458094743377e+01 1.041378199169348484e+01 1.066080565392490076e+00 7.785906892940172241e+00
-1.637540430884255898e+02 -5.635349889853144134e+01 3.981524820463029357e+01 -2.308649506842254340e+00 -2.752505324037681333e+01 -2.474080580090417314e+01 1.840752767760553965e-01 -6.676391048631425740e+00 7.671678079615546153e+00 -2.169694060719353956e+01 -1.603297200291874347e+01 1.148835228459506475e+01
-1.786825083803649363e+02 -4.719831000497066498e+01 5.595170312379661937e+01 1.179939160054799174e+01 -8.926620532759418580e+00 -2.435689143375885379e-02 2.649769491673363220e+01 -1.089025344191301148e+00 8.794671339504283480e+00 -1.193423703619314225e+01 4.076049853198203010e+00 4.087020823684255788e+00
-1.619976352144590521e+02 -5.547195584163313242e+01 5.087140212996852284e+01 1.027432223554984603e+01 -8.781611198935035389e+00 -1.258909671689420406e+01 1.130143855810275078e+01 -4.436766064730499615e+00 2.054960330595768880e+01 -1.686654404542283814e+01 -6.567131222067156493e+00 5.535982765300921926e-01
-1.744336540377772735e+02 -5.439428522792500331e+01 4.742794417399634455e+01 -8.325657069595463255e+00 -2.762741687802149215e+01 -3.411793811277512134e+01 7.981945742850768966e+00 -1.863815579390291077e+01 3.376731755606437346e+00 -1.263661171337962230e+01 -6.712204624561602273e+00 4.745002966685052392e+00
-1.325086889401093799e+02 -5.718555448172725164e+01 7.282421060933145895e+01 1.912907325559727312e+01 -2.169693830751158714e+01 -2.954822793144720094e+01 2.269650783694825424e+00 -1.511531292761694267e+01 1.205169568874873143e-01 -6.954480852226305743e+00 5.020177784229277407e+00 1.205781417256772414e+01
-1.499366030846143758e+02 -8.448251860100489807e+01 3.148499386390159671e+01 9.580003817988278492e-01 -2.586848102156125861e+01 -2.407938788132313235e+01 -3.389749668772377156e+00 -1.448189989333142691e+01 6.037523825226239538e+00 -2.509226735663927599e+01 -1.145334667370859627e+01 7.180155001725337272e+00
-2.335756243814539701e+01 1.668258695443088158e+01 5.334897922752386279e+01 2.376294771394521632e+01 -4.617142885382613748e+00 -1.497212193335220043e+01 2.286838692504750981e+01 1.698792715767134753e+00 1.421856045692510229e+01 -1.878221651918297397e+01 -8.951839629011121957e+00 -6.699227276983168444e-01
-5.930997914731835863e+01 1.837141857680342660e+00 6.849203791068455871e+01 4.118337283028510143e+01 1.538365488192930286e+00 -5.864908479660304863e+01 -2.832773475604114211e+01 -8.643698635344161829e+00 1.354913398341003372e+01 -4.174441938279478848e+01 7.824240483581988315e+00 -3.431914165651952509e-01
-8.810583178408753824e+00 -1.433797776972744664e+01 4.509174461720684945e+01 2.456892315223593215e+01 2.565814253876113504e+00 -6.546819219100578380e+01 -3.733981085985686832e+01 5.069490644672708157e+00 2.334103664891127750e+01 -2.605363686813721102e+01 5.247301986192783652e+00 1.187388709325934144e+01
-3.615022712951768824e+01 -3.765072682682836103e+01 1.844864992021641115e+01 4.996218316547458294e+00 -1.720182127916471160e+01 -6.863741997048617804e+01 -5.538081850758338476e+01 -1.902670791380506543e+01 2.206017964193633318e+01 -2.891539212191614894e+01 -3.251016068117030144e+00 2.577583978883969951e-01
3.771856415282869079e+01 -4.123305239162011304e+01 -1.597687506666922630e+01 2.252856871607177958e+00 -5.030039995089270022e+00 -4.299451499516280251e+01 -4.427046877140534065e+01 -1.301718484912556928e+00 2.954339678666129387e+01 -9.645879661194028287e+00 -1.887141431374442124e+00 -1.590654880245274683e+00
4.474619453453782114e+01 -4.607757255169377686e+01 -2.187487957149951256e+01 -1.772660537653872215e+00 -4.300243141462246399e+00 -2.218736080222552687e+01 -4.744721160666942694e+01 9.712852995013021573e-02 3.942063780525557348e+01 -1.700153717143077614e+01 4.713728822999035728e+00 4.134990132829393872e+00
9.858196920436359534e+00 -4.862618157112814998e+01 -1.696525013281532779e+01 -2.203679760690691580e+01 -1.475214822656993974e+01 1.511868717023694941e+01 -4.372927761137890457e+01 -2.121450497457202999e+01 4.639104604611334537e+01 -1.320737793825843553e+01 -5.390302837063448926e+00 3.189091331627417869e+00
4.124231925929930753e+01 -4.802461508401943036e+01 -2.829156951646839957e+01 -1.223238273447335622e+01 -1.956610112996360229e+01 1.433610310599419257e+01 -2.266680122827169441e+01 -2.409556769496847295e+01 2.808369342024442261e+01 -2.482419860837345382e+01 -5.462713931048126526e+00 -6.001780845354068639e+00
4.051702299746460767e+01 -1.250699660377106781e+01 -1.027056163592806470e+01 -1.887758937249539315e+01 -8.549866017557171460e+00 4.133899633158281972e+01 -1.689856176800993381e+01 -2.059959408730680508e+01 3.919605699478618988e+01 -4.125745928124947781e+00 -1.817080610979885602e+00 -1.268029642573622873e+01
1.445723550619193709e+01 -4.516430350941513439e+01 -5.050192076548580644e+01 -5.023345926273601947e+01 -3.968998216518143352e+01 1.779060702165543617e+01 -2.646901691296186243e+01 -4.534785486601846571e+01 2.505566285932830084e+01 -3.833670807801297542e+01 -1.421518597435023068e+01 -2.519909477378496376e+01
2.951512821976278289e+01 -3.227109149533053767e+01 -3.112759249746473245e+01 -4.638962899340864965e+01 -3.076462489783205712e+01 4.135164603076651701e+01 -1.482753129321161012e+01 -3.822322109940999724e+01 3.627984706487771405e+01 -2.643736050863966724e+01 -1.071776774416990818e+01 -1.286880221789755474e+01
4.366611031634386109e+01 -3.009936312324257912e+01 -3.586157842480487545e+01 -3.445260404149498612e+01 -2.249702307147872560e+01 4.973112989343876222e+01 -8.679528089682801095e+00 -3.219192008410559680e+01 5.437332355997222777e+01 -2.569504385205247132e+01 -1.659942403814741230e+00 -9.199338795593330786e+00
3.568963496716771999e+01 -2.841804367618833638e+01 -4.611827837903365435e+01 -4.854170940845476423e+01 -2.351856312752200040e+01 4.070997530979070689e+01 -2.813810570765257069e+01 -3.281872332703053985e+01 4.542106587778786775e+01 -2.944699220353790992e+01 -1.486512111758032262e+01 -1.013705558710224786e+01
3.952044609338703651e+01 -2.820400272844533163e+01 -4.114612036107179449e+01 -3.618930681958941875e+01 -1.707873086636885773e+01 2.320363728600496245e+01 -1.418719207783829006e+01 -2.057497768900759993e+01 3.557567386323832892e+01 -1.969344662258422929e+01 -5.216669379075007384e+00 -1.044888656279005090e+01
3.769187142833940385e+01 -2.456560774353708609e+01 -4.569636789161003776e+01 -4.403772810580574770e+01 -2.275912742614744388e+01 2.576635676068688952e+01 -2.446368957738933503e+01 -3.218323834793729787e+01 4.045247162575178379e+01 -1.797434962853205676e+01 -2.186276460577581560e+01 -9.051310659736991227e+00
4.524053516678849007e+01 -3.137480050400622744e+01 -2.868166550523386249e+01 -2.910746912395499919e+01 -2.258926697274530682e+01 1.263742847392145308e+01 -1.793717677286576162e+01 -1.509574053572629992e+01 2.515548935117728746e+01 -3.933180773741306702e+00 -1.458364159774543012e+01 9.243954184592966250e-01
4.158413955277347185e+01 -1.618893710782331397e+01 -5.101683980809659147e+01 -2.753118258997868395e+01 -3.097486630940183261e+01 2.647354759398603541e-01 -2.749063741236109948e+01 -2.989653390091257990e+01 2.512682445237562234e+01 -1.899961541532543663e+01 -3.102512189518487418e+01 3.386173932895458982e+00
4.411440896848066728e+01 -1.467511432796963167e+00 -3.432222070804481007e+01 -2.792907346368851762e+01 -1.934286202536979005e+01 4.000780948667943981e+00 -2.647043396901267798e+01 -3.045331879239317630e+01 2.538869271602891686e+01 -2.081522881873989661e+01 -2.353071079707012458e+01 8.948935985834353346e+00
6.017879108562780743e+01 -1.343005639628013625e+01 -1.018382762600204217e+01 -1.090896689664375252e+01 -5.514288325825485337e+00 -2.819016397219579417e+00 -2.263630891275087365e+01 -8.210884754416998277e+00 1.371184865414643284e+01 -8.939678759609295255e+00 8.873565037316013537e-01 7.258258833267656307e+00
7.202444263404869673e+01 -6.292987951034552552e+00 2.768660166066810646e+01 -1.135330421027502368e+00 -4.686628046379949453e+00 3.837739678256591347e+00 -1.797743415735341088e+01 -1.820058549889397170e+01 3.437014874507165985e+01 4.428148134282987591e-01 -2.209291183364207711e+00 1.999485280744350391e+01
7.059853191495741953e+01 -2.394748742282200027e-01 1.093984873662929047e+01 -9.122007888844315460e+00 -5.019534809076225734e+00 -1.532202453918910123e+01 -1.470009555042645211e+01 -1.586431191859114165e+01 1.621990459745229884e+01 7.895033379969451204e+00 6.575720006415790131e+00 8.254810759938987275e+00
4.663445039765746003e+01 8.808768197145390388e+00 2.789597611358200169e+01 -1.124734301243274714e+01 -9.829702372397019161e+00 -1.781773650767929595e+01 -1.513558975537807250e+01 -3.119674728656762852e+01 1.148849107383404800e+01 -6.745569778786937754e+00 9.071291976832718262e+00 6.838576904673627332e+00
5.895697761716482432e+01 -3.546550273298166189e+00 3.838676417569466537e+01 -9.567223246097572797e+00 3.910244735783196646e+00 -1.917930778380288359e+01 -1.340687830997511298e+01 -3.063146376427399176e+01 8.556039217236753203e+00 -1.340665814487173080e+01 4.454772335757255064e+00 1.119181401195510439e+01
5.372923215681565523e+01 -6.167149108244602829e+00 4.243694773631106898e+01 -1.919475176332854716e+01 4.577229780726204567e+00 -1.992937234882270303e+01 -2.122856185397978379e+01 -2.088354796587744389e+01 -8.937670568474814559e+00 -4.729536878545364864e+00 -1.274112174211602611e+00 1.615851213145519383e+00
4.653311868090487735e+01 -1.718336329701001830e+01 2.513409728926642117e+01 -1.088255026574179496e+01 -2.578735772467880594e+01 -1.925147872908334534e+01 -2.157417527643219302e+01 -3.449654587008510020e+01 -1.751413494606215693e+01 -1.603300185800249622e+01 1.248049773003526930e+00 -9.694010093201413270e+00
6.582193201538061089e+01 -9.253400041272703547e+00 4.086109698645726951e+01 -1.182319960122416624e+01 -2.411702777949420451e+01 -8.030518890370373697e+00 -8.489085219047137088e+00 -2.912294898383304087e+01 -2.886537489935717815e+01 -6.549587606811510199e+00 1.758565164371039202e+01 -1.369161553505950657e+01
5.057039692064741843e+01 -9.121670055717466141e+00 6.635912528818992939e+01 -4.180058481977829032e+00 -2.157426641453244187e+01 -4.858746142370723220e+00 -2.038657482047528191e+01 -2.278353057246519953e+01 -2.187478267648979724e+01 -1.159328376210606848e+01 2.069842506522934400e+01 -1.256484855553465962e+01
1.804980860429023792e+01 -2.450062958826772785e+01 5.892664178797980412e+01 1.819846614264412921e+01 -2.771293300676974525e+01 -9.256209163913467819e+00 -1.803668056758105820e+01 -2.784493498338707695e+01 1.576193396317468753e+01 -1.202178275167666754e+01 5.062792498509598893e+00 -5.701147139836761468e+00
-2.220143207033153931e+00 -3.184597231714753462e+01 8.156068574983098074e+01 1.033323790329612812e+01 -2.378275452887177721e+01 -1.189973114127067788e+01 -2.966201546661762478e+01 -2.738406730034394698e+01 2.828883715937649512e+01 -4.238132786575148359e+00 -7.650388033608967575e+00 -1.388490443410828723e+00
8.587319510904460884e-01 -7.893844026480014264e+00 6.936289637245221229e+01 9.341827065324363133e+00 -7.127580472922435462e+00 -6.505868390595161976e+00 -1.582980536065783816e+01 -3.050383210623990848e+01 2.107776472165213022e+01 -5.931301693879843739e+00 -7.044297959792229058e+00 -1.793603243518822055e+01
2.648953457741292539e+01 1.465698250877196607e+01 7.929943080768471475e+01 -2.972922857472030778e+00 -1.334372664588563406e+00 -1.307774330201084467e+00 -5.260994082640698011e+00 -1.058953962959190065e+01 2.230305452215133855e+01 -3.357657508698667925e+01 -8.204800693082972884e+00 -1.254942970110047007e+01
4.357232359371590746e+01 4.425241406781498199e+01 6.725858537895445011e+01 -6.655464077627049946e+00 -2.847751594121135099e+00 1.563765624377885288e+01 -8.552010821749062686e+00 -4.757304293995450628e+00 7.964820337706453479e+00 -2.948519687753789142e+01 -8.791275419783131539e+00 4.551525645791314467e-01
5.535020298808530015e+01 3.475589537415001473e+01 5.978024150367304657e+01 -7.256471765339258972e+00 8.903697002157294094e+00 5.723947013971681486e+00 -3.482708824587092522e+00 -1.308844007952001842e+00 -1.464767930561559961e+00 -2.181233862008901525e+01 -1.085616187860313886e+01 -9.408672094541941533e+00
4.313434053583982575e+01 4.095205461769157296e+01 6.985654218384621572e+01 -1.169125459443840498e+01 3.270986263828201235e+00 1.380463469175502489e+01 6.241020669665665821e+00 -1.463028252229155690e+01 -1.422859496170702176e+00 -1.636173871673538116e+01 -1.253519046487925337e+01 -1.104697751383945636e+01
4.571559196647240242e+01 4.261220720586254629e+01 6.387034700070059756e+01 -1.188477109254249342e+01 7.843727110890881704e+00 1.168363813118003591e+01 -2.313588005802128311e+00 -1.301480463997379289e+01 5.177889970724745439e+00 -1.621663413599035408e+01 -1.294150888890850837e+01 -1.585671971923282086e+01
4.216535459656155638e+01 5.672559109406540756e+01 6.594624375650340653e+01 -6.207402025295353454e+00 -3.239823671001223371e+00 2.748177036176494781e+00 9.592265881025404894e+00 -1.717616275698777883e+01 1.563636427471079227e+00 -8.995899805087262280e+00 -1.575676787160291070e+01 -1.913078716307896343e+01
4.477970676821691853e+01 5.423437371939920837e+01 7.305769908826809456e+01 -1.713409347152438755e+01 2.770558480149017289e+00 1.037400990309926030e+01 3.766595429828673680e+00 -1.618278431393207484e+01 5.100499181373473689e+00 -1.501509595999004176e+01 -1.632767784459564808e+01 -1.407788671329362629e+01
4.746176851418529452e+01 5.187013406069226562e+01 7.093939004745737975e+01 -1.461717560645788438e+01 3.285541963174341440e+00 1.205427988273865481e+01 1.152647930844173052e+00 -1.684055573371907144e+01 1.999348709688062220e+00 -7.413001540610210327e+00 -2.076028042972263066e+01 -1.416500323896512903e+01
4.675441349311228123e+01 6.643093820226800972e+01 7.098284506608595734e+01 -2.635790562788684355e+01 1.210394532282963631e+01 1.714061761045643095e+01 3.282843957738164065e-01 -1.835392050388546181e+01 8.988871803122016502e+00 -1.151531017162584192e+01 -1.740603865032569431e+01 -1.865955596767413027e+01
5.172242159700045505e+01 6.847514077236851904e+01 7.198097765017165273e+01 -2.584940449063835999e+01 1.192213729884205264e+01 1.900399748710647430e+01 -7.726680144833570907e+00 -1.278863172660717673e+01 8.643302622709081007e+00 -8.808864545571699622e+00 -2.852735363855236983e+01 -1.497713948823492380e+01
4.529095957932157290e+01 6.724488423579795437e+01 7.533166815779327408e+01 -2.327424089297562659e+01 8.952802104544650419e+00 1.733350535622091826e+01 -7.315158201097821333e+00 -9.143104342039233501e+00 1.672421037058235083e+00 -9.333082987101430916e+00 -3.012812237862748788e+01 -6.168446395480716937e+00
4.493845567549226416e+01 5.316361817348379759e+01 8.594627984383507169e+01 -2.918095103765763199e+01 1.118997906996683156e+01 1.756884147658696804e+01 -9.851828709760667380e+00 -8.116417836029045318e+00 -1.531981104832339291e+00 -5.218675340947081409e+00 -2.332413153499994607e+01 -1.554647017386336572e+01
4.225260146744101064e+01 2.591161312490440949e+01 8.417907403570700353e+01 -6.950323719081112905e+00 5.249599987017421476e-01 7.461084772655152797e+00 -1.836845858138964394e+00 -8.834594226397484817e+00 -6.943160558598461485e+00 -8.075128626568144341e+00 -2.052824050111713206e+01 -1.296797274815978618e+01
3.228098568821094716e+01 -7.553646846542820370e+00 1.129270924687048137e+02 -2.111537186505463737e+00 -1.239602280858613881e+01 1.119562380109267608e+01 -2.305410764723594852e+00 -3.180118224959235906e+00 -8.016375054452174354e+00 -1.556173545914516154e+01 -1.379424424594940390e+01 -1.891188097182531891e+01
3.261142692533687892e+01 -3.316857133815585712e+01 1.032633872419040699e+02 7.250521297392521269e+00 -1.536973211688026808e+01 1.693357159949459501e+01 -9.649671193390069845e+00 -5.780663210615527348e+00 -9.787617795564669265e+00 -2.010859264975516680e+01 -1.354954385663214467e+01 -1.297147588454352984e+01
2.490401479943890450e+01 -2.715319425243097839e+01 1.061121309433562061e+02 8.713106609972085081e+00 -2.036737958499087142e+01 9.909814447950862970e+00 -3.314852673762719526e+00 2.854185230072355139e+00 -1.397661157263982368e+01 -1.997183866224077775e+01 -1.729281655868509660e+01 -1.136287247443068438e+01
9.187694979135759610e+00 -2.994063817672316574e+01 9.948114687274907908e+01 7.022379081080735830e+00 -2.355130175910567658e+01 4.665178834716702916e+00 -1.210163078091699518e+01 -4.352485824511640011e+00 -5.176195468354225504e+00 -2.525039017489011428e+01 -1.076709794145012467e+01 -1.692341308611423756e+01
-4.959226057228375950e+00 -2.125974003947862911e+01 9.629365642356825106e+01 1.361182450925586274e+01 -2.124492725148429884e+01 2.842204517823113674e-01 -1.348198191532744161e+01 -6.831749291644845457e+00 -9.797019562108106427e+00 -1.513021252144635476e+01 -1.404528648571579907e+01 -1.726431899619925048e+01
-2.067322731434001248e+00 -1.627229713420362600e+01 9.183026425771825529e+01 1.487035879419773821e+01 -1.469525196396798705e+01 -5.105542089456275079e+00 -1.129497754394407671e+01 -3.233181912819437009e+00 -1.171628377584947600e+01 -1.298499513459462307e+01 -1.580711437795263130e+01 -1.184806304088763795e+01
4.831773659590872683e+00 -2.957968772737716989e+01 1.167976528673934240e+02 6.884635404921143120e+00 -2.629092199188043466e+01 -1.153772454900119904e+01 -9.416119714384032946e+00 -5.602991821125780092e-02 -1.389615222576958509e+01 -1.950485875810193548e+01 -2.315915867956851315e+01 -6.389305270632188893e+00
-9.851780305520543735e+00 -3.467622234939815140e+00 1.092194888028087405e+02 3.554394649776877912e+00 -2.837752877447363886e+01 -2.171403191854497194e+01 -1.462268782421073166e+00 3.341817526536680738e+00 -7.977058856661166431e+00 -2.583349464043295995e+01 -2.853111229176812458e+01 3.054186380175580418e+00
-4.984330734841542210e+00 -5.612815113132238132e+00 9.947259229468201625e+01 7.350972019463278606e+00 -2.891321362389929561e+01 -1.077635812225130252e+01 -9.927530220685195417e+00 2.074434360384055598e+00 -5.036826049831883978e+00 -2.934996675687822787e+01 -2.217317198242643173e+01 -1.197298460838378986e+00
2.064264701223796905e-01 -1.453224052911841113e+01 9.171362941812100189e+01 -1.867950562440459539e+00 -1.059760538734929369e+01 -1.477508877565293943e+01 -1.255395370145845568e+01 1.401998756173828298e+00 -8.283545095522104162e+00 -1.944838057722821034e+01 -3.345479418483664347e+01 -1.013327272159548986e+00
4.390983316157790028e+00 -1.762447947440761098e+01 8.633966299524867338e+01 -9.679156624127450925e+00 -1.006005589604380912e+00 -4.877589628749144701e+00 -1.153228533825354063e+01 -8.383272793364529463e+00 -2.903957322995205814e+00 -2.594533395594696401e+01 -2.271063673301301833e+01 -9.360152506966688435e+00
1.331003254077683096e+01 1.162635449951832634e+01 8.587057684646501343e+01 -1.562996175942272004e+01 3.697650672271926453e+00 -9.963530578918945224e+00 -5.631337538987364333e+00 -3.315193397360771677e+00 -1.520270876107851388e+00 -2.304562919458044945e+01 -2.312023339699467783e+01 -4.254449007821930806e+00
-1.327953011213167223e+01 2.715155243663663498e+01 1.072545652062693193e+02 1.116565685791801954e+01 1.225598966445334348e+01 -1.178193225126394594e+01 -1.726318169947057157e+01 5.211532755160539487e+00 4.329958419219993582e-01 -2.928140797383034055e+01 -1.717573545017561543e+01 -3.204783065429348099e+00
-2.076339744903111395e+01 5.407160221751138351e+01 1.248195606305017975e+02 -9.443516133344635577e+00 6.876474315331186915e+00 -1.696931394334984589e+01 3.609902593423646167e-01 1.817818502257713575e+01 2.300945028604151510e+00 -4.410751240396693618e+01 -1.796662476796144148e+01 7.179952888249394150e+00
-1.146125435835259054e+01 2.875711356871039470e+01 1.028852327816303784e+02 1.614029163602314076e-01 9.245411595242270408e+00 5.500520441745836209e+00 -9.931786475684965865e+00 1.150551595644481173e+00 1.562357057828316620e+01 -2.203183606424769891e+01 -1.979131891412225386e+01 1.065962332845395100e+00
-2.619801699883041568e+00 1.318011544856050321e+01 8.922169810874245854e+01 4.303962386150467445e+00 -1.394825892476010187e+00 3.568215372828000831e+00 -6.252244054022968456e+00 1.057549581694742713e+01 8.502230984528587499e+00 -1.891887602647873834e+01 -7.234532226011303635e+00 2.365708149070575139e+00
-2.389055811576015742e+01 1.194409708763417122e+01 9.065682777547675641e+01 1.142926985539360274e+01 -1.623347067617804029e+01 -3.611345918446595249e+00 2.898248688263477035e+00 8.160029858620834631e+00 1.699396667341503075e+01 -2.042215924972650143e+01 -1.666103692077461318e+01 -3.487559283531978416e+00
-3.197071398609707060e+01 1.981736808393269378e+00 7.379391457181574765e+01 2.037677784069169817e+01 -1.100332414661600389e+01 2.422019696912194320e+00 8.643956750996583338e+00 -2.249435205359213985e-02 6.333388060732040969e+00 -2.257197334035839020e+01 -5.622972343514975435e+00 -1.175006113049765766e-01
-6.785660782626234777e+01 -2.033914249492011095e+01 6.177216700495642954e+01 2.237580456954489705e+01 -1.121451260872157718e+01 5.969067636760516660e-01 -6.425785316875280984e+00 -4.782845782732771944e+00 -2.496485142998263740e+00 -4.084099751566405700e+01 -2.447325882999330560e+01 -2.281807983639267690e+01
-5.036977624007512588e+01 -4.651504034873630644e+01 4.057478434829305058e+01 2.315044352180758835e+01 -2.494500710072146887e+01 1.732345151559461227e-01 -5.390228497267015584e+00 -1.302693494405999175e+01 1.160427290946476120e+01 -2.313694223746202638e+01 -1.937059974782184213e+01 -1.752941082724463584e+01
-3.987975464186740737e+01 -2.083598900263526588e+01 3.387112466710305370e+01 2.251271456389941505e+01 -1.500892505452476833e+01 1.292365534412776285e+01 2.199953861098608598e+01 4.478823839181853117e+00 1.827936747982609234e+01 -1.882429787262729093e+01 -2.226099963520483271e+01 -6.541480314734188894e+00
-4.890099144263466258e+01 -4.340364072250638472e+00 4.289532985964196854e+01 4.329951742303321538e+01 -1.312804496776596430e+01 -1.674413177242197737e-01 1.768846301262429677e+01 -1.852478934308394187e+01 1.123737079312331133e+01 2.522130102776727334e+00 -5.759178532980291365e+00 -1.129225683589529794e+00
-7.524688699216837051e+01 1.598064801069749841e+01 3.049960026619246634e+01 2.875870244540955412e+01 -4.948649349981470102e+00 -7.595814655621506262e+00 1.464677397679174753e+01 -1.697333797084509399e+01 4.393800644225846597e+00 -5.181372446607728222e-01 -1.328388372503860637e+01 -1.163978591523781603e+01
-3.131781329551202120e+01 5.556692052312860852e+01 3.371511071139918414e+01 2.504546668784130503e+01 1.624215119519029216e+01 1.655482877507719763e+01 2.502435919784729634e+01 -3.012933077784864633e+00 1.360473769592164572e+01 -4.727439653413734177e+00 -7.587448839058922312e-01 -9.310589113817636431e+00
-1.995751669599896871e+01 5.288626326915711218e+01 1.368191267056582205e+01 8.362801726113247014e+00 4.724442600008245563e+00 5.006401522719726493e+00 9.096090371660427110e+00 -7.334583046417229468e+00 8.268147047320699272e+00 -1.062699038306144494e+01 -6.845501748329687608e+00 -4.954182621947010645e+00
-6.327592877661542303e+01 3.567632699544144259e+01 2.061280584858771192e+01 2.105835505042797706e+01 1.245734321420270518e+01 6.220455013891238671e+00 -5.541127571216931003e+00 -1.927026146813484431e+01 1.335925573900711250e+01 -1.093250469091386279e+01 -2.738389982241049569e+00 7.168528840688715320e+00
-7.305473879999439646e+01 3.023948921708394977e+01 3.093557514237931372e+01 2.991623121249285688e+01 1.913862571609685759e+01 1.706102247990475718e+01 4.102559198431118936e+00 -3.694929819884746447e+00 1.819012315863731644e+01 -1.622373950114546659e+01 -2.869023867708133668e+00 -3.350691915884717265e+00
-7.920276446324783137e+01 4.042677257945459957e+01 2.846494904643621382e+01 4.055915302728914895e+01 2.812649595334393382e+01 1.766958878840838310e+01 1.684950652964089812e+01 -6.161489160219769445e+00 1.701281037129359675e+01 -5.882014704399567862e+00 -3.819289255019072904e+00 7.225754637956346427e-01
2.082704024658216468e+00 7.516039101400951949e+01 3.493763558522550738e+01 1.393766094606515438e+01 9.569069776612737499e+00 1.216255574190709510e+01 2.235842077160088337e+01 -1.505073062965576192e+00 1.693789182191812515e+01 -2.513080977573490582e+00 6.688046037828299539e+00 -1.578764157129051160e+00
-4.725030993178445016e+01 5.276699625166050112e+01 3.281260062974396874e+01 3.535516681374116388e+01 2.750523953640657027e+01 2.395338456772400804e+01 2.222795864588891845e+01 6.780207497907325020e+00 2.013424356278811089e+01 -4.657186218792810806e+00 -9.062943410741659989e+00 -5.424612874084438374e+00
-5.944726132571443600e+01 5.571159008287695968e+01 3.616354357796397068e+01 3.093332514276189471e+01 1.590284516659004765e+01 8.421947846576172125e+00 1.382225357209444994e+01 -1.376577052953011471e+00 1.734733535796386406e+01 -5.093040697625328406e-01 6.677601500940726353e+00 -7.600006039887848175e+00
-4.454183630865671262e+01 4.285583300932941597e+01 7.642638802982286705e+00 1.164533085208992524e+01 1.008101951029731769e+00 3.500517725983947059e-01 8.672009999063060803e+00 -1.676901785271956413e+01 -3.512404447414757325e+00 -1.658733854520889039e+01 -5.627220315183850019e+00 -4.829075995798479681e+00
-7.667697119126017924e+01 3.334264655710371272e+01 2.528426045912922504e+01 2.304303408723968261e+01 1.280123004384015317e+01 2.745994192331013650e+01 1.065631486125016636e+01 1.827296334355997942e+01 2.793554948836143126e+01 1.515477420979279621e+00 -5.224385085215614843e+00 -6.805608407965713980e+00
