-1.257183051549511958e+02 3.465871034025447273e+01 4.671913184114303874e+01 4.429714346825408544e-01 2.314616852837161787e+00 1.156947896027804390e+01 -1.492169089183895458e+01 -8.475005725584708216e+00 -7.973163041990248168e+00 -1.214585067375402616e+01 1.220331743203966113e+01 5.553281829684737048e+00
-3.998271035666908801e+01 3.539541133393930750e+01 2.330937427218040625e+01 -2.957392205817998843e+01 -7.568034557844664612e+00 1.378368154728328854e+01 -7.153198709443418402e+00 1.083208766125784095e+01 4.848287564553304563e+00 3.958599011226247022e+00 2.262585325877135745e+01 1.379490509598410597e+01
-5.209984192906830458e+01 2.968044860317508249e+00 1.120458629061668887e+01 -2.694705458740214965e+01 -2.911270992873439045e+00 1.936031250460637310e+01 1.052624018540049278e+01 7.277165003987799530e+00 -1.516488827004022877e+00 -1.311626354413131246e+01 8.904666314779861480e+00 -1.963956522752984313e+01
-2.756518823806763407e+01 2.591489656013213860e+01 4.408446004696345000e+01 -1.860516119264168111e+01 -2.232041306398949487e+00 9.293463814997206640e+00 -7.927834566378966663e+00 4.297057630052743882e+00 -1.112627650733163875e+01 -2.489498832151024388e+01 9.431957663614532805e+00 -2.459317182543547631e+01
5.232543414656957736e+01 3.432551296611690006e+00 -3.150390944189442877e+00 -3.360519114996503021e+01 -1.645683669897962531e+01 -2.934005255666043510e+01 -1.418493774506797145e-01 6.660245427732525592e+00 -3.004800641790565408e+01 -2.144691061126946252e+01 1.417386090557276113e+01 -1.255694070511202654e+01
5.096355455260469114e+01 3.382036738124122621e+01 2.870829676069829617e+01 -3.333613601915544677e+01 -1.829071929808234387e+01 -1.653319131112020912e+01 8.655779556515696527e+00 2.509249265272001850e+01 -1.731280244831699289e+00 -1.966847326950420083e+01 2.181493573498343252e+01 -2.367169884604651742e+01
5.294055044272680277e+01 1.823785967141148845e+01 7.270595915499912465e+00 -4.113671528116378084e+01 -2.605126575897795149e+01 -1.532820349111272762e+01 -5.820463298751343828e+00 1.314452984570520400e+01 -2.069400048649459034e+00 -2.168203614523936551e+01 8.247384643332811294e+00 -2.344894404788003328e+01
5.016400099464733842e+01 4.264225373581658118e+01 1.849774542040037772e+01 -3.082212871924366127e+01 -3.596141996368947957e+01 -2.967232975113913085e+01 -3.187640972583283716e+00 1.548979660472517139e+01 -1.250628956464341712e+01 -3.527837994953771528e+01 1.260650393193854235e+01 -2.080504743086143904e+01
-6.910353274850984917e+01 2.262812462259997659e+01 7.702812168490440570e+01 -7.944060893783465360e+01 -2.448238819082484952e+01 -1.650081767915283137e+01 -5.377898709894965990e-01 3.013042620593342846e+01 -8.368691282906457474e-01 -3.473505290267235068e+01 -3.811732448598274203e+00 -7.598162034754497363e+00
-4.731086746070226923e+01 3.780374984442914155e+01 4.823521866530329305e+01 -7.177550401227372845e+01 -3.257324032807423464e+01 -1.579023614430759181e+01 -1.458289781874364444e+01 2.341900749758174527e+01 -7.138064326541407212e+00 -3.177457978401326599e+01 -9.865311684381135038e+00 -2.199924351001585876e+01
-1.586500333296481102e+01 5.403090463520680942e+01 2.765323125943523053e+01 -2.120062090932517052e+01 -4.937443316273187222e+00 1.076233531858126824e+01 -1.161499804217991372e+00 1.874878906937787448e+01 1.661959794043522898e+00 -1.636248807068471933e+01 -3.293987012632434208e+00 -4.251302189711232415e+00
-1.289806042577413159e+00 4.160063602201999799e+01 8.381009723100889985e+00 -2.448330463990387074e+01 -1.842553502980344149e+01 5.332832661311939226e-01 -1.547910488457943856e+01 7.665910216693005097e+00 1.587095991092750502e+01 -3.997483063880967080e+00 -1.148243114482541127e+00 -1.262044626893827726e+01
-2.627057507893686505e+01 4.551107117657203105e+01 7.733613786318082717e+00 -4.040475148903809099e+01 -2.738623184761087614e+01 -1.356362084445392080e+00 -1.498071546488221983e+01 3.509446183170658706e+00 3.481789131455163222e+00 -9.185878531210747155e+00 -6.767748148441812717e+00 -5.334108230782747206e+00
-6.045443035566326273e+01 1.979628242267362026e+01 -2.482687705296635183e+00 -3.583250686853861566e+01 -2.958123924615141576e+01 -1.231688830530392842e+01 -1.001763625534638535e+01 2.114374234495523197e+01 2.238194107205849548e+00 -1.157801700977210579e+01 -1.830914134747600741e+01 -2.128634576399726797e+01
-3.703039374018647578e+01 5.198707786372932560e+01 1.273251032468922794e+01 -1.835196644034523672e+01 -2.962170570918757129e+00 2.162328879989231289e+00 -2.899469848166225550e+00 3.083653029503620502e+01 1.532798905937030653e+01 -1.113888761136426453e+01 -4.834471881918005032e+00 -7.335925383521316512e+00
-4.888500812908159077e+01 3.161435734650303075e+01 5.238991338056958824e+00 -3.367905078168162447e+01 -2.736043100950136164e+01 -4.341263648848303625e-02 -3.548892935279424066e+00 1.896113352461809853e+01 1.764007017651189813e+01 9.087022107850575736e+00 9.870139676676604523e+00 1.048531280605221205e+01
-5.933219829752810881e+01 3.360134279486443631e+01 1.326303939888326511e+01 -1.552473791595654262e+01 -3.072259570718354738e+01 -1.071579231995549897e+01 -5.933983854876641928e+00 1.474770600611803673e+01 1.773294570509714418e+01 -1.797615567378464174e+00 -9.310185484219677399e-01 -3.812848045039519462e+00
-5.124241894182512169e+01 3.684794140422188491e+01 7.203725422828926028e+00 -1.881118997728761855e+01 -1.367934273418200775e+01 -5.173759041145549631e+00 -9.853038266228278275e+00 1.785040552618990262e+01 1.147116247078183626e+01 4.907154484152129292e+00 1.268773734414542886e+01 6.807711770596260870e-01
-4.297038879438639469e+01 -8.601358358199323817e+00 -2.793397664098492328e+00 -3.076683154915807705e+01 -1.948783440652007215e+01 1.169964565709570437e+01 -3.233342594494647226e+00 7.842063868868673460e+00 3.563198370848403407e+00 -2.239994594592753074e+01 1.208646641841072267e+01 4.795887298573411783e+00
-7.421065868162513368e+01 -1.319262713860423730e+01 -3.247915886709671351e+00 -5.702110426656295772e+01 -3.387967541790523285e+01 1.115006843642049184e+01 2.073148166320940788e+01 4.382295115833368016e+01 1.584745186781962900e+01 -1.501531504341287082e+01 2.020897101196472789e+01 1.692592028444785157e+01
-9.683721330303629315e+01 -1.010491743256994468e+01 1.478248030957488446e+01 -4.958131408750995917e+01 -7.815225031560892432e+00 6.026968896340854087e+00 1.211556232502320540e+01 1.490253745893351578e+01 1.761527170286124644e+01 -2.256716384350578153e+01 2.648646870729005087e+01 1.951380081525410404e+01
-5.475415280572725862e+01 -3.616557923433213517e+01 1.447105966608730698e+00 -5.587416587762088227e+01 -2.415557972786472618e+01 7.149866143309250965e+00 2.223497945813947396e+01 3.111063823536900230e+01 4.978208190548380152e+00 -1.770156085278362212e+01 2.226182916509014831e+01 7.864506283008427800e+00
-7.039989416336776173e+01 -3.863356231519770745e+01 2.600411092551264680e+00 -6.662580169728252599e+01 -3.557225630446868081e+01 3.016875627132136195e-01 8.396847079673751324e+00 1.836343382921543466e+01 7.788628566803744491e+00 -3.898659301769447438e+01 8.133872219759389566e+00 4.946842552690526418e+00
-2.093269059412115496e+01 3.708917697263079738e+00 4.749868837019935341e+01 -2.858274823245042384e+01 -3.921988732568227931e+01 -6.668598326252909381e+00 1.284560768796734820e+01 2.720511650135115289e+01 1.637246378388799428e+01 -3.934897964930418368e+01 -8.125752588182850289e+00 -6.215753658906978174e+00
3.247458218707289745e+01 3.796647408083950381e+01 1.608214472104168635e+01 -4.924078158094205548e+01 -2.890568342324553797e+01 -2.715889557930233522e+01 -1.572857530093593681e+01 -2.979677665380076057e-01 -4.542361222040568691e+00 -2.710144525281704730e+01 4.705845257821678729e+00 -2.175907783392095496e+01
7.483651651178510633e+01 4.495523372327612321e+01 -2.665718349762282724e+00 -3.489038287808099881e+01 -1.355592580685202719e+01 -2.834550187313075753e+01 -1.843251593314478409e+00 2.984608991691602498e+01 2.391805015772298315e+00 -1.553962899124818620e+01 2.006666670402988473e+01 -5.154585379981890370e+00
5.804616521072657065e+01 5.281839681983350943e+01 6.279502203725906284e-02 -4.844974857997735285e+01 -3.336715801315381924e+01 -3.477984013817316367e+01 -6.515929118733080116e+00 2.774857407730542391e+01 -1.010165596216033101e+01 -1.758947875335233846e+01 1.936918355458278285e+01 -6.582348436078330423e+00
6.123227154433482866e+01 2.460495083738132394e+01 -1.536025629995903508e+01 -3.548027947971078078e+01 -2.265048552812218219e+01 -4.111625387465062431e+01 -9.599377629383099020e+00 1.905105146437412955e+01 -8.746664166621945569e+00 -9.872568267689842969e+00 1.424875866616496722e+01 -1.438179134910347301e+01
8.548749524761936414e+01 4.612264764066688372e+01 -2.005343371222501947e+00 -2.531895650301848377e+01 -1.084540708881331383e+01 -2.216145475510022322e+01 -2.031515504630041491e+00 2.192856384594379904e+01 -6.587255020168396591e-01 -8.563705992708170456e+00 1.354277380873199021e+01 -1.467555180739921994e+01
7.184381239584575951e+01 1.170098010610926842e+01 -4.459447031692092001e-01 -2.639181576162724241e+01 -1.571640785270830420e+01 2.425146619233028433e-01 -5.238178684614226199e+00 -1.260416946540381389e+00 1.244994480580972507e+00 -5.916366665176417072e+00 8.331507942048714810e+00 -9.944255552928467523e+00
6.640994145961987272e+01 4.349489091655451034e+01 -6.835281621853107836e+00 -4.768122238245562983e+01 -1.089917651647372487e+01 -3.959926203988202076e+01 -8.749800780696963542e-01 1.591736450037182315e+01 -1.396726145036673117e+01 -2.555934591276748336e+01 7.765938507502662347e+00 -1.903066420978426976e+01
5.791572154224250824e+01 2.989950454166129745e+01 -3.040071401285278085e+00 -4.452245551755794395e+01 -3.482633330469526811e+01 -3.360499730601103607e+01 -4.051650142368487195e+00 1.339542146588487270e+01 -2.006907305696790544e+01 -1.269119506834248412e+01 -3.500316735548213209e+00 -2.978936730868602112e+01
5.626423844588963163e+01 3.797597896956213503e+01 -5.983168858320508932e+00 -4.374992338195104935e+01 -7.212748530170447481e+00 -2.881702723078039696e+01 -1.341597248568534084e+01 6.068956537236473991e+00 -1.094623765277911964e+01 -5.453568158751702200e+00 6.961239098099531120e+00 -4.058760987845467127e+00
5.548151518536221261e+01 4.365860593586270966e+01 -2.302229840131865046e+00 -2.869445376356569000e+01 -1.590364732282524685e+01 -3.033192801086803314e+01 -6.528093435124865174e+00 -4.430039756420757868e+00 -1.094653404524175500e+01 4.320898631661005851e+00 1.519596812618325110e+01 -5.647483236238527660e+00
3.972388210629192429e+01 3.512430951848676841e+01 -9.448582088106373789e+00 -4.024764048542832739e+01 -1.509692240227142968e+01 -3.393236965467077937e+01 -3.994448579723821169e+00 -9.019561604503715913e+00 -1.649608176080739952e+01 3.500392432643617546e+00 6.652181987343423586e+00 -1.237225864584033275e+01
2.926887827480742033e+01 2.599226439638707831e+01 -1.293891153481397183e+01 -4.700004490814125546e+01 -1.541051315207985795e+01 -4.491536406101182877e+01 -1.515818575508202137e+01 -1.144315107371165929e+01 -2.127453629800963597e+01 1.235694219934946325e+00 -2.834221639413031291e+00 -2.086360113071791034e+01
2.397094595092510261e+01 4.206094185372366212e+01 -1.158328760306569549e+01 -1.772642853399544549e+01 -4.224804450590606386e+00 -3.232307062167282652e+01 -1.682436837604193158e+01 -6.940232031365283660e+00 -1.274518982763764186e+01 7.291270197249462903e+00 8.915613585016327391e+00 -6.182881817376728151e+00
2.294207847537002465e+01 3.911747054706194149e+01 1.352051323202570998e+01 -1.299543806857575312e+01 -5.180314695754858256e+00 -2.633439596913748204e+01 -2.293014558621943877e+01 1.250595300569274926e+00 -1.336468485452146915e+00 -5.063543349955049955e+00 2.017096442932949074e+01 -7.011394813033134277e+00
2.493673351774044278e+01 4.756790049495396744e+01 7.992465874302151718e+00 -3.783562390201349324e+00 1.163334317566689080e+01 -3.093929896237869670e+01 -1.644089595904809897e+01 -1.389900858630399760e+01 -4.513072615354341011e+00 1.345713094180624303e+01 2.230386447870808908e+01 -2.512416146521112115e+00
1.867916634677051491e+01 3.315178291511814734e+01 1.535355993161988764e+01 -1.816427500064630385e+00 1.617995613158843682e+01 -3.639459992742889227e+01 -5.832819574299737297e+00 -2.075844315625811021e+01 3.795479373889252273e-01 7.899489066562098039e+00 1.545044723112155793e+01 -7.693167412711384712e-01
1.733093136415466873e+01 2.565555144564497780e+01 9.000553167027884882e+00 5.549353401063616964e+00 1.530856096716703085e+01 -4.429883964001372476e+01 -3.190056320768628240e+01 -9.128610862910174761e-01 -7.295564716213355894e+00 1.487957208605090109e+01 1.278928602737326159e+01 -1.887482861399812961e+01
2.148400632035844637e+01 2.567582504476527205e+01 5.079769671334773307e+00 -9.193567694565983217e+00 7.748853643169182348e-01 -4.538380387946729400e+01 -2.325520889226763188e+01 -1.659460137038153960e+01 -1.218785787236340923e+01 3.592573084919684412e+00 4.222685752127329550e+00 -1.362306277139121846e+01
2.644337327236353374e+01 3.457578771693071928e+01 6.659131716749784324e+00 -5.584920002714885534e+00 1.812767045547119693e+01 -3.811721943462872275e+01 -3.543178427391298158e+01 -2.648815028999423049e+01 -1.992714474397227775e+01 1.756286769498873213e+01 -2.397094895364446643e+00 -4.785771711836369846e+00
3.200926021318506542e+01 2.926127300318228208e+01 2.556484643819933922e+01 1.021998831754116210e+01 2.723098990851495671e+01 -4.886976596478066170e+01 -3.075133609787130951e+01 -2.030636895652018126e+01 -5.237926768637782615e+00 2.551910477027981905e+00 1.472951668849501239e+00 -5.254671941558219039e+00
3.901960479684461802e+01 4.397907977840669957e+01 1.246082871506176915e+01 7.464165233377068276e+00 2.275960604941622023e+01 -3.133608525842958414e+01 -2.943347375897776885e+01 -1.213114107761155402e+01 -7.503515556790475216e+00 1.037960522170899047e+01 -3.684393079821027595e+00 -5.765766172297111858e+00
1.812155196851139038e+01 4.054471973910649041e+01 1.370016299357770251e+01 8.303358220333385553e-01 1.637915110352927783e+01 -3.588234637232611135e+01 -2.215434717301504719e+01 -1.111047510485132328e+01 -1.516379665544401512e+00 -6.017445916624417634e+00 -9.120296867602806223e-01 -3.496316485956620923e+00
1.308515807802952224e+01 1.874015990856924674e+01 -1.831700813161831931e+01 -1.049084764953533799e+01 3.141706123734082645e+00 -4.428880973730456105e+01 -2.023040380896583201e+01 -3.044580764617870727e+01 -2.920272106550836710e+01 -1.492155877282553789e+01 -3.421525041373096432e+00 -2.127789450848171171e+01
1.312544438359232846e+00 4.273778389711249304e+01 1.452439831112188440e+00 -1.818733868619746730e+01 1.478504548296882604e+01 -3.442620496714994260e+01 -2.954444433515494595e+01 -1.841914758613219050e+01 -2.409647316927160077e+01 -6.995508359561787515e+00 1.057834893724656888e+00 -1.419940476194435419e+01
-1.409665895504054633e+00 4.218805193451309776e+01 -8.646809504246997236e+00 -2.049909806764524944e+01 1.006110682219999575e+01 -3.761901288381989161e+01 -1.799654936159340934e+01 -1.843934484535891727e+01 -3.358094842352016940e+01 -2.217431887215737696e+00 -1.662598784791137518e+01 -3.865177133359860129e+00
2.155699811744491967e+01 6.379500166247079562e+01 -3.857711649728821968e+00 -3.599869134406497917e+00 1.503008978270212381e+01 -3.652055053408674468e+01 -7.273853011502696475e+00 7.987248677427975174e+00 -1.289949546256317703e+01 3.276670167828556135e+00 9.123809078373191994e+00 -6.304471616522636657e-01
1.468298326808076837e+01 4.917727535238624625e+01 7.208138895459867967e+00 -2.267319038494517258e+01 -1.073342964180226033e+01 -3.385615257619546270e+01 -1.525622923720830748e+00 -3.406373491306227130e-01 -1.299822354793919210e+01 2.022217941385081375e+00 -4.469329517901931226e+00 8.637976100217937159e+00
3.805498264053728263e+00 3.880799199973368729e+01 3.443134539053279042e+01 -2.330752694624563759e+01 3.305932419231968122e+00 -1.796488018386774144e+01 -9.821721551286062279e+00 -2.812358174319310677e+00 -1.549683154286465836e+01 -8.489632557468402396e+00 1.991174758372894971e+01 -1.512156094225696190e+00
3.435487136903513772e+01 7.023137602363912890e+01 -1.545428665075177399e+00 -3.790801798438840109e+01 -1.340826698840525211e+01 -3.854236926490784043e+01 8.443328042176997172e+00 3.720722629260052372e+00 -1.070686970917759062e+01 -9.768215174689686364e+00 -1.930562530656828812e+01 -1.480559311704027614e+01
5.087727485585612186e+01 5.093022864876523670e+01 -1.384990352972087990e+01 -2.717419886324292122e+01 -2.164242488486476645e+01 -4.171524658241584405e+01 4.380895046757932398e+00 6.769795598975670181e+00 -1.529853604015888102e+00 -2.191117323050913157e+01 -1.554918231395772921e+01 -1.167269259655654778e+01
5.060031338527547717e+01 5.950273876699995412e+01 -4.473326537461526087e+00 -2.454373432728634796e+01 -1.319868090368883884e+01 -2.696010042742423352e+01 1.399034377898568593e+01 2.333888234285416985e+01 -5.426413617991959981e+00 -1.384991083018440872e+00 -9.067968906860500056e+00 -2.349543291663879874e+00
4.945285583790717965e+01 5.603352815097908035e+01 4.320762400483976862e+00 -2.625516324666063639e+01 1.462361315103080095e+00 -2.808217882748102667e+01 1.051397352904574234e+01 9.954131369963601372e+00 -1.524385734692968875e+01 -1.268294306696106544e+00 6.391559649887587291e+00 -5.793376390048544877e+00
3.563101344852248076e+01 5.514642789388683752e+01 4.981445190707600723e-01 -2.172135128295976969e+01 -2.614726093036676247e+01 -4.445377486384704468e+01 8.233549682713514173e+00 2.163761907839446508e+01 -3.397900966712248838e+00 -1.136471512302581743e+01 -2.702535773180875900e+00 -1.638548827594539858e+01
4.589964924210277530e+01 3.200308645040198030e+01 -7.143054019137741406e+00 -9.593949554060881013e+00 -1.033791775636579402e+01 -1.710605344573004061e+01 -2.064045947374200107e+00 1.304711626855788964e+01 -3.287773842939130553e+00 -1.327848163206185106e+01 2.305368031639747350e-01 -1.026420278559432830e+01
3.213788395771887707e+01 6.765991319188556474e+01 1.194826601019915380e+01 -2.055895651537468538e+01 -1.860615916248498536e+01 -2.711775666327422485e+01 8.700240166404480391e+00 2.380343695643639634e+01 -8.547582630440876628e+00 -1.885104674338377251e+01 -3.595519792207078069e+00 -4.275667973789968102e+00
2.026099214812102645e+01 5.992408717072250823e+01 7.738292714297729802e+00 -7.584201982543349985e+00 -3.147465434608842649e+00 -2.210529022089686890e+01 9.160026608792357194e+00 1.523869658287462947e+01 -2.310245156722555926e+00 -1.789570882026589516e+01 -2.551028767380397966e+00 -2.096961029362911511e+00
1.351438323016259346e+01 5.471716687041075744e+01 6.730052074425873165e+00 -1.307003568264229543e+01 -7.259808245861266052e+00 -1.090210117990292815e+01 1.628358219420483977e+00 4.997827865056560626e+00 -8.207636790923466208e+00 -2.045796828833854164e+01 -3.167966362057170748e-01 -4.643465917871273163e+00
-2.159616650425054729e+01 5.490161709421870739e+01 1.746837405680135191e+01 -8.712491436313921866e+00 -1.796547759110357134e+01 -1.379165844701240040e+00 1.142986356120004565e+01 2.168126127614205245e+01 -1.257486222135717924e+01 -3.369210442629409386e+01 -5.292792507335112973e+00 2.218133856711540730e+00
