-1.185471046327103579e+02 1.789326486723322063e+00 2.213887309229737355e+01 8.683696896707377988e+00 -3.231766618369972832e+01 4.347028190457945129e+01 2.134665199237613109e-01 -3.459352973176490487e+00 3.046202830343386125e+01 -5.001700453754125419e-01 3.440027832429107590e+00 1.811422390478241162e-01
-1.575594955638221677e+02 -1.694484405920198711e+01 5.955570991053472341e+01 -5.569343402296529355e+00 -2.715924015377473921e+01 4.243928630878903618e+01 -1.589119261777127434e+01 -2.109391129767717743e+01 1.748556663034004899e+01 -7.945110851578272460e+00 1.109542659760547068e+01 1.365031055093971091e+01
-1.146890493983658814e+02 -4.196333074847702704e+01 5.876862810673578963e+01 -1.333940098396779383e+01 -2.706838044001439059e+01 3.781055779086106838e+01 3.066572167872532617e+00 -1.471350097760085340e+01 2.351463701382630234e+01 -8.977555848716921361e+00 5.914471239834695471e-01 2.120497519446260248e-01
-1.516221890626045479e+02 -4.171416003365325764e+01 5.108118877975739736e+01 -1.682900062080432591e+01 -3.530050939030213897e+01 3.467957237352423761e+01 -5.029757785818679494e+00 -1.909867927492296502e+01 2.946961098883269159e+01 -1.637216452421953505e+01 -1.971208701917754436e+00 6.320546585663322503e+00
-1.388614206529400121e+02 -2.714585146557620376e+01 4.770786052717862447e+01 -1.266149113198844844e+01 -3.393139359220080564e+01 3.144168779277810444e+01 9.044876268813954567e+00 -2.921135643072270938e+01 2.871082567133973384e+01 -1.177451454713861345e+01 1.074852352817884382e+00 3.704152145973759858e+00
-2.280610214625565106e+02 -6.285692639481809607e+01 3.006997176218050782e+01 -2.498886052197634200e+01 -4.392535191780000048e+01 1.325313002485676961e+01 -9.380587593559551962e+00 -3.322235829158103115e+01 1.440100264256799178e+01 -1.752957739591565911e+01 -6.768885429507792928e+00 1.079834843398683075e+00
-1.465946519184206522e+02 -1.918921758078040085e+01 4.729570728109212041e+01 -1.446131363735345055e+01 -2.757514627226009196e+01 3.154667721402064728e+01 1.757177947500390358e+00 -2.329803778831437455e+01 2.855168708261247090e+01 -1.019236191578814044e+01 -2.397105242832062721e+00 7.344875421930174397e+00
-1.282249342634238189e+02 -8.358299070092277461e+00 4.285397745320428697e+01 -2.323856500778270373e+01 -1.601792552655418689e+01 2.706666266484952033e+01 -2.394165207588438538e+00 -2.479306722421597442e+01 3.249552721709618908e+01 -1.644601855326289552e+01 1.092289211686196859e+00 5.552244017676290611e+00
-2.327936530822236705e+02 -2.025000660586033874e+01 6.457403718249609881e+01 -3.458031687712594504e+01 -3.502379668350468478e+01 3.134932320928217919e+01 1.319170597532921541e+01 -3.910808271619418264e+01 1.799749364103351468e+01 -1.450443626688702459e+01 -1.411073287986738123e+01 -3.420196207828234858e+00
-1.532904706592024127e+02 -1.210400031379559493e+01 4.408859647409953197e+01 -1.826426025689559296e+01 -2.918670287579151079e+01 2.540445345982928416e+01 1.154662142436565020e+01 -3.348500850833865883e+01 3.057663608002725653e+01 -5.691882070965774254e+00 1.601962644452914475e-02 5.177338506917653405e+00
-1.905071133433111754e+02 -2.346000729892650583e+01 3.803556488387852141e+01 -9.507282145453650912e+00 -3.968903000415319582e+01 1.705233198344111401e+01 2.580991085465260682e+01 -2.678826815618021939e+01 1.436313809893121096e+01 -1.138780350627810733e+01 8.578697612553604301e+00 -1.285854404674993567e+00
-1.663768279002997588e+02 -2.387224009239887579e+01 3.792705937512516101e+01 -1.116324703294133869e+01 -6.550106071460876933e+01 -1.367623108204769977e+01 5.161026483608132764e+00 -3.241962113556672165e+01 2.385487323019548711e+01 1.742979338645070042e+00 2.373247791927764894e+01 -1.779904731346606761e+00
-1.359546340911251150e+02 -4.025668968128842096e+01 2.999082031851052932e+01 -9.800052125844187501e+00 -4.976866894068874103e+01 1.478168020178787501e+01 5.469633599884761388e+00 -1.459918791426656481e+00 5.974890323977591677e+00 -1.685633945211167983e+01 1.356584612389538336e+01 3.695963235729574414e+00
-1.368527104412450512e+02 -2.058101740270537761e+01 4.382456097732267608e+01 3.719698473627826019e-01 -3.868020650797615190e+01 1.524360792870629311e+01 2.072909075392932454e+00 -1.031283073735496814e+01 8.018925148372613165e+00 -9.129871768526362175e+00 1.758949373561035401e+01 -9.432005304783707134e-01
-1.247752145251663620e+02 -2.183912662098988022e+01 3.181750964981048924e+01 2.102474600534160576e+00 -3.601613703710130920e+01 1.124893167220152534e+01 -1.017307875956429797e+01 -1.142197543985646213e+01 5.021680068666402263e+00 -4.243550217756107301e+00 2.449335548340022939e+01 1.896944793127409268e+00
-1.506896582533321975e+02 -1.854984631675495876e+01 4.727284584183041716e+01 1.486180982894102165e+01 -2.520403465061168191e+01 2.477702091391304862e+01 3.072156085181503293e+00 -3.829448941131016415e+00 4.956704233543989702e+00 -1.790944733739997830e+01 5.873141157563837922e+00 -1.091281461600165947e+01
-1.335181689141809329e+02 -1.906630743347028556e+01 2.136199553718602573e+01 1.019232255428517675e+01 -3.021664182116791153e+01 2.991059591739135470e+01 1.887729447941387306e+01 3.596772979472058651e+00 6.260747992889349689e+00 -1.230550119037504686e+01 9.189476107373538483e+00 -1.855508653216617887e+01
-1.329493092959575051e+02 -6.953483601100513667e+00 2.538528148830528863e+01 1.982461127497147402e+01 -4.121348719328601362e+01 1.112425812740681685e+01 -1.167684127856048448e+01 2.519719830095324298e+00 1.692367394876054121e+01 -1.506112784945684879e+01 1.552848305725127531e+01 5.351050870125773073e-02
-1.310878853854658246e+02 -8.487036942704739850e-01 8.685830980711202187e+00 7.058019579885137951e+00 -3.396350875370796984e+01 2.659231948812908897e+01 -3.043995797806804404e+00 -4.711904395297864312e+00 1.115414636081897548e+01 -1.607274376516124192e+01 1.088662303483822313e+01 -6.264863385922241790e+00
-1.198303752811708591e+02 -3.639178976596959103e+00 1.622162253535606879e+01 1.599678037140920495e+01 -3.960055932615210850e+01 2.221139751641196369e+01 -4.986203316482251680e-01 1.959582140817507590e+00 1.379262953960386362e+01 -8.840804933273862076e+00 9.057226251797439787e+00 -3.585199184419309404e+00
-1.345045705087866281e+02 1.621473987244871040e+01 1.278570354803792952e+01 8.432112316796866125e+00 -3.344785511171910741e+01 1.603141766117323286e+01 -9.429232285986504536e+00 -5.087484765767621653e+00 2.021160595471235766e+01 -9.396075145596691769e+00 3.137196686521280586e+00 -1.079979585018303823e+01
-9.258183253399241153e+01 9.068296946035905748e+00 2.331123551722099840e+00 3.405712929587838111e+00 -5.383163642562874429e+01 1.141541883811415303e+01 -4.236002034820549156e+00 -9.252120585978024891e+00 2.590265413384469184e+01 -1.806156807570704714e+01 -2.470633939717119532e+00 -2.723789165621492536e+00
-1.024479814392274193e+02 -2.917762701568921102e+01 -3.849472798464107370e+01 -2.861059796419874601e+01 -6.112455869608524495e+01 -1.520771089027865841e+00 -2.025194947264670731e+01 -2.309930916870636963e+01 -5.688818013800180928e+00 -2.746322729385890327e+01 -2.272596981976905184e+00 -1.797765268552434392e+01
-7.535949193920211542e+01 -3.243953358810038878e+01 -4.521884088995273032e+01 -2.132565938413721085e+01 -4.536784409078898506e+01 1.621023367150327488e+01 -1.625893048915092720e+01 -1.848096869901701922e+01 1.029962502575745731e+01 -1.783423987207144989e+01 2.107780231619843292e+01 1.514072960939848755e+01
-5.333701808517825782e+01 -1.110996240570522531e+01 -1.836702566658264857e+01 -3.970429246626104192e+00 -2.874672366986903072e+01 2.801268820571731055e+01 5.765674418819659586e+00 -1.526652733522030791e+00 7.185132956160635409e+00 -2.876207710639847903e+01 3.275837851816455704e+00 6.394763065633205734e+00
4.515665257572705116e+01 7.763920157781309683e+01 1.698017455611805815e+01 -2.103984032484959243e+01 -4.823956276991140157e+01 1.304704510118766425e+00 -2.447956673454419985e+01 -9.721870613684222562e+00 1.515148431196174528e+01 -3.205784580939991457e+01 1.362538292295392850e+01 -5.593890427466547521e+00
5.256005179681586981e+01 6.934761856898890642e+01 1.109306714425889595e+01 -1.782724915065466575e+01 -4.944511853457037631e+01 -1.957753897131844445e+00 -2.362833211179348325e+01 -1.273574962805929012e+01 1.905606092442612720e+01 -2.274283538517094883e+01 1.466188144617198397e+01 -1.406406431747279839e+01
6.151177097218568690e+01 4.284362524643860581e+01 -6.988329058389926907e+00 -2.310111944546618190e+01 -3.207705216176714202e+01 -7.500901874290585525e+00 -2.334162644376831253e+01 -6.247386616483989741e+00 7.422569945548433523e+00 -1.963953763149308429e+01 2.660605689128610618e-01 -9.189081022606970350e+00
7.459865188179165330e+01 9.128928169591208075e+01 1.624002146485973519e+00 -2.257215456637170803e+01 -4.549294982008463251e+01 -1.086696907091486253e+00 -1.707710223207809008e+01 2.920021097224024587e+00 2.290950873283908606e+01 -1.838908429007435785e+01 1.490212662732132642e+01 -2.452629319244372219e+00
6.486138002547714621e+01 6.196934569511709867e+01 -4.719962158815595998e-01 -2.457756257525356247e+01 -2.463273985238964414e+01 -5.828990531990032586e+00 -1.423232669115197524e+01 1.210991220369318100e+01 1.507624158582219209e+01 -1.644126628090526765e+01 1.347775540994260979e+01 -3.978702819705401961e+00
6.587892723185241550e+01 2.833962152386999733e+01 -4.008799046728438675e+00 -1.159668180229775913e+01 -2.418740476196243350e+01 9.341813898688529960e+00 -1.200289357602365925e+01 -2.181615075156728700e-01 1.234441918440927566e+01 -1.742727120625782078e+01 -6.188347420286184342e-01 -6.795216185997870362e+00
5.163446446350776853e+01 7.193846826651261495e+01 7.946919591547879413e+00 -2.246808062234174841e+01 -2.975108473097530748e+01 -2.628206518863555718e+00 -2.482254586948001673e+01 8.552857216124394313e-01 9.426791187050390874e+00 -1.867055000766513828e+01 1.349489148756347401e+00 -1.863391828714015475e+01
3.886463543362214068e+01 9.210953007493992573e+01 3.140004352872378846e+01 -1.264115144382933309e+01 -4.513733899143340977e+01 -1.582577815422312240e+00 -1.423767351473430232e+01 -3.929515995177478072e+00 1.860991958328176921e+01 -2.467182803289527371e+01 1.058425554834813820e+00 -1.793079365580429752e+01
5.310399505755532346e+01 6.654251389183282583e+01 1.232690683172933888e+01 -5.505740757354391057e+00 -2.673547736833239696e+01 1.161609899052339756e+01 -2.545236742503207950e+01 -2.796589051594173370e+00 2.729181736287159765e+00 -3.154299348997725971e+01 2.874379060984586065e+00 -1.091363252947565954e+01
3.939032500183215291e+01 7.953685057656912250e+01 1.969636546598323434e+01 -5.891426862648978080e+00 -3.611132158049458951e+01 -4.005624214287260010e+00 -1.995226620442361209e+01 -1.320765839963476829e+01 -3.135824413453310644e+00 -3.351489148148702668e+01 -2.063839075947120349e-01 -1.025700871408908554e+01
7.138032127496122925e+00 1.006347553178022451e+02 3.636103443751940034e+01 -1.725313293867425557e+01 -3.932038400738858286e+01 -2.137729268684021022e-01 -3.292527263650599423e+01 -1.145782754756419841e+01 9.934158239507500099e-01 -3.847663334003078717e+01 -4.749316024285822557e+00 -6.001269519878536407e+00
-6.442393178249945507e+00 9.390606052093414746e+01 1.702867775189423938e+01 1.075768372694301789e+01 -1.781167083686585073e+01 1.496143572392377585e+01 2.327758795470513675e-02 -2.590155586309755975e+01 -4.113522090493718864e+00 -4.132464961884940635e+01 -1.009410005201242555e+01 -2.663364405088175957e+00
4.036223431991957433e+00 7.381331230291934276e+01 1.724923480202147630e+01 2.066353687399509198e+01 -9.560174677997459014e+00 4.432820857732306052e+00 -1.177574135632016450e+01 -2.497035952628835531e+01 -1.682344524354029591e+00 -3.593099744785378391e+01 -2.429739956040946680e+01 -1.557938953224804912e+01
-5.021227608887616434e+00 3.274145513319011513e+01 1.115763474053530402e+01 2.978773005964184151e+01 -2.648047456832346569e+01 -3.185438798503259505e+00 -4.108703683376806737e+01 -3.861812583300915946e+01 -6.004675808016322058e-01 -2.330561935927547168e+01 -1.957341750689803916e+01 -2.241258885440826276e+01
-3.263131111698083942e+01 3.068457097148460377e+00 3.153471936989719282e+01 1.581993696825852780e+01 -4.883580401488208622e+01 7.171449451296771471e+00 -2.644300786055494967e+01 -3.570875517766970120e+01 -2.508496452380651220e+00 -2.272241029947961266e+01 -1.142934869888428473e+01 -2.686712537089496067e+01
-5.825629178746372361e+01 -2.189855550552501029e+00 5.681303830647544828e+01 3.342765106890886528e+01 -2.707323037906767027e+01 3.789445055795311212e+00 -2.539654755380473716e+01 -1.550713823465414443e+01 2.637500761611802247e+00 -1.695993961922209436e+01 -8.832699127449243903e-01 -4.105640374592483433e+00
-9.696835070268488721e+01 -1.744992356840212366e+01 5.378052394447842488e+01 4.089760491618162774e+01 -2.113235740739906987e+01 1.491743496420323112e+01 -1.262546318103117926e+01 -1.536107279346314414e+01 9.929009655415644175e+00 -1.948265149558462639e+01 -1.044571342310480233e+01 -1.101101163262792326e+01
-9.515597111136705166e+01 -3.385144404080049441e+01 5.487227170129469300e+01 2.838220914675378737e+01 -1.296632233941777201e+01 1.882232054594770432e+01 -6.540723568142570166e+00 4.761094495635838086e+00 1.487794480651997731e+01 -1.918315504440527519e+01 -7.426163836660256479e+00 2.671667336568052775e+00
-1.209707837161053448e+02 -4.248199962335725388e+01 6.088244242486889846e+01 3.016011424058787327e+01 -3.016717656985794349e+01 9.655775027118860265e+00 -8.536467724501685339e+00 -3.089894637203992378e+00 1.345658344156565889e+01 -1.645047737472349780e+01 -2.478511633765056388e+01 -1.352571191590029898e+01
-1.103466476085166335e+02 -4.613500184425420514e+01 4.763017708317545384e+01 2.925209589365315566e+01 -3.637425097631161464e+01 7.930057035122562326e+00 -1.088249610933748812e+01 -6.391648965495003054e+00 1.092395968010784024e+01 -2.037912210615409947e+01 -3.230407870763698952e+00 1.945281521173667150e+00
-1.023735121999972364e+02 -4.552271450760130733e+01 4.528616112818816930e+01 1.309489945196873606e+01 -2.855081024776830745e+01 2.732666865297768766e+01 -5.913004846259616087e+00 -7.202374023152050775e+00 1.359506839270195400e+01 -1.954715379119386753e+01 8.150998430440719034e-01 -4.165065814900970054e+00
-1.345622677746992508e+02 -5.078379577223243757e+01 5.255036883415100135e+01 1.969864962685705478e+01 -4.303374136266958061e+01 2.128564074779961501e+01 4.091062116813937166e+00 -3.571894239555531314e+00 1.791712245814652249e+01 -1.623144881813836093e+01 4.787754624109811452e+00 -2.176641661855147181e+00
-1.327712698402107208e+02 -5.146152757108391995e+01 4.754964340818958135e+01 1.422390468033896660e+01 -3.444480482413237610e+01 2.000638416376334305e+01 -8.573718963202836107e+00 -4.935935139446915088e+00 1.892460694333104243e+01 -2.245107176006853678e+01 -4.891711138177824658e+00 -2.880473599818596853e+00
-1.407446158289473033e+02 -4.152967082663273857e+01 6.698952666262943012e+01 2.959813613239513685e+01 -4.480248276276907404e+01 1.749560188598281130e+01 -4.905490480699809197e+00 -7.636015132220888901e+00 1.787280518075166924e+01 -1.922807043640968416e+01 2.307246217228247964e+00 -8.037627014416163007e+00
-1.753123980841467073e+02 -9.085529898600159981e+01 4.268687860717688665e+01 4.113731220803671818e+00 -1.760083528123127294e+01 3.075455891156027022e+01 1.148875319684448826e+01 3.920836321189893781e+00 1.202855841744521292e+01 4.977885837503113642e+00 -7.855887146951081590e-01 -5.823602705018609882e+00
-1.659061160915036908e+02 -8.122718428552580860e+01 5.207429335303928042e+01 -2.900784547448044037e+00 -3.894299624898671652e+01 2.156628433942064049e+01 -4.152660745077549898e+00 -1.541218757137236572e+01 5.577146541528057000e+00 -1.494515019258164878e+00 8.627259175292550930e-02 -1.019702189604772613e+01
-1.657171670580069076e+02 -6.170133996732545256e+01 6.259643607878302873e+01 -2.579119949792695543e+00 -3.490988385857199461e+01 1.775158786603728345e+01 -9.823217302875416834e+00 -1.461394945357201358e+01 1.403060435961841712e+01 -7.351907297087173276e+00 -5.868154016698832187e+00 -4.926265795566856731e+00
-1.555925535058339904e+02 -6.677081347732256233e+01 5.660710820865362791e+01 -1.665939604313036781e+00 -4.042278293404467604e+01 4.322272474821969723e+01 2.845302138536624170e+00 -5.783090852851260344e+00 2.102540677026642868e+01 -2.429801596459917334e+00 9.681975366933373905e+00 5.369236673171664975e+00
-1.525136117128232058e+02 -4.701465413738766586e+01 5.733944158496258581e+01 3.441362713995824940e+00 -3.610005060586570380e+01 2.610828999385024218e+01 -5.616333552317100519e+00 -9.822928384715101657e-02 2.667551087834380041e+01 -6.142705786288327197e+00 1.543093292719808751e+01 9.493004053172482415e+00
-1.412425078645471785e+02 -4.558178404028922870e+01 4.812449579721163673e+01 8.977930550700236267e+00 -4.842141026649431979e+01 3.107971841207300656e+01 -1.653487176599029951e+01 -1.386208901352653733e+01 6.939332073430748871e+00 -3.208947566260926720e+01 6.147925326093884202e+00 3.483173998145407069e+00
-1.184819927425177326e+02 -2.793538492857877742e+01 4.496343377000203390e+01 1.895459693568194481e+01 -3.232162430440001799e+01 3.690301966277662871e+01 1.855258553366192942e+00 3.086581437801186656e+00 1.530592519635788662e+01 -1.930179554101474082e+01 1.654225327101983112e+00 -1.765506438237166353e+00
-1.458111483911962409e+02 -3.663140214157510854e+01 3.845437515003897033e+01 2.294205689356055444e+01 -2.773726932823939251e+01 4.546637220769993348e+01 1.074214420229532685e+01 1.331434551586084680e+01 1.743158384370847358e+01 -9.966935879123427711e+00 1.759864448414877103e+01 -9.538376425169299289e-01
-1.261270211121303362e+02 -1.587068484186226414e+01 3.642454499618648356e+01 1.089068577717171848e+01 -3.422190889749151665e+01 1.738709585285467796e+01 1.310907444738369243e+01 -1.087630536556311034e-01 2.258438054648152971e+01 -1.716070951835684966e+01 2.148974713166752792e+01 1.008003643715866104e+01
-1.629758622248819222e+02 -3.887371277803117664e+01 4.157273255412169988e+01 2.051918681145268408e+01 -3.285804310413537621e+01 4.340414942239377183e+01 9.457018929346578062e+00 3.551030854248300450e-01 1.559644068817097740e+01 -1.230295847664461917e+01 -4.468557567271842501e+00 -5.925760359811198086e+00
-1.290664960930042753e+02 -2.354761268154717513e+01 4.391688386005308331e+01 1.547399217339040334e+01 -3.784926306264381424e+01 3.264610174121493458e+01 -4.441441710096182049e+00 4.961473056653746383e+00 1.889405117147265400e+01 -9.625668005040466824e+00 -3.677039575286857431e+00 -9.787524378134712322e+00
-1.159272758213909924e+02 -4.001128471196675918e+01 5.441816713007430906e+01 -1.494119692938372879e+01 -2.486261811208187567e+01 3.411649756666758293e+01 -1.264810652582457173e+01 -4.391292417854680608e+00 1.149733105673733569e+01 -5.987627747987606774e+00 -5.258712849820159185e+00 -8.231240966956384852e+00
-1.267091410080618772e+02 -5.001756604757080993e+01 4.977851198455791604e+01 4.163649564951253934e-01 -4.525902405122646144e+01 2.344447275835380040e+01 -4.660012793360131411e+00 -6.136015984839916726e+00 1.842772326568681507e+01 -2.255993535297989183e+01 3.768907819636639900e+00 7.107179514197412118e+00
-1.386013593807920756e+02 -6.913026247649648326e+01 3.804947578684985388e+01 1.668606030776247451e+01 -2.867792891329690619e+01 2.294653274630329776e+01 7.996719096209066180e-01 6.444471295219892149e+00 3.441839931223626081e+01 -1.009862458092722370e+01 6.724378067465264230e+00 -1.582172488054280901e+00
-1.323659850699696676e+02 -8.628535485166955254e+01 1.303590345499629422e+01 1.067257824524633669e+01 -4.129414184117857189e+01 6.975700558780553173e+00 -1.646053774669108094e+01 8.007001568848424178e-01 3.252084469069592387e+01 -1.209423282269865219e+01 -2.924100070155411402e+00 2.215889151526524437e+00
-6.601722164530923465e+01 -4.483610573837489710e+01 2.588669559257668240e+01 2.153148460209120429e+01 -2.857903217063224943e+01 8.084112842317619396e+00 -1.471001214581039207e+01 -2.314585309966544102e+00 2.773863722185939551e+01 -1.598777761116856411e+01 -8.134963757848449717e+00 -1.434707172447550194e+00
-9.556862063961889930e+01 -4.108269813478794674e+01 1.174177013111228973e+01 1.487149641173165193e+01 -5.748268283259116629e+01 -8.532952818830136010e+00 -3.052938702004759364e+01 -1.030624989296809169e+01 4.117062896324588905e+01 -1.426148252613841905e+01 -1.431752320551488999e+01 -1.537499824139292315e+01
-6.760932223602071645e+01 -1.299762553495952488e+01 3.360784747765241320e+01 2.841704810231475875e+01 -4.298103957917027174e+01 3.290576611722979994e+00 -3.402639481672338206e+01 -1.404598549082062320e+01 2.314974250373373721e+01 -1.984780066627332928e+01 8.315471512925473263e+00 -3.028363258348254483e+00
-6.669312088633974156e+01 -2.005804380723472136e+01 4.847253075674998968e+00 1.615709094665544754e+01 -4.871383246545448742e+01 -8.173873318938063903e+00 -1.998478381589981367e+01 -2.017338586099587516e+01 -8.314273479064908656e-01 -2.255849430076089845e+01 -1.131663381874071206e+01 -1.862531370376109763e+01
-7.298995280592576762e+01 -6.770838443535317275e+00 2.555325899926671251e+00 1.630449745484843049e+01 -3.258284677395776896e+01 4.106860946928023282e+00 -1.576251848905710418e+01 -3.818612550648000870e+00 1.597134807910038745e+01 -1.184226356173982886e+01 1.177947407586523454e+01 -8.436648808027463531e+00
-7.181438229270162310e+01 4.839638074231976894e+00 -6.239389262639775779e+00 2.585156322384728611e+01 -4.125037446892515902e+01 4.164367805958405278e+00 -1.035114386329131264e+01 -5.627261303899171452e+00 1.466234859318139527e+01 -2.235896820322582101e+01 6.164990368344038352e+00 6.788651448193004256e+00
-8.512027545405318563e+01 -1.111494581848307917e+01 -3.405015987875984251e+01 1.142373665276246619e+01 -3.832857204794639472e+01 -2.561883086385129182e+00 -1.205186182498877656e+01 -2.829850317402843096e+00 1.945903111380312467e+01 -1.786117673472451628e+01 3.528641728055032623e+00 1.160884262751498497e+01
-1.001373419469136223e+02 4.744818042012459713e+00 -1.432501335179174973e+01 1.102407660486492524e+01 -3.939223242641767797e+01 -1.713784150895034442e+00 -4.745148666218241829e+00 1.989790990644043189e+00 1.502523656650948247e+01 -1.534112424636288097e+01 1.654063372608417382e+01 9.703112487145585163e+00
-9.697133464694729810e+01 2.432360804754441475e+01 2.574488039041860077e+00 3.285348065097249304e+01 -3.011973361514346337e+01 -3.176413342287364383e+00 -6.720676301273007525e+00 1.019827253411629275e+00 1.046012964666515899e+01 -1.424344324570109421e+01 1.143519286571763516e+01 7.700035938389421908e+00
-8.622183892803825245e+01 2.217955003100131961e+01 -1.099247740732750422e+01 4.119447585149168845e+01 -1.538576061341517587e+01 5.642890539105470893e+00 -1.729828931049397278e+00 2.398789480247458528e+00 6.287860202087256489e-01 -2.587775358514515744e+01 1.401869019671184091e+01 8.193879936774287387e+00
-1.089872167437042947e+02 1.886357213509366915e+01 -4.181326709447028556e+00 3.034732946257494390e+01 -1.883195235060862416e+01 1.223747285809638186e+01 -7.132676658891908161e+00 -1.881816122683896086e+00 6.728821117581682998e+00 -1.832680952217117465e+01 4.255546625868079857e+00 -1.772743005268107908e+01
-1.053642326198769581e+02 2.562478534657114437e+01 -1.071030565633738796e+01 2.807519082381976006e+01 -1.706957916576189405e+01 3.003426595230115126e+00 -6.687815119473323300e+00 6.210062255843218360e+00 1.733506527592851043e+01 -1.676643606176672918e+01 -5.370718318651678480e+00 9.540317986884465640e+00
-9.471334533273805789e+01 1.485479745465055146e+01 -2.794268554021496698e+01 2.430900038983878986e+01 -1.631342509567324939e+01 8.690502583551989346e+00 -4.933592347054227112e+00 2.120172744356707106e+00 1.079308566486474952e+01 -1.826514982182914792e+01 4.849632895574708336e+00 -3.880951288045007885e+00
