-6.794161012036826719e+01 -4.853892819666700831e+00 -1.442126131182182913e+00 -9.894297405121342592e+00 3.229252840805654756e+01 -3.124207396707527806e+01 2.395458658436439237e+01 -1.699193303077490214e+01 6.579372843182550668e+00 -2.560005736051974878e+01 1.376234422898808063e+01 5.712594221585122867e+00
-5.515643390541506363e+01 2.138795467009961815e+00 7.786913767119436613e+00 -9.190212990238425306e+00 4.294440158673893393e+01 -1.927654183153678602e+01 2.508398868151398986e+01 -1.195736719590263064e+00 1.338102364290281798e+01 -1.667870797112565384e+01 1.775739566233662359e+01 3.488688384396019249e+00
-8.900240248148737976e+01 9.797426030439133626e-01 4.984321489979244291e+00 -1.230493013024725180e+01 3.573273592965487211e+01 -1.969570777959472707e+01 1.898869979811746589e+01 -4.220587712345365894e+00 5.460913912793440517e+00 -1.614343079406406645e+01 2.231767217165160133e+01 2.237375398844581920e+00
-7.320458548521091302e+01 4.633485614164017719e+00 3.537502058582691511e+00 -2.677563052531736076e+01 4.136126880560216534e+01 -1.777644260297630296e+01 3.086007265385500631e+01 -5.314675715767780417e-02 3.074100974965305966e+01 5.334514755861743396e-01 2.130308610752359044e+01 -3.281947199752019095e+00
-7.130281315307307466e+01 8.505935051847623996e+00 5.605968773086119405e+00 -1.860086497226253144e+01 1.746540455997629593e+01 -3.167160046892454872e+01 2.009387172446908565e+01 -1.423701339138404620e+01 2.507667483918324081e+01 -1.457480931319249962e+01 1.200947307812283427e+01 -1.467860849252632383e+00
-5.783750299244458404e+01 1.837653296343562204e+01 4.751181114982138354e+00 -1.193880917997011792e+01 4.786308735641158307e+01 -1.885278158391194481e+01 1.728539683549930572e+01 -1.776150673807836000e+01 1.755326855571500033e+01 -7.098312788051615918e+00 1.139078361193966415e+01 -1.805875863504444823e+01
-7.093637583679810632e+01 1.771873821174212082e+01 -2.105276709564933846e+00 -1.536635282410475867e+01 2.346984326520243869e+01 -1.399980907224955651e+01 2.872069192896866241e+01 6.944233868679926758e+00 2.714159656435641921e+01 -7.479489980641085722e+00 2.439300065723668709e+01 -1.746183143353448486e+01
-6.209460715195594105e+01 2.692816947671147076e+01 -1.623177280175491510e-01 -1.729967943879873360e+01 1.954764457397009991e+01 -2.078153119749483579e+01 1.518473531103024854e+01 -5.285594932257846601e+00 1.195338975792559033e+01 -5.619741096214162290e+00 2.015208644414725114e+01 -3.860318576247190769e+00
-5.677214715821844493e+01 2.181554629359669661e+01 1.982375531498806076e+00 -1.624643111130018625e+01 2.120135372555768427e+01 -2.947180003084707423e+01 1.705655311327446100e+01 -1.345315980511678156e+01 1.294447237690767594e+01 -9.136397705175298256e+00 2.533014193138082248e+01 -2.128753600752431918e+00
-7.613364094996811104e+01 7.015320228969817329e+00 1.477576876455655608e+01 -7.969328470030475842e+00 3.436598741622974273e+01 -1.933967421043376334e+01 1.741413778373380694e+01 -1.844903589268664135e+01 6.750730455620558068e+00 -1.190569752439043860e+01 1.521824044122516639e+01 -7.406714345349955764e+00
-7.066465183089579227e+01 6.872904288498810743e+00 1.004612417766725052e+00 -1.886658028773934603e+01 2.880733435218728644e+01 -8.083327537601853408e+00 2.856806546504936506e+01 -1.141463592877006406e+01 3.281007942166078095e+01 1.028461560611997427e+01 2.234302061780978477e+01 -1.081948456274058046e+01
-6.409084042645048385e+01 1.958806314267531690e+01 1.376500065867636202e+01 -2.446314770886644396e+01 2.019448465301574203e+01 -1.569487177222046448e+01 2.631283863050489913e+01 -2.023384302346248109e+00 1.765659819266001307e+01 -5.984116911569431707e+00 1.611842938511653145e+01 -4.633067988918435631e+00
-6.232806602645282368e+01 1.067920618283059753e+01 3.403142702069992254e+00 -3.114491181364682504e+01 2.671816623532563284e+01 -1.336650271624991504e+01 1.718602891918768094e+01 -2.030534014036629742e+01 2.145545182573066256e+01 3.008129702623730140e+00 2.952157010101998935e+01 -6.151331507496792028e+00
-7.065170589927102185e+01 1.590764505246410643e+01 3.564780838448740941e+00 -1.502283803153721209e+01 3.242599298116252271e+01 -1.669747094704108292e+01 1.731639079399370118e+01 -4.183203581004640625e+00 1.993344752283213950e+01 -1.501387073217500046e+01 8.725480573770973081e+00 -5.849191064118620886e+00
-1.203781040341578823e+01 4.335616648285017050e+01 3.168942811873411358e+01 -1.299679632092360748e+01 3.459778936178157949e+01 -1.979785356852480760e+01 1.019888058949262621e+01 -2.951167607336429199e+01 -6.795397969756973300e-01 -1.681705981044375875e+01 1.316670228438123758e+01 -2.164633850421047256e+01
3.977852649177287248e+01 5.477634412022871402e+01 3.321879528032712869e+01 -1.013958967535014466e+01 1.630911940386966563e+01 -8.283723646588121881e+00 -3.683455091694273431e+00 -2.290018954072010260e+01 -7.697752004543034765e+00 -2.741413597474146258e+01 -7.198572319949370080e-01 -2.304559277017198937e+01
2.981957380648706746e+01 5.715960601680275488e+01 8.194232040588858013e+01 -1.619217385724569169e+01 1.203981189583861244e+01 1.392680176222896726e+01 -5.754389992535750231e+00 -3.346122187975179685e+01 -5.296902520812276194e+00 -2.425441202839991206e+01 -3.354241084764741032e+00 -5.603098940136687744e+00
-3.191544260558578650e+00 6.926377141124865489e+01 1.057361918126062790e+02 -3.425923903473147902e+01 -1.690876397406529508e+00 2.483791346058475114e+01 -2.642910731963441862e+01 -2.619989987313631730e+01 6.930728289536594922e+00 -1.615531023741390371e+01 -1.363045430927282808e+01 -8.205140781899732616e+00
1.614247704474177070e+01 2.339985850878206719e+01 1.000944726776344567e+02 -5.285729275723182496e+01 1.548644113518010634e+01 1.186170127601042523e+01 -1.686801316005440299e+01 -1.826696933253584731e+01 7.124027587239640802e+00 -3.533180099372250993e+01 1.793257766762241578e+00 -1.932949813952365758e+01
-9.793023057916796503e+00 8.030359082256573799e+00 7.596590290065029194e+01 -5.789266262318087541e+01 8.998622838231273846e+00 2.627591805412508918e+00 -2.179256249170230220e+01 -1.608453282213675095e+01 -1.281996646277513108e+01 -2.855138981820375932e+01 -1.365381975018866179e+01 -2.517836019435609884e+01
-1.810603417453054576e+01 2.073357716792639849e+01 8.228216726270859738e+01 -5.831263493162579437e+01 2.559218927820254841e+00 1.110739395089125381e+01 -2.779744715913765063e+01 -1.665731254154171737e+01 -6.640783488786414779e+00 -2.741299493692432776e+01 -9.552406533311948778e+00 -2.569124381245528355e+01
-2.347550588498939561e+01 1.880047505333088953e+00 1.032901942241790749e+02 -6.459405270400685595e+01 2.917032885946846221e+01 8.958940445580953593e+00 -1.462667918898235087e+01 -1.519657527393044916e+01 7.287582353783695899e-01 -3.051983900981556630e+01 -2.594183696166047604e+00 -2.239796065053337060e+01
-6.768072821404209094e+01 2.363510404128352604e+01 1.090493569896977419e+02 -3.840372678847521115e+01 1.079896370676065587e+01 1.355753262011782567e+01 -1.925906730343054107e+01 -1.126689666781673438e+01 1.661768156422430254e+00 -1.545914588628554220e+01 -1.194435295385670415e+01 -1.023035977640925864e+01
-1.163162207985579784e+02 -6.752994639656896503e+00 8.607170178463698562e+01 -4.221128043181219880e+01 1.663389809159315291e+01 1.741189062257969056e+01 -2.672562071700999198e+01 -4.467255103151458684e+00 -3.194588330884958971e+00 -2.136500435674401643e+01 -1.355389358684336187e+01 -1.257466324947597158e+01
-6.651541567020788648e+01 -1.823360817791782296e+01 6.773141615805221250e+01 -4.236674383863355331e+01 2.716321664382940781e+01 1.877513293456618726e+01 -1.429890085688235501e+01 7.192450026241294481e+00 3.249712523114863583e+00 -1.821631246670586535e+01 -3.088197582220677084e+00 -3.896018923024437086e+00
-7.843834282971536709e+01 -7.110607252048000149e+00 9.041556384188791640e+01 -6.199621233495300032e+01 3.132141631717277619e+01 9.715262918154992988e+00 -5.968157092248377538e+00 -1.939947379025330099e+00 6.031573983138638795e+00 -1.566696655773849933e+01 5.135193118467944018e+00 -1.837088545775452531e+01
-9.878924068247295054e+01 -1.678270549789183264e+01 7.614446615861729128e+01 -6.862514487628828874e+01 1.700787174947177860e+01 4.769958933134871515e+00 -2.186012667319049285e+01 -2.100856910027347269e+01 -1.427320553636178269e-01 -2.923205698554971121e+01 -1.185956175078901786e+01 -1.597962971761384487e+01
-7.580763930462379108e+01 -2.186978771039633074e+01 7.433593843904482412e+01 -5.902681493977204497e+01 2.098351403058004649e+01 6.276685748163211898e+00 -1.827267811060366398e+01 2.501134605978228009e-03 5.928087491245666918e+00 -1.852027243784949206e+01 3.960277925336684657e+00 -6.287370547810768429e+00
-8.925927530637453344e+01 -1.493853926878818150e+01 7.269895206330161841e+01 -3.402209374824870025e+01 1.075381802636283979e+01 1.604116456024961224e+01 -2.006864522144773488e+01 -5.443612554898190403e+00 -7.536671166588240212e+00 -1.814298061680374374e+01 -3.627043448035589090e+00 -2.998889910067101372e+00
-3.212642012921504886e+01 -9.915518705046466152e+00 1.127065888848879922e+02 -2.904158946663598329e+01 2.278994187902360125e+01 -1.783756858979646864e+01 -3.127171992025174774e+01 -3.846992459532773267e+01 -9.879345489010172843e-01 -3.303924037188660634e+01 4.952400463704277556e+00 -1.144019085871229180e+01
3.781483360525202642e+01 3.179907633987616933e+01 5.132799011702928027e+01 -3.559609707166347903e+01 2.279305627396746559e+01 8.746157490948339941e+00 -3.004712961733671506e+01 -1.591552612313665094e+01 -1.764575284602776906e+00 -2.051304565719921058e+01 1.009977518295432830e+01 4.283723564671303663e+00
7.860302633667237160e+01 1.258981629610656583e+01 8.912651302559712718e+00 -2.238814816920001149e+01 2.167685806358750611e+01 -1.109245826500334786e+01 -1.722665387068068554e+01 -1.777308690161869009e+01 -1.138010745919696731e+01 -1.653806619972756131e+00 5.802590769027222706e-01 7.257751634125440887e+00
7.580569015330972604e+01 -2.735750073922473291e+01 -1.343949816922662777e+01 -3.610957105536036238e+01 1.361822319656356406e+01 -2.181795073818383912e+01 -2.070564994547170556e+01 -2.583726983294786095e+01 -1.855779145583041156e+01 -2.957402853460569503e+01 -9.105276865361060956e+00 1.496768069525256095e-02
1.025089688703943551e+02 -3.360789071885866974e+01 -2.094492775015632446e+01 -4.097821404355195796e+01 2.938241661696669382e+01 -1.560203893299033773e+01 -2.109412815293122634e+00 -2.716448267513577974e+01 5.009810619025291345e+00 -2.050718683325622749e+01 1.158050661742501219e+01 -1.436427008776002268e-01
9.653745827795684420e+01 -2.237648453302761808e+01 -2.748321999832522522e+01 -2.734102434651657987e+01 2.900880654296938488e+01 1.448729439558133159e+00 8.546228684643782714e+00 -8.109093556034332462e-01 -6.312897190596800101e-01 -8.239612549962339827e+00 2.652080476704264722e+00 8.698442551174800030e+00
9.824603789621590977e+01 -2.039464518018995065e+01 -2.990701737560430473e+01 -2.793102035947333661e+01 1.667562480107478251e+01 -9.639526275005435352e+00 -2.908521450536744712e+00 -1.343282739313179874e+01 -5.919190751920776705e+00 6.678312685272681293e+00 -7.727875695940456424e+00 4.672253498794834314e+00
1.071567336828205157e+02 -3.528467337823757077e+01 -5.308929343548971502e+01 -4.301546312294462382e+01 1.364215732928536795e+01 -1.450484703753584625e+01 7.709330750323832859e+00 -1.238399022542358452e+01 -1.314908923372832561e+01 -1.641627443282117227e+01 -8.981935738523208812e+00 3.032290477226817327e+00
8.470480457814372244e+01 -3.965291677519414293e+01 -5.150081210309227231e+01 -3.566709074005354552e+01 1.101891937084513629e+01 4.705018268017309602e+00 2.839158224765443883e+00 -7.031702281755662476e+00 -1.006888086635529689e+01 -1.663236163850621452e+01 -9.908139864483231918e+00 1.329746107393081722e+01
1.089967953766230266e+02 -6.879704206795713617e+01 -4.997844423193992469e+01 -6.389753757967461212e+01 2.303449212364150256e+01 -2.376705440947884540e+01 1.263492553265181684e+01 -2.823747217508138618e+01 -6.186820367429170631e+00 -4.476091303095146401e+01 -1.720978269363463298e+01 5.164575903628252362e-01
9.746078778676087495e+01 -3.522018237229772808e+01 -6.148575469718947772e+01 -2.987675947108461827e+01 1.906547951468185076e+01 1.167606964036926520e+01 1.612355213543903432e+01 1.408024798297195446e+01 5.261568618900177796e+00 -2.056514193627697296e+01 -1.138847593698799265e+01 3.339883590571111505e+00
1.204117904400538350e+02 -2.946491387162984665e+01 -3.435237738940048757e+01 -2.318589390628039482e+01 1.720562650455336495e+01 -3.118297243264787078e+00 1.359061415531905581e+01 -7.057490702381772785e+00 -6.582977467144049299e+00 -1.329592149208170326e+01 -1.291361058534792861e+01 1.482316853761093078e+01
1.190517085272252302e+02 -3.558840813895075428e+01 -4.808552091027836184e+01 -3.805845432732146350e+01 1.932477413642019926e+01 1.284507794702339822e+01 2.416857397699929066e+01 1.003047480699347993e+01 4.950713025363369546e+00 -1.250148530428303317e+01 -7.226109051332217703e+00 6.195859139238223179e+00
9.692167864003518218e+01 -3.416979196715707445e+01 -6.129296401782441706e+01 -3.402289583234763626e+01 9.740358748402886846e+00 1.347119016508756673e+01 1.689713358558570633e+01 5.066948233805803170e+00 -1.597797867947355677e+00 -1.696652863680060364e+01 -6.499071304812549243e+00 1.408035726316171043e+01
9.824684161055893128e+01 -3.768168091596768932e+01 -5.408954264814715884e+01 -4.101749410293714959e+01 4.971102853632347163e+00 1.322114194086709027e+01 1.415107268226086745e+01 -4.669112298270556849e+00 -5.081532851258702799e+00 -3.031351780351298331e+01 -8.976740696907736350e+00 8.608891492504355369e+00
8.204970873206568172e+01 -2.773855883800733935e+01 -5.949088427743929230e+01 -3.813542236574739519e+01 8.399218482299950495e-01 1.035002206516251277e+01 1.615068053687149074e+01 -4.815975139904184132e+00 -9.470851181128395524e+00 -2.513063959696372507e+01 -1.756517860434861689e+01 4.701646651758371931e+00
9.890531503040502059e+01 -2.165682056498681618e+01 -4.092513972572385228e+01 -3.513512907703527333e+01 -9.034285618093207404e-01 1.688715786189255397e+01 2.435054971947617020e+01 -8.571922179884485793e-01 8.295933590513246969e-01 -1.579256491215034330e+01 -3.969717012375646892e+00 7.515466124465557840e+00
7.157573139403520202e+01 -2.150082446402304726e+01 -3.363033937874525492e+01 -2.207045006945675780e+01 -1.637226722475826568e+00 1.782578682522643954e+00 1.443716333141851438e+00 -8.573574503519541423e+00 -1.183913545323923877e+01 -1.689972699344165008e+01 -9.195657044978077010e+00 6.083548866746335548e+00
1.055532094802690040e+02 -1.216538782849639233e+01 -3.054776180227064231e+01 -5.557873645587504541e+01 -6.408796319489579174e-01 -3.435400043015062010e+01 1.814878370187633649e+01 -2.608115770332419459e+01 -1.051717646744785384e+01 -2.983259102094590887e+01 -4.262103948734787373e+00 -7.138270407894514058e+00
9.102072031683401576e+01 3.109535497196475617e+01 -1.184824368483885237e+01 -2.652048282731444573e+01 2.820922954001421346e+01 -1.627599247558566731e+01 1.989072273901848575e+01 -1.644795875788064876e+01 -9.113527487786104331e+00 -1.544472885442854349e+01 5.816843857751599955e+00 -6.887820467779219857e-01
5.693237818044629250e+01 3.646513331090128673e+01 -1.511491107580480175e+01 -3.225299228256736228e+01 2.569226008303420627e+01 -1.340383071216479749e+01 1.994933184222086453e+01 -1.127031888021263306e+01 -3.349221913958017716e+00 -2.471915997066334469e+01 3.938884820684349641e+00 -5.244360263727284810e+00
6.658858031946287781e+01 3.558265359610503253e+01 1.404376940811283836e+00 -4.804494166787007714e+01 2.943001329133642585e+01 -1.304993957197837062e+01 2.332900535484247939e+01 -2.615719639308045430e+01 -4.407363820652279163e-01 -2.367697594280931739e+01 1.687895173103414592e+01 -1.245636164935628187e+01
5.468679018116726809e+01 2.892206872479739843e+01 -3.035195202869537034e+00 -3.349410401741936028e+01 3.519911882532782954e+01 -5.844053322724265698e+00 2.710129322161568055e+01 -2.795551916610567389e+01 5.874594628759155057e+00 -2.799248236529109590e+01 8.402003065552650085e+00 -1.647515109399942901e+01
2.709718166108861936e+01 1.695387791108538877e+01 -2.306415813379613056e+01 -4.369679418878866528e+01 1.840229546639596947e+01 -1.375613427914285403e+01 9.052969686491247003e+00 -2.348763933156551786e+01 -1.550315577556622770e+01 -3.494931918765126966e+01 -2.055440214896689355e+01 -2.718781710451261091e+01
2.114688533133232795e+01 3.689795791497006405e+01 -6.419807140391826650e+00 -2.064125673290610763e+01 2.593824335879584098e+01 2.590427889693883046e+00 2.224241943296554780e+01 -9.734913196281180348e+00 -2.441251511307300781e-01 -2.264655163695781681e+01 -9.312993419260578776e+00 -1.681799925598555490e+01
1.246470875374780007e+01 2.486380112977909107e+01 5.027147738598929827e+00 -1.836665092019132572e+01 3.225899399343646223e+01 -1.400456375346028537e+01 1.888290119434458347e+01 -2.008893144931499108e+01 9.393301414563874019e+00 -1.874514053497650679e+01 -1.296937670155880085e+01 -2.758984840169745567e+01
-9.184667437344824492e+00 1.679064166117114354e+01 -2.079961685238240321e+01 -5.353930272944238311e+01 2.432726495806656342e+00 -3.155879200366339887e+01 4.368594727722538096e+00 -3.492409889268947154e+01 -2.346005701844129021e+01 -4.014351894056448344e+01 -1.959666379236820433e+01 -3.172476536420570170e+01
-7.427283206561085649e+00 1.928813098108562585e+01 -1.196206235576030608e+01 -3.231414525680476402e+01 2.413000156460163126e+01 -1.452618564718451211e+01 1.224417395018022425e+01 -1.375951689505383335e+01 9.415911643304086809e-02 -2.834223878427328458e+01 -1.020482570818430013e+01 -1.807717310874335936e+01
-2.204933360905479311e+00 2.543173689446997798e+01 6.633001249110157538e+00 -2.273784424948337346e+01 4.067988052703584856e+01 -1.211351636130414811e+01 2.318339447496355632e+01 -2.361824497253399358e+01 6.889680967551438329e+00 -2.946915818778593632e+01 1.636988249487004055e+01 -1.927518642123918369e+01
-1.654437448141130318e+01 2.605091470166374990e+01 8.777588858814064920e+00 -2.094350606153027883e+01 4.301541002479703479e+01 -9.538769957347485118e+00 1.817588690899281545e+01 -2.260337344987507890e+01 1.468334937101178994e+01 -1.248388251508813340e+01 5.885687107012314456e+00 -1.193419979807221409e+01
3.245095833367364957e+00 1.411115009240941021e+01 -6.070241828068041912e+00 -3.526585781580725154e+01 -3.902155843586625483e+00 -1.662667554647356383e+01 1.580989347140387835e+01 -1.714995048233745578e+01 1.638426871810230168e+01 -2.861939046148194876e+01 -4.991212942986093637e+00 -8.533474878402532937e+00
4.570071628927776963e+00 -5.968590180905766651e+00 1.084711196181458615e+00 -2.462201877855488164e+01 2.389231421990986348e+01 -1.669817562498126762e+01 3.050571497779161589e+01 -2.891747839350242799e+01 -2.530589236957532240e+00 -2.711158393784095466e+01 9.441255633987985618e+00 -1.065367544969733160e+01
6.218578457278978533e+01 1.853931035277317818e+01 -1.097014014490196843e+01 -2.439388616958435563e+01 3.476218872791577041e+00 -1.692757006072108084e+01 8.218655936982314003e+00 -2.225136358038241280e+00 -5.391936095548388597e-02 -1.800391161325264022e+01 -1.667560845090775246e+01 -1.087634989508193684e+01
9.919861274182440525e+01 -1.180202496731102890e+01 -5.116596076243304481e+01 -3.232314389136463717e+01 3.776655176676688264e+00 6.245715306455810634e+00 1.157588503904840493e+01 -9.479550122660345579e+00 2.728497500029679390e+00 -1.399236202360265935e+01 -6.942462219483753749e+00 -1.227621706829706838e-01
1.077489253165130947e+02 -2.212307729651838883e+01 -5.732058908404567887e+01 -4.042339020176427766e+01 1.929069453137968537e+01 -1.271270194317134283e+01 5.538356486941831136e+00 -1.199736732575455811e+01 3.378721089956763457e+00 -2.513236245862065488e+01 -1.281499714717632443e+01 4.361579033379760162e+00
9.633670659654652013e+01 -2.362439602177736475e+01 -5.629412043251403475e+01 -4.186285198783654238e+01 1.142197612305631438e+01 -9.944493888893909173e+00 6.450866980822357988e+00 -2.484842512879585996e+01 -2.693895214809875149e+00 -2.712517433257990973e+01 -2.174189180881971950e+01 6.359411535072245769e-01
1.066479274989167436e+02 -9.064310846092759277e+00 -5.177087852841675897e+01 -2.456741627034692499e+01 2.351843071463099477e+01 7.468310859064255069e+00 2.187465373012707559e+01 -6.903339137735086339e+00 1.531613244407357222e+01 -2.010035399895234676e+01 -1.555423751199252358e+01 1.140062393154607889e+00
1.152182405570681141e+02 -7.213498341008474313e+00 -5.914227344658701924e+01 -2.877713059652657535e+01 3.018835482819494942e+01 -4.603880095329188293e+00 3.064694085060543927e+01 -9.240959889478897793e+00 1.489447395410557462e+01 -2.530470295916792978e+01 -1.056013826316919513e+01 1.223841688479701872e+00
1.085411007544027200e+02 -9.223881146733070580e+00 -4.872142739543124179e+01 -3.891100882998826194e+01 3.294110666807357291e+01 -1.251684155833809209e+00 3.515490698653808010e+01 -7.094324693796155046e+00 3.021699570143888458e+00 -2.564366542202751020e+01 3.075687438964316289e+00 -3.902340908060820013e+00
1.082381163293117226e+02 -1.815007554372717546e+00 -4.237412254189656835e+01 -2.073370342405691602e+01 2.617961693004549772e+01 -3.203067868451449307e+00 4.192154283519065494e+00 -7.618138604616275344e+00 -3.995645700446282866e+00 -1.550632614674954368e+01 -1.228564696759771913e+01 -2.700950563829445539e+00
8.047320461232826005e+01 -2.291756364172204030e+01 -4.524660353505448285e+01 -3.531175577217521777e+01 -6.044040285195057649e+00 -7.648857122255635410e+00 -3.152893976007513643e+00 -1.289954607051680213e+01 -1.139673265688162473e+01 -2.846050639124417359e+01 -1.734926783840128550e+01 -2.281140369050731476e+00
9.888613325344886107e+01 -7.704703986606853405e+00 -4.165110901076834438e+01 -2.165092454180379633e+01 1.868197954287031592e+01 1.157792041816668771e+01 1.447974938934569522e+01 -1.215460514555276816e+00 -3.308393065948407319e+00 -2.354800552210176079e+01 -2.012854756053823735e+01 -9.188796397097370061e+00
1.050109287703785981e+02 -2.026316346493781850e+01 -4.520044915820590603e+01 -3.058629210851307434e+01 2.793777141162300026e+01 -5.326483625685682455e+00 2.847307452174224807e+01 -1.579543776917372355e+01 5.010085710713158669e+00 -3.516304598782546975e+01 -2.338830221351587824e+01 -1.192891168533501656e+01
9.584809155907987588e+01 -2.252070147004143053e+01 -5.071338302626850947e+01 -3.056484365056988040e+01 1.858538676336706885e+01 -3.546530343765327942e+00 1.246818002851259877e+01 -1.912612118411998097e+01 -8.390617653255930009e+00 -2.820525983663332781e+01 -3.422846029596651363e+01 -9.692924737786658085e+00
8.292126520279136059e+01 -2.072451626705624506e+01 -5.509417046194535317e+01 -3.714945467135226664e+01 1.695316515496858045e+01 -9.582829473912470419e+00 9.113409286685122623e+00 -1.324913123154093952e+01 -1.250404501184796757e+01 -3.992326967765458789e+01 -3.457505228064287905e+01 -3.371510729686911567e+00
1.091567387229934667e+02 -1.049989002646321001e+00 -3.866188687894733533e+01 -2.797884572809468295e+01 3.395704647369964846e+01 6.872202582645149604e+00 3.111480195718493036e+01 -7.740694403182565964e+00 1.543816267096810080e+01 -1.716245130315388323e+01 -6.170718114039364544e+00 -3.870397101976770671e+00
1.053319310921912404e+02 -1.396493205356268064e+01 -3.646427217950287059e+01 -1.706331154026248953e+01 2.484726717517712302e+01 -5.778692251482315356e+00 4.000728792562470915e+01 -5.145777444868537387e+00 1.433333829697784978e+01 -1.572341194885672877e+01 -1.039689610694365740e+01 8.495639665946319141e+00
7.874794753552845350e+01 -1.314634849501761238e+01 -2.932753085930698944e+01 -1.411436463201236080e+01 -3.302379722688824071e+00 -1.259014420866439643e+01 1.079836563505065428e+01 -1.669155354228639254e+01 -2.332350545942842501e+01 -2.291785238545230285e+01 -1.348217088582406831e+01 -6.629378400444244868e+00
9.856527273212111595e+01 -4.671203035226985101e+00 -3.701795369481295950e+01 -3.535856418706633519e+01 2.444246704103725421e+01 -1.973200602961849626e+01 -3.955346361877371208e+00 -3.761749542941112168e+01 3.725318070531764114e+00 -1.528152090391754925e+01 -1.836121497907523548e+01 -1.275095915532832613e+01
1.092758999201985688e+02 9.968378418750241110e+00 -2.324907145333429526e+01 -2.997718051087699109e+01 4.506542180506819761e+01 -3.539464810357214830e+00 1.603246984891742954e+01 -3.128891979918903132e+01 7.876435296041304213e+00 -2.984313059798786583e+01 -2.341204279493784290e-01 -4.730291691791891573e+00
9.658568273824884898e+01 1.709882923455081638e+01 -2.061326456559975639e+01 -7.051955491758819861e+00 3.341857954054617608e+01 -1.013313870247284587e+00 5.341853782613737778e+00 -3.408007970818580645e+01 9.645273097273081575e-01 -1.442364287163434433e+01 -5.460470052402507157e+00 -6.875212470700439837e+00
7.730358306584741968e+01 2.133157707794472557e+01 -9.391968692460462620e+00 -7.870091264810463727e+00 1.665745808377339188e+01 -1.572027933139371214e+01 -1.717398928071567354e-01 -2.622438027866226307e+01 -1.776432378011778468e+01 -1.376526170120195047e+01 1.199431686698431143e+00 -1.419597266714379380e+01
8.344358143376697967e+01 2.182991174808604740e+01 9.331290771165476894e-01 -5.810850607994254347e+00 1.974779963380697723e+01 -2.594252020119033020e+01 -2.130934383796390552e+00 -2.294922087589610626e+01 -5.904941734463463376e+00 -2.464812030748129246e+01 1.349945814495788277e+01 2.274809157766974899e+00
7.498647246667695754e+01 4.128241513355467163e+01 1.743776407118517824e+01 1.010029144918174460e+01 3.779526798333267834e+01 -3.601791613489878330e+01 1.071817249725350862e+01 -1.785900256703392586e+01 4.971873276258273577e+00 -1.739153382692177274e+01 5.399405581401931720e+00 -7.702683546301627437e+00
6.707130625237665811e+01 3.274926703763792091e+01 1.479145067600278196e+01 4.426766751869669392e+00 2.132953099928092655e+01 -2.812564637149519342e+01 9.344516947463398893e+00 -1.441374743753689813e+01 1.214136084773129909e+01 -1.558136347116416331e+01 7.833299993187564425e+00 -1.374179766538803804e+01
7.089651674487737409e+01 4.665826954369688195e+01 7.809787965794453335e+00 -5.932997326563871354e+00 6.157867536195453795e+00 -2.172201284987757219e+01 -1.322955622490787242e+00 -1.582153459403957285e+01 -4.269036411215073379e+00 -9.425403104297611634e+00 2.131815356054169719e+00 -7.485072361664757423e+00
8.098755260258431576e+01 4.975113025851787540e+01 1.450059063243652346e+01 -1.200032125092637125e+00 1.566509247227083534e+01 -3.994382572072784399e+01 4.227173490212427609e+00 -2.218447881751529849e+01 8.729349930365735588e+00 -2.642438112785534088e+01 4.668215584044841937e-01 -3.634751608412472912e+00
6.272423195670057794e+01 6.069863210289604183e+01 1.785114880777412338e+01 -7.722496568777605042e+00 1.786496622158239589e+01 -3.791820929998226575e+01 -7.193384979210090791e+00 -3.269778474198415097e+01 2.012225756340340510e+00 -2.141020799475620606e+01 4.874915948828383527e+00 -2.787697959943737036e+00
6.302110055467467475e+01 3.475335564909825337e+01 -3.283907276386496044e+00 -6.029842902537964733e+00 9.806597313726721055e+00 -3.053197634796931936e+01 -1.393758641876721427e+01 -2.164361057084203566e+01 -9.051736402289566996e+00 -2.441638649323727606e+01 4.026818532146126728e+00 -3.255114194238736935e+00
6.214200411025939275e+01 5.425788539789691356e+01 2.348554678563587217e+01 -1.036377643426715878e+01 2.963766419469320823e+01 -3.139034043444284805e+01 4.425997213585513457e+00 -3.215654714247823165e+01 1.550851264721629796e+01 -2.063610564630765509e+01 1.438940251194891218e+01 -6.196112428484096490e+00
4.413058763301479814e+01 3.870016234474908146e+01 3.101836820584217946e+00 -3.345466923470968190e+00 9.680088099206081154e+00 -2.195702596250560390e+01 3.097612013722288005e+00 -1.263539718460388883e+01 2.418892273109188640e+00 -8.546219150902555128e+00 5.024566477488606964e+00 -8.768123315491175518e+00
4.229830304674982244e+01 2.474296087054204918e+01 -1.024745049178245537e+01 -9.014539557515611534e+00 1.506815214632359279e+01 -2.864081285162640711e+01 -5.007714188941520206e+00 -2.824486584043831527e+01 -1.677069167582295250e+01 -3.172168959329334470e+01 -1.382100545878212294e+00 -1.036007845842513575e+01
3.694017230799253326e+01 3.837834899025955337e+01 -2.143650409417377745e+01 -1.313753130448352735e+01 3.923824674218901265e+01 -6.979436529924267774e+00 2.445653555515745925e+00 -2.411663340278926881e+01 -3.459153260295180221e+00 -3.426219598453401716e+01 -1.213300311504406181e+01 -1.676969057889676051e+01
3.958787240500453919e+01 4.883701692212632395e+01 9.413045422416534969e-01 -2.055723462779921906e+00 3.136060785966180831e+01 -1.032441693230258117e+01 1.916105632282087301e+00 -2.472968441631095970e+01 -4.982068466158916742e+00 -2.669965758552778112e+01 3.896956044263715224e+00 -1.938265183939155811e+00
3.467411213274909443e+01 6.254883098124312824e+01 2.659178052264705983e+01 5.277827372572560627e+00 4.448204046660451638e+01 -1.738760149049769765e+01 8.581681538183040914e+00 -2.594593408804810508e+01 2.357034551462557026e+00 -2.928070673969737214e+01 1.610732788218759381e+01 -5.304096696082475582e+00
3.169998896873072169e+01 2.348675075219628283e+01 2.817947631444726397e+01 -9.090830437348436988e+00 4.176351004229643138e+01 -6.338710579889083263e+00 1.756686256134239343e+01 -3.634987968454216656e+01 8.602392684644376786e+00 -2.521287758598199957e+01 7.811352636763006174e+00 -1.442530161565046853e+01
2.557561512172986795e+01 3.046527990975210898e+01 8.838210275797500515e+00 -9.037554947216865031e+00 3.549704949564080891e+01 -1.108497849240759159e+01 2.337905321831359373e+01 -2.743383505494517749e+01 -3.527965917901231485e+00 -1.963079018279206878e+01 4.158038977276170556e-01 -1.740527534134908905e+01
2.555850748531994565e+00 3.286204521094686726e+01 1.777884804556104825e+01 -1.296223765032823039e+01 3.678097238072479769e+01 -2.842669964569477514e+01 3.939243098882005967e+00 -3.080313358470862539e+01 3.870468260302769803e+00 -2.095839643565261667e+01 3.604256097241312240e+00 -2.628223514017348350e+01
-1.519846320772220594e+01 3.332343396454680828e+01 3.330170060475813898e+01 8.143319196276372907e+00 3.501689207723829611e+01 -9.815301488507948591e+00 2.233342339856466907e+01 -3.635017930542029774e+01 -1.021460904641359235e+01 -2.825177121812107828e+01 6.514478670343230249e+00 -1.559250690227002067e+01
-2.389552619736049621e+01 1.076284138886887121e+01 3.853109902241077123e+01 3.196744188188359814e+00 1.943611772550318761e+01 -3.218614498852097938e+01 2.048017075545624976e+01 -3.863710477052006809e+01 -3.592970620047750252e+00 -2.354576313914569496e+01 1.169031710640630273e+01 -2.826273187478875215e+01
-3.304493699626773662e+01 2.129285099361680267e+01 2.748200204639196542e+01 -3.056792229121510385e+00 8.188846886666961922e+00 -2.618624595558996404e+01 1.746537239302526245e+01 -2.333121607546252108e+01 -1.002500629676621280e+01 -1.807111802127250044e+01 -5.980641704992737395e-01 -2.189084562738899109e+01
-2.894932180752876150e+01 1.027601396641533782e+01 4.107561441686563342e+01 1.477100484706869388e+01 2.721417381337476371e+01 -3.798588177906668761e+01 3.919128493094120103e+01 -1.536394272672109196e+01 -6.071842127026211067e+00 -2.702600688409741991e+01 1.529747474039939270e+01 -1.690918809513762611e+01
-3.268616429249395594e+01 -9.285157327351717393e-02 2.502004823888611185e+01 1.819212158910672983e+01 3.219174596134187283e+01 -2.346356106122992102e+01 4.455926082457271775e+01 -4.999947705225268990e+00 -1.556835735811101518e-01 -3.642222109479104120e+01 2.445320848493959254e+00 -1.850094843466159134e+01
-5.524867216732174313e+01 -8.774507774216901979e-01 1.119615302954303715e+01 9.822693163158646712e+00 2.114633764149566986e+01 -1.749215104214327710e+01 3.697217797902730752e+01 1.408134064443010480e+00 9.819585755802684446e+00 -1.956910599849263477e+01 1.724616210077619272e+01 -1.684166642630927058e+01
-6.292540781177311260e+01 -8.216833028440536424e+00 2.780977597122290845e+01 1.507337496286707434e+01 2.643217166217729641e+01 -3.268009164872745487e+01 2.013828813595444700e+01 -9.110440020385734528e+00 5.736751413851253645e+00 -1.935920533868938520e+01 1.822233719816000530e+01 -1.594678030999313023e+01
-5.200330913739608008e+01 -7.560462867183100677e+00 1.409147472562419345e+01 2.905692584855848359e+00 1.455129940337872796e+01 -4.436970331704462467e+01 3.326598990045434334e+01 -5.426782317387091936e+00 1.134834545270734729e+01 -3.434489616180695748e+01 1.011271963806499841e+01 -1.122771593268681478e+01
-6.413183470520399965e+01 -1.591814390093826148e+01 1.214055114854966178e+01 1.792401792518764836e+01 2.677315312274457426e+01 -3.669745489806783212e+01 2.598587458286608864e+01 9.990041286023037870e+00 3.253377330672530654e+00 -4.824183547397535676e+01 2.650485700691906477e+00 -1.764662302676669725e+01
-6.576709256514428148e+01 -3.226157994549954822e+01 -7.487812153519389113e+00 -3.135928322972698190e+00 2.504273017693717307e+01 -2.957221990634414865e+01 3.790911976442802711e+01 5.044690202165067028e+00 1.399045154072309671e+01 -3.135786059263988790e+01 1.140803828546222221e+01 -4.637183106437808178e+00
-7.026704078007483645e+01 -2.011339684920520199e+01 5.121745835672246727e+00 7.563137562077194787e+00 3.243482671498635739e+01 -3.333937907632292053e+01 1.654126920875493312e+01 -8.072851303979522442e-01 1.489623953880310481e+01 -2.597207165711947852e+01 1.486629805765833368e+01 1.454925015918444142e+00
-6.679559631092200789e+01 -9.181674231866868041e+00 5.584013541177236029e+00 1.797160484123587310e+01 2.815505759356983617e+01 -2.833143519137069077e+01 2.402566590070763652e+01 1.031013255962585529e+00 1.896300361912253152e+01 -1.276044451882703967e+01 1.252894345638085483e+01 5.803268109420836041e-01
-6.704916742267079144e+01 -1.804976022916253697e+01 -3.251202219135853611e+00 2.504005774018946084e+00 2.457992839541640251e+01 -3.191877182091388221e+01 1.956211507350029422e+01 -2.503412685428415330e+00 1.546200891405957378e+01 -2.290710397826193656e+01 6.634782307954813163e+00 4.548311438833162690e+00
-5.045118031411760740e+01 -6.726047698590045698e+00 4.518049990565636165e+00 -3.663862151992103300e+00 3.308478433808395636e+01 -2.236316188307521813e+01 2.200488663695471558e+01 2.493111444984570824e+00 1.567442162031956165e+01 -2.828578374052980138e+01 1.605476304610186133e+01 1.174057617392315844e+00
-8.430377767397666844e+01 -1.215942353875198378e+01 8.382575617705505522e+00 2.993918632869220886e+00 3.364682659484295613e+01 -1.795838813751777963e+01 1.910258156647315531e+01 1.420445207447951219e-01 1.827792716333624057e+01 -2.473050943239426047e+01 9.455325151472752765e+00 -6.599018982945783485e+00
-7.256029047429329637e+01 -9.180419368276975689e+00 -1.593120308629152682e+01 -1.204461283695667539e+01 3.029932890657051558e+01 -9.443631909694248705e+00 3.607518989764054140e+01 8.166204555321826319e+00 2.207649575808710907e+01 -1.205725083894288474e+01 1.813804020821287111e+01 4.793557550673812173e+00
