-1.036647261158083211e+02 2.138147279848673321e+01 -2.092164187606512016e+01 3.223081392317153160e+01 -8.795891797331552908e+00 9.957820311465004792e+00 -7.405800126577133824e+00 8.329359353338472438e-01 1.170813223659843239e+01 -8.103893013445073734e+00 7.189573998209946915e+00 -5.976322956166297828e-01
-1.062939587495141893e+02 1.274883803699798079e+01 -2.424440436333799198e+01 2.566827036487507385e+01 -1.560646555964259363e+01 1.737956678939104904e+01 4.912910009691272784e+00 2.060212872880863344e+01 2.451319556259745980e+01 -7.415169578418050023e+00 9.176427784645202479e+00 6.601414384945635483e+00
-1.211928223842795234e+02 1.695274654607861109e+01 -7.501206474666757273e+00 1.413715473818474422e+01 -2.919610017907704957e+01 1.552444667123090127e+01 9.098149242500495504e+00 1.811018952650780989e+01 1.577570919596025512e+01 -2.129620497620369690e+01 8.770910663973493726e+00 3.636449094716019736e+00
-9.031905719713809333e+01 2.839515018258296664e+01 -5.281879120383305093e+00 2.846691920793923458e+01 -1.471093009022010989e+01 1.419915830010589985e+01 -8.806918903556368861e+00 3.477545255872559693e+00 6.553817430856093473e+00 -2.239399565397206260e+01 3.661195420056084338e+00 -1.551854932313051449e+01
-3.948227007300236124e+01 5.991232947783052509e+01 1.608258460708701421e+01 1.758303986594611956e+01 -1.238976838382267154e+01 1.969625817714356231e+01 -2.060128184511630423e+01 -7.367367918505070001e-01 6.197657484993693622e+00 -3.710978919558120026e+01 2.222907810910198734e+00 -6.407230070759071250e-01
2.429325828460569170e+01 1.019890124545742651e+02 4.719409811638469421e+01 2.108683531754709506e+01 -1.067230524639554545e+01 1.462133251656538491e+01 -2.917994282024653074e+01 1.930173146644506454e+00 3.448302383206876431e+00 -3.560588535737132077e+01 7.102418284940061000e+00 -1.309138105553762976e+00
2.643659590122087621e+01 5.902961554771731301e+01 2.524340024191526055e+01 1.165262027040073889e+01 -9.886156470769064342e+00 2.195060337453138288e+01 -3.345904166175454009e+01 -9.289160916960407022e+00 4.218167959748253537e+00 -3.752264687342763239e+01 -2.756176843941461563e+00 -3.068172313451858813e+00
2.774548055523918322e+01 6.577868958432114255e+01 3.000462609677410342e+01 -5.509355133393206705e-02 -1.095590050324329745e+01 1.991705081005468259e+01 -3.452654694947859326e+01 -3.384399023154926134e+00 3.969213497463572882e+00 -4.684186377473631779e+01 3.727838193106187692e+00 -1.084435024083347621e+01
2.226294144439180656e+01 6.540670753075272614e+01 2.587404015073551733e+01 -3.039335213950843606e+00 -2.673268551241954949e+00 1.722452746874902374e+01 -2.879321397009064043e+01 -2.369527522544330633e+00 2.173689431833066621e+00 -3.446593911131260768e+01 2.358614604904371248e+00 -7.733758754670161828e+00
3.215820691064640613e+01 7.269821102536101876e+01 3.350830050160296736e+01 1.066249992487972875e+01 6.050670767670006667e-01 1.051770209491524355e+01 -3.082098449671747531e+01 4.986163011928463007e+00 -6.932922502935068287e-01 -3.688095918172639642e+01 1.125867730875988215e+01 -2.830497484587195522e+00
2.978391759575381315e+01 8.327817348495011629e+01 4.654365992854795309e+01 1.813522565518081464e+01 -4.134818643626309687e+00 1.642547459973912538e+01 -3.299067960078324546e+01 -1.512808626324424255e+00 1.874409459987948612e+00 -3.215204287343291867e+01 1.086084144730246592e+01 1.203932865805668051e-01
3.938027437548172571e+01 7.818003006341925243e+01 4.193225595254624238e+01 1.030039408183284166e+01 -4.351993468875543059e+00 1.547091680343839748e+01 -2.795644639229284678e+01 7.214750164397432997e+00 5.884502685211834283e+00 -3.923488842454059977e+01 1.415580432270914280e+01 -2.975115808345369928e-01
3.200376670407852941e+01 7.739238802598676159e+01 5.128820082626686627e+01 2.244804593185821595e+00 -1.121070936470075452e+01 1.697695017032853571e+01 -1.553429839957060210e+01 1.023864822232983229e+01 8.125242231849068020e+00 -3.490750314614042793e+01 1.127465763364401496e+01 5.482607288769239418e+00
4.673843693736662885e+01 3.805942429421400419e+01 2.413726689076746723e+01 -9.355481580230705418e+00 -8.885252906290896036e+00 1.756552767154780881e+01 -2.988262929045208338e+01 5.457615655688536904e+00 8.524530518103446752e+00 -2.246794478906973680e+01 2.987399159862243803e+00 -9.782828241487052878e+00
3.814673167829629818e+01 9.056659917196989795e+01 4.808091585454884154e+01 -4.549410719614109588e+00 -2.970660388923126760e+01 1.649837124096263041e+00 -3.655560311586996391e+01 -3.074206273848005821e+00 1.508344002424705010e+01 -2.608821936916997331e+01 8.041703102743133158e+00 1.088066979461397743e+00
4.514207310663327632e+01 8.996227803428982384e+01 1.884057911241067274e+01 -2.326431448561228166e+01 -2.507620501171229677e+01 -1.338712602354260817e+00 -3.630121587570191366e+01 1.720713074955344268e+01 1.980966503380513899e+01 -2.697457195604467728e+01 1.801354783468945442e+01 8.268760009052238402e-01
2.097391032994262972e+01 7.127206001133495761e+01 2.938571007479930586e+01 -7.825689882816320164e+00 -3.232968190050441848e+01 7.373937244376163491e+00 -4.058599636315909720e+01 -1.709384173757503511e+00 2.184063146527534371e+01 -3.293584657095370005e+01 1.553353223575711084e+01 -3.570622250458731273e+00
3.545306653198167623e+01 6.414062299760692554e+01 1.497225332971978062e+01 -2.047554515662778840e+01 -6.527454647020013212e+00 6.634842704963478610e+00 -3.806807443176830219e+01 1.099920639769779385e+01 3.763492936211799922e+00 -3.038937296469773486e+01 1.042190336134748030e+01 -8.584766996276513851e+00
2.532228146489045528e+01 1.104597565682216924e+02 2.736203045353227381e+01 -2.628601751685631172e+01 -3.299464067777073240e+01 1.354641091669969377e+01 -3.864544459856452363e+01 8.468230599753615806e+00 1.624521653923021702e+01 -3.776362005232490304e+01 -4.786897390463138890e+00 -2.029952098599282095e+01
3.193043447221892706e+01 1.006440188406970435e+02 2.638701565045587927e+01 -9.461953340949442293e+00 -1.563114654741788989e+01 1.459255875586279672e+01 -2.265808499443987500e+01 1.062869137407614017e+00 1.896679628526946360e+01 -2.480742057581994331e+01 1.069933793668494459e+01 -4.869142614958777315e+00
1.989354248706379025e+01 9.628666055262405621e+01 4.409632445896518504e+01 -1.093752907238130412e+01 -8.400448494777243980e+00 -6.183758445045532071e+00 -1.968759781349752913e+01 -1.493149128301003792e+01 7.066597071113246642e+00 -3.147991358440570764e+01 1.422184236185433370e+01 -2.049242358565549260e+00
3.043285720714797549e+01 6.051600080311133212e+01 8.914213898470915609e+00 -5.731142212638289379e+00 -1.859769530043716301e+01 -1.836743385884725654e+01 -2.214631967741868834e+01 -2.679793653147914512e+01 -2.127244607922823327e+00 -3.952437311148887034e+01 7.679446406708736461e+00 -1.199390207250252693e+01
1.212659300883683144e+01 4.527380995431336430e+01 -1.066429540485655458e+01 -2.022863106730152083e+01 -3.687013573111546805e+01 -1.884722867396874690e+01 -2.983425683082046120e+01 -3.457737988890531255e+01 6.310490104845682957e+00 -3.538957412739833330e+01 1.817627587064927219e+00 -8.374523391239556247e+00
-3.401413983543023711e+00 8.101324018834883134e+01 1.761264565669885229e+01 -2.436578338998153725e+01 -3.201285134735256577e+01 -2.450776675559537310e+01 -2.947743169708018485e+01 -4.441407387245769200e+01 -3.167375085906190879e+00 -4.305022646769233319e+01 3.270403949398761334e-01 -1.063545075885418711e+01
-3.072442856387988286e+01 4.737291321989384585e+01 5.980182480355716734e+01 -2.110278660703868781e+01 -4.088773050574715739e+01 3.033561331145302731e+01 -2.213695228540976956e+01 -3.494760713617719716e+01 1.781130048799959553e+01 -2.348946640668152597e+01 1.205981001817027121e+01 -3.709452795794957680e+00
-1.046623927123412301e+02 5.624008135214998561e+01 7.442713777108939155e+01 -2.544795368731246654e+01 -9.406762109491978663e+00 3.105196273858873468e+01 -1.568558219354896366e+01 -2.997145613208457604e+01 1.795166084560752751e+01 -3.744845287017403734e+01 1.600236373811674184e+01 -1.149875562750244384e+01
-1.162788019828110748e+02 4.326648583517927449e+01 5.233807516307055607e+01 -2.324145602551550382e+01 -8.750960548868162547e+00 2.616228182762052512e+01 -2.053250684760661926e+01 -2.304367382819359733e+01 1.009185627448231415e+01 -4.455254880781406257e+01 6.446115081371963207e+00 -1.523699296336793196e+01
-1.377756785467599343e+02 3.109189246988401578e+01 4.339289968886540549e+01 -2.808556262567047312e+01 -4.311788325776925390e+00 1.915293679592005560e+01 -1.138337898732068609e+01 -2.307966003198320237e+01 2.009110747578625222e+01 -3.245043879750173232e+01 2.726605380635873210e+00 -6.803284393730411495e+00
-1.529254278019670323e+02 3.659167541242257471e+01 3.863871174765802152e+01 -4.001264580781764835e+01 -2.923486979985716872e+01 1.106656453807418927e+01 -3.169330301404183814e+01 -3.381690255077785423e+01 9.674424549626689185e+00 -3.752711654576064859e+01 -4.602035716852013181e+00 -1.324058378085347165e+01
-1.441771405901516800e+02 4.875003880667352973e+01 5.254097114361114507e+01 -3.651364537042988445e+01 -1.038301918740627627e+01 3.058285809590621795e+01 -1.975072395839008976e+01 -2.890067093041606228e+01 1.296177013059387306e+01 -3.375850298591373644e+01 4.144671182726316516e+00 -1.636547856902122078e+01
-1.535435870545888406e+02 3.273549520499203425e+01 3.155298072622176875e+01 -4.212253705296801343e+01 -1.813505889405045934e+01 1.822480684357890013e+01 -1.457912997171502667e+01 -1.441018297568716733e+01 2.068451526645089800e+01 -2.027282039643381850e+01 1.747509878301080022e+01 -3.831332967667566258e+00
-1.871880748311506579e+02 2.955797523532653059e+01 4.066059447254122006e+01 -5.391320149970098896e+01 -1.682921554981674461e+01 1.479655062130195731e+01 -1.711918262657531642e+01 -1.487869654417681886e+01 1.153817683745652900e+01 -3.358166023152310231e+01 1.196961925845293706e+01 -7.819381816882563285e+00
-1.878162009961983756e+02 2.028481950413835833e+01 4.844782633942173788e+01 -3.587148039258239862e+01 -2.931139351342970656e-01 2.772554126176605749e+01 -1.637630794041533377e+01 -3.264007533636960279e+00 1.743783924255660978e+01 -2.791561502993549126e+01 1.499990784493067153e+01 -1.089432552783023489e+01
-1.732325443864082786e+02 5.047040537524078996e-01 4.400913543606499445e+01 -4.404989747142989387e+01 -2.268895290438996781e+01 2.315497716397280925e+01 -2.808421320154688416e+01 -1.677802292651158922e+01 1.759128769847008655e+01 -2.303809468739017063e+01 5.307527711157069561e+00 -1.244019733363663605e+01
-1.165224377341642708e+02 8.749901822341666247e+00 7.458693505837086946e+01 -1.332987768915790738e+01 -1.011045872641809229e+00 3.692067220335043487e+01 -2.807944528153991115e+01 -2.225930676318771617e+01 5.437145423523487509e+00 -2.522887250695231387e+01 2.444387354805715340e+00 -8.825290813715866989e+00
-2.417183221270284577e+01 3.393871576171472526e+01 5.193796440130697079e+01 -3.290070367126629947e+01 -3.243880927828984539e+01 1.030677479671843599e+01 -2.917083053635120748e+01 -2.189587339287544410e+01 1.804159192670250178e+01 -1.384920912966515516e+01 8.194708084904716472e+00 -1.173614432970255983e+01
-9.588336394965461196e+00 5.484164921776952895e+01 4.654522892352890295e+01 -2.547995190592030923e+01 -1.741021023017769664e+01 1.062745891312128599e+01 -2.562904707301678542e+01 -1.320476038226687798e+01 -5.220882020055521266e+00 -2.206791467920341177e+01 6.041864090738853221e+00 4.577657506514320573e+00
3.749460531154054088e+00 6.527200615570919240e+01 3.682677070653707574e+01 -1.786213334257859842e+01 -1.125592505813568600e+01 1.860385942474452037e+01 -3.431295811519522942e+01 -2.131978005962928790e+01 2.490438205024814611e+00 -1.839094691810290527e+01 -5.685283934672820116e-01 7.859378069620071017e-02
1.611165058637012759e+00 7.090276628869371223e+01 4.442268964554399702e+01 -6.137225176910547475e+00 -2.250656088299871271e+01 2.103981287792645816e+01 -3.966144285754290877e+01 -1.326259717415959294e+01 3.541389211596282394e+00 -1.495675738809851296e+01 6.443351700057421638e+00 -8.649808653923345858e+00
2.016110028527076992e+00 5.884753436515778446e+01 3.961511156764983355e+01 -1.641803857010336642e+01 -2.282528405478166889e+01 2.683234165300200047e+01 -3.114093487811737759e+01 -8.775766242840902009e+00 -4.839479130433732124e+00 -2.530913842035892714e+01 1.046709535044006500e+01 3.020983896390093015e+00
9.098643303077883715e+00 5.996792741843669461e+01 3.139948946368157934e+01 -1.950497122981098386e+01 -1.834343519655427812e+01 3.491517797103263376e+01 -3.448292922744130351e+01 -1.549435957328766733e+01 -4.109317544157416791e+00 -1.656232358088362133e+01 6.028055950701803667e+00 3.187049304467334920e+00
-2.831774747502732392e+00 4.453054770610263802e+01 1.548340316586135401e+01 -7.349049438218493435e+00 -1.950877481174662620e+01 3.203007570201087617e+01 -3.015485558529809040e+01 -5.762618823931264345e+00 6.960967269676884506e+00 -1.859953806864174197e+01 -7.640760690410033362e-01 -1.561144313650752125e+01
-1.810379255218699512e+01 3.846683413868114343e+01 3.286504657688666242e+01 -2.864348806901433164e+01 -2.703773379183192560e+01 2.487946089171369124e+01 -4.394590589416534243e+01 -8.800098318042007151e+00 1.702617078984488330e+01 -2.976064054083058608e+01 2.694617581667417383e+00 4.449134868888873662e+00
-2.113982445687080514e+01 3.573113382029001883e+01 2.207268017519699654e+01 -2.073425453077695835e+01 -2.143419751403436280e+01 -4.413807449627483948e+00 -3.340047145468425072e+01 -1.724018620954705838e+01 8.977886676328123983e+00 -1.600945735986757867e+01 -2.937350134337378904e+00 -5.442427812779548013e+00
-1.737201995377024488e+01 4.091829983443301444e+01 8.137217765444342277e+00 -1.846112512883474466e+01 -3.130877629240394810e+01 2.394152159294559823e+00 -4.129277358815132004e+01 -2.614122906772807653e+01 1.893007748524447820e+01 -2.827450456810828072e+01 5.875946795322753324e+00 -1.440247963672422138e+01
-1.674710911728744733e+01 4.773064083430666926e+01 1.754947715996176072e+01 -1.215095124112458613e+01 -1.966424808992716677e+01 1.864937617747629561e+00 -3.050784966268205878e+01 -2.297388830951867433e+01 2.444464939017430538e+01 -2.723436863345251524e+01 2.633420934975552630e+00 -5.957869677500406524e+00
-3.544909828967840326e+01 3.439003710496809418e+01 2.257316616801285036e+01 4.203623691880000734e+00 -1.509635897364912793e+01 -2.038223253029007309e-01 -3.632216240850984690e+01 -1.378038023965977388e+01 1.456578539106740067e+01 -2.427568437986244021e+01 6.946595946513228981e+00 -8.748198179257844487e+00
-5.606182253105215807e+01 3.422161029965991474e+01 -6.056815994798409264e+00 2.907589805131267635e+00 -1.293313937174983508e+01 -3.170525013131626046e+00 -5.370442111289180787e+01 -3.555620112950983014e+01 8.910024632138561884e+00 -3.047948844283541803e+01 9.825345536414332059e+00 -5.416466315618899685e+00
-3.120303540423078204e+01 4.457924261525207754e+01 -2.513398957590629923e+00 1.695627209688955972e+01 -2.288769267043225852e+01 2.558862995018432507e+00 -3.869628430901943972e+01 -1.988529198785716545e+01 1.916424283295140363e+00 -2.104018520471187514e+01 1.668512578857725259e+01 -9.005785017596362962e+00
-2.285158275461754940e+01 5.839487241279672958e+01 2.166835918425841001e+00 1.296241269502764126e+01 -1.206785495444636780e+01 7.525383018448175143e+00 -3.782633785161029749e+01 -1.937272330700604073e+01 -2.055982509805061476e+00 -2.876193139992983561e+01 9.650905591965042163e+00 -6.101772195354554285e+00
-3.471597647892299676e+01 5.451832629151923015e+01 5.204921061631926804e+00 1.613905024388393983e+01 -4.119246004509261638e+01 -4.614612525709246071e+00 -3.082271006301098737e+01 -2.370489412715644306e+01 -7.529551441655637944e+00 -2.500680238859261451e+01 5.830951033479859547e+00 -1.063881767206743056e+01
-5.965125221769154251e+01 4.733058958239057290e+01 -8.829965381872588281e+00 1.032876311937210012e+01 -2.621524724767652259e+01 1.141832443170086187e+01 -1.188953797371868859e+01 -1.405667506838381620e+01 -1.160558270021039284e+00 -1.790352738713119152e+01 4.222254689535921202e+00 -1.344585163425265861e+01
-4.744522514601844421e+01 3.944814159985050850e+01 -8.039270799928662115e+00 2.617830086694329950e+01 -1.867172455508920592e+01 -2.390603910554987888e+00 -1.916321334006001820e+01 -3.321586513172172239e+00 3.851367040203057979e+00 -1.829658855496067815e+01 1.800990327345957542e+00 -1.267609058526045018e+01
-7.079503122373405688e+01 3.086670355399819954e+01 -8.049258083848027212e+00 1.744696861039646052e+01 -2.915545529138056224e+01 4.542729767798985741e+00 -1.252547352997070540e+01 -1.133227896977281013e+01 -5.643973354770519535e+00 -3.068421930726177749e+01 -5.395533044666125377e+00 -2.007270206861139883e+01
-3.281999670069654229e+01 4.209444468714484522e+00 -1.402976345671991965e+01 -1.544561324036823358e+01 -4.426967197919658759e+01 1.857401975606937938e+01 -1.273694121491953801e+01 -2.750518883192530240e+01 1.503501281852114246e+01 -2.604499098490543929e+01 1.495100505072778319e+01 1.944233304867366563e+00
-6.782087443832767804e+01 2.802770220828039882e+01 -1.396077670850554497e+01 -1.506007068933437054e+01 -3.881313440632510492e+01 9.433221489453801567e+00 -1.751628280092819878e+01 -2.977861442321630747e+01 3.962881190839144363e+00 -2.053354887743084589e+01 2.234964293824535275e+01 1.127470971168533254e+01
-6.375593992731677417e+01 -9.272897280749438309e+00 -1.210963091822495841e+01 -2.650127410145653073e+01 -1.770852617520091954e+01 2.353575708796150678e+01 -1.897278038524023813e+01 -3.268456799788364719e+01 1.314610076539658579e+01 -2.317054960136062380e+00 1.921936615870385623e+01 8.575083226148271009e+00
-6.525542876913178247e+01 -4.085095994159097188e+01 -1.636492605835694292e+01 -1.296197901801068042e+01 -2.751368561936081036e+01 2.891571895279073701e+01 -2.328018654752061423e+01 -2.993117321504331585e+01 8.555995547977165216e+00 -1.504183353356443931e+01 1.156499374264193492e+01 5.830842057206425011e+00
-5.949257850914062828e+01 -1.674808075555512588e+00 -3.767118713754456394e+00 -2.598475936016717469e+01 -1.870829329863063606e+01 2.785516630192035592e+01 -9.072796333202136410e+00 -1.364389365420763589e+01 1.891421881206173694e+01 -1.005553661378420749e+01 1.172558493219351128e+01 -5.795030855736249542e+00
-2.974238815642390676e+01 2.641547260699439903e+01 2.853878550258886548e+01 -2.742836858233704156e+00 1.864531380930005966e+01 3.375671343040534822e+01 -1.481625236813909474e+01 -1.639796609721180687e+00 1.762797803910384431e+01 -1.369699390339961553e+01 5.482555763763373946e+00 -1.315841179491907020e+01
1.611188100318720728e+01 5.304901820370915289e+01 7.873939821276918494e+00 -3.620828294844272932e+01 -7.674976615924666845e+00 4.310087563367517305e+00 -4.191886363655567038e+01 -2.396419480353371156e+00 9.712735595188682680e+00 -1.724414531149076524e+01 8.012841239393370785e+00 -1.664131723427652076e+01
-2.344904030912311921e+00 4.916446549673264599e+01 1.686263304155614406e+01 -5.974004045322510592e+01 -2.419219465224583132e+01 -1.084970272152981252e+01 -6.212323105801328182e+01 -1.031424017117813463e+01 1.413128285005359075e+01 -2.339113728526370295e+01 1.534103143925825918e+00 -1.999164506500962801e+01
-6.520690515964010281e+00 2.990938442710907452e+01 2.379663950179882548e+01 -6.538193603272621601e+01 -2.667690416685891819e+01 4.221270599280606994e+00 -4.351547025848634576e+01 -6.901810977890652232e+00 5.019336525365360124e+00 -2.656870126008719524e+01 1.512084266110108643e+01 -1.171963390425136353e+01
2.471447989785114885e+01 3.490445188493566775e+01 1.742524078279611643e+01 -4.573672867744589610e+01 3.806369274501841815e-03 3.329710049050864740e+01 -2.383571624440159908e+01 1.728664010694360087e+01 1.679013901101067674e+01 -2.037830608552361866e+01 1.732070799575772213e+01 -1.376414298527204849e+01
1.952442601173479630e+01 4.449254983674703112e+01 -1.461756306120531423e+00 -2.936415121789463001e+01 4.099109854369128669e+00 4.165537131437086771e+01 -1.298915828132735761e+01 1.937781363246507382e+01 2.206350804033223056e+01 -3.435462305747644507e+01 1.635547996143093741e+01 -2.160694751081943110e+01
1.912323387009080733e+01 4.967449007010603168e+01 -3.575104749338398058e-02 -3.453965403679012525e+01 8.539558046260555813e+00 2.387514902168265962e+01 -1.292882476357026533e+01 1.007149637344005200e+01 1.542326729685911246e+01 -3.403099661385072494e+01 1.378685045407145182e+01 -1.194139757602613905e+01
2.691941160393520249e+01 5.349959412209355492e+01 7.318917771449954479e+00 -4.159191235938409648e+01 -6.047094198521303809e+00 3.639562973089064712e+01 -1.085124016630712873e+01 1.663546825118679706e+01 6.177154932755859029e+00 -3.185048190583941619e+01 1.416684547355794166e+01 -3.707581786937789836e+00
2.645412913633074226e+01 6.316548349157334030e+01 4.477062308433740867e+00 -3.816780521813713278e+01 -1.581025106148203241e+00 3.021506845006642195e+01 -1.838724615622039948e+01 1.534422416254813903e+01 1.054374006698324173e+01 -3.946048214861304615e+01 6.987901251196166896e+00 -3.104843049292284718e+00
2.178515426458705662e+01 6.480276675537402298e+01 6.136637103097641877e+00 -2.426406157870035685e+01 -1.265483143913092690e+01 1.738934530264840816e+01 -1.777843894968431471e+01 1.126801398686674283e+01 6.450398296373586859e+00 -3.515577610647537199e+01 4.062188945310577282e+00 -1.518863730882915419e+01
2.576455350679058398e+01 4.941208520369573165e+01 6.107493403741470317e+00 -1.450747638534547512e+01 -1.659999433816479808e+01 1.623495437643924433e+01 -2.278654585575733194e+01 5.768616103031596332e-01 1.035655669332367879e+01 -4.321413236353161835e+01 7.211319300262683640e+00 -2.077084679907098064e+01
1.500473326861571266e+01 5.753685053220885237e+01 1.263753203936350822e+01 -2.918690626468807281e+01 -2.284652219465227319e+01 1.649274407800750453e+01 -2.739132360497305285e+01 4.419999887712286579e+00 7.064664315474289857e+00 -5.139436447812296649e+01 6.211087997498323965e+00 -2.030975116909020528e+01
2.135144078412835711e+00 5.059078824192174295e+01 3.657802969561728013e+00 -2.892033791483006411e+01 -2.797569091761123516e+01 -4.455293857765036059e+00 -4.112321174163698601e+01 -1.314265900722266345e+01 -1.542145047175297101e+00 -5.704013950499770402e+01 -9.487653113700158514e+00 -2.710178543773333359e+01
5.903740442375014830e+00 6.416501493963671976e+01 2.591945698266829368e+01 -6.072799028938581145e+00 -1.582371950872001953e+01 8.446657364030006221e+00 -3.397813518701853752e+01 -1.041941377561569304e+01 8.402192710670675524e+00 -4.362175040946537763e+01 6.872990139612626947e-01 -1.707540279882720569e+01
1.456718371913245313e+01 7.241171017088426254e+01 1.974705737083617763e+01 6.962407324286132848e+00 5.508482367746981190e+00 1.785248272082893806e+01 -2.447019548648481901e+01 -1.190035852930257043e+00 1.157135133382581671e+00 -4.446002984395957469e+01 8.765061505117412999e-01 -1.533156104382292462e+01
9.261158315535695351e+00 8.971523457942956270e+01 3.643304566716611248e+01 6.305501937732693740e-01 1.117686942764792946e+01 1.186661970982974701e+01 -3.033866403384634935e+01 1.028947776035430373e+01 -2.485019856168367625e+00 -4.061685894184344647e+01 4.428625693211882819e+00 -1.140092018516602224e+01
1.169501783634288472e+01 8.947140917647442393e+01 5.384212791302256562e+01 9.920218447238841719e+00 -4.940775048916412615e+00 2.034657899701166883e+01 -3.277811808938761828e+01 7.157683472927672597e+00 5.293461974800214520e+00 -3.921652168226209767e+01 2.049652332119846321e+00 2.127908089758267618e+00
-1.100097443579369116e+00 1.011318367765767618e+02 6.453537026169077251e+01 9.603804969539218916e+00 7.217423114875239243e+00 1.300075606198751643e+01 -4.355006053110658115e+01 1.435366535159484869e+01 5.322729904296449099e+00 -3.016770796820816969e+01 9.277856682413180067e+00 -7.782839807450990577e+00
1.576795780281993409e+01 8.853316053374068417e+01 3.944733244698012697e+01 1.863268327654036938e+01 7.917916977848602045e+00 2.267819065695151792e+01 -2.335644798641536113e+01 -3.224610668391175938e+00 3.006956920799196631e+00 -4.020977005702134477e+01 9.713291505456670194e+00 4.556413211510622396e+00
2.258882406221173511e+01 5.877710619899119138e+01 4.724709287535519664e+00 5.046564554957546633e+00 -6.370453347664987831e+00 9.629945294503912123e+00 -1.559458107921015646e+01 -1.811858455911619759e+00 -7.972725953124209397e+00 -3.077903883317228306e+01 -5.291153304057202078e+00 -1.263370015456009554e+01
7.911599975749586733e+00 5.803369672881170516e+01 3.561917702308300626e+00 2.752554814185528542e+01 -1.138577391341632783e+01 1.644408893289800488e+01 -7.806010867994279678e+00 -4.161190604136774773e+00 -1.119225624338970215e+00 -3.999907961301212111e+01 -7.074656124793626155e+00 -9.921819819398333351e+00
-6.716112532990132777e+00 6.610415739768228605e+01 8.469853776879175955e-01 2.753455237841031433e+01 -1.878083379382365337e+01 1.298065043054667100e+01 -1.327060632608067436e+01 -3.748992456849127297e-01 5.904697639886861360e+00 -3.453501325562695001e+01 -8.475243808893221598e+00 8.305803753803413514e-01
-1.003874945738138535e+01 6.790198833358428487e+01 9.217984535452002248e+00 3.496803623997527666e+01 -1.931153042401188458e+01 8.480417793328133058e+00 -6.182957320032274495e+00 3.571976722723697595e+00 2.595159854630082474e+00 -3.068075041890482169e+01 -5.946176982104177888e+00 -5.171106407738742305e+00
-3.261639633732764310e+01 6.939396810633739676e+01 2.378844020265517401e+01 4.154793233883609105e+01 -1.445966372078474649e+01 1.500814059284678237e+01 -3.560150675720234137e+00 5.285074557548918861e-02 -1.129512988955152952e+00 -2.980370496127910585e+01 -8.622553217485262600e-01 -1.214842215890299748e+01
-4.666152987015867382e+01 4.307008555012347273e+01 -2.116255538907706679e+00 3.836925022996349810e+01 -1.930728807757765564e+00 1.893429373300753582e+01 6.864700938877499325e-01 8.318353450503387592e+00 -1.327844214769865250e+00 -3.234093475888310820e+01 -3.087952257124861433e+00 -1.230299842496737739e+01
-5.727802541675232106e+01 4.636911240863181405e+01 -3.882541119646274019e+00 2.676183358065214435e+01 -9.796342883171407223e+00 3.394470412237116363e+01 1.007453640705035269e+01 -1.640374699714497009e+00 4.454820931436754172e+00 -2.535153170250808685e+01 9.491869820499632127e-02 -3.628697081704563399e+00
-4.907708680749492203e+01 5.542687598626591239e+01 -4.548294893310934839e+00 2.256313199446169904e+01 -2.078237532893982831e+01 7.169809089868159901e+00 -1.205589282975329013e+01 -1.078061481465541505e+01 -5.566352401276196460e+00 -3.274097658684465273e+01 -9.095838454880675883e+00 -1.642116247465958168e+01
-3.718363840244430207e+01 6.257509982198040177e+01 -1.627679623974694900e+00 2.722703875010420660e+01 -3.824093476087092380e+00 1.396988341353756269e+01 -1.260786053212875757e+01 -6.448111304188449466e+00 -1.156089688331224608e+00 -2.650579116746877162e+01 1.161139107564557182e+00 -6.851412230422502248e+00
-5.318194641800090494e+01 5.862390423220257674e+01 1.040900776379752202e+01 3.975181810545693395e+01 -9.290713188434889247e-01 2.209926739403778839e+01 1.152111270445370295e+01 1.880449763103616334e+00 5.535402530439981206e+00 -2.471271182025635582e+01 -4.661570336346421151e+00 2.595292346431831376e+00
-5.371453988915899203e+01 4.515553047250661223e+01 9.336715240915573588e+00 4.764955132346189259e+01 -5.765021642493878495e+00 2.058436774655554302e+01 -1.037180967654283803e+00 -1.044020884667770588e+01 -5.422734970326588133e-01 -2.105085564111160679e+01 4.795205984899273410e+00 1.714405007902807032e+00
-7.574592443813136811e+01 3.427528151926941291e+01 -3.254356457951059767e+00 3.897091700765500377e+01 -9.491512487790240371e+00 1.976404152172039375e+01 -8.447208520952307342e-01 -2.456195785193571979e+01 -1.665539335227326490e+01 -2.898604368494298456e+01 -4.950208441843335194e+00 -1.439922124957476157e+01
-7.398911097975859263e+01 3.499914932836595938e+01 -5.768059782645719835e+00 3.868541361767286446e+01 -2.021969770242449016e+01 1.293260378873884697e+01 -2.803899510555705188e-01 -3.662428866396156391e+00 -9.612417321263821979e-01 -2.335300203815501163e+01 7.132767843211290648e-01 -1.865741240505688125e+00
-8.172394987771008346e+01 3.173712636811199772e+01 -9.302440241304669399e+00 2.388017237749338051e+01 -2.996756321075502427e+01 -1.336452082451783951e+01 -2.647256729908718498e+01 -9.074497408116844355e+00 6.492890682559714577e+00 -1.953482280584659136e+01 5.063953589008154843e+00 -7.094719027378920018e+00
-9.335468596186365176e+01 3.516795337885385209e+01 -4.189939522567138752e+00 2.778817362769584065e+01 -2.824326778677954408e+01 -5.004552405596989217e-01 8.013584110410761241e+00 2.972719880596714770e+00 4.473338287001398683e+00 -1.951157222239335098e+01 7.905161111828125087e+00 5.990019102535390161e+00
-8.138698157159049629e+01 3.572435057800063873e+01 -1.050513441408518744e+01 1.721752113538953211e+01 -2.466978791657678372e+01 -1.058308153262623730e+00 -1.478870919581541088e+01 -1.168077340862173052e+01 -2.968530960719911960e+00 -2.264040188577151014e+01 7.410828609112956933e+00 -8.813880744328391970e+00
-1.084648669629798405e+02 3.004782197839502444e+01 -1.325705758593819183e+01 1.811851051476823926e+01 -3.157825585496690479e+01 -4.571081509213568594e+00 -2.448536826160475854e+01 -1.243790025088153683e+01 -8.033376912649847768e-02 -2.369472576134900876e+01 -8.253209644762192099e+00 -1.416667483089567625e+01
-9.001470556059703654e+01 3.884453346192852052e+01 -1.106493156835104941e+01 2.533884712916870541e+01 -3.466037216402200727e+01 -9.186788150174896472e+00 -1.225516229071163465e+01 -5.416295720712800410e+00 2.827975786570168015e+00 -2.289667780566077937e+01 2.531023544284241922e+00 -6.106722966540859332e+00
