-6.614621701235449791e+01 2.214575913751184189e+01 -4.892687740744234404e+00 -1.765075406766408861e+01 1.961270178588479851e+01 -1.335310660503405700e+01 2.391795505012660072e+01 3.348196826512292112e+00 1.968812871679158505e+01 -9.953292265354027890e+00 1.644923030781746576e+01 -8.798094523774759423e+00
-8.098599787685282081e+01 1.156719250827478973e+01 -1.739436499756922316e+01 -3.434100299332697404e+01 3.393000898164684997e+01 8.562998448085295422e+00 2.542516832722670372e+01 2.240367249746425315e+00 1.859011996381946830e+01 3.969224630758040995e+00 1.575027690322230178e+01 -1.876464852779661641e+01
-6.896890317200097797e+01 1.921673330010361980e+01 4.638794953350765304e+00 -3.155271860644396043e+01 2.050565074907530061e+01 -1.547822454672297177e+01 2.489508481216825686e+01 8.332591266681030007e+00 2.535405824651038387e+01 -2.162789534196452834e+01 4.707339633690135194e+00 -1.149768557506643418e+01
-6.433783910971358466e+01 5.597098164678024901e+00 -8.549703910178704902e+00 -3.378431634105029957e+01 3.376319669947301350e+01 -3.079081666631809266e+00 2.858298447313661583e+01 -1.118495749361978930e+01 2.624546212831331360e+01 -6.600175897918837187e+00 1.274662862105524397e+01 -4.773358382333611871e+00
-7.279750834894900891e+01 7.194877962157786300e+00 -6.611340129590015380e+00 -1.838830417908585346e+01 2.881058095496485194e+01 -3.089321639293181487e+00 1.986116834839459599e+01 -6.967421818655042287e+00 1.673514180013193098e+01 -1.417989140844997564e+01 2.137813762882750979e+01 -6.203205333472681104e+00
-7.359913992363448187e+01 1.512048324017400169e+01 -4.580079470727065782e+00 -2.649178887663697424e+01 3.178981906027978965e+01 -9.554779906111402710e+00 3.888818858515344346e+01 6.737079481077214993e-01 2.295857455443079687e+01 -1.711630601148741704e+01 1.023554782823723741e+01 -2.526191634537178743e+01
-5.811161246881374609e+01 2.064104594737569087e+01 1.370969582771271789e+00 -2.051596265085726856e+01 3.175941247378590049e+01 -1.182950031908671917e+01 1.848747112512645785e+01 -1.163639676667798639e+01 2.246494033930860112e+01 -1.513810940800671823e+01 1.790328510916372906e+01 -7.797806019970362712e+00
-7.219476691725095918e+01 2.392913115678580738e+01 9.728654857344636309e-01 -1.816680379675142376e+01 2.886784743930459740e+01 -8.877422448664457733e+00 1.850503728483528931e+01 -7.883055431770473298e+00 2.119427964751618987e+01 -1.231470156994855003e+01 1.089079011295116928e+01 -1.110451277529996972e+01
-3.900396825132951051e+01 -6.377839115635937084e+00 -2.620938786264706266e+01 -4.317723193713595009e+01 4.692017527579519509e-01 -2.026204687670507809e+01 2.943741920449530625e+01 1.255612051412321151e+01 2.704812987986801787e+01 -7.669617597867826930e+00 1.556056705008814234e+01 -8.759476530313436982e-01
-5.773382558178760604e+01 5.496165096522021010e+00 -1.070068066127067041e+01 -2.479813201030816572e+01 3.222641149182204146e+01 2.063691441997542064e+00 3.395681239026698961e+01 5.909115687665145167e+00 2.466556469339053592e+01 -1.360764770110792377e+01 -5.044792831888416096e-01 -7.401552025902854659e+00
-7.534681405645194729e+01 1.867994724805248197e+01 -9.762230261949188304e+00 -3.333431129317643382e+01 2.064322799423874955e+01 -3.889101483004644422e+00 2.225381853806723598e+01 2.228141926859188438e+00 2.419559359391978148e+01 8.324391081931299397e+00 2.527145469005517953e+01 -8.744503744597560413e+00
-6.179923197810285984e+01 3.470090137073845682e+01 -1.732148666492081546e+00 -1.365263377318599503e+01 2.379159362759390106e+01 -1.290966155045419939e+01 2.639501079064870126e+01 -1.279868888129126248e+01 1.898269309204953847e+00 -1.243113235615152412e+01 1.448823971575946779e+00 -6.523685767723456763e+00
-6.907274869065770417e+01 1.539802592160982364e+01 -4.730428653738145250e+00 -2.832927900071570804e+01 2.721519155939211032e+01 -1.617443972034852706e+01 3.262266506568433044e+01 -6.740864163576052448e+00 1.356333302970236687e+01 -5.468235744283029831e+00 1.759320010850827742e+01 -4.512086874211979293e+00
-6.266387887451659111e+01 1.699717467436787643e+01 -1.068276895492492606e-01 -2.092643768760714096e+01 2.921747341630894823e+01 -1.395683465095827103e+01 1.372167980140481269e+01 -1.670790932663113892e+01 1.767891527306159460e+01 -8.669226328774765733e+00 9.430430604088201108e+00 -7.632316046274349119e+00
-7.391105489691865671e+01 -7.537978826369496232e+00 2.144800546374413486e+01 -1.942091803906768632e+01 1.464495095199060870e+01 -2.781185088715299347e+00 1.852330223464547387e+01 -2.013753785239537208e+01 2.447645815338062469e+00 -8.277887469161141709e+00 3.712614008033364144e+01 1.414741065630279238e+00
-9.926816338355639857e+01 -2.614204427032847633e+01 5.871909973121361048e+01 -1.955123585248301410e+01 6.018212046211652400e+00 1.766060682231241685e+01 2.970207250628447682e+01 -1.873924667100693142e+01 -1.044288110169431505e+01 -2.766830049503580469e+00 1.713964076461570940e+01 -9.049670837035218796e+00
-1.161209080318821236e+02 -3.758029318701467503e+01 5.882584083313624745e+01 -3.483621224505426994e+01 9.208183106208641888e+00 2.165009729848572562e+01 8.031478953037314739e+00 -1.721367054429048693e+01 3.914989297568237436e+00 5.306545071202940278e+00 1.831512301843211077e+01 6.511085197349140152e+00
-8.151124506251758817e+01 -5.147659008838435568e+01 7.406712122806901277e+01 -4.586766130694091714e+01 1.404555411028356460e+01 2.685411027520145932e-01 9.872919664380200189e+00 -2.646838950232767829e+01 1.966402799831720571e+01 -8.020129755446971487e+00 1.728642252294735115e+00 -5.879249183320304439e+00
-1.565678956523815373e+02 -3.200843220641394282e+01 7.551522819697116518e+01 -4.953375849396584130e+01 1.662172957330015066e+01 1.866089841746598665e+01 6.714457757649418213e+00 -7.203519623862055354e+00 1.174361915649247479e+01 6.916661005225968495e+00 -3.559421636640859532e+00 -4.764944226340107392e+00
-9.265068776391927940e+01 -3.558222750477698071e+01 6.845784300860250937e+01 -4.918264399683559418e+01 2.126146712735797095e+01 6.344394018194854379e-01 2.336585731622234707e+00 2.282227701453036772e+00 7.266907947169506166e+00 -9.671920568094297010e+00 6.008309159620311313e+00 -4.507998783768253581e+00
-1.321231937318158316e+02 -4.505045217259493739e+01 8.264886523514232408e+01 -7.825781651711334064e+01 2.836415003891373843e+01 7.307069651188932369e+00 2.306682153429669668e+01 -1.267410868543890601e+01 1.922408011668083105e+01 -4.193738422947117961e+00 1.416183973849201827e+01 -4.550771998108162464e+00
-1.447328583920320568e+02 -4.225233452024733793e+01 6.350917840290065186e+01 -5.834163513546401703e+01 -1.866858710859494952e+00 2.449902522990221598e+01 1.227521802833539510e+00 -1.516667326323382170e+01 2.965764739539494599e+00 -1.404435302093395599e+01 -1.252667095439567468e+01 1.559119832450397647e+00
-1.226832918500410301e+02 -8.679904255354217923e+01 5.596169940561116363e+01 -7.485436527101779802e+01 -8.145753111908565103e+00 -1.061088815868138724e+01 -2.712396420783751871e+00 -4.988530352163813575e+01 1.424213987605469356e-01 -1.776342737822281137e+01 -2.156003989901714135e+01 -2.368986152489938490e+01
-1.064722093700600567e+02 -7.648834546419369929e+01 5.925887127114424402e+01 -4.018231710396522516e+01 -6.211741602646085880e+00 1.146346084498440732e+01 2.836285234679817080e+01 -4.791565607297855678e+01 2.419176269992268313e+00 3.356208861240484786e+00 4.166142545467321767e+00 -1.714244229590545743e+01
-8.958756608608408101e+01 -5.551424254381706902e+01 6.037273294763707554e+01 -2.265226154282203908e+01 1.056571658844212180e+01 9.262828052155930081e+00 2.236269066079381673e+01 -3.682818862830130513e+01 6.748465775399060895e+00 -1.312619282931757070e+01 3.484400006616885648e+00 -8.001238051541587737e+00
-4.880416147811953209e+01 -6.976206895454484247e+00 3.574156986470754305e+01 -3.638655099092096634e+01 1.740820798914538869e+01 2.735737491204883298e+01 3.142029453608414968e+01 -2.665931449832558897e+01 1.149573361322127241e+01 -1.566310242549295850e+01 -3.568508479922384957e+00 -8.513222183993489622e+00
1.392571698175113326e+01 4.372890563947635201e+01 4.701775656778978885e+01 -1.666948921969608577e+01 9.200659824003050602e+00 -1.908078086611660673e+00 9.116180754908548067e+00 -2.255676119244124322e+01 6.665212558345158023e+00 -1.864664627423879750e+01 -6.270746024962413401e+00 -1.302676605451886260e+01
6.515542187005679864e+01 4.047250302727398719e+01 2.507028855653253174e+01 -1.344913778370481339e+01 3.631694585362413363e+01 7.654247271117191609e+00 1.605765234752821158e+01 -3.230547274984803607e+01 1.635281797899685330e+01 -1.769212055116758719e+01 -5.401546922315929145e+00 -1.531728615483117473e+01
8.566981890796063226e+01 3.289931961585481446e+01 2.133993039850078688e+01 4.725353011729630737e+00 1.745382189340300272e+01 -4.282372448428609424e+00 -1.281134680963224781e+01 -2.924229839227620786e+01 1.586076763308375437e+00 -4.875829882206835109e+00 3.658445791264976599e+00 1.623272526573451113e+00
8.443868244452704630e+01 3.277342013748568661e+01 -9.505502835030230635e-01 1.606468023966092451e+00 1.740092244423415124e+01 2.214127630765204024e+00 -1.300207186240477064e+01 -2.594235332700225882e+01 -1.520050221732517315e+01 -1.686050791959105055e+01 3.824023541517667102e-01 -1.403387444935618689e+01
9.134532771178160715e+01 3.062310694908822484e+01 1.999772318953824168e+01 -2.402599724647772605e-01 4.610355085140654552e+01 -2.667689167880028744e+00 6.873576338081639037e+00 -3.139193159351325590e+01 -2.546046039712072329e+00 -1.307100929844993509e+01 2.047302866296314861e+00 -8.388329809055287356e+00
1.070230226796351474e+02 3.464469971453509345e+01 9.851825279572889116e+00 -3.029200452704349900e+00 4.556310298604741149e+01 -1.023210072546752158e+01 2.872768194593504631e-01 -4.072347533797871222e+01 -6.190204739449274740e+00 -2.072037373250170944e+01 2.082443526497773334e+01 -1.193967286495276170e+00
9.343626130471059810e+01 1.899227903494972836e+00 -1.667985041575576588e+01 1.025384774234908392e+01 3.299943928500559309e+01 -6.026481454161386253e+00 -1.259033085438621136e-01 -3.024980904189588671e+01 -1.897634549842950236e+01 -1.579167107932407532e+01 1.131779718165086024e+01 -1.299620932528237205e+01
8.261088546714201186e+01 -2.934557716422324347e+01 -2.825150204599842496e+01 3.115763870138138714e+01 4.944514065822143323e+01 -2.680354764912668486e+01 -6.769506401734148859e+00 -1.705529188174901734e+01 -3.304360909673604851e+01 -1.319792954269102658e+01 2.093835812124165585e+01 -1.005127452466691373e+01
9.878957214365019013e+01 -3.765775545114635747e+01 -4.865862261534960709e+00 1.968491123060010750e+01 5.639262595319298299e+01 -3.227467946065971205e+01 5.132824917749218230e+00 -3.268250184984506745e+01 -1.141624129407247068e+01 -8.462476420732032878e+00 2.597778051501461505e+01 -2.105709858810600110e+01
8.447888093971889134e+01 -5.312238563843413175e+01 -3.789121359981085391e+01 1.622606202410997156e+01 2.720941374359620113e+01 -4.070770124466073980e+01 -1.250775540786181494e+01 -4.122430077437151397e+01 -4.065118689153543130e+01 -2.242917675717632520e+01 -1.046134413057679957e+00 -2.623184446203766385e+01
1.078407580932667429e+02 -5.558712688756932607e+01 -2.935784464115823500e+00 1.116913677304843411e+01 4.397282097569918591e+01 -4.437265168836670171e+01 6.383035594467275864e+00 -3.004799781625072796e+01 -1.714018708567741811e+01 -1.262622967956037900e+00 1.836450384722959583e+01 -2.410110794002772394e+01
1.088340144332278356e+02 -4.216139927660658770e+01 -2.094080009891476735e+01 2.900948170742745447e+01 2.991683520812771846e+01 -4.270942028696377690e+01 6.704671716144164684e+00 -2.743797540546587044e+01 -1.281278401647635157e+01 1.040826358317363898e+01 2.048090704884330648e+01 -2.273508251271527314e+01
8.106691595662053373e+01 -4.654293998493533024e+01 -1.379004587900565149e+01 2.497471119468632139e+01 9.409791371585441766e+00 -3.396206169970508881e+01 -1.863125904660528676e+01 -2.878549822485907228e+01 -2.640229445287679511e+01 3.004112262544638590e+00 1.147826150166107340e+01 -1.873736306026790288e+01
7.242148018814752675e+01 -5.288696322564989316e+01 -2.235458735000173647e+01 1.294098893400478900e+01 9.544028320742278027e+00 -3.546360610829827209e+01 -1.711537531876059859e+01 -1.884944450619622103e+01 -1.864072540667362077e+01 4.378623738599156212e+00 1.121369892490289999e+01 -1.412161679543276094e+01
9.972724186855620587e+01 -5.921190155455809645e+01 -3.952870734186807056e+01 5.058697763801752956e+00 6.612637487791215740e+00 -5.038234447891429113e+01 -5.381664895848240704e+00 -2.627110355489475069e+01 -2.875588272354772812e+01 -3.028204828054966491e+00 6.435922901865725798e+00 -2.679640029687308100e+01
6.966033981912124773e+01 -5.023937653684704685e+01 -3.759462447801864471e+01 6.475464640200263133e+00 1.183502631403270655e+01 -4.482192327277125798e+01 -3.090866813137067126e+01 -5.594029093395691632e+01 -4.574241327426646819e+01 -1.623191034132107546e+01 2.900877714895715442e+00 -1.649533824446054453e+01
6.215461217429930230e+01 -3.705505585983927830e+01 -8.543180526673790354e+00 -1.640926808265092962e+00 2.472475253457979605e+01 -5.140095541006256497e+01 -3.434118499584610795e-01 -3.831380593636352216e+01 -1.724593318445143098e+01 -6.058326951131965288e+00 2.172849093330101056e+01 -1.493299334645888088e+01
3.857285251765200940e+01 -2.046337137176351817e+01 -2.075343465272048604e+00 -8.070798853725555944e-01 3.971786893237545257e+01 -2.594740031502191968e+01 8.979407570287856188e+00 -1.950201026298380924e+01 5.269109185529837092e+00 -3.023662441654822342e+00 3.775581702596280564e+00 -2.279773302232651844e+01
2.357768340139083563e+01 -2.115872633650698020e+01 2.363952721355381215e+01 9.810461728963711936e-01 4.897497771741714701e+01 -2.228336888219601164e+01 1.849598031639465034e+01 -3.021512163548909768e+01 2.773438689846574157e+00 -1.630182787375184628e+00 1.239708077203182768e+01 -4.031201611312761912e+01
-5.608693383603423399e+00 -7.300243194463643448e+00 1.685793359648009115e+01 -2.005869763966099839e+00 3.346734545766298652e+01 -1.788156426077575389e+01 1.115019798487962532e+01 -3.304126392221881758e+01 -1.053206967753172485e+01 1.162189505091640385e+01 2.559806882474327239e+01 -2.191833843152025096e+01
-3.612342179884210935e+01 -2.433865403464493227e+01 2.780041794360133878e+01 -5.640433848525372440e+00 3.142765287202351843e+01 -1.952310405621604161e+01 -3.769962589416500087e+00 -4.545321459489474591e+01 -1.398974880174648838e+01 -3.703701182259913516e+00 2.344216693624042591e+01 3.526332642004232021e+00
-1.168689184503544354e+01 -5.143275825960255077e+01 3.493682721204454822e+01 -8.725828640507515388e+00 2.240254986094484835e+01 -2.050742029473296668e+01 7.163742343845962424e+00 -4.269216212747574701e+01 5.614916467915862519e-01 4.685900858364934862e+00 9.025541238006502098e+00 -1.658976530583820619e+01
-2.221755586645902980e+01 -4.838511625537945804e+01 2.088853702511947930e+01 -7.841784323832884596e+00 1.272722044876649328e+01 -4.378536374353295457e+00 1.239285067933082729e+01 -3.423650979213756784e+01 1.806592407570415393e+00 6.486024999024490256e+00 7.157277496757075141e+00 -1.212469521379249926e+01
-1.391897801492581088e+01 -3.847352591963419854e+01 2.308429830071557021e+01 1.631875938824782768e+00 2.749803645778567329e+01 -9.813881202326665942e+00 8.911045209059551553e+00 -4.520907941800909668e+01 -1.602902279704668231e+01 -2.711970496332568370e+00 1.871445297878472047e+01 -1.942594695466187904e+00
7.766806103955761387e+01 9.965817599026649987e+00 1.173125559356997982e+01 -2.797193656796774519e+01 1.674967059409154757e+01 -3.331012913206787118e+01 1.847177539348095721e+01 -5.285750624785472240e+01 -2.850229527818848752e+01 -1.961477268915482597e+01 1.175606968830124899e+01 -7.503544673339431981e+00
1.277119097939980463e+02 -3.518565752679150194e+01 -3.560152152909404322e+01 -2.360111774745514879e+01 3.208688873450604717e+01 -1.951845120127844524e+01 2.699695303881922470e+01 -2.714771098499528179e+01 -1.158029113703507562e+01 -3.488238409122166317e-01 2.059056251671744064e+01 -4.090047380300489976e+00
9.811375008303480172e+01 -3.120370109699278061e+01 -4.510509888675940715e+01 -1.611531291836953983e+01 1.845057777303013324e+01 1.485327189233975353e+01 7.500073128085283258e+00 -4.630252740205319739e+00 -4.949784712462426128e+00 -3.074745677221642826e+00 -7.783059858098765105e+00 -7.245049913858177426e+00
1.295473780226405438e+02 -4.004900272342634082e+01 -6.618025758334557906e+01 -1.695259305675717343e+01 5.657284158949432040e+00 -5.689808988593672900e+00 1.695977745073776788e+01 -5.970942157080544987e+00 -1.051015582611016441e+01 4.526410953513752666e+00 1.791936065312957993e+01 4.512884478250350107e+00
1.156329565243848663e+02 -4.485351166544008805e+01 -5.494355000944968026e+01 -1.406499068569790012e+01 1.110511756960090324e+01 -8.860287964232602675e+00 1.363054047889378140e+01 -3.192415872757423667e+00 -1.889865266605381677e+01 -4.471175804304436951e+00 8.739526732066192238e+00 5.231970564882324481e+00
1.024136728582307683e+02 -6.347492525660144480e+01 -7.379819716902473203e+01 -3.865057059472241008e+01 -6.607386808882736773e+00 -1.013833951752111773e+01 6.312002595850547237e+00 -1.672495994704748767e+01 -2.620275065411119186e+01 -5.553356366938682953e+00 1.337843442745082267e+00 -1.841578622821739586e+01
9.478493692275857541e+01 -7.499483099275789755e+01 -7.594085478867283712e+01 -3.026106442906875671e+01 -2.786626567178418501e+00 -8.916822229004655043e+00 2.105447888428038095e+00 -1.416526908656657113e+01 -2.762627966234244781e+01 -1.301328332695720036e+01 -1.710958041162243815e+00 -1.802927187747541637e+01
1.285879688606001423e+02 -6.859590621903188890e+01 -6.340207647502005273e+01 -9.155236796715941594e+00 2.231460351453637614e+01 4.690851573781182893e+00 1.553557127192102705e+01 -3.641338509880658769e+00 -1.523574516653888899e+01 -9.673321763699149756e-01 1.004373844897508050e+01 -1.332552978071224992e+01
1.410068056662958043e+02 -6.450636207654420673e+01 -6.424397156769180128e+01 -1.458715673919414790e+01 2.924067746804590584e+01 -4.296895734933496414e+00 3.379999212065557401e+01 -1.740185748906901608e+01 -1.636337541098143333e+01 1.270089021084274350e+00 1.275576529261508618e+01 -1.944753190179728364e+01
9.944663499199954515e+01 -5.284090010979205232e+01 -5.374723235077192385e+01 -1.231361276609554167e+01 2.027316387607177717e+01 1.112270312425964924e+01 1.995971189992103945e+01 -2.132664097653467650e+00 -1.529333074721546204e+01 2.953291955445473960e+00 1.056459985377815869e+01 -4.112473662124008555e+00
9.391315698445531268e+01 -5.459413116517485065e+01 -5.733603038846319322e+01 -7.421069331154262372e+00 2.034020879422810424e+01 2.053369594574676427e+01 1.645845677973034427e+01 -4.185006707551776728e+00 -1.309473409419282319e+01 -3.542465335778357982e+00 2.311319979979531425e+00 -2.574111545637439935e+00
8.325033434037871416e+01 -6.175801355951104910e+01 -6.013517508154961888e+01 -7.535607729319716341e+00 2.566626750386966904e+01 1.398658181253750321e+01 3.405407188365392468e+00 -3.779982266709262628e+00 -1.702783618595577764e+01 -9.170695401264804758e+00 3.865758593862377968e+00 -5.517532552527300016e-01
8.467463060286007703e+01 -7.067415814718162892e+01 -5.909679166001068040e+01 -1.415758887033095093e+01 1.285457941381466895e+01 7.567761831102411740e+00 8.847398844567768705e+00 -4.675218454933215639e+00 -9.880310774802882889e+00 4.741627115193109532e+00 1.419418153269675464e+01 -6.114991879500616179e+00
1.005514910924073035e+02 -7.513029961895404085e+01 -6.557695205523904747e+01 -1.106506055051588433e+01 2.441681496082751224e+01 -1.467340987675755049e+00 3.035417149866644237e+00 -9.733230969203454208e+00 -1.120058427075535334e+01 5.851684839516899217e+00 1.231232587153687419e+01 -8.130654512476851892e+00
1.186217742809372879e+02 -5.405328400563357150e+01 -7.245182840592524087e+01 -2.880662695885495950e+00 3.258752491961607234e+01 -1.040810872470129311e+01 3.098695002636348228e+00 -1.417935938292007947e+01 -3.199789944830950805e+00 1.199277434588824853e+00 2.524152966545573307e+01 -5.837703361431348270e+00
1.040075753281180369e+02 -5.290313652556640278e+01 -5.418597934194428944e+01 -2.803690673143126588e+01 3.570737423820700940e+01 -3.547117301838260772e+01 -1.017719636259168325e+01 -3.335913901569231399e+01 -1.656243219104901243e+01 -2.549907028771393414e+01 2.295744394984120262e+01 -1.584614184599783826e+01
7.310370693141041443e+01 -2.276651085641285732e+01 -6.344765873419373037e+01 -3.836380048193190362e+01 2.386029391843801051e+01 -2.973216603198198271e+01 -8.765782744450694608e+00 -2.722607130860081526e+01 1.444455296352051832e-01 -1.268586875190255192e+01 1.128890897226399481e+01 -2.290436389508869297e+01
6.342981616981909809e+01 -7.213439891706548224e+01 -2.360826054739226620e+01 1.780754854280718558e+00 3.367104336040668500e+01 -5.106878239205197190e+01 2.003123663168499746e+01 5.116769828418040511e+00 7.493929202011215374e+00 -1.473600570598077653e+01 1.857061254956457574e+01 -7.805742667192459905e+00
1.031959903365265347e+02 -6.213252844811845677e+01 -3.519037823346569382e+01 -2.026310962142509453e+01 2.962784631452260697e+01 -4.791638284559023475e+01 9.149322192534862452e+00 -2.870285483229081436e+01 -2.275038407870977863e+01 -9.839748135636968485e+00 2.088789509202196726e+01 -1.065882980536904867e+01
1.119055286068276018e+02 -3.005220887107765293e+01 -4.924222630942355750e+01 -6.162501016711210866e+00 2.879920126907433087e+01 -3.234337059787005586e+01 -5.455057517334512163e+00 -2.880983181045093744e+01 -2.376691214549062181e+01 -1.605739058006243880e+01 1.789101987312387365e+01 -1.050311999810640629e+01
9.931072821158966235e+01 -2.056795261948146702e+01 -3.928236404995006126e+01 -5.903219443978518832e+00 2.350335375148000949e+01 -3.530578739352679918e+01 -6.215156504416877503e+00 -2.837022666488594780e+01 -2.785317251984265496e+01 -1.278213471199519091e+01 2.219825231723821446e+01 -1.402173523736686178e+01
7.982289160747987466e+01 -9.664439518932738338e+00 -1.206104626449445050e+01 1.276761103701387157e+01 1.811610044490659988e+01 -2.564872184283395384e+01 6.249029375443244660e-01 -2.384001413105600520e+01 -1.927935371609271797e+01 2.428481224689214013e+00 1.711846630245256762e+01 -1.468619351450471200e+01
6.255584019298881060e+01 1.178417242471129001e+01 7.853553997939907383e+00 6.466209529010006563e+00 3.484831266910273939e+01 -3.228095073412686844e+01 8.405692964137557510e+00 -2.808153272199924544e+01 -4.614875455011778982e+00 -6.072458381420798190e+00 2.648595571245438407e+01 -2.502947084810054434e+01
4.452882494117577039e+01 1.927796599600932836e+01 6.869439940646289600e+00 -1.385247219356778992e+01 4.370023317676469787e+01 -2.805760602522450142e+01 2.458179463159372968e+00 -2.984094916795560692e+01 -3.804411030234369218e-01 -2.533225176710758930e+01 1.880236205270134420e+01 -1.589201100540041978e+01
2.004990928235260483e+01 -7.020657540960151266e-01 -1.891653861236598999e+01 -3.066412976984140570e+01 3.434453861149118836e+01 -3.175541391902492094e+01 4.726950125684117321e-01 -3.086136594725393678e+01 1.498318168786750615e+00 -2.053731734814863685e+01 1.201245324127904546e+01 -2.796653014300202500e+01
1.275871416318689988e+01 1.193851554947238824e+00 -2.257794909143406770e+01 -2.162084359375596421e+01 3.006192105367420453e+01 -2.279481343717407071e+01 1.312461935889686515e+01 -2.331443817340214153e+01 4.668061602051197134e+00 -1.373738608471878564e+01 1.739935151154437420e+01 -1.275413284359923338e+01
2.235624327547277801e+01 1.494328723011207316e+01 4.904580376289616517e+00 -1.831536557514503727e+01 3.704164401307106402e+01 -2.570826365906692246e+01 2.752954042748871188e+01 -1.403527766216853934e+01 8.712933324532277979e+00 -1.438103117489719374e+01 2.839496727062391201e+01 -2.558103474861624704e+01
-3.606470135402926935e+00 2.563252888414304209e+01 -7.693227215389808471e+00 -3.526941661645952575e-01 4.135189976691015090e+01 -1.544890627794449323e+01 1.253063367290277785e+00 -2.256562076825049701e+01 6.687042750090004262e+00 -1.740678752370544480e+00 2.256726189907539748e+01 -7.961711332068881930e+00
-9.453557554249771400e+00 5.318069227411942990e+00 -9.282149916813118296e+00 -2.892802542922818532e+01 4.248900825890901700e+01 -9.595872683156006389e+00 1.916227728196195557e+01 -4.244391344016096923e+01 -9.190587344643157408e+00 -2.337206439964671034e+01 1.942721219740737837e+01 -1.884880033359177531e+01
-2.082661208314886281e+01 1.872182643035495175e+01 -2.001187126934992122e+01 -2.593200471605547008e+01 2.777986448858400692e+01 -1.916391276828544932e+01 9.244312846785764037e+00 -2.554266093296654105e+01 8.270161611139480229e+00 -8.557713854037451995e-01 1.932833885305993249e+01 -1.909211827048678600e+01
-1.011002254902562036e+01 9.180113327757215558e+00 -1.002376651755026415e+01 -2.714477883110414069e+01 2.780715358995938402e+01 -2.653579744668819984e+01 3.116573877719572838e+00 -1.522459311284119465e+01 1.051773719782880034e+00 -2.008499149331690248e+01 7.347800266524257218e+00 -2.693162816689419259e+01
-5.069389948460428741e+01 -1.556470315138672511e+00 4.884853496392924654e-01 -2.758345095218088261e+01 4.163921649186724494e+01 -1.936993962271434100e+01 1.655338927330725696e+01 -2.616883460213137624e+01 4.009937335195880692e+00 -2.456306908563386671e+01 6.115681218355546456e+00 -3.060771698748499148e+01
-3.407308778950288719e+00 -9.617766364513269650e+01 -2.009278004629521064e+01 -1.827160973668996391e+01 3.110006905869361304e+01 -1.539150078651445241e+01 1.448440052882168416e+01 -3.839044239892505317e+01 -6.241192588526995877e+00 -1.890997834879522888e+00 3.168790812627590370e+01 -8.335567454422083244e+00
8.407508285992228991e+00 -1.133725181775551363e+02 -1.736284713196600649e+01 -2.709735900915153550e+01 2.217202701915852714e+01 -3.226285647181667571e+01 9.583179589080222271e+00 -4.875133820463020129e+01 -2.229068118184263092e+00 -7.707814121847039956e+00 2.460266391662355545e+01 -1.630595189164839454e+01
-2.693568664814966951e+01 -8.412951906702500082e+01 -9.046198397202331876e+00 -9.762833692476711178e+00 2.922510870138217243e+01 -1.688767481962501904e+01 2.277572050068692278e+01 -2.296161655744172947e+01 -1.315274623839417067e+00 -5.365669025121989399e+00 1.427952009545477097e+01 -2.036114548919272949e+01
-3.221504208154846793e+01 -7.390403061213874025e+01 1.941655694837711366e+01 -5.925307966762726863e+00 3.218593120573250133e+01 -3.314626864834021092e+01 1.152139524404610960e+01 -3.826798390980306408e+01 -1.235672675215911909e+01 -8.728479074485777645e+00 6.334381299830463163e+00 -2.574085671822719945e+01
-1.668377928919979780e+01 -7.882768169633531841e+01 -1.146706409582019326e+01 -3.994444455474389422e+00 1.251660917813515894e+01 -4.025419521436269576e+01 1.481734498436513370e+01 -2.423460722319044436e+01 8.450014620582027902e+00 -7.921244762600645473e+00 1.772577703652655856e+01 -2.549963301323565901e+01
-7.459208920152851086e+00 -4.761924518545700380e+01 6.512079164785113505e+00 1.047094194370385978e+01 2.915026717815593926e+01 -3.957563109623819742e+01 7.381238366759268033e+00 -2.968784018345883879e+01 -4.927277832293524895e+00 2.512260437087593168e+00 1.733773331440538712e+01 -2.824481556317095965e+01
6.294723129905172954e+01 -6.675022821373876702e+00 1.374237670570618164e+01 9.173895203567449030e+00 3.237309762340372288e+01 -3.519985499840556997e+01 1.118842802705244743e+01 -2.212216429902397863e+01 -2.525578076096626212e+00 4.668607167777473421e+00 1.230314369032958410e+01 -3.396265888737129757e+01
8.516375982308946391e+01 -1.835415438231672880e+01 -5.075224348148081432e+00 7.192836025699181235e+00 2.866296577349659813e+01 -2.796807477383037721e+01 -5.918101453514915455e+00 -1.426582302293838644e+01 4.737233801768331865e-01 7.516304149217890362e+00 1.988510748069483469e+01 -2.171718175421751340e+01
9.048005508900757832e+01 -2.722572076691008292e+01 -5.431747903914928344e+00 1.056390586804699439e+01 2.376352828138848494e+01 -3.494976000517903003e+01 -8.125488660229569504e-01 -1.327273362047836613e+01 -3.873360220106344176e+00 1.786544503993900435e+01 1.688728824064095591e+01 -2.397765177143660154e+01
1.066161854589030185e+02 -3.647245526750662492e+01 -1.202825758254967070e+01 1.697402725650229627e+01 3.140733828098699121e+01 -4.748285475447762849e+01 1.025712480113419645e+01 -1.524433523881758745e+01 5.222743920823107011e+00 7.020028652430054805e+00 2.969818110490921015e+01 -3.387892766044924997e+01
9.785895902957686587e+01 -4.311718527853129501e+01 -1.399414960305638189e+01 2.203086171877165711e+01 1.853290384956062553e+01 -3.432778678188336130e+01 3.014216922614616934e+00 -1.504224746037444049e+01 7.856060803778309065e+00 1.129082509271174928e+01 2.092117052550095480e+01 -2.609995881438043952e+01
5.258908995937080988e+01 -3.699834709851786840e+01 -1.769105158842187819e+01 9.987680401109162887e+00 6.306462250617941301e+00 -1.471515530708544617e+01 -1.987760957658662164e+01 -1.268848723315358917e+01 2.035387379885804648e+00 7.251630928309872992e+00 2.968626199249850828e+00 -1.801796631817418870e+01
7.119193826558073113e+01 -3.790368070199775730e+01 -7.789540304376421531e+00 7.150353624329277125e+00 4.916954593919458105e+00 -1.307424440628778228e+01 -1.059141310841132189e+01 -6.116364803523378413e+00 -7.008245069957739659e+00 8.641632982318220968e+00 4.442398820609791521e+00 -1.161486477088466174e+01
9.017902408559564265e+01 -3.765041355324572692e+01 -1.615550671070980471e+01 8.301751572938368184e+00 1.654116588872038207e+01 -2.285309833158758153e+01 -3.559841685872970451e+00 -4.944925044911727241e+00 -1.301074499510860782e+01 6.700792498801448005e+00 7.754040408101120718e+00 -1.436818984875413108e+01
1.065342105855199719e+02 -4.331270999121615972e+01 -3.132154091270467688e+01 5.376290543888231355e+00 3.058732404539840388e+01 -3.683859104710255394e+01 3.847260469733756238e+00 -4.786807630650168122e+00 -1.226391075980928314e+01 1.884640537379021819e+00 1.202777395180844344e+01 -1.945114406090544890e+01
7.870235145594776327e+01 -3.480587050385857140e+01 -2.334814720853202630e+01 1.671807711758544102e+01 1.687868641246327428e+01 -2.046899093463060382e+01 -4.770984199963955952e+00 -1.226065492947043367e+01 -3.006218151587365384e+00 7.157633653734183810e+00 5.512840464168045962e+00 -1.027009061001739099e+01
1.094063838166056826e+02 -3.509433924657438553e+01 -1.758686240438536430e+01 9.834065634693820002e+00 3.580578436976868772e+01 -3.116027038725213671e+01 6.050952234269020735e+00 -2.367498210305541306e+01 -4.521391587042785432e+00 1.200524174451956227e+01 1.426599363024757849e+01 -2.151643629150491677e+01
1.051126560436530610e+02 -2.728202230216497526e+01 -2.171376964151153999e+01 9.361081655624147402e+00 4.498901172386498359e+01 -4.193318121230839068e+01 -1.778710680673941003e+00 -6.103261769251297153e+00 -1.903028361230208887e+01 9.147733283361350942e+00 2.432651750641920785e+01 -2.616284538443323271e+01
9.362702181254618949e+01 -2.883480307029131495e+01 -1.285567505336460670e+01 1.313422578893235837e+01 2.756021342398888052e+01 -2.807288539921299986e+01 -5.016658939724450761e+00 -1.763049055917005958e+01 -1.496546705781928921e+01 1.373872941452324525e+01 1.625657142744061900e+01 -1.663182990469047695e+01
1.042985360482084900e+02 -3.879312285703363727e+01 -7.341045472592302445e+00 2.678134277114770256e+00 3.680889763777182111e+01 -4.379517943242113631e+01 9.474623087815308153e+00 -2.827727203373054010e+01 -1.618553839692313900e+01 5.731976197201436030e+00 3.551381691583443967e+01 -3.277421342648005975e+01
8.225477787029976184e+01 -2.359008921958846727e+01 -7.425385335243745999e+00 1.103067603430985777e+01 2.623782040713107122e+01 -3.705130449126108516e+01 -7.397971972530634766e+00 -1.489152259534219169e+01 -2.111915114408425609e+01 1.544716586685587600e+01 1.316780991890342989e+01 -1.203194468287072461e+01
9.787197706754221826e+01 -2.921426385984971574e+01 4.680899289521399886e+00 -4.274917198832119070e+00 4.390789028716972098e+01 -5.527726047837608547e+01 1.001989807256257237e+01 -2.782287928197758831e+01 -6.498715615736909257e+00 4.783878203786239958e+00 2.475705614908472896e+01 -2.961901343647610574e+01
8.489550902048017633e+01 -3.469379140436307907e+00 -1.756835189631446070e+01 8.793357668980910091e+00 3.377001331040724352e+01 -4.750979129430604075e+01 -6.452770322805054803e+00 -7.184166417656205006e+00 -1.590022423284346154e+01 1.433796833352080036e+01 1.528748722147874517e+01 -2.242171769078452215e+01
8.453708529189867704e+01 -1.268958414903437415e+01 -1.593635400076767183e+01 4.846312498163330318e+00 2.543102946046093393e+01 -4.392361111222758296e+01 4.029857610989950878e-01 -1.371022665342447056e+01 -2.099815237348772712e+01 8.659056687075317171e+00 1.158591996380865830e+01 -2.393193848510798460e+01
7.230592833813112463e+01 -2.928372962629105913e+01 -1.904858205503264301e+01 -8.780606900694190031e+00 7.306358073924921648e+00 -6.039567173077855955e+01 -3.504753108079795787e+00 -2.871846371203588077e+01 -2.177679622082080613e+01 -1.265433528534490648e+01 -9.187911202240229613e+00 -4.418158890580146192e+01
6.599753169684322529e+01 -1.312950320105085567e+01 -8.814250312708816537e+00 1.327851892643489862e+01 1.207498004988856977e+01 -3.812212810698410692e+01 -2.134234206064691275e+00 -8.157097284283599592e+00 -1.288452757423398864e+01 -2.775698258800441742e+00 -5.426453982547665866e+00 -2.797498095867075563e+01
3.960551096049051267e+01 1.296248191495403823e+01 1.793627045130077136e+01 1.019265513716844040e+01 3.791648219869341574e+01 -3.088240166081443050e+01 1.267195037227531351e+01 -8.087669120850964788e+00 -1.265259389989423688e+01 3.673932740721070012e+00 2.237651271983062795e+00 -3.806702829392703080e+01
2.977496105047524111e+01 3.703150875436440614e+00 1.103736279093460304e+01 3.606989374217881306e+01 3.657919621477589089e+01 -4.174177503156965940e+01 1.099408727674190800e+01 -5.355456027857978363e+00 -2.309222684952666071e+01 4.361322387795688371e+00 1.004252088231112339e+01 -3.468424846755129920e+01
2.762065153201745460e+01 -2.207719808952090901e+01 5.257280078445053739e+00 9.667236435332618782e+00 4.750246249537980248e+01 -2.997079648261986407e+01 2.324809513878672007e+01 -2.507200392935050814e+01 -1.501791874582941588e+01 -2.313709636961227289e+01 9.289656994932439460e+00 -3.769826388169326492e+01
1.171001320084202391e+01 -2.241385040400792406e+01 1.156778032255765787e+01 1.223161712841364768e+01 3.500290258131470722e+01 -4.387583628914363487e+01 1.781186581195621343e+01 -2.202981930123584675e+01 -3.843175126602142999e+00 -7.335740311347995757e+00 7.071212116631061306e+00 -4.286838414045158174e+01
-4.179313529965776652e+00 -9.183141446440034272e+00 5.884706988867686839e+00 1.913378344932775477e+00 3.203675778831890142e+01 -3.145009457789040397e+01 4.657404316947226341e+00 -1.927067595317767967e+01 -3.928765920541677836e+00 -8.653647786241688067e+00 6.515312091190307520e+00 -3.356121859075008729e+01
-1.059360296476197005e+00 7.322240166538694695e+00 4.458834348076054610e+00 3.464334758089533839e+00 3.192136491291268996e+01 -2.153412865251577912e+01 2.187584416538142662e+01 -1.450654213682998517e+01 -9.492814391346784397e-01 -1.425730784060117351e+01 8.253431225184845843e+00 -4.163979808197558441e+01
-1.686850414611566862e+01 1.644818962450500877e+01 8.576015099965133004e+00 -5.781745879104464692e+00 4.564708489809703451e+01 -2.051218058177319392e+01 1.859679340609133646e+01 -1.064235567134216964e+01 2.043950948752498942e+00 -1.214021379891368291e+01 1.288141958087492078e+01 -2.177747568732357308e+01
-3.839045060695552536e+01 4.235363466122194609e+00 8.794237350847158297e+00 -5.266402635413737876e+00 5.156572143240363459e+01 -1.525697318896621013e+01 2.340256176548714251e+01 -1.041328303880006700e+01 2.101840478726730055e+01 6.286753339566369725e+00 1.936023712572340116e+01 -2.907076578294460489e+01
-3.321003336964400887e+01 2.920737518413078959e+01 1.318014178126643543e+01 -5.016048321788149522e+00 4.540173360005082515e+01 -2.259680631544040708e+01 8.659377589480566684e+00 -2.008167152063978023e+01 1.240837575655779901e+01 -9.997078262466242649e+00 4.730734697606982841e+00 -2.531491032718890821e+01
-3.196842918116896470e+01 1.109079081188338378e+01 1.160762389801540673e+00 -2.324408918257538659e+01 4.420503668624226634e+01 -2.612570620749536587e+01 1.260389676332338027e+01 -2.276753385007978636e+01 8.270581901212599618e+00 -2.237481109037505433e+01 5.111026108307562765e+00 -1.712845254980784659e+01
-4.682284306273675867e+01 -1.233631924648881384e+00 -5.782636733559933795e-01 -2.405980704265365233e+01 2.097012320530727436e+01 -2.473059924188124725e+01 1.910855732948166619e+01 -1.326548372270212717e+01 1.076720839784938022e+01 -1.330081375035463154e+01 1.889711545687602268e+01 -1.491378214422102211e+01
-4.369822508704784525e+01 2.365581340118044551e+01 -4.215935661366683185e+00 -2.101483328223601887e+01 1.782146703663258336e+01 -2.485207856327310338e+01 9.004979913433274419e+00 -1.774441129686719520e+01 -4.188951161732935802e+00 -1.143023242504270875e+01 1.082024588446533997e+01 -1.719674646970136678e+01
-3.200429325461568197e+01 1.608945534977367586e+01 1.661811218001227530e+01 -9.642835793570711189e+00 2.767693755748930329e+01 -1.708502908154184752e+01 1.712398790905722024e+01 -9.773977407760627401e+00 1.071054824210263234e+01 -1.356226089314591476e+01 2.047002059845067379e+01 -1.449433999984287702e+01
-3.732571108336416899e+01 3.116138708755846665e+01 3.786627450213263302e+00 -1.319050146533496637e+01 3.559042826080897726e+01 -1.009419988723621309e+01 1.482758950110451046e+01 -1.672651927031610697e+01 -1.182590612152542908e+00 -1.561899756742250922e+01 2.241553824393792382e+01 -9.098172350898316552e+00
-4.432971959162151165e+01 1.048307345035120264e+01 1.371795679068265095e+01 -8.771751849001777401e+00 4.011838108690909621e+01 -8.336552291548631644e+00 1.646274571597938774e+01 -1.691149982174243149e+01 1.101022504967868088e+01 -1.304743182962272385e+01 7.860072268103631465e+00 -1.095228557502475653e+01
-4.958328780616294296e+01 2.720757384581952465e+01 8.790758897994935595e+00 -1.077633244277905078e+01 3.666532417474115846e+01 -1.334715482248150664e+01 1.776129368131418929e+01 -1.633858046604215986e+01 1.091128321280726254e+01 -3.416688360671754410e+00 1.110235909500335794e+01 -1.704917707177976638e+01
-5.471346224249711554e+01 3.724330358233719274e+00 1.421032257207970417e+01 -9.903503561933655774e+00 4.385363833431611624e+01 -1.572389940493421179e+01 2.082282433461129401e+01 -2.190191901954278819e+01 1.452820048598196223e+01 -7.836643639539473405e+00 1.848638261868548938e+01 -8.980731493350582184e+00
-7.286513225998245957e+01 -9.599851066127822463e+00 -1.075826222153008871e+01 -2.692048593184820504e+01 2.464801547151267513e+01 -1.492007821644299703e+01 2.271546705715232051e+01 -1.359542934614915666e+01 1.745477154235668849e+01 -8.232164629274416612e+00 3.167156595392447649e+00 -2.547761381116092139e+01
-9.287931868397603807e+01 -4.453622925765529317e+01 3.548218081008890579e+01 -3.540324897265740134e+01 -5.817897314290618738e-01 1.993947508340739194e+00 4.163332494144023954e+00 -2.104439948865975651e+01 3.613599921437780083e+00 -2.412073294092412823e+01 8.339953219959800990e+00 -7.236163867700916796e+00
-7.699968325316700657e+01 -8.920420546897318559e+00 1.363594260036771288e+01 -2.178557456067116860e+01 2.391919767733714863e+01 -8.248627825967357552e+00 1.950185709724178906e+01 -1.743262875346587304e-01 3.082365346299113185e+01 -1.219592454455198904e+01 4.670548763931018144e+00 -1.623792493600397080e+01
-6.057505862070109259e+01 4.214873460146692175e+00 -1.942182967282595207e+00 -1.993743765143278068e+01 2.829673742616392218e+01 -6.775370043034816270e-01 2.412158944860286169e+01 -8.374695379249633476e+00 7.018366170733385090e+00 -1.663522683920527001e+01 7.937943697739084925e+00 -1.273569876376399534e+01
-6.421858916798279893e+01 6.293169045308381726e+00 5.309245224610327440e+00 -1.112797235881713931e+01 4.422146137496651619e+01 -5.212587042641912305e+00 2.389751025307298704e+01 6.258879626278353925e+00 1.476048655337068993e+01 -1.462284403907196584e+01 -4.737115363065043994e+00 -1.918170695270021042e+01
-4.888473302852531788e+01 1.039824010208559457e+01 -1.581462406650957719e+00 -2.126993984892587974e+01 2.713782739741686001e+01 -2.064946962849287360e+01 2.642575570361524484e+01 -1.276960993971926683e+01 2.007593907769447839e+01 -2.033000768362625976e+01 6.811972477724836494e+00 -1.403433862246653874e+01
-6.463652180831036276e+01 -6.273048249028301626e+01 -4.640225496463830090e-01 7.043670182854457451e+00 3.885364852802853619e+01 -2.687670858462747958e+01 3.821263356071948891e+01 -5.039006623186633504e+00 1.320639600602903752e+00 -4.521505988933939513e+00 2.467507594613449839e+01 -5.623642950384327932e+00
-5.310175768194982027e+01 -4.767432067010727081e+00 -1.442316177893112394e+00 -7.190284709472873459e+00 3.831904075755213057e+01 -1.009595006234035353e+01 2.844761495895576076e+01 -1.793430370284055186e+01 7.511433746071769946e+00 -1.645493645488986445e+01 1.416742087987833898e+01 -6.631698975920759409e+00
-6.229973657201408344e+01 -9.851776725414392644e+00 2.533790369973238032e+00 -1.066716715426918149e+01 4.574516786478656627e+01 -2.136241858301403784e+00 3.088799933619291593e+01 -1.496237560196009397e+01 1.568964988343164890e+01 -8.854177724503163205e+00 2.261119839314876145e+01 -1.502964756581438621e+01
-5.035709237328649834e+01 1.630576860248071469e+01 5.118464383321967404e+00 -1.550360111514896566e+01 3.994042256667970037e+01 -1.280183115171295327e+01 1.722713989332387285e+01 -1.749628211990157567e+01 1.064315654167192449e+01 -2.135470885810832797e+01 1.438992726341398054e+01 -1.588531556713933313e+01
-5.849262566058828838e+01 9.355741309035117581e+00 -2.110695143779020011e+00 -1.415125280606880587e+01 3.276843800719212396e+01 -1.663286371837457267e+01 1.808811538663065122e+01 -8.648578525101822123e+00 1.282592323240778853e+01 -6.875014534953800549e+00 1.501911787711635604e+01 -2.297246736515522514e+01
-6.577685526675097094e+01 -7.095969446342264675e+00 -7.671118655749933346e+00 -2.596027022207553614e+01 3.623990884582048722e+01 -8.245283668578437641e+00 2.358395061301175133e+01 -1.946151996994723987e+01 6.753142164782713230e+00 -1.100096053765308746e+01 1.420247819781728005e+01 -3.092030715289004750e+00
-7.230795681413691511e+01 -2.324303833887800597e+00 -8.450337729879429105e+00 -2.911186523423030792e+01 1.987334998227040117e+01 -1.651546593142220942e+01 1.890121615005377365e+01 -1.689649206095449330e+01 1.851742163388690443e+01 -4.646022868000679651e+00 2.435376389366525274e+01 -8.507744045145988920e+00
-5.800721137700797669e+01 -3.744028623967929903e+00 2.343179464174046878e+00 -2.706523340794564092e+01 3.142505690191315892e+01 -1.673280424774275943e+01 1.978088048454975123e+01 -1.453101688617809195e+01 2.613429610632518774e+01 -3.639831162377685114e+00 2.621546212207243798e+01 -5.323368206619928600e+00
-6.444981906772851232e+01 -1.476012586767146528e+00 4.531180653750904064e+00 -8.782974151894759274e+00 4.194902454188853369e+01 -2.956595557736492186e+00 2.841792339338769580e+01 1.423564946420337041e+00 2.172916578107371777e+01 -1.472409363618921319e+01 1.768604977437215808e+01 -5.394854634170656915e+00
