-7.306439940062135463e+01 1.716841426186208253e+01 -1.840017478009595209e+01 -2.351687100460674884e+01 3.464070933206103575e+01 -1.477128514694143036e+01 1.083283277370782116e+01 -5.990209005683940546e+00 8.363474819703297314e+00 -2.930185864540845397e+00 2.465406784968787335e+01 2.243653663916524543e+00
-6.952274655269414438e+01 2.685189551597075308e+01 -4.717442514946691645e+00 -1.599603532162162622e+01 3.428718938231219227e+01 -4.071283234884004898e+00 1.912033202454685110e+01 -7.606295079232564760e+00 1.259011036405495609e+01 -1.121534447265718804e+01 2.306927012651423681e+01 8.786254695568342044e+00
-5.878420524331738761e+01 3.065562344567922537e+01 -1.657459189106187392e+00 -2.399203233477855335e+01 4.116237633072032764e+01 2.044488769197323030e+00 2.562399150651611279e+01 -2.252027558287834097e+01 1.686650351371419632e+01 -8.110760952253212253e+00 1.587585957907643675e+01 -3.011427146409360489e+00
-7.211092267608887596e+01 3.062306726914135080e+00 -1.608163581548732068e+01 -2.445711389110940814e+01 3.616874853503068721e+01 -7.482839268285189860e+00 1.666078581830632643e+01 -1.423826926867969789e+01 2.704471351965364079e+01 -3.964812637736817358e+00 2.328960215625121322e+01 2.748933542967997301e+00
-8.150390220635726735e+01 1.507529209029288708e+01 -1.089519328104041662e+01 -2.427624840872442746e+01 3.594379645308471538e+01 -2.229520044130222534e+00 2.880525163398481681e+01 -1.675217195052131292e+00 1.541621531475565199e+01 -2.134211854164212774e+00 1.553550682636893754e+01 1.378936892892347110e+00
-9.361290982327679444e+01 6.535777672246321224e+00 -1.685941555433813299e+00 -1.954753169662423318e+01 3.856209359400978087e+01 4.651358804277583303e+00 2.513781219361708708e+01 3.707966238185269603e-01 9.269896840437931829e+00 -1.781085834046808714e+01 1.081395489354835426e+01 -8.403103380375100073e+00
-7.259532365928168929e+01 1.104221371517633088e+01 -7.323504581034407046e+00 -2.819403342522272027e+01 3.884274859337109831e+01 -8.644221316188117399e+00 1.593182976686002306e+01 -1.908555607902077966e+01 1.507413822117258384e+01 -1.792707052056147887e+01 1.638375850454668381e+01 -6.934106992300129058e+00
-7.117626201664569408e+01 2.191386331592616588e-01 -1.707987540302618612e+01 -2.253798255092244673e+01 4.590936939595763988e+01 -3.536239790986278830e+00 2.433774069498126025e+01 -8.827829640367397701e+00 1.518850830949144814e+01 -1.228075497953244266e+01 2.174173256121015996e+01 -6.015343830718091311e+00
-4.331662966968251993e+01 -4.209668038103581722e+01 -5.321662788039377645e+00 4.845807055439616207e+00 4.188011783534906840e+01 -7.309172605508366338e+00 2.606848773651626772e+01 -2.396970519545736877e+01 6.847497951938074756e+00 -5.561031210405752212e+00 1.706866852999607076e+01 -5.234385086203984017e+00
-7.315442169102543346e+01 -1.782224800607461468e+00 -9.211278480784635292e+00 -1.638990892788341824e+01 4.075189889698570767e+01 -7.430227022938296955e+00 2.888932592978592595e+01 -4.769251848223429846e+00 2.631418997168104568e+01 -7.285844283523216225e-01 1.939326117207703959e+01 2.241675900577209113e+00
-6.610347573082223960e+01 3.763233311349262422e+00 -8.128420869696912021e+00 -2.780800140966832146e+01 3.464072667912789427e+01 -7.847069088961716510e+00 2.280737838550633256e+01 -2.187341801219986692e+01 6.658171590217168756e+00 -6.293586476326030521e+00 2.092681571304303390e+01 -4.951873750137805175e+00
-4.974936954920654841e+01 -1.145208247553498282e+01 -1.442587783140546165e+01 -2.283758047406614722e+01 3.802288485118393169e+01 1.146827129665609490e+01 2.733338090612515359e+01 -3.683294299545749340e+01 -8.490323893125160115e-01 1.084048391799096400e+00 3.948631408997471226e+01 7.515722601556889870e+00
-6.458846782879132320e+01 7.654049247621383500e+00 -1.499286931132062861e+01 -2.772663278263466680e+01 4.363077981456490306e+01 4.608036882415452951e+00 3.558036829777465471e+01 -8.554218315088744973e+00 1.496379108797274782e+01 -4.591075222050028382e-02 2.542719405102569397e+01 -5.992461737084052942e+00
-5.923588149337182074e+01 1.802200146185163732e+01 5.306213390785999628e+00 -2.478736814745822414e+01 3.183864414562889777e+01 -7.379610910325791195e+00 2.486984883675706115e+01 -1.875458114206226412e+01 1.289441304568234692e+01 -1.003957406264730068e+01 1.857140787184671993e+01 -7.862721064904237167e+00
-5.696618479402312119e+01 1.588846314519071257e+01 6.223450312528775008e+00 -2.725645586317248359e+01 3.252028820602304648e+01 -7.261526085711730971e+00 2.544287684585487597e+01 -1.627930050276036766e+01 9.504184013908162143e+00 -1.390679434617169363e+01 1.567401444830420587e+01 -1.856831777293077934e+01
-4.677897351226874889e+01 1.140166414471076983e+01 -1.036741641263905400e+01 -2.147214756226651389e+01 2.684486867209589178e+01 -1.012450078655385965e+01 3.386754586674667422e+01 -1.170035826753899144e+01 8.231957573459684596e+00 -1.303712378324633470e+01 2.413999219409358332e+01 -7.902549664456401501e+00
-7.254072491666983069e+01 6.976900041890374382e+00 -2.761106925999802897e+00 -1.751743792481170559e+01 3.063459724224438574e+01 -1.641876618820271005e+01 2.377304325917702954e+01 -1.470397307365758977e+01 1.107173998146028282e+01 -8.960975862802701641e+00 3.155348509185035510e+01 -1.522415657192208727e+00
-6.628726477443883880e+01 5.343823638720156310e+00 1.849479937368114779e-01 -6.270757837537546564e+00 4.805934508973155062e+01 -4.547847159402290451e+00 1.728642314592854135e+01 -1.896074030231238083e+01 9.706070787450904902e+00 -7.368320652883545208e+00 1.561749801023823636e+01 1.011126465861268287e+01
-5.283261732343068928e+01 1.437312137225897857e+01 -2.208928840643580571e+01 -1.874076058918634757e+01 4.709155352296492936e+01 2.285914966510887769e+00 3.701139074539506169e+01 -7.526612364721906978e+00 1.200221988111276872e+01 -2.513431763494283899e+01 1.140451928058852715e+01 -1.156808268024760800e+01
-5.188725717132338389e+01 6.527292625911290891e+00 -9.677501578742461419e+00 -8.303326772759827890e+00 4.209521634840933046e+01 -3.115348990499833270e-01 1.724175349557435410e+01 -2.371096750113286333e+01 8.909157520586902024e+00 -1.480661847360340744e+01 7.922418861585827088e+00 -1.142727226542558405e+01
-3.078044057366071939e+01 1.282183435127904048e+01 1.341849327969100969e+01 -9.615272311405105299e-01 5.234125456780024876e+01 -1.211762452891218800e+01 1.350430472206956090e+01 -1.593180370580977545e+01 6.414662287002265373e+00 -1.412357351110925130e+01 1.187594968627710301e+01 -9.400392921728098372e+00
1.022769475679049300e+01 3.887974220670044190e+01 9.054485044021335582e+00 1.814376098417816552e+00 5.488189285019922181e+01 -8.372084751448220175e+00 1.798576333828572515e+01 -1.943928175944139625e+01 3.797435108232286360e+00 -3.029719589575734062e+01 1.233963844580981473e+01 -1.728564313053679768e+01
7.299673222113268878e+01 6.212027346231534608e+01 1.124142171660171563e+01 -2.998554454766853894e+00 2.626039525900882410e+01 -1.957500329000865591e+01 1.061467759102818498e+01 -1.881743599644864773e+01 6.931972217678410431e-01 -1.980676732515024696e+01 7.859755453944712755e+00 -2.495331258448770129e+00
7.667170964834448910e+01 3.760587147644245931e+01 -7.422093785158449641e+00 -2.413047655707515560e+01 3.585164656708332132e+01 -2.820015290175373934e+01 -2.853883325240356594e+00 -4.860657143271352254e+01 -2.468793606042583022e+01 -3.820413424744233311e+01 -5.527417657511722204e+00 -2.110103759105921739e+01
8.803177440167522150e+01 3.739176049574010108e+01 -5.503947691851470481e+00 9.444521356066818640e+00 4.644975113424457902e+01 -5.347076439446293961e+00 -9.603649304751861848e+00 -3.472430301741444225e+01 -1.459861645034757771e+01 -1.169380882145359735e+01 4.204986570248086863e+00 4.345844266846111026e+00
7.366464045725055598e+01 1.127970505661545708e+01 -3.564107517135906988e+01 -2.775220786628890224e+01 -1.028030188129067213e+00 -2.499789590141454809e+01 -1.232590135697988387e+01 -3.350088378669796896e+01 -2.246687809203341146e+01 -2.016309113266003550e+01 -3.310245974555332538e+00 -1.268125603341112750e+01
1.157486279560381774e+02 -6.888904524343875124e+00 -3.962888319765467315e+01 -1.181878759186889738e+01 1.443318120135154992e+01 -5.071184864129834580e+01 4.144910327647795434e+00 -2.449183579343520378e+01 -3.382379675433867305e+01 -4.445962491474579537e+01 1.920035062576736351e+01 -2.967573064195344834e+00
1.026951873992774154e+02 -1.301704610469919388e+01 -2.966348278537324745e+01 -1.362451672641699396e+01 2.301393463301055675e+01 -6.799374642623273957e+00 1.608907978983130960e+01 -1.592716203412485143e+01 -2.530221284999448272e+01 -1.114829692714144471e+01 2.445983156253250357e+01 1.155292986313978787e+01
7.821185519359380578e+01 -3.145024624609088448e+01 -5.047957362461592368e+01 -2.441031444545655660e+01 -4.455526424092347781e+00 -7.558260548426424918e+00 -1.117129273135546796e+01 -3.174098331137993512e+01 -4.085597127049349808e+01 -2.566118685044592596e+01 2.338218967826790617e-01 3.692071487466947133e+00
1.087928681929581103e+02 -1.755460365558703728e+01 -4.362989789809672914e+01 -1.940565860533018139e+01 1.188380711386022526e+01 -2.043921911167478456e+00 2.503809276855737664e+01 -1.580766307312617869e+01 -1.938496932648581250e+01 1.408899706291921516e+00 2.437772495481154778e+01 8.384606986217502111e+00
1.197145119422187634e+02 -2.583655002260778843e+01 -3.890954889141926998e+01 -2.991363268300080591e+01 1.586634378298311177e+01 -2.345379782700583604e+01 1.656093432599044490e+01 -4.011127946496377916e+01 -3.032483246777183084e+01 -7.175279185962839534e+00 1.476802838917835636e+01 -1.282985962618060682e+01
1.071020682222714697e+02 -2.278738292182479341e+01 -4.073913978078180520e+01 -1.189256963548815094e+01 -1.090401063421846395e-01 -1.194035491756438283e+01 2.418495712592437030e+01 -1.811250796943507169e+01 -2.482721287390310749e+01 5.084212886890933092e+00 1.654500141960985715e+01 -3.378211790232890976e+00
1.177222041577822438e+02 -3.431210177815383133e+01 -5.443764340027571791e+01 -2.948029321304134953e+01 -1.106016064139822497e+01 -2.582006145257235374e+01 1.745005393302934138e+01 -2.930601483736192137e+01 -3.165033425318192073e+01 -6.966005901222182217e+00 -4.301731142673753894e+00 -1.226103591349875366e+01
1.106663520828154645e+02 -2.091847693383338935e+01 -4.438250443263970624e+01 -2.635680130500943363e+01 -7.257756091992824565e+00 -1.002834170618691445e+01 6.698158576226307837e+00 -1.449600048695581478e+01 -1.854236044414231088e+01 -1.192077596441537324e+01 1.125270027161809683e+00 -1.228045258379688143e+00
1.208351217599910115e+02 -2.588820678000408293e+01 -4.696224732822986425e+01 -2.234176565551635107e+01 -1.068603625259376955e+01 -2.364601918921914603e+01 2.333236734682986935e+01 -2.719572512400159425e+01 -2.547687179955218539e+01 -4.287475869990080568e+00 1.117944599351349311e+01 -6.358514441759335334e-01
1.041811035796250877e+02 -2.308831017085385895e+01 -4.023811121410796687e+01 -1.915100689713894511e+01 -3.912589853882069590e+00 -2.710155137859728569e+01 1.055148622028303507e+00 -2.779728179435964108e+01 -3.276085403095326143e+01 -1.828318925523658578e+01 6.859114036792861135e+00 9.849071195015444147e+00
9.723257492194949236e+01 6.654110302089163431e-01 -1.193026894236031410e+01 -1.160306053796005443e+01 -1.339187830464667961e+01 -6.856083852644870191e+00 1.116152844140436606e+01 -1.084465532216934847e+01 -2.291750536556178375e+01 -6.520540318667755741e+00 1.178267858822571768e+01 7.529162273759718360e+00
1.021054359371886591e+02 -3.758413989500347441e+00 -1.399231676618812159e+01 -1.262446233890017666e+01 -3.442182615030365156e+00 -4.245525433478847788e+01 3.643538915518006149e+01 -7.096203927308887494e+00 -2.233763604757453436e+01 -9.378792651369190381e+00 2.134043582345113776e+01 -1.069313052348486082e+01
6.573783617093641851e+01 1.837512474390177175e+01 -1.628497459030650418e+01 -1.891150149013130033e+01 -2.734227168878404335e+00 -2.472837670047273662e+01 -8.537476519554655141e+00 -3.306164891872491296e+01 -2.736338186564410435e+01 -2.713055517460282573e+01 -9.655048951413597536e+00 -2.283239332792794229e+01
8.170780322675403795e+01 5.468839255772219587e+01 4.397754047363021890e+00 -4.582271071032879561e+00 1.257274268774190418e+01 -1.296487410913919724e+01 1.507361396427905653e+01 -2.476500952363966235e+01 -1.792070870436420904e+01 -1.911084761187133552e+01 -3.297857729214575429e+00 -5.425946609282881639e+00
8.653170927964627879e+01 5.915143510097415458e+01 1.467270211801954893e+01 -1.334864133217593718e+01 2.354336246502139574e+01 -1.212491403955007740e+01 2.746427809669810216e+01 -2.252933073724689450e+01 -1.988251461169645751e+01 -2.732795591227636578e+01 1.845027867041829239e+01 -1.357047199479316468e+01
7.959395148140207255e+01 7.192941805308319658e+01 2.313321142392771179e+01 -1.517268120725672986e+01 2.400760821698114711e+01 -1.520048345873428453e+01 1.608412283837803614e+01 -2.860974298589857057e+01 -1.383023130711652726e+01 -2.145264998700664449e+01 1.431495291113101409e+01 -2.326922335784867180e+00
6.645741115900223406e+01 5.494423896718406297e+01 5.986767101496210941e+00 -6.089000169068414792e+00 1.911431388440892576e+01 -2.515995622398668985e+01 -2.267653166370135143e+00 -2.593498767172745190e+01 -7.011963530727522098e+00 -1.204978022786013447e+01 8.854277296698194633e+00 -1.096798521263151827e+01
4.410148284251432926e+01 3.373726350519238082e+01 7.496766692501479312e+00 -2.621293221655203354e+01 1.847024749958522705e+01 -3.579692616294592256e+01 8.611125865451572992e+00 -2.325521902217473524e+01 2.858485341796105583e+00 -2.123587979688247884e+01 1.068657111178338148e+01 -1.394448092713810894e+01
2.686061781805180004e+01 4.292060741590192663e+01 1.464264273047392528e+01 -2.356514170758776672e+01 1.775228958770554755e+01 -2.885620076039325710e+01 2.252680225219346255e+01 -2.087118375590423724e+01 1.150744385318517971e+00 -1.972086223683606221e+01 7.290860214105207682e+00 -1.944271601570290642e+01
9.306580129613120533e+00 -4.504453752738180583e+01 7.973819610436573058e+00 3.617526295392801927e+01 1.847651021287200734e+01 -4.037724348060248758e+01 6.293963967221348987e+00 -1.312711746469725682e+01 -2.141058634959300377e+01 -1.973312633495159929e+01 1.142130398660769686e+01 -7.342155182770175870e+00
1.823765465712922307e+01 -6.181008463765391525e+01 1.614818582124190982e+01 8.023631032642100536e+00 3.693133820710115600e+01 -3.089109194416180770e+01 3.184560444688959890e+01 -3.481603087122573470e+01 -1.636510647560498910e+01 -9.119882339189103959e+00 2.334349157122673901e+01 -1.104695721249414042e+01
8.710326555996171294e+01 -1.090383941522702571e+01 -2.394327570314966636e+01 -5.846806166570961416e-03 1.169455625512153762e+00 -2.285017624977665918e+01 9.632541267573083710e-01 -1.511451365476212061e+01 -1.327511458438081249e+01 -1.497867367807311823e+01 1.391885142044696266e+01 -4.696578241135243026e+00
1.066908699155658553e+02 7.504644234804046299e+00 -1.596718732461867063e+01 -6.084990451205628759e+00 -7.873347139823541951e+00 -2.961193533198586536e+01 -2.893324533303694768e+00 -5.241375700211496458e+00 -1.386130891410094179e+01 -1.387452076980199145e+01 -1.991084925215016455e+00 -2.901907800239924562e+00
1.401157964591808422e+02 1.458883120294098390e+01 5.646307661081234386e+00 9.583317592960398201e+00 1.584291680057603457e+01 -4.157077362374771923e+01 1.333950516879772685e+01 -1.582896311469781558e+01 -1.449931672410280825e+01 -2.425881443160533024e+01 1.258718835616843279e+01 -1.131083580591942450e+01
9.512438480678176234e+01 1.892611605936877694e+01 -1.753976536089156157e+00 -8.948262992933788684e-01 -1.032126718382764530e+01 -1.837572420245256666e+01 -1.385912152821656207e+01 -1.430942274235189160e+01 -1.082127425029649181e+01 -1.077310646539619832e+01 -2.393513952634330089e+00 -2.455311599111640763e+00
9.491907267198047293e+01 1.755558171191376005e+01 2.516732401888840620e+00 -7.574904747762653656e+00 -2.356513821817105736e+01 -3.589653501050376150e+01 -1.456082485618326494e+01 -2.078537084358280396e+01 -1.631120676437118178e+01 -1.670595757570932705e+01 -9.998976354927236798e+00 -1.062858778370301849e+01
1.278004480011827866e+02 3.926928715061904995e+01 2.030016119635687843e+01 -1.625971772186218134e+00 3.864757514759996404e+00 -5.770401673986040691e+01 4.172665503826769928e+00 -2.088742922812245695e+01 -1.779089161643283035e+01 -2.467850904844146953e+01 1.213863132738148032e+01 -2.478665019346298237e+01
1.033797105093688629e+02 3.194375240668347260e+01 1.020930305626601786e+01 -3.806424009538044828e+00 -7.845099641110596878e+00 -3.248367827380709372e+01 -1.687825530568843391e+01 -2.704332909385894368e+01 -2.096142071558514175e+01 -1.914081820793270339e+01 8.772549308966869352e-01 -1.026454439917763395e+01
7.658155263233476262e+01 3.019084824762849451e+01 -9.831380841446645036e+00 -1.594443433258293297e+01 -3.274261181832655865e+01 -6.240245370530083591e+01 -2.917425759190860646e+01 -4.121882414428189634e+01 -4.076518879394210160e+01 -3.595208216856396177e+01 -1.247841763248968405e+01 -3.277056276053265549e+01
9.459130421677828338e+01 5.595983268498557095e+01 1.173424607060910319e+01 -7.828020674075074403e+00 -7.282243702919862116e+00 -5.416647061259978813e+01 -8.520418999083846145e+00 -3.980645933777014989e+01 -2.670959846810756844e+01 -1.945890790028610695e+01 2.909498242765898190e+00 -2.229059933386228920e+01
8.089121811256617889e+01 6.050068985924832532e+01 1.912409509835957167e+01 -3.289411796556252821e+00 -2.075533315235550180e+00 -3.349302628707172858e+01 -3.049397538373836092e+00 -2.406239664418848889e+01 -2.445135365606227396e+01 -1.911422813629677719e+01 7.192121104185571490e+00 -2.757780041398615367e+01
4.283018116280693732e+01 3.139185024128941492e+01 2.085575828354156869e+01 -7.516720406708722990e+00 1.563818851982006031e+01 -1.801214890976674354e+01 -2.642739896326357751e+00 -2.143920448896216158e+01 -2.156443234755750638e+01 -1.734245779029445700e+01 -2.992073073207611955e+00 -2.161822796503872013e+01
1.783570701180382301e+01 1.371774239281096541e+00 1.798697119632871733e+01 -4.807720346470938466e+01 2.226151557171941064e+01 -3.318508061871251158e+01 -1.237718915019384269e+01 -3.486991577377040130e+01 -3.505004113873540206e+01 -3.478060696544959285e+01 1.051932734760087307e+01 -2.723897387366921308e+01
1.241344204821636321e+00 -1.644572904926472745e+01 1.357870290658283707e+01 -4.991850222352911715e+01 2.225189715487926279e+01 -3.121950576946401057e+01 -2.956758187313843322e+00 -5.037738219419905761e+01 -2.984750634151409443e+01 -4.662758411046946350e+01 5.495903282736603224e+00 -3.178240664202657229e+01
-1.674084373422323413e+00 1.357929866560880772e+00 2.001482381502460228e+01 -3.177314280537559910e+01 2.588041157470578213e+01 -2.235907658520575580e+01 -1.296421382294904845e+01 -1.972285875657344079e+01 -2.178677823523407397e+01 -2.605635591288634956e+01 1.203932051328790109e+01 -2.343093877063014219e+01
8.890672266771488808e-01 5.742131408381967006e+00 3.256574879868546191e+01 -3.424067794452618330e+01 2.793946924950888899e+01 -2.982699744469670478e+01 1.713894978728625063e+01 -3.726929833620707200e+01 -4.987454635129549452e+00 -1.542241479041063634e+01 2.440129714768842462e+01 -1.722540856497518291e+01
-2.159355536179507951e+01 -1.754905000922399205e+00 3.046312074357771493e+01 -3.471950366873235083e+01 2.068654626407455766e+01 -1.547758288629190560e+01 1.785708114186835394e+00 -2.244840974704666792e+01 -6.828377147660701141e+00 -1.518217553899922123e+01 1.662342848171135401e+01 -2.223340222005140276e+01
-2.865863880622690374e+01 -2.848173980176046882e+01 3.400313769989882928e+01 -4.540185911320408252e+01 2.267780673073624698e+01 -4.345960364393209829e+01 -4.524752382571787024e+00 -4.625599124412571683e+01 -9.763870962370083006e+00 -2.233403548745163292e+01 2.383886500501351691e+01 -2.408221378786427636e+01
-3.199342223308357447e+01 -4.179389949770429524e+01 3.876226795781953172e+00 -1.797391564694128618e+01 2.690674888900424833e+01 -1.688051167135915520e+01 5.117787078239000031e+00 -3.467978208393597583e+01 -3.321430877174248764e+01 -9.205122383992248913e+00 2.078020050087958737e+01 -8.792312779024378244e+00
1.847183198087290479e-01 -4.888925720035241795e+01 -1.734527443739450447e+00 -3.043714586835835689e+01 1.744154878023466537e+01 -1.791411801147425109e+01 2.954770457455743582e+01 -3.208746232206402738e+01 -2.057459516521566911e+01 -2.382602247618506652e+01 1.101323433816850716e+01 -1.561697741288635655e+01
-2.650024747666205371e+01 -7.178904925910291723e+00 -1.890729975066950175e+01 -3.587637214727711665e+01 -4.175282787098719695e+00 -3.609963107868783538e+01 -9.350592182963632482e+00 -2.628721296636344817e+01 -2.029899368269248328e+01 -1.658700035960684005e+01 1.921264236674425163e+01 -1.556084648453899355e+01
-1.897096303879836654e+01 2.385450293349578743e+01 1.359604116547036057e+01 -2.193197838187695226e+01 1.946738599901796363e+01 -3.344538762785111885e+01 2.972329584602897867e+00 -2.634360292775037848e+01 -2.739684341821861047e+00 -8.878709293594969409e+00 1.675388926512749777e+01 -1.021564793174634111e+01
-2.451778627050578407e+01 3.424055596935581036e+01 1.758047931325985758e+01 -4.127094144997110803e+00 2.467313314080565334e+01 -1.898023293990505422e+01 3.466121544020379197e+00 -2.355359661706135910e+01 -3.354355918726116492e+00 -9.513272017456371188e+00 2.643684344347991910e+01 1.024165341514174798e+01
-2.340802087629800354e+01 2.515130610214547957e+01 1.023952397489904342e+01 -3.098352333508325529e+01 1.917366281991245813e+01 -2.376826352733259995e+01 3.969172633854078369e-01 -2.753753764997284037e+01 4.589808184636298805e+00 -1.172177697136785923e+01 1.774518898464102534e+01 -1.563360767421984754e+01
-1.177550321621846763e+01 1.557803455669361270e+01 1.125706908061350120e+01 -2.052658377498975639e+01 1.859111049329644061e+01 -3.730956383828397804e+01 1.958198985568853345e+01 -3.421502585754721792e+01 -3.826759924037028249e+00 -1.503280321601764769e+01 1.823497843071907454e+01 -1.477815297574259290e+01
-3.094402159675927777e+01 1.599120689242353066e+01 1.102767440993402559e+01 -2.795533929447328347e+01 2.533428024701062498e+01 -3.081027130940935876e+01 1.120318123232501861e+01 -2.804783771271650039e+01 -1.535729492025452725e-01 -3.250249320324383007e+01 1.600675871689694052e+00 -1.842455433429346101e+01
-3.943290201078978896e+01 -6.674529266771450864e+00 7.382977057259982878e+00 -1.609211775145083934e+01 1.967998019590613978e+01 -1.012754465789411285e+01 2.453778280021180791e+01 -3.771906854499724204e+01 -1.196440441109527697e+01 -1.869855988543773151e+01 4.275219682014633094e+00 -2.930292618382529923e+01
-6.332280309614979785e+01 -3.511422933640964139e+00 5.358871352548163713e+00 -1.976059268969716953e+01 3.414720383823517835e+01 -1.249080268644451408e+01 2.116688799258786702e+01 -3.933598441397449363e+01 -8.147587031996160079e+00 -2.779392852885900567e+01 9.808698147546380142e+00 -1.895124870948112772e+01
-5.112494627523062718e+01 5.105095178021522351e+00 4.228376808822651434e+00 -3.561731387605087917e+01 1.394413550206022379e+01 -3.507633045576473307e+01 1.231107053120684647e+01 -2.224382071097814872e+01 9.271049128127476280e+00 -1.841258749484014245e+01 1.462478914939396901e+01 -1.333082856353591339e+01
2.305580606842460867e+01 -6.723940420266015394e+01 -3.114330864337247817e+01 -2.691962999925897382e+00 -1.082765567322380607e+00 -7.177781051963830983e+00 1.238069685162441580e+01 -1.335964649885992550e+01 -1.221895646439674543e+01 1.885068805270138093e+00 9.985382829795280912e+00 3.059035653367233043e-01
2.885075936658908802e+01 -5.813184100712301472e+01 1.003410180413147046e+01 -1.502012005233160785e+01 2.568590141231978663e+01 -1.242389101829653164e+01 1.721986816268096732e+01 -3.427803924511134426e+01 -1.951845858151943780e+00 -7.149224387712295403e+00 2.229245186138564705e+01 -2.428410611160722432e+00
1.856470243512895024e+01 -6.947615625741826761e+01 5.288179076493774389e+00 -1.074536092416914457e+01 2.056611617585398477e+01 -4.239659479339987769e+01 1.429216738010324050e+01 -3.443169140439191978e+01 1.458711698089370401e+00 7.402203236817947563e+00 3.093362416786214197e+01 -7.851496245239237837e+00
-1.231900183876338062e+01 -6.629148177987920576e+01 -3.271788195046067660e+00 -3.829907812130965539e+00 1.659498129906972252e+01 -1.870957034615955550e+01 1.227572991488959531e+01 -3.225219075783692801e+01 -2.659484951516295048e+00 8.089859103180623734e+00 3.966234136731324611e+01 -5.416740137650095654e+00
-1.496237544685391541e+01 -7.838450762660571058e+01 -2.132434143946813521e+01 -2.704193401101193661e+00 3.257689628605707099e+01 -3.499391451314146195e+01 5.809389079565952407e+00 -3.429893486045288853e+01 7.057836090780794436e+00 1.575249703177971305e+00 2.266189029329629534e+01 -7.069379429562972383e+00
-1.113513651221798462e+00 -7.695096619607252819e+01 -6.865061953813105688e+00 8.092628701861517726e+00 2.654197278250684633e+01 -4.030891492344621696e+01 2.929646800438178644e+01 -2.876082045964477985e+01 4.954013639741185138e+00 1.850863299105849347e+00 2.145202123775081304e+01 -2.593650866689199219e+01
5.251963061767533247e+01 7.610413926907088289e+00 6.624787441799514731e+00 1.557056092584051399e+01 2.207683328966737690e+01 -4.918807981300447096e+01 3.075694797015065873e+00 -2.045036243045710833e+01 -6.158666738008928832e+00 -1.190804364447388686e-01 7.601732627815978027e+00 -1.705028015063352598e+01
8.869967074715928845e+01 -2.084092798000346747e+01 -2.890177266587663496e+01 5.844922849507895535e+00 1.779597520663627108e+01 -3.939069808595517941e+01 4.189109654154299811e+00 -1.243541615740376116e+01 6.774929946146932558e+00 1.329692303472302939e+01 1.670260280463912750e+01 -3.843686938660368924e+01
8.436216798692387897e+01 -4.045045584933954075e+01 -1.139413891321141925e+01 1.891853040313545620e+01 7.162012652563378268e+00 -4.175714766849146997e+01 1.613800585713984148e+01 -1.080318747343661734e+01 4.659997554782524531e+00 1.513883189893565628e+01 1.247411024220750342e+01 -2.139791304298741181e+01
9.721262371334634622e+01 -3.190522375229545204e+01 -2.755488099451347495e+01 1.640347558825501295e+01 2.422986202362885777e+01 -3.951985275315249879e+01 1.041970767264144548e+01 -8.851291341889270470e+00 -3.870178140607951622e-01 1.481598084027883289e+01 1.827546760195468067e+01 -2.266116970607929915e+01
8.857252461961195422e+01 -4.395910037255092107e+01 -2.689465890046815133e+01 2.276037526717693993e+01 2.656448651740473466e+01 -3.225174044381421368e+01 3.069377781027796459e+00 -1.722760406480058748e+01 7.734623981908166357e+00 1.231795953825981371e+01 1.019940257961097885e+01 -1.392787793471578439e+01
8.958566913146327693e+01 -4.888878068941028232e+01 -2.735831957996624908e+01 2.587209286940390740e+01 2.674166838442047478e+01 -2.732091842276969729e+01 8.983839115213521964e+00 -1.679616284859039865e+01 1.109374343494710535e+00 1.535800312743727503e+01 7.290409394864073356e+00 -2.047802064006472023e+01
9.332250155519380996e+01 -5.137921210479556322e+01 -3.566866894210268413e+01 2.725398505671244820e+01 3.930738702308512700e+01 -3.107749484825883002e+01 1.003447897874450412e+01 -1.598989377698876702e+01 -2.088307245274102275e+00 8.090816289870815581e+00 1.385371659282098555e+01 -2.506784245883073936e+01
9.417533700227545523e+01 -4.922514833980486770e+01 -3.495308750576823087e+01 2.478746693619434183e+01 4.097260393057494809e+01 -2.948966118638057310e+01 1.086299119967903692e+01 -1.351899005573208079e+01 -1.024159213951136849e-02 2.273124846385079501e+00 1.197994642626671080e+01 -2.895248272122562838e+01
7.954953162586866711e+01 -4.526037703112871213e+01 -3.673008610755970693e+01 2.866001950346997518e+01 4.547216974610013551e+01 -2.917805059933905198e+01 1.655272207711160704e+01 -1.267731826009484486e+01 -8.959510804153200780e+00 6.088760399175560778e+00 7.279724736245434258e+00 -2.480998102285857243e+01
8.841184130321801149e+01 -5.085674056661837739e+01 -1.706954319338732518e+01 2.613604842241596060e+01 3.821839702677044670e+01 -2.273234913183609152e+01 2.406642759908088891e+01 -1.738591055543431452e+01 -6.714108452373214853e+00 8.302450039635111523e+00 9.979651672025763531e+00 -3.080924789969991551e+01
3.758247815415946036e+01 -4.866543184794159060e+01 -2.526039574480269323e+01 1.927911328134047420e+00 -7.941997524103990180e+00 -1.657457346137545429e+01 -1.339273194904302144e+01 -1.598457714901234539e+01 -2.036326211588898616e+01 -6.636175294456316820e+00 -3.378568453608340683e+00 -1.504235339428912077e+01
1.063199515190348166e+02 -5.492486893475374643e+01 -4.111036476898262038e+01 8.749191549392088874e+00 2.030770903480095058e+01 -4.729218335837313703e+01 1.956278565408972625e+01 -1.248674869639297924e+01 -2.545860870823428002e+01 3.502252853950501343e+00 1.233544186573658763e+01 -3.019533588463978901e+01
1.016448972665134249e+02 -3.321307848672617524e+01 -2.750422833538983269e+01 1.695593366321625695e+01 2.954641920118364240e+01 -3.536181214502163073e+01 1.880299972586944079e+01 -1.168508478006192064e+01 -3.227428351802463169e+01 6.250199081207266971e+00 2.170105467373660346e+01 -1.891082616430118435e+01
9.299049839325269318e+01 -2.849027752906811983e+01 -1.878452755422600262e+01 1.109567545882321227e+01 1.688358413053363805e+01 -1.558888803636256526e+01 1.534807350665515990e+01 -2.204374496317744203e+01 -2.542925649044476799e+01 2.193026805583047079e-01 2.033383256297614139e+01 -4.174600594604476633e+00
9.865630543709875155e+01 -1.794545096534056938e+01 -2.618809954992423883e+01 1.766638908724263857e+01 2.747799468378401855e+01 -1.162147494867978104e+01 1.174929613103223502e+01 -2.226879526712902546e+01 -1.919619478149285996e+01 -1.811505744101179260e+00 1.989839544140049554e+01 -7.823663526353794140e+00
8.083266144439318168e+01 -1.557358515234855290e+01 -9.334334506303051171e+00 1.318000360404124294e+01 2.177025125044153953e+01 -1.458194248753301991e+01 1.060513935783379580e+01 -2.263742967174403731e+01 -2.552083525923721297e+01 -2.554432695414200261e+00 1.915470880220366112e+01 -3.260522522663360512e+00
9.471676551662721977e+01 -2.076318743901110864e+01 -7.705763409174306133e+00 1.727418008425017604e+01 1.443008237376496616e+01 -1.695882656714430681e+01 1.540819131001322084e+01 -2.198248746205790027e+01 -2.768277571283840999e+01 -1.028639097883984554e+00 2.622985877128195042e+01 -8.419500707252620231e+00
5.707464129075716386e+01 -2.274086216105248326e+01 -9.993930947815732324e+00 5.311677005750297553e+00 -1.647675165912223072e+00 -6.875934181861538264e+00 -1.725632076911244539e+00 -2.902965209043033923e+01 -3.380805801583372983e+01 -1.405462006730595625e+01 1.609521370484710223e+00 -2.421261261976007972e+01
8.177073552020047487e+01 -8.725988001544065398e+00 -5.990908537982370774e+00 -7.165447189898000779e+00 1.577523907512645263e+00 -1.805763019065989283e+01 1.993381100232344849e+01 -2.694080050004134819e+01 -4.235472557862154019e+01 -1.616617023246396201e+01 5.766594331109889282e+00 -2.970114785209289110e+01
8.005492494702954787e+01 -4.502901822693778477e+00 2.547111060383298042e+00 1.144016218854187805e+01 1.109134024349233982e+01 -2.426479342522321403e+01 2.585132735903906109e+01 -1.784015957554395015e+01 -3.645431578884222290e+01 -6.010380679997018305e+00 5.619898025661631991e+00 -3.081815239822583408e+01
8.245404541794951569e+01 -2.010531838381894332e+01 2.197965191126460027e+01 6.843746728025770665e+00 3.692512482305718891e+01 -3.753115826860479842e+01 4.852789164549702150e+01 -2.322271649961254880e+01 -2.212060007656434379e+01 -2.280372152155116794e+01 2.251420295823639606e+01 -4.718387464107478024e+01
8.677801745857735227e+01 -1.121284731820606950e+01 3.022429255210637677e+01 2.170106399342157211e+00 2.570019772839089711e+01 -3.678933384002838380e+01 4.629499069588356974e+01 -3.422389947864234472e+01 -2.617562468422969602e+01 -1.816487745783832963e+01 2.484615212137035201e+01 -3.261743173488481773e+01
6.001337851665022072e+01 1.849024613650056637e+01 2.159235427217846492e+01 1.309838012192424372e+01 3.102726683687144416e+01 -1.517705452494970686e+01 3.480194211592822029e+01 -1.794837788942643897e+01 -2.324968522521782077e+01 -7.615480465833404544e+00 -6.437259562542472224e-01 -3.139808029458592031e+01
5.317862210143835000e+01 1.763495216390026599e+01 3.704018250907946452e+01 9.729205756359245783e+00 3.419438530164460843e+01 -1.273113087561710444e+01 4.500343055646072798e+01 -2.302235651027822527e+01 -3.396714263655945842e+01 -4.233426233082875356e+00 2.642183478184494394e+00 -3.013675069581329780e+01
5.382690099048647880e+01 2.879590861375215383e+01 2.859315094234725407e+01 7.755561865682487621e+00 4.031035275308251897e+01 -1.392117540814457399e+01 4.187853687687937310e+01 -1.683336903149394459e+01 -2.615710774489972579e+01 -2.656737687656071500e+01 2.053328995369879095e+01 -2.811491833462868328e+01
3.157806795564776436e+01 3.442499864297565715e-01 2.262625313128312143e+01 1.720484960821922016e+01 4.180868650284225652e+01 -1.176407320977402904e+01 3.123521351883037411e+01 -3.000336790618737126e+01 -2.514551151845725485e+01 -1.607380768312625108e+01 2.317302612131788209e+01 -2.442697290875107541e+01
4.062943355532853573e+00 3.297687865329947954e+00 2.522185397547544561e+00 -5.671825020323396416e+00 3.094711248913694490e+01 -2.065774302996040745e+01 1.698633642746874273e+01 -3.953102468220438936e+01 -2.792872876397415638e+01 -1.195330400740401622e+01 9.384702659747304665e+00 -2.766933160936506653e+01
5.296385354178249072e-01 5.622525519826068852e+00 8.745735626451333289e+00 9.809173444823539256e+00 4.944412351527305560e+01 -8.424874951508302345e+00 3.456632791487071898e+01 -3.370416389470111795e+01 -2.803784433203022530e+01 -1.861497195968740215e+01 2.105411217233171328e+01 -1.329531434971939063e+01
1.281295830653427714e+01 2.816751725936095685e+00 6.029674992878816475e+00 -9.379255295762403133e-01 4.407220885677747191e+01 -2.551000006901682493e+00 3.226453085456178371e+01 -3.760010207542563165e+01 -2.364373989641697094e+01 -2.749657466482960189e+01 2.574805419399140050e+01 -1.690605738518349810e+01
1.315129073086404432e+01 -1.030123451447397009e+01 8.537995879615875694e+00 -6.824030821500315369e+00 2.913499433948289408e+01 -6.701182738551846541e+00 4.950819047551847518e+01 -2.888573228063082610e+01 -1.186743755013414514e+01 -3.119908541720705841e+01 1.731394053005824318e+01 -1.765489038190928994e+01
-9.907978565838007512e+00 4.045729284655967817e-01 3.599416148843274321e+00 -1.169986518535528930e+01 3.936254673695268025e+01 -1.322702008271514629e+01 3.498359396680792344e+01 -2.475998462594385785e+01 -8.727439271818937527e+00 -3.209593019057316354e+01 6.056149744074879493e+00 -1.895304817999294045e+01
-2.214203347425364399e+01 -3.365478951719452994e+00 2.756985553238036957e+00 -1.979034961382498281e+01 3.362846289602323679e+01 -2.724699296374564028e+01 1.479744245060611085e+01 -2.630131657115771304e+01 -1.374669026072627176e+01 -3.005542514007690613e+01 1.742780968802769692e+01 -1.618343392266197611e+01
-3.239974937032022240e+01 -8.278784863784308001e+00 -1.623734927791201343e+01 -1.331228853481733410e+01 3.228439104194983145e+01 -2.534839238029253039e+01 1.642099347723489444e+01 -2.750730762869005730e+01 -1.636459375518542458e+01 -1.447023663450442754e+01 2.358600676705685473e+01 -1.468052134032111411e+01
-5.224020621255338170e+01 -8.365920583419393708e+00 -2.011172343340517443e+01 -3.023303229496615785e+01 2.033156117484529091e+01 -1.872290157725369042e+01 1.810155811647175028e+01 -9.618517952890943690e+00 4.496742971975754344e+00 -1.808073193376148424e+01 1.748427663258045328e+01 1.411357969578684646e+00
-2.577512571411799058e+01 -3.005965745409473477e+00 1.239878611019499033e+00 -7.549525929757752607e+00 4.571401470242135190e+01 -1.104773966790725481e+01 2.897473935784100973e+01 -2.199313538570890358e+01 -1.944070756835213132e+00 -1.762337606412661728e+01 2.677949612077101449e+01 -8.833973561703338362e+00
-2.967076424993388173e+01 1.164405364672518317e+01 4.037731063206482673e+00 -2.825646734833290097e+01 3.366765641690740551e+01 -2.054804434613064501e+01 2.514757714691853607e+01 -1.797102267885030003e+01 1.398891856051526261e+01 -9.693846734323171788e+00 1.307800247081919487e+01 -1.089093663111736632e+01
-2.450778698217319373e+01 1.123768182757690504e+01 -7.423526843857407798e+00 -1.932797495793532505e+01 4.038262968593646463e+01 -1.574766709422270949e+01 2.234527693990348141e+01 -1.815758513670382968e+01 7.947330769928180771e+00 -1.476608980666225968e+01 2.524276861695894070e+01 -8.333650195688079521e+00
-3.015541835110997226e+01 1.026017081602213921e+01 2.227964640346820513e+00 -1.410906388059173722e+01 3.806390292593940217e+01 -1.472660388880067828e+01 2.075845264035601900e+01 -2.281616443444891473e+01 1.089192652416103080e+01 -1.380958483721449248e+01 1.179834597674998520e+01 -2.139091290202166107e+01
-4.045164606314632749e+01 4.962195088407418631e+00 5.141460696755731696e+00 -1.864304421356993657e+01 2.810144344084591950e+01 -2.974445525265100088e+01 2.302701020821475097e+01 -7.917800703880613078e+00 2.213874554882455215e+01 -1.185945116628079177e+01 1.439457891118131805e+01 -1.423846247769678541e+01
-4.173788914172547493e+01 4.956424777862059372e+00 6.258317087094262376e+00 -8.326293424568500967e+00 3.777024916620075601e+01 -1.565151485167180923e+01 2.987751820094557331e+01 -2.195931734178634542e+01 7.586626137716383056e+00 -1.947317114405158378e+01 6.014935710319830875e+00 -1.403656224576361566e+01
-4.790998417764070894e+01 1.866841475467467149e+01 -7.575091288631384145e+00 -2.943756390230326758e+01 1.370142710359036542e+01 -2.171312004739544932e+01 1.014370512817857062e+01 -2.279663377222225762e+01 -9.613868020922787139e+00 -2.552501964775931498e+01 3.009413019629366026e+00 -2.470269877366051503e+01
-5.857090043463403362e+01 1.043144977194536338e+01 -4.169401421077358894e-01 -1.615695441155481049e+01 3.355994325666464562e+01 -1.032791410498393248e+01 6.905805359925960119e+00 -3.082706315981825185e+01 6.004606741709979545e+00 -1.378092026862187680e+01 1.629542382461280425e+01 -5.534075216919692508e+00
-7.731692981953482047e+01 1.248056320189241575e+01 4.239842612209676620e-02 -1.022941292312587080e+01 2.279358433368198433e+01 -2.364447386324991029e+01 1.738730103608556732e+01 1.453146074906343177e+00 1.064426773465781295e+01 -2.043494959273094835e+01 1.187161595574733752e+01 -1.457022593528420984e+01
-5.976285840415895478e+01 -4.098677565567235170e+00 -1.149632854290822515e+01 -2.833990598295302732e+01 4.124411203639212431e+01 -4.812395347697916215e+00 2.884922117839518307e+01 -1.157980689352292103e+01 9.477190797913978670e+00 -2.287468803497968395e+01 9.565252666752714461e+00 -1.918707400285558862e+01
-6.415875931945194566e+01 2.603097653707145298e+00 -1.097675812548122209e+01 -2.786378497544622590e+01 1.934420438691988053e+01 -9.249537477712220124e+00 1.565212946752935608e+01 -2.440462216918935923e+01 4.064954962489360391e+00 -9.238454487483224398e+00 9.979038132875981404e+00 -8.781474812303052602e+00
-6.215940667926957275e+01 8.048040561221105449e+00 -4.170443656805655763e+00 -1.606915765057648926e+01 4.138834709765286135e+01 -1.503981372755400159e+01 2.716531202988961269e+01 -6.197758579218810571e-01 1.077963474622798934e+01 -1.179308907430800701e+01 1.980019037623031153e+01 -4.854203080921519309e+00
