-8.843923094364478743e+01 7.546593645626780145e+00 2.210361074791573799e+01 2.257989831327214603e+01 1.094486975293493103e+01 1.745644127777523380e+01 1.235875388235499273e+01 2.701349939578713055e+00 3.774856689360117912e+01 1.978132351288006419e+01 1.883074016541754503e+01 1.435792167120984431e+01
-7.599075758549970772e+01 1.470724851477549322e+01 3.138150653231070208e+01 6.846223582170798849e+00 -1.228518502611956187e+01 2.566725153440246032e+01 5.943107228466200098e+00 -1.303666724111926989e+01 2.363654474147488216e+01 -7.649315715484037881e+00 -1.366438273674773551e+00 1.406211281062095697e+00
-8.657246378716689605e+01 1.636469443959902570e-01 2.454136696250040472e+01 1.356067173373187273e+01 -1.301792603888795696e+01 1.673321221436970063e+01 3.454016174409240136e+01 2.166652200163917463e+00 4.097935924732460222e+01 2.919025171031353061e+00 -5.491199638610712697e+00 -2.039851756262895943e-01
-8.788325824885873772e+01 2.193661113821319475e+01 2.151721975231244599e+01 7.898349201715064716e+00 9.682347950957738147e-01 8.331085259762573969e+00 1.100809959146127603e+01 8.612948419039296866e-01 1.829504788906208645e+01 -8.318801954079141581e+00 -4.073817065992411113e-01 1.269531547419684969e+01
-8.685440377299403281e+01 2.229613914554024490e+01 1.593157145314652468e+01 2.191928234713293477e+01 1.928746921029465256e+01 8.254427322142790402e+00 9.808312393247715644e-01 -3.323372254908115941e+00 1.850506865527868428e+01 4.422735298064912612e+00 -2.893472097665996223e+00 1.975457856221030095e+00
-7.484878798249694398e+01 3.005498183733583772e+01 9.108025321571446398e+00 1.899802582474698198e+01 1.045824301123336042e+01 8.903107788700527436e+00 1.656396531480866230e+01 -4.907715554972653660e-01 1.876155266195399918e+01 -3.075801020040061839e+00 -5.453935126009119561e-01 1.196209081049756939e+01
-1.178560353095127340e+02 -2.822135796177181355e+00 -6.284567509878515423e+00 1.764702742074115349e+01 1.756550750271040329e+01 1.825836699591376799e+01 1.653171579067765862e+01 1.272935781756359219e+01 3.487273342913130136e+01 -1.646681834495375529e+00 -5.265226405861288761e+00 -2.501526488510767976e-01
-9.024509739555844590e+01 3.691008389168667492e+01 1.968376533959026631e+01 1.256752497248072231e+01 6.954037531680265616e+00 6.512295529176688191e+00 4.350655259191958280e+00 -5.349078510874329950e+00 1.907084673894674864e+01 -2.800268411263168722e-01 -2.132953811559340274e+00 3.450706638760315137e+00
-9.781455308943810678e+01 -8.396196918429970424e+01 -1.023121317062104474e+01 -3.177387948806301310e+01 -1.974329360853694126e+01 3.150378460637185540e+01 -2.771041952892762694e+01 -1.847620909721935689e+01 2.764148736866462386e+01 6.191426389832035859e+00 1.801732142614925181e+01 6.295903922429666011e+00
-6.118128029977658855e+01 -4.406031938288278837e+01 1.476604490130280922e+01 -2.649296379142510460e+01 -1.924131187582386815e+01 2.613656530487391905e+01 -3.241757887590868137e+01 -3.543421472365788816e+01 2.522877507185871337e+01 -4.954524167666168211e+00 7.217417748096745633e+00 4.505439410964273250e+00
-8.461638301246216542e+01 -7.553189987463986199e+01 1.476595318853027905e+01 -2.774021887105031681e+01 -7.952326264383827059e+00 2.095643185376018991e+01 -1.449923866827664654e+01 -1.573731901866967497e+01 2.851211959017375008e+01 1.258871065949101364e+01 7.605602464213759184e+00 4.376082094489238017e+00
-6.755959554121412225e+01 -7.434806423125800734e+01 1.328338491650910669e+01 -2.563177201819456741e+01 -2.379350178288410333e+00 1.281016284452181964e+01 -2.189719385433613397e+01 -1.347566794135829937e+01 2.152692066655750835e+01 -3.857850245737541428e+00 3.452491556177314624e+00 9.816687456274639345e+00
-7.510457315778918996e+01 -8.626020184963073234e+01 8.785758615048987252e+00 -4.565726729259408501e+01 -1.988995434754995983e+01 1.628750609866762744e+01 -1.053883606745980472e+01 -3.053704898386897071e+00 3.135798382590275324e+01 2.371867296107986522e+00 1.210442938605370955e+01 1.215903624584072418e+01
-6.147884878606296866e+01 -7.591002574213047183e+01 2.623038683408599425e+01 -1.862966438908534172e+01 -2.349002617847094854e+01 2.425037876350588917e+01 -1.983530070554505365e+00 4.775070085584932622e-01 2.036249515865668869e+01 -1.582546865356798804e+01 -2.824198093859629388e+00 -7.505186145618695903e+00
-4.278201242237243207e+01 -8.983685083037116215e+01 8.916280386626663557e+00 -1.792343134399383331e+01 -1.839328342216112588e+01 1.917466247654689937e+01 -8.200562395604052313e+00 -1.248918737793722400e+01 3.608151663672229859e+01 -1.422327696827353449e+01 6.130264270761563772e+00 -1.332334599897384209e+01
-3.592990981793128924e+01 -6.683945940010374898e+01 1.350183089842822071e+01 -1.970203572612896181e+01 -2.474743082273961647e+01 8.475097155622025369e+00 -1.922534326108131708e+01 -3.932641726483988975e+01 2.913581256735482583e+01 -1.309736373042503388e+01 2.358082952033177193e+00 -9.228793904725735686e+00
-2.073824820333128827e+01 -4.315266212546988100e+01 1.337750814440986424e+00 -1.131074748047984002e+01 -1.285170157307159755e+01 3.729372145158083640e+01 3.747023584718876421e+00 -1.830711364477152614e+01 3.756496973526266459e+01 -6.211889296352158141e+00 -1.015555052170728167e+00 -1.266519307050321075e+01
8.760470355471390747e+00 -2.629328036386429801e+01 7.508916244692105835e+00 -3.305343321442708060e+01 -2.754169837131502518e+01 2.732208235907853933e+01 -1.405073963433656381e+01 -4.618485350061743588e+01 2.578915819629974493e+01 -2.972079699608596215e+01 -3.499019316083562536e+00 -7.551796154330646438e+00
1.822289629564522073e+01 -1.618215870904868581e+01 1.499585954695129075e+01 -3.112434061527973483e+01 -3.189167901228295321e+01 4.109333288634814352e+01 5.449192778631387846e+00 -4.772991190727027799e+01 4.296294025350216828e+01 -3.040278561898630727e+01 -1.144508208774669633e+01 -1.246601893229073355e+01
2.196269312028998399e+01 -2.217169854808521734e+01 -6.711151971424977880e-02 -4.252201376952008616e+01 -3.321919417336111024e+01 5.749196947347650877e+01 -1.027972642419105931e+01 -4.249358394480549350e+01 5.868177871324738248e+01 -1.898399234291927229e+01 -1.592171109057243683e+01 -1.414313955764002806e+01
1.778749423293353971e+01 -2.764379626056640404e+01 7.876269367391035559e+00 -3.624032734647105514e+01 -3.412710131420647741e+01 5.856388635961882727e+01 -5.700348407425203767e+00 -4.345763516832248996e+01 6.376399126149625829e+01 -2.635717802973064394e+01 -2.741227999009959504e+00 -1.971462072953451283e+01
1.505754026405070434e+01 -1.281235578561321731e+01 1.547970731612192274e+01 -2.597622443582964280e+01 -1.475281803867284580e+01 4.579738978086427892e+01 1.055790110624847511e+00 -1.877816729385212113e+01 4.651395909439239773e+01 -2.691737577453427122e+01 -3.059269487298212908e-01 -1.155309067312014015e+01
1.950415345419379065e+01 -3.576903816221339127e+01 -1.573800420754116303e+01 -4.589403898400303916e+01 -3.687982602726030734e+01 2.742747851257589886e+01 -2.290176583639500052e+01 -5.320895416012142221e+01 3.089064254499703210e+01 -3.539973174664745414e+01 -1.463587672870304957e+01 -1.998004808558006573e+01
1.488438133870506164e+01 -3.245760453166660398e+01 -3.655818264895067671e-01 -3.924973630230547172e+01 -3.167035906709309501e+01 2.642598455895327803e+01 -6.113757000646497630e+00 -3.616431893279962395e+01 3.003965416830951440e+01 -2.732853008108057224e+01 -6.188989116651310241e+00 -1.464168807647593340e+01
1.677945539174930900e+01 -2.545210085000765332e+01 8.790317880934122030e+00 -6.024821790481259143e+01 -2.768346666377177456e+01 4.136916934253650879e+01 -2.087903835951486542e+01 -3.773951589282278007e+01 4.894611849074429699e+01 -3.352052862202452843e+01 -2.710002502017414017e+01 -3.023788723593431094e+00
2.083352643899861079e+01 -3.347319007068125529e+01 -7.825969714242038577e+00 -5.770362903104900454e+01 -3.773656606041666350e+01 2.278121260526273062e+01 -1.583042644597267667e+01 -5.271754680692133377e+01 4.047899455579819517e+01 -3.969432170461668363e+01 -2.048167032111847874e+01 -2.312350833757424340e+01
3.362274458447530634e+01 -2.899360822549641270e+01 1.074747870325963817e+01 -3.995405729706156706e+01 -2.204128706062125787e+01 3.009055287825020741e+01 4.829529493441401478e+00 -3.184417996584403099e+01 5.259028622485428173e+01 -2.656036093046155599e+01 -4.254188592011381331e+00 -5.747570651709866141e+00
4.288045777840865469e+01 -3.528295730992256551e+01 -1.325624760260129520e+01 -5.069719662705108476e+01 -3.885945208766483461e+01 2.154674258605498949e+01 -2.220893511875887683e-01 -4.957966614931575577e+01 4.202998728740929835e+01 -3.831181673109831820e+01 -1.530207912100613576e+01 -1.450738125326287431e+01
6.451560680929355840e+01 -2.788533213985833115e+01 1.147954837284883567e+01 -5.727702587091419417e+01 -2.900326040326811494e+01 4.002935573313130391e+01 4.216349003698482534e+00 -4.475635916938028913e+01 6.126864757464716860e+01 -2.590645527458332964e+01 -2.121467822408435566e+01 -1.845948537732522432e+00
5.965881548698916959e+01 -2.660151911875029640e+01 -5.442617637289572485e+00 -4.128550046991755806e+01 -2.699621703629307490e+01 2.115536155237733595e+01 6.024262693106821942e+00 -3.477389455411439911e+01 5.289863246140063779e+01 -2.861878714677842339e+01 -1.407143914383479455e+01 -7.024344775032432153e+00
7.871957172238170131e+01 -2.819658243172053602e+01 1.059069200517735965e+01 -3.664633790052177886e+01 -3.790646535032685449e+01 3.003761398151794282e+01 8.450663362339170703e+00 -3.724077713662040878e+01 6.077996946715355620e+01 -3.027552300582042832e+01 -1.308107269162266206e+01 -9.578439762181380601e+00
7.094726452810157014e+01 4.996461411944070896e+00 2.130951302105705025e+01 -2.933407926347219075e+01 -2.612413859913390013e+01 1.737283244665866278e+01 -3.135078895936113774e+00 -4.836534029529783396e+00 3.790244856520597239e+01 -1.771629921294588783e+01 -4.756941217184981419e+00 -2.292768200546793089e+00
5.786510775642055648e+01 -9.596057763953233177e+00 2.235808749879524626e+01 -4.037336451440147300e+01 -1.965201798021378821e+01 2.526010423656858705e+01 -1.976746284108986629e+01 -2.728463046805423176e+00 2.413661050100544614e+01 -1.289390255168336097e+01 -1.898196372798053311e+00 -7.238048427422036468e+00
4.347036728697281660e+01 6.146179841751870931e-01 2.861614653860011970e+01 -6.074093398006454692e+01 -3.335814609787942686e+01 9.134892204158123974e+00 -2.986338728515683982e+01 5.014197007080820612e-01 1.124105185732098455e+01 -3.964969408502662418e+01 -1.700479461659489999e+01 -1.476694760369589243e+00
3.939799439437936002e+01 -6.475317519496121221e+00 3.875639855704111625e+01 -4.747718869642709194e+01 -3.498256621376413023e+01 1.010067928478893862e+01 -3.099704657324652857e+01 -1.164554534996154622e+01 2.110146870598455138e+01 -3.319228905869398716e+01 -1.500975426958622094e+01 -1.546427955606602112e+01
4.464191548415439570e+01 -6.254065859945761474e+00 4.183082530753630834e+01 -3.821668914344697754e+01 -2.599063900648311787e+01 1.299576357218510481e+01 -1.686059281778468488e+01 -7.769863652706882284e+00 2.737257766413435434e+01 -3.693349029789615656e+01 -3.304115626170804454e+00 -1.751691373292710452e+01
2.529065638429280227e+01 -8.901284850507556357e+00 4.006842381095748351e+01 -2.657265400263433719e+01 -1.677549713074688498e+01 2.464454484644953780e+01 -1.477950301611828365e+01 -1.519711756397991831e+00 2.369144162327687653e+01 -2.823605460183355120e+01 -6.725397148967495298e+00 -8.862659081304014919e+00
-4.561135232833967379e+00 2.769290603451454391e+00 5.816031050905633037e+01 -2.365899432182631656e+01 -9.624991845916847311e+00 2.229078558117278419e+01 -1.263153363742961588e+01 9.916604297285356751e+00 2.376516431118690420e+01 -6.553263934295555870e+00 -8.838411279343346694e-01 -1.168562534028138700e+01
-4.311369256429239272e+01 6.549213986546044808e+00 5.494683588801987639e+01 -1.598016377416186273e+01 5.611528394181115154e+00 1.120520792062510118e+01 -8.153133758112062424e+00 -5.415788822670721814e-01 1.235609233537962126e+01 -2.707544262205538388e+01 -6.794109906382838737e+00 -8.142094129074074260e+00
-6.296776350919909504e+01 1.412745540469348704e+01 4.867399723210463236e+01 -1.512504019498506835e+01 3.639799461956033877e+00 1.741927505322742320e+01 -6.356845631015373144e+00 4.836026564929403193e-01 2.636628992418722461e+01 -4.453327164555437179e+01 -1.104829720901065393e+01 -9.687646438280557604e+00
-9.779487690280237189e+01 1.999626488317423778e+01 7.127264696617231721e+01 -6.311996395965403295e+00 2.614542658547863940e+00 1.420691724693609714e+01 -1.255176193114299821e+01 -8.041778659227212245e+00 1.727960252225327409e+01 -3.867683615935061425e+01 1.686853730638873117e-01 -1.231616830585708300e+01
-1.215676507145981020e+02 1.964204672575953836e+01 6.928131875932687933e+01 -3.897202801916066495e+00 1.871298209948223601e+00 4.475223868270994387e+00 -2.358465744120065466e+01 -1.023649810232924295e+01 7.885965875561915084e+00 -3.336842061422767358e+01 -1.261658843121954732e+01 -1.756390754008897304e+01
-8.746247908039612184e+01 -1.298988092827577390e+01 4.358724917893778183e+01 -1.958672799909818707e+01 -2.732977509485748246e+00 3.284715797606897070e+01 -1.473525191669636847e+01 -1.864050927474877550e+00 2.683787773156491951e+01 -2.439318016109771037e+01 2.564995717811560993e+00 -7.219527792367379959e+00
-1.290013652540756084e+02 -3.018012279301731127e+01 4.765091419864351252e+01 -2.036088604750742093e+01 -2.210369822151801600e+01 2.001627318720894877e+01 -2.274932251157025931e+01 -2.170271153418185861e+01 1.708884920761985882e+01 -3.421519035236575235e+01 -1.142629751768148161e+01 -9.484272925693396417e+00
-9.899365834013983090e+01 -1.917353441453316876e+01 5.868153819388113845e+01 -1.157432409422297326e+01 -1.976835465204584708e+01 2.146333005851236209e+01 -1.331098736974337626e+01 -2.687082112301233749e+01 1.485649298778572991e+01 -1.166676943298214653e+01 -5.400885679338127687e-01 -9.581701388066313996e+00
-2.988623380950203057e+01 5.748936109720618859e+00 6.977623930103217731e+01 -1.492000172767273902e+01 -9.741961750327821079e+00 1.484250845925072682e+01 -2.667270399722995933e+01 -2.658813507933194842e+01 8.759612719922927226e+00 -2.101793757703564225e+01 4.542134524742814428e+00 -2.372762276403869386e+00
5.786723617354469695e+01 -8.124907683299342764e-02 3.305887221375774487e+01 -3.145241427803917134e+01 -4.012508298127073658e+00 1.268237922926654448e+01 -2.577153269134863756e+00 -1.568304049239542763e+01 3.179912999243902050e+01 -9.450609602193914327e+00 4.128875883541219594e+00 1.000142443917438584e+01
5.839749660952104193e+01 -2.375217572607920857e+01 1.424504194588083550e+01 -1.926950655959383596e+01 -4.988782208738370194e+00 5.529566807756443048e+00 -1.871578331673385520e+01 -1.146284360377538114e+01 1.460043843257606788e+01 -4.055948761013874915e+00 2.360316270108362424e+00 8.887675515584499308e+00
5.085336788523189711e+01 -2.690982582012788882e+01 1.059551444679196486e-02 -3.869372968585393835e+01 -1.299352801229783871e+01 -3.465619154252104206e+00 -2.766978472668012046e+01 -2.266567659139161250e+01 1.631524350165679493e+01 -1.441489613784191803e+01 -1.330830628419758099e+01 4.197782252891444799e+00
4.443165060705711511e+01 -3.848919161080766571e+01 8.388269306239438450e+00 -3.488569356665973942e+01 -1.145983316735775048e+01 -1.553949929951373043e+00 -2.665717413675115566e+01 -3.587648460153826591e+01 2.165922430844651103e+01 -2.865682891545772826e+00 -1.617012966045596656e+01 2.986824093907056721e+00
4.314009375673826696e+01 -4.346937351775034841e+01 8.564967388573300866e+00 -2.790655575565909530e+01 -1.847010701047456749e+01 1.440793003806917660e+00 -3.665981231951936081e+01 -2.603408110869735026e+01 2.491361882612508793e+01 -2.454571046561984105e+00 -1.211739363567219385e+01 5.068642292052851772e+00
4.976617977194587183e+01 -4.649924759522288298e+01 7.824730481655549852e+00 -2.138971068814954890e+01 -7.376213850950721351e+00 -1.807049044874634802e+01 -1.956809965798228035e+01 -2.801299951825247092e+01 3.136907717439878951e+01 -4.606257835678695400e+00 -3.074534094816427476e+00 -7.530435941869528804e-01
2.290862016897841613e+01 -6.181262111457434827e+01 2.031800783848801029e+00 -3.286288458281542546e+01 -2.177235547296141860e+01 -1.086027480002739409e+01 -3.486430201330938417e+01 -3.882466612044307652e+01 3.006765718453188896e+01 -2.390107448805346024e+01 -1.642543235270376911e+01 -9.041960638325612365e+00
3.575034643470099383e+01 -6.433846958475650979e+01 1.225811206604178238e+01 -2.545373988627015649e+01 -1.520423626868362099e+01 1.233628463703294376e+00 -2.761990494527416828e+01 -4.022170900527456183e+01 4.081614708727371266e+01 -2.550407653601487823e+01 -1.049286580242925027e+01 2.589339629358197725e-02
2.165688697426782028e+01 -5.948886997112285968e+01 1.706311981051933202e+01 -2.967331806263449678e+01 -1.088092087833124033e+01 4.306379267023374702e+00 -2.825356645462161254e+01 -3.272390810527002714e+01 2.724955399716180438e+01 -2.307238589796737926e+01 -9.408299871800952729e+00 -3.193285577600271985e+00
2.832184686062196732e+01 -5.662837786084247682e+01 2.060448435757183461e+01 -3.077352547614262690e+01 6.167109022462169410e-01 -2.953840345338985429e+00 -1.364728782494308845e+01 -3.541402790902412789e+01 3.140953696070783252e+01 -2.729144313859097792e+01 -9.581167099030192702e+00 3.978462687119421748e+00
3.255162206790976853e+01 -4.474439386520784012e+01 1.753380477435385387e+01 -3.225778428223158301e+01 6.342228613700792828e+00 3.160885589475564750e+00 -8.510811085563330991e+00 -3.721749906446364520e+01 3.304474839134226727e+01 -2.889889850809923288e+01 -4.354530076258409821e+00 1.488132060511508925e-01
3.520464892169791682e+01 -1.699832940944565607e+01 1.934226515982662775e+01 -3.217362869661283753e+01 1.026235488621657765e+01 3.898569106941907503e+00 -4.148263972650442888e+00 -3.456528740394320209e+01 2.787870529663855379e+01 -2.137761934997091018e+01 -6.463089474858227490e+00 1.098525184502254248e+01
2.211393425287721470e+01 1.417593678360179865e+01 1.215911054731644647e+01 -4.115140547534272741e+01 2.174812344858543156e+01 -8.470895048507089964e-01 -1.093012169872201156e+01 -2.653007339309830570e+01 2.513198361696742111e+01 -2.459160922255760795e+01 -3.445604457824698486e+00 7.334011780197867481e+00
2.005518883530024254e+01 1.655906269006331044e+01 2.442796826443586866e+01 -4.522428320123025003e+01 1.335424556761349280e+01 9.163228088055408449e+00 -6.956349962390516950e+00 -2.305121951405310909e+01 2.556957516168333555e+01 -3.065558890828523886e+01 2.491673363077214098e+00 7.635021847566230591e+00
2.000247879001089757e+01 3.730082575432385283e+01 2.286586391699857401e+01 -5.497074939863572496e+01 1.241734088923395163e+01 1.531245934313881030e+01 -5.418234697759476859e+00 -2.682598307887293032e+01 3.358540769798951686e+01 -3.321766540046316152e+01 1.082878376165439249e-01 4.869169486225914945e+00
1.321384415170216720e+01 3.672742405037897129e+01 2.627293210972176851e+01 -5.023639891143442782e+01 6.811224936661487206e+00 6.136840550617135293e+00 -1.204503277123564509e+01 -1.992684210358431329e+01 3.155969326561470822e+01 -3.799906299252518238e+01 -3.868516599694850733e+00 -1.186932906575059565e+00
1.310107384936425845e+01 4.112373083473362811e+01 3.732415595209263870e+01 -5.365499899163683750e+01 3.019575871417141677e+00 6.740882128568417286e+00 -2.401873950276529968e+01 -9.373299695256882558e+00 3.396531187560405129e+01 -3.807545050512667473e+01 -2.046065046883461136e+00 1.388868364690949164e+01
2.132697975569773163e+01 3.715916157465628089e+01 5.061432644510370693e+01 -5.433586546988750854e+01 2.184059935202646940e+01 1.567280984615968187e+01 -1.012720842114277486e+00 -1.518968710513347808e+01 2.659985101505274940e+01 -3.438874363708832504e+01 -1.019708916668720811e+01 5.683943945052888580e+00
2.582445211883227998e+01 3.267558981104930638e+01 5.774558147416824738e+01 -2.079460302345127332e+01 1.208189645619691177e+01 5.528127104136076220e+00 2.575736575013462648e+00 2.302523821261582171e+00 1.239894717257047851e+01 -3.364681359391778415e+01 -2.125432327683720146e+00 -1.052786187575646792e+00
8.920274980941348630e+00 3.798168624711439456e+00 5.346687104163911641e+01 -2.476136159610324938e+01 7.166041605816250382e+00 3.595542669390659540e+01 2.352199754028484691e+00 -2.976893541818284916e+00 1.909951918756026501e+01 -1.890132871431671546e+01 -1.273408929576775606e+01 -1.273622595446289552e+01
2.596650912083371399e-01 -1.394069166957608097e+01 3.519302481728131937e+01 -3.710795593745104526e+01 -1.340614197138714658e+01 2.878709689415667228e+01 -6.319208115268670767e+00 -1.542983773628737509e+00 3.205747757753508864e+01 -1.684738775399661392e+01 8.460173615535910852e-01 4.656746494431176941e+00
-9.343019492105613111e+00 -2.560701927113101561e+01 3.336433335550641743e+01 -3.325087224887698767e+01 -4.059162172510352207e+01 3.494774483491845984e+01 -3.040999898199887586e+00 -1.471610353773161606e+01 2.430172358103306252e+01 -2.738202909255381456e+01 -4.535096851293396014e+00 9.097656752791474233e+00
-2.743774721396903971e+01 -4.548670406852731674e+01 2.540870070869056718e+01 -1.858481975089686955e+01 -3.160499208964019147e+01 2.123542927131337166e+01 1.247479342733855745e+01 -8.770618754880249668e+00 2.690912102105422221e+01 -2.485167157978724717e+01 -3.544120103083200135e+00 7.861895205166289813e+00
-3.456133399917904825e+01 -2.218541355236681056e+01 4.142618648366241985e+01 -1.761248974634765574e+01 -1.984268802624125527e+01 2.518382291995538225e+01 2.920354981995074262e+00 -1.013724509726623246e+01 2.159808506158942620e+01 -1.753014510031941597e+01 9.052465895947973351e+00 3.467297821564962579e+00
-2.053548330581259407e+01 -2.190985175244851746e+01 4.057761085408238699e+01 -3.293757663205195918e+00 -3.168947850605076155e+01 1.746904235514736214e+01 1.708309385795525870e+01 1.214303240021336272e+00 2.655159705002637338e+01 -1.487047440407945231e+01 7.271484644588875668e+00 1.553753570458862932e+01
2.446202153406390067e+01 8.080262204397081760e+00 5.972534371548225351e+01 5.455867615863262188e+00 -9.736740315965125347e+00 2.641267618388670257e+01 -5.021212155810442113e+00 -1.926654742311677637e+01 2.324381094451080898e+01 -2.195335554873297212e+01 1.561250380805269700e+01 9.849972607492638588e+00
1.549733199653296900e+01 1.259861071782993847e+01 5.827629763119088580e+01 2.121752644739706284e+01 -7.653906986601981544e+00 3.258640664945033194e+01 1.657636884276701039e+01 -1.645599868117801234e+00 1.830293084279137616e+01 -8.383240997583241594e+00 5.562561556410571484e+00 3.841044450676553978e-01
-2.903244966458902176e+00 2.797214343106357859e+01 4.893689352410974180e+01 1.118253183618377911e+01 -2.838979589826230665e+00 4.625658452447673596e+01 2.778869973731857357e+01 -1.401301881713773767e+01 6.244255876267534866e+00 -2.483421584016648254e+01 -1.672673500249213419e+01 -1.513983724109089657e+01
1.992251957817158825e+01 3.154732274587165719e+01 5.807124670367574026e+01 2.672499702698758739e+01 -4.023985533045310703e+00 3.348357844301304453e+01 1.529515153019288398e+01 -1.825424314126625802e+01 1.656590542462086546e+01 -2.061760740866764152e+01 -1.079379915043122651e+01 -1.309596921390553170e+01
1.069553798173685877e+01 3.695660333681695420e+01 4.262187926225102785e+01 1.261711206639918714e+01 -4.196146211618888344e+00 2.726833402276232832e+01 1.693550226118314583e+01 -1.126213341698863424e+01 1.582918350793463702e+01 -4.026461560133913764e-01 -7.569691077639392196e-01 1.872748613779355420e+00
2.898920167164315664e+00 3.821955858385297233e+01 3.818980088661143668e+01 2.731351562363640539e+01 -1.916307744294052373e+00 2.446316382606728368e+01 2.838640094656017254e+01 -1.367012892246882316e+01 7.728677077771449078e+00 1.559381829208674297e+00 7.298344197882555839e+00 -2.175839231422241671e+00
6.619847898716239243e+00 5.289837573804587123e+01 4.250575778833966467e+01 3.915782616357626011e+01 7.208415581481281365e+00 2.324926551911720907e+01 3.105463174857383990e+01 -4.680714517939790653e+00 1.765968502365716120e+01 1.216338057406910345e+01 8.931547981150558257e+00 -3.289522509673183492e+00
-9.667501424135492627e+00 4.111060258460865668e+01 1.853495159449015972e+01 7.290520857924526865e+00 -9.348721344367721287e+00 7.495430272013136275e+00 1.406236791755510041e+01 -2.585807127037761433e+01 -4.819136804042853939e+00 -1.946993693157078198e+01 -2.749510702620451497e+01 -2.969296501882717010e+01
6.638355964966906164e+00 7.730970314954397793e+01 3.941924138614773909e+01 1.369368322490451106e+01 4.434936099033849111e+00 1.326497724749571994e+01 9.087156146037269622e+00 -1.883768135147827039e+01 4.350187751365663047e+00 -1.106818890183960136e+01 -1.230967554498835526e+01 -9.989327184359556355e+00
-2.281567631380909233e+01 4.546856346196274501e+01 3.464845339826057113e+01 3.758212487729844042e+01 1.872984186771379100e+01 2.624046244730760336e+01 3.186840680886129462e+01 5.763011998245751499e+00 1.847343794268515182e+01 -7.474937153690605740e+00 -3.236277160160679678e+00 -4.342537884308531382e+00
-3.211857343634098694e+00 6.190238854348628195e+01 3.309365866071280493e+01 1.681488124272581075e+01 1.468422223069573818e+01 2.106821960378365688e+01 2.178884658504325955e+01 -6.805079705190549610e+00 1.545259891101513006e+01 4.461523040373029048e+00 2.333764886644638104e+00 -3.777293912806498177e+00
-5.264069757026300422e+00 7.673314103773425643e+01 4.710711316862625608e+01 3.501805371024590841e+01 1.190260354149915401e+01 7.598887195069302436e+00 1.279943506526701391e+01 -1.547434554615574775e+00 1.436914476916136429e+01 -9.786295494262500227e+00 -4.765981931910221903e+00 -3.449017672479494756e+00
