-1.042428936542342797e+02 8.555594637856402951e-01 -8.375782768808641698e-01 4.308012202733029206e+00 5.473305673630566304e+00 6.672729805648078383e+00 1.760826245223237407e+01 -9.898841540861484489e+00 3.044465452473102829e+01 1.636571591758531952e+01 1.466695434712092450e+01 1.157513513476402878e+01
-1.221615459186045740e+02 -1.125850114082232878e+01 -1.264053297372655749e+01 -6.829749618534248334e+00 -7.164010628074604980e+00 2.604425243216553110e+00 -8.151164073854427983e+00 -2.288888409403925550e+01 1.844261967250487189e+00 -1.358458495044846792e+01 -2.511045714691276487e+01 -1.286109513406032434e+01
-1.149400161620243068e+02 -1.185453096138599349e+01 -1.002444827898904300e+01 1.505559665955870985e+00 7.312434524480587505e+00 2.446541489869566099e+00 2.573636554369475249e+00 -8.964039214600854066e-01 3.565542066670392529e+01 8.423641110867984949e+00 9.708513063561319711e+00 1.213928675068134488e+01
-1.182021273017161036e+02 -1.186266252154230827e+01 -1.030711049996385498e+01 -1.734338713196222903e+00 -8.275132681448114980e+00 -1.210699881497676067e+01 -1.388132630511808685e+00 -1.578321815208161460e+01 7.194534925782440915e+00 -1.668383329934480486e+01 -9.097971926858962277e+00 -6.068112284867282824e+00
-9.174968952644758247e+01 4.078085961500510948e+00 1.545145678799507039e+00 -2.262958321686155738e+00 5.895763479157810849e+00 4.617009693905619550e+00 3.948319448610800642e+00 -7.892033704967148289e+00 2.325068004544156253e+01 -2.433133393069759620e-01 -4.902075838737883773e-01 7.793114556487223510e+00
-1.131391444509329602e+02 -9.725807604153965613e+00 -1.037439571885771983e+01 -1.882523450136006637e-01 5.645678281585722935e+00 9.719024136610940445e+00 1.436534591969214247e+01 1.401942482647891275e+01 3.590464304625058389e+01 6.996854895145352415e-01 -5.004416696815609633e+00 4.477710719309895282e-01
-1.153779482008879143e+02 -9.070887036615534527e+00 -1.356921221363315055e+01 5.183743711118571795e+00 4.383773509737910246e+00 -2.636364442544140152e-01 1.028910356453568298e+01 -8.072402553750020360e+00 2.311809721089377234e+01 -1.727331583334524190e+00 -3.675309764993415218e+00 4.000322847360340717e+00
-9.709886145265232926e+01 8.350031177958816997e+00 -3.264835245730625779e+00 3.114457873089576001e+00 -4.932853854937952143e+00 -4.733323179313211782e+00 6.154087841105621237e+00 -1.236592556318665270e+00 2.480343911318961858e+01 2.604325577459760233e+00 -1.351783223865139938e+00 7.018021208766076491e-01
-9.082044182541785915e+00 -9.237479051260412177e+01 -5.385772415432884941e+01 1.369056421904133103e+01 -3.857455191145679407e+01 -1.551311419045010886e+01 1.314029518918173878e-01 -2.862897097997315399e+01 6.106368359233264265e+00 -1.717477797902084191e+01 -3.427651789351796374e+00 -1.176541520265474361e+01
-1.202605818508485953e+02 -1.284461607826590352e+02 5.074590657449959963e+01 -9.350047792156626514e+00 -4.560548304710499679e+01 7.208230606502012527e+00 -3.526069497273186926e+01 -2.601172888480555301e+01 5.677659601009801804e+01 -2.632931142664170210e+01 -1.222878371970646505e+01 -7.408290247390440619e+00
-5.920899989520666651e+01 -1.149084557151200841e+02 5.305090621606201751e+01 2.550841075024536764e+01 -1.184056464474771886e+01 4.926874030772708579e+00 -1.820476152395104208e+01 -9.712492995893514447e+00 4.926820677549523708e+01 -1.656080445526992051e+01 -1.660346252504818310e+01 3.847635160871600846e+00
-6.957221434684726091e+01 -1.007048282390601912e+02 4.781181969636237739e+01 1.138878094727165546e+01 -2.172876755229039247e+01 1.496631534586324541e+01 -1.020594476921472094e+01 -9.085118720506340395e+00 3.493902930101491222e+01 -5.478126952218472567e+00 -2.637479514302293637e+01 7.355239896493605656e+00
-5.359665571813742702e+01 -1.017502539216644522e+02 4.183842032598249716e+01 9.457555797817947862e+00 -2.312830716780259266e+01 4.640570166195606028e+00 -1.412698452122931236e+01 -1.038531963232001942e+01 3.378397674900896419e+01 -9.097771071358131678e+00 -2.315529272851876286e+01 3.537373724327429247e+00
-3.350493390620960810e+01 -1.146546023309561377e+02 1.309971930826098685e+01 -4.761666652867322824e+00 -2.197721224293245967e+01 3.637402207997016301e+00 -2.373432894652475511e+01 -4.917348978472928067e+00 3.571543937748133146e+01 -1.817342611894837034e+01 -1.228149246720321841e+01 -8.596579930161205141e+00
-3.553136840059126200e+01 -1.186417402412254347e+02 2.920411828493376216e+00 -4.861935525212263798e+00 -1.702994944491099005e+01 6.548396147973285508e+00 -9.269203295268827247e+00 2.059878110430157960e+01 4.946936478346653132e+01 -4.345349158706357962e+00 -3.428650540808900971e+00 -2.498321227126778954e+00
-2.158255537255264755e+01 -1.042520990747006948e+02 -3.337798866740110171e+00 -1.442269575770630219e+01 -2.692098489301841013e+01 -6.863492901099070842e-01 -1.934006848575464232e+01 -1.318196381253122240e+01 4.197175973524075943e+01 -8.302833161624064928e+00 -1.305902177968380329e+01 1.069176993008351229e+00
-2.239650310074662531e+00 -1.059348200879877453e+02 -1.141740367837015491e+01 1.053610162005999884e+00 -2.887347264868793673e+01 -1.056131877281484499e+00 -2.253030995391159408e+01 -1.603225218209590963e+01 5.290791734523472201e+01 5.801413153426545621e-01 -2.114026633234966646e+00 8.875154627564803889e+00
2.311252409460075086e+01 -6.884703391292096342e+01 -9.185071253849027784e+00 -1.195613783683297449e+01 -1.831864454373173956e+01 2.389504954150652338e+01 -1.011605147118340042e+01 -1.833254119178790731e+01 3.971624424342147108e+01 -1.381942325499846191e+01 -2.080869277170012133e+00 -1.457037135602266886e+01
5.987305905330283906e+01 -2.254958202666259837e+01 1.823679574293474559e+01 -6.725250586573101153e+00 4.585070241302041438e+00 2.694250630954441306e+01 -2.725133520310254909e+00 -1.903519666157903600e+01 3.522178451013597567e+01 -1.897596344811367430e+01 -1.254278214568005723e+01 -7.306430898012132857e+00
7.731321532012839270e+01 -5.364128179517202710e+01 1.361239247764809202e+00 -2.280023600904153724e+01 -3.059675915565107829e+01 2.937875462357501988e+01 3.059432957809928855e+00 -1.342694055307037715e+01 3.231360757437671083e+01 -1.030475371219299596e+01 -1.117948073349595361e+01 -4.855753830244440294e+00
8.692966735396306888e+01 -5.231172179335229089e+01 -1.719612503073681609e+01 -4.400854039355387926e+01 -4.309470968627321241e+01 2.493853734746832274e+01 -9.595996296456283048e+00 -3.483169281844966747e+01 3.514999718498165748e+01 -2.979799963597194079e+01 -1.695502028451753063e+01 -5.324308810369724476e+00
8.968391871353732370e+01 -4.699811956214091424e+01 -6.505203011668095670e+00 -3.186286527095402121e+01 -2.869224297977164895e+01 2.108758212954806766e+01 -2.572258649423048027e+01 -2.741231970339195101e+01 3.013585078230036629e+01 -1.410964174409001970e+01 -1.613464653063712717e+01 2.225475525923940712e+00
7.939716497204959467e+01 -7.580064439004289056e+01 1.228964577604330444e+01 -3.989561656041369986e+01 -2.847318937988553245e+01 1.962387049989285259e+01 -3.352227876155196462e+00 -2.635400764521484263e+01 4.239225147624244983e+01 -1.483664355893713882e+01 -2.227977012778529886e+00 -6.012856330178538045e+00
6.894006458307981688e+01 -7.103997342207875931e+01 5.013995829756376033e+00 -4.301504514219369923e+01 -3.332518026601628947e+01 2.876470490330496688e+01 -1.884531567402307672e+01 -1.807447178543071686e+01 4.255751589916430078e+01 -2.249803737035455597e+01 -1.219826794055561159e+01 3.400710552320482360e+00
2.177950723833969704e+01 -5.356271966438085030e+01 -2.583291952458216301e+00 -2.656919976298228292e+01 -2.775398926182212733e+01 2.771288582176234971e+00 -2.259005671892368738e+01 -1.277798422183492022e+01 1.656337955860312050e+01 -1.252693700135892207e+01 -1.735910630969151924e+01 -6.946754034355211438e+00
9.682202670079041695e+01 -8.150335522709539759e+01 4.303460442044720224e+00 -1.644815899914436486e+01 -4.122327922709315828e+01 3.222702169440302100e+01 -1.888723346734726505e+01 -2.540748035567759899e+01 6.616910952854819072e+01 -2.062546060947824245e+01 -1.110651950129352450e+01 9.278444344899419605e+00
7.885950473696107110e+01 -6.062541455293429493e+01 1.137808567749169342e+01 -2.359472134413954691e+01 -2.523425777704419914e+01 2.799915037564786147e+01 -1.082881345730623046e+01 -1.860730827982467872e+01 5.665489030083753619e+01 -1.446484227678002910e+01 -1.344696479503538988e+00 -7.974981956043513120e-01
7.269067092427316368e+01 -4.583930107599900339e+01 3.795226904286338687e+00 -2.687322184177414641e+01 -1.843347638013614898e+01 3.078261176689063205e+01 -6.089437103288674713e+00 -1.681605419164375448e+01 5.642593776977022912e+01 -1.138519090540041034e+01 -7.413771708762036283e+00 5.735986278715582642e+00
4.813305851718500605e+01 -5.617272866916812291e+01 -9.052637083329434731e+00 -2.625464375814467033e+01 -4.421235198632054164e+01 -9.949797549369806760e+00 -3.390184315529752013e+01 -2.830106004426516364e+01 1.884627159799330798e+01 -1.317805276404445713e+01 -2.328929974671339664e+01 -1.561075467219835566e+01
6.437803169571058959e+01 -4.351060996434310368e+01 1.836496356384410689e+01 -6.800967828731547371e+00 -3.129202867847171632e+01 1.485880385614704480e+01 -1.480021544322177185e+01 -2.372229551457495234e+01 5.274207207100425876e+01 -1.502159206700617755e+00 2.355356253360582741e+00 4.320839839969885965e+00
5.194858669063805223e+01 -5.374585767808056858e+01 1.835895103260474315e+01 -6.519507284160968474e+00 -3.119431715487641910e+01 -1.028024915064060529e+01 -2.771739965402775852e+01 -3.584398708253485211e+01 4.922128801524043240e+01 -2.027747899546424648e+00 -6.038025906635742679e+00 -1.049733851489072833e+01
6.912385008679217435e+01 -4.805128010023439344e+01 4.021027527854662509e+01 1.000164923532767070e+01 -2.278138013019255226e+01 1.393600853971827114e+01 -1.897255176269836241e+01 -2.807208683427919382e+01 5.003109008863282270e+01 -9.280863660598933862e+00 1.223373306720049136e+01 -1.102714042060121002e+01
3.623391930571116148e+01 -5.779438975395744649e+01 5.093582974439782163e+01 1.328316024989109323e+01 -1.420309413086064154e+01 -2.347344638345634138e+01 -3.366074496699537377e+01 -3.454779290532604108e+01 3.161657842405091401e+01 -1.767364386017010958e+01 4.984416738243219847e+00 -2.212084585517345303e+01
2.952904761250255916e+01 -4.353948165727776853e+01 6.795415686738709837e+01 2.739171565231371375e+01 -2.034092410542641716e+01 -2.748462713041070771e+01 -3.575833564759604144e+01 -2.118413656134249834e+01 3.367201317887635525e+01 -9.802961363877599865e+00 -8.898553001874800472e+00 -6.123848925587937586e+00
3.291488401317572254e+01 -5.132605707268355388e+01 5.358138605042771019e+01 1.224890767432474803e+01 -1.977380914149003388e+01 -2.469885404484777069e+01 -3.853340902243917299e+01 -1.155391039255871455e+01 1.493606507319941734e+01 -1.786672929599663462e+01 -2.040746156978486425e+01 -5.746024813653047403e+00
5.222298248968719747e+01 -6.097238456980358023e+01 6.998060777132722876e+01 1.147205964457506511e+01 -1.046523801768091744e+01 -2.235442536742886332e+01 -1.152798376179397088e+01 -7.613494983105407954e+00 2.133424960994405950e+01 -5.465776774037392371e+00 -7.926297834758168293e+00 1.035159014336020977e+00
2.345404921565937428e+01 -5.117532421132324316e+01 1.038487672075197992e+02 2.887446011538192181e+01 4.016309821454973061e+00 -1.276918479863694245e+01 -2.627039487420784880e+01 -3.851215540183942920e+01 1.212389088738328979e+01 -2.994857972363527310e+01 -3.468086097431969606e+00 2.924628634964733909e+00
-1.263711513383066709e+01 -4.019957801295305444e+01 1.130776707720912100e+02 3.094244179616659807e+01 -1.984472045845582500e+01 -2.145022864852901634e+01 -3.397774680151712090e+01 -2.361637986389564503e+01 1.311977729305783846e+01 -3.180681239957680262e+01 -1.750883611010613095e+01 -2.187674833186529888e+00
-1.121241518624928712e+00 -4.351277170289755247e+01 1.006137224081174111e+02 5.297626922977777042e+00 -1.974201541732719534e+01 -2.278323003763575372e+01 -2.996574158195914350e+01 -1.804684877646212371e+01 1.110399066763056375e+01 -3.318594531772622247e+01 -2.642794399076697687e+01 1.809840360184189478e-02
3.455324085904263320e+00 -5.327928554005978157e+01 1.056166026426156463e+02 1.634467008977294356e+01 1.163977105892963326e+00 -8.724843089948770114e+00 -1.247205033770453397e+01 -1.209471243366690274e+01 2.098258687623039975e+01 -2.232430901404432433e+01 -7.603089062609116766e+00 1.824356497961305834e+00
-1.145477885308567778e+01 -4.223416545800469635e+01 7.570736675297973761e+01 1.315805233058813251e+01 -1.571499678559846025e+01 8.583241915342576078e+00 -1.960453235252985138e+01 -1.163817632250149359e+01 5.925779201877226399e+00 -2.288618169666269608e+01 -1.465188519375640119e+01 -3.067212637433989642e+00
-6.081457743354067302e-01 -3.014822252455684293e+01 1.320814586968493813e+02 2.102332707157426483e+01 -2.146816666914503813e+01 -1.480642690268149586e+01 -1.975036004014433288e+01 -1.301260218675701807e+01 2.535102776342862896e+01 -3.085755287369550004e+01 -2.212664688739618413e+01 -4.658778892682085448e+00
5.942806948558863489e+00 -4.564878469300862207e+01 8.802300990687879789e+01 -8.641366358901048983e+00 -2.795619038781010346e+01 -1.238836173566599363e+01 -2.097680345334971719e+01 -1.883742823667884636e+01 4.704172657748245889e+00 -3.191000168410583626e+01 -2.375681211359987088e+01 -1.187084080094570560e+01
2.182784653421158794e+01 -3.206170403644222233e+01 9.421727033147968200e+01 1.865516527696420068e+00 -5.514617266396596662e+00 2.959132768199894681e+00 -8.292283459986117933e+00 1.686638273407459199e+00 5.862346016203892063e+00 -5.881075287265845830e+00 -6.435616546331008436e+00 -8.704668860003447861e+00
3.976778754489544099e+01 -2.750409122131513939e+01 7.500899038963976295e+01 -1.319205484010693041e+01 -7.816116142389564203e+00 4.043185368800989998e+00 -2.564463258553924874e+01 -1.713316083713104732e+01 3.766059150007782463e+00 -3.137722191430005125e+01 -2.086834675878520784e+01 -1.485357733399090208e+01
6.718016742711358802e+01 3.004858235403882105e+01 7.635993086708316469e+01 1.313329051409660764e+01 -2.512070399627445028e+01 1.566716565926959248e+01 1.987164751719661560e+00 -1.672423303739088851e+01 1.299910886188776260e+01 -2.487922658101006590e+01 -1.766444480611785650e+01 -2.093201690520877278e+01
6.997790657514276802e+01 2.255016500488007392e+00 3.082897748755205924e+01 -4.568381548042485640e+00 -2.241540294931211719e+01 6.742073324280054791e+00 -1.056034965606811937e+01 -1.791282122217996786e+01 -7.563850818954616528e+00 -2.054076022138955437e+01 -1.394172777376073746e+01 -2.900465027591098988e+01
9.574056632438328052e+01 2.933744727931136609e+01 4.411739215749905441e+01 -2.577652070567204579e+00 -1.495769278023299087e+01 3.037173249995181123e+01 7.688379573307321913e+00 -2.452051116420641819e+01 8.554007628736194135e+00 -4.489892766321479378e+00 -4.069635714479020727e+00 -2.416910245881827990e+01
8.668145828980118495e+01 1.146407582047580043e+01 3.475097003257556594e+01 5.990441064025322504e+00 -2.911537529711855399e+01 1.564715101951045639e+01 -9.234759297239030218e+00 -2.308873511282093460e+01 7.786554990493967932e-01 -3.127952852067048184e+01 -6.080310100195921663e+00 -2.163371911142596815e+01
7.073229616292050537e+01 4.955885464077297797e+01 5.626644538255017380e+01 2.023646159041155634e+00 -9.158613082946384765e+00 2.281287707413395083e+01 -3.448035097063388399e+00 -1.851045816339515682e+01 1.283496959660762826e+01 -2.092918666021511953e+01 -1.645879873386365944e+01 -3.262950944125802977e+01
6.944308170447038719e+01 1.915226886688354213e+01 3.085207883563162312e+01 -2.671819325714440030e+00 -1.763244984589767483e+01 1.583724005398359935e+01 -4.637314563797129807e+00 -2.098208995364355189e+01 2.748143839084142392e+00 -1.738407173915223325e+01 -1.426896801442398299e+01 -2.143148704845333441e+01
8.434283106120317086e+01 4.751713880322787986e+01 4.235689466880609189e+01 -1.343398232555921901e+01 -1.038730669880836643e+01 2.530869289579255366e+01 -4.328952247764436656e+00 -5.077066095698626214e+00 1.190298129642356884e+01 -2.141694598486360235e+01 -6.094499459940083241e+00 -9.968825584417883690e+00
9.490285876910789398e+01 1.751612838894137170e+01 3.405770463032260409e+01 1.250839254822177438e+01 -2.055758936050496999e+01 9.613079893676207632e+00 -9.465499690636839603e+00 -1.150897533835704323e+01 -6.624276349196003277e-01 -2.076812201547813785e+01 -9.199354026820943275e+00 -2.783231817967946853e+01
7.924167661050597644e+01 2.566006420320264070e+01 4.515969995563629880e+01 1.907104079368096450e+01 -1.222187045685806694e+01 1.684601373320239759e+01 3.684633053707092820e+00 -1.588095261235933364e+01 2.416030670148685111e+00 -1.741252834961929352e+01 -2.114323847676935486e+01 -2.739089974839041375e+01
6.983919594460530789e+01 7.425295235131400773e+00 2.834921194754687335e+01 1.292473380431459873e+01 -7.532282171365404011e+00 1.559728918628090355e+01 4.740505881409185385e+00 -4.138968558819326127e+00 1.457340605788785481e+01 -1.342178711609920150e+01 -1.263507286859832135e+01 -2.264825031835736624e+01
6.812079277052691850e+01 1.001856122045835917e+01 4.047839415236379068e+01 1.429948499189428190e+01 -1.228107275289703537e+01 -5.607108287636997090e-03 -1.409914536559351284e+01 -1.383576333852755447e+01 2.924572082414631069e+01 -1.539457474759199940e+01 -1.908719246192372765e+01 -1.329474175621340848e+01
3.664978730368392235e+01 -1.976454221388849630e+00 8.038884316192823576e+01 2.382281055885506760e+01 -2.610492007008947013e+01 -2.012708776841020342e+00 -1.606677040434658466e+01 9.086723969584964422e+00 2.141196717227256485e+01 -3.826888681413646509e+01 -2.502228030927489755e+01 -1.109371808363176015e+01
3.599131625131626322e+01 -2.632955965404765664e+01 9.183259157453130683e+01 1.114313781625449096e+01 -3.122331842482164888e+01 1.461623697319093473e+01 -1.642141107659704957e+01 -4.957677872342188152e+00 2.428809029540150277e+01 -3.544806518196946854e+01 -2.186327808933816996e+01 -8.248917312229220755e+00
2.101373024210487728e+01 -2.106884941080318185e+01 9.012761091355234555e+01 3.229276756367939427e+00 -1.283939830961366013e+01 5.938528251939819702e-01 -4.807673523901478063e+00 -6.032749464803401906e+00 1.462286074996818463e+01 -1.698105983725142210e+01 -9.203451059380869381e+00 -1.163856527807105934e+01
5.193912513960713184e+00 -4.878213801100042701e+01 8.203734747672362460e+01 -4.995227313072588160e+00 -1.971555470320051029e+01 -1.482051804970000219e+01 -2.143148842028238477e+01 -2.400940601161840249e+01 -5.859976528158323816e-01 -2.299122908194100745e+01 -2.004822067696748178e+01 -1.375165093577751074e+00
-8.674171919833362665e+00 -2.772556150792952678e+01 1.290562137787735537e+02 1.578151898202834147e+01 -1.349005505818484529e+01 -2.713530981592970903e+01 1.235436237070346444e-01 -1.200924763591829780e+01 2.766198485392106221e+01 -2.613184384119697512e+01 -2.510745463701403679e+01 -7.218575814082794473e+00
-1.995328593394492245e+01 -6.117577029011562217e+01 7.354751310803587216e+01 -1.583912069017897473e+01 -3.331375906088807426e+01 -3.888673922626708190e+01 -1.804480574156612604e+01 -3.481973403386854926e+01 -3.272219598627340353e+00 -4.580200211102915375e+01 -4.173068637256660907e+01 -1.679889498086367183e+01
3.408495997865403027e+00 -4.018895261181334888e+01 8.300376425671267100e+01 1.942651882836681665e+01 -1.322693251934177638e+01 -9.114295989553085064e+00 -4.356350396064004649e+00 -2.775295558321310807e+00 1.359928132077407170e+01 -9.802009873386694494e+00 -1.444790796164989466e+01 -2.407507244307405259e+00
-9.611413946070200609e+00 -4.230453987858388132e+01 7.877590890112668376e+01 1.572274858054199065e+01 -1.344146689150588969e+01 -8.029904620584609631e+00 -1.298951387250720124e+01 -1.418168252718308864e+01 1.019940845831536258e+01 -2.964641137058493570e+01 -2.774808391729036572e+01 -4.865841151569886058e+00
5.670251207173590657e+00 -4.918354839544505808e+01 1.015960772833120132e+02 1.025093668756472098e+01 -1.048304280935604282e+01 -1.199536511564681618e+01 -1.133251814628315302e+01 -1.505597362796671490e+01 2.905081054442080557e+01 -2.977950731481845992e+01 -3.667501655732472443e+01 -1.561234313726241885e+00
8.429007839566216020e+00 -3.848292465197773993e+01 1.063604030013978274e+02 1.721394915420555805e+01 -1.458774145599138095e+01 -1.681612774271198774e+01 -7.406421085001664295e+00 6.163387561623901334e+00 2.711748408805927468e+01 -1.583314382333851000e+01 -3.449673104616963570e+01 4.126554451981590432e+00
2.475498666730264574e+01 -6.795064047654803119e+01 7.017200026714726846e+01 -8.780074426132371102e+00 8.240011650923321440e+00 -3.465068294517006109e+01 -2.851820453624065976e+01 -1.513988027197157749e+01 3.278558264602652095e+00 -2.493631825091352994e+01 -3.732388817782322121e+01 1.614963029092248537e+00
2.560232705915392160e+01 -8.599280773965009672e+00 9.971873033700984479e+01 1.894940517840795735e+01 1.078792650201681980e+01 -2.465668315709532976e+01 -3.094210184061080327e+01 -1.158052548772039003e+01 2.830517362267755033e+01 -1.485157290298670496e+01 -4.304802308617746576e+01 -8.075131482347668310e-01
-1.054713999578929950e+01 -5.161568263168030057e+01 6.070516173784562142e+01 -1.838309256103132938e+01 -1.489745601986393631e+01 8.001692864727651511e+00 -3.711002703923553270e+01 -3.235304297630365511e+01 5.086647554161516815e+00 -3.044609818765693987e+01 -3.400923014885030682e+01 -2.183209910899203976e+01
-2.701828142288010781e+01 -6.951688237155707384e+00 1.122055812838300000e+02 2.023989936190729111e+01 -2.390428660416597495e+01 6.578396483951871598e-01 -2.500347053594213520e+01 3.650122648507315049e+00 4.735811509272594577e+01 -1.136602474070467572e+01 -3.343247973854160193e+01 -2.197223351953039838e+01
-7.009022968344561733e+00 -5.135752664015338809e+00 2.602134678397723633e+01 2.754451326302739478e+00 -3.440244842154307037e+01 -2.524065544509537418e+01 -2.891534319257301533e+01 -2.959538153207238764e+01 3.334000164693899038e+00 -2.444394165366811578e+01 -3.205642594805580359e+01 -2.574149346174069564e+01
-1.294402179200485392e+01 1.723655403580657719e+01 4.363732998243050076e+01 3.629818597306791617e+01 -1.103250760358939964e+01 -2.174372889937190578e+00 8.859663456311466234e-01 -1.977776099119780184e+01 8.843142791165760741e+00 -2.736158202951610008e+01 -2.972486114957991887e+01 -1.058981441713655158e+01
-2.417531972320349354e+01 1.747451813969718160e+01 3.175626486210254740e+01 2.410004768569843492e+01 -1.285145831809886907e+01 -9.235344586308013248e+00 6.734966948720784163e-01 -5.459541551790854541e+00 1.500143117411643523e+01 -1.731988811148899998e+01 -1.468602728287843995e+01 -9.499038815711035255e+00
-3.540593397575999290e+01 3.579926672290557832e+01 4.034474976299942739e+01 3.509288338468864765e+01 -6.843544819072697294e+00 -8.218134298732021392e+00 -2.218743774973625182e+00 -1.972561600487506084e+01 1.583498952786903402e+01 -1.099816225132625469e+01 -5.179808201379572097e+00 1.451474509389770740e+00
-3.154402008509804034e+01 4.592612808728841856e+01 3.759847017868014518e+01 1.910909848592466531e+01 -9.689064292152961499e+00 -3.293757640383795593e+00 -9.282626171675838478e+00 -2.586748963555479719e+01 4.566764146411952829e+00 -1.799095202230020618e+01 -2.212875620267609378e+01 -7.324834091898637212e+00
-5.616018650419488267e+01 3.161111660928183653e+01 3.284562803833266997e+01 1.131817543553610506e+01 -2.065771163612642880e+01 -2.370407820720828340e+01 -2.017931008266648263e+01 -3.300559927637016244e+01 -7.669541399535479087e+00 -2.025523914923335411e+01 -2.205334554537465408e+01 -2.335148483614919712e+01
-4.976275584778046834e+01 4.630373810832494996e+01 4.653202885971867886e+01 2.762149117103493268e+01 -7.314804819998658836e+00 -3.975803898061942121e+00 -6.455318099989703740e+00 -2.680931507414017290e+01 -4.996964494369937171e+00 -2.389808411505139674e+01 -1.663878988803423553e+00 7.199044352734648378e+00
-6.348859766788149273e+01 2.548186402767645831e+01 2.597680225484002037e+01 2.254289350371449174e+01 -5.553498554174973734e-01 -1.673356876094674206e+00 5.012901215796334853e+00 -6.885510461233648627e+00 2.115390239773547876e+01 1.511515845376417477e+00 -2.880123930468949212e+00 4.222896734016024389e+00
-6.290005497480213137e+01 2.638097306767015482e+01 2.430078534221597764e+01 2.290514698852477693e+01 1.142638373686568398e+00 -9.339640824242275485e+00 -9.867581459080767559e+00 -3.174812842739182273e+01 4.024503054473937524e+00 -2.002178435493188857e+01 -2.371526945362690952e+01 -1.336631636004707246e+00
-7.137205617186955919e+01 2.651009475632783108e+01 3.043478347453415722e+01 3.038693887171503150e+01 1.140679395802142970e+01 2.617147695817542363e+00 -2.372340738766388402e+00 -2.995648719415515515e+01 -5.738170790155933787e+00 -2.477956415334320894e+01 -1.150354694722295257e+01 2.315328464502709682e+00
-6.175266818754332121e+01 2.274030907152807757e+01 1.367274750867683153e+01 1.160105933305876569e+01 1.984997425130686555e+00 1.860585111906305400e+01 1.371537607147301507e+01 -9.885779043295578106e+00 5.305476706230072281e+00 -1.652089605194038668e+01 -1.409777614938800383e+01 -8.128333347449995472e+00
-6.522237157455619183e+01 -5.512394225171719597e+01 1.247241391272901367e+01 -5.593358925977694440e+01 -1.528136173917218343e+01 2.896576380227406489e+01 -3.431058246735036121e+00 -1.843826867644322220e+01 1.449961520422403893e+01 -7.746381450293008619e+00 4.477891505393915672e+00 2.219288921702358408e+01
-1.180931982636841298e+02 -4.695033749889037011e+01 -1.498764469113737263e+01 -5.980803192295358883e+01 1.089009740939515858e+00 1.409982027521988979e+00 1.889645783842609816e+01 -4.131814457215288883e+01 2.646337854500193387e+01 -5.041837431226124266e+00 1.797000181950598474e+01 2.387705875708346781e+01
-5.746817038774914010e+01 -5.302667994242095517e+01 2.494795843779861499e+01 -5.238786999404997147e+01 -5.078637720386977250e+00 1.289274663581971847e-01 -2.130201760825885060e+01 -3.133350032869969937e+01 -4.266641403608990579e-01 -5.841953787148717936e+00 1.197673844002709842e+01 2.563193639093302778e+00
-1.151881637874642763e+02 -4.967868623633457759e+01 4.410947647494045043e+01 -2.759213890435765393e+01 -3.955544643038639840e+00 1.929965040264765719e+01 3.410197669279970256e+00 -2.754420949528405060e+01 3.033577701204487198e+01 3.750330352317732707e+00 2.316946620191248130e+01 5.267111303412662870e+00
-7.573911629847269467e+01 -6.683095074378154266e+01 4.279860015500655379e+01 -2.565426764260894643e+01 1.839808772705969542e+00 -5.740993970606402819e-01 -6.186636633897712123e+00 -2.238131967074881601e+01 2.187117175689465398e+01 -2.259903799961367810e+00 8.993767515484556441e+00 6.775114332267049733e+00
-6.816846992879359846e+01 -1.010793727470807823e+02 2.161529142404788217e+01 -3.201777726560211335e+01 2.233195774822876700e+01 1.402279653763593359e+01 -7.408000093544536924e+00 -1.883168156641657731e+01 1.182525083301877622e+01 -9.599367207532946367e+00 2.354338500437083148e+00 5.797939619628374786e+00
-7.677465158693561875e+01 -1.087245256306449903e+02 1.609306160664804253e+01 -4.219039857070796984e+01 1.621858334968182191e+01 1.570010015198641895e+01 -1.144656981344746960e+01 -3.447940721241069895e+01 1.435391511713508450e+01 -1.076012489201437283e+01 5.021513166701017994e+00 3.223923764726526642e+00
-1.825751049398231629e+01 -7.898475078599508947e+01 2.875261220623375635e+01 -4.355899539879554538e+01 2.258601900415581554e+01 2.959207064901416828e+01 -1.191649061720419667e+01 -1.951553612891214584e+01 1.855352033816627255e+01 -1.451480772134117814e+01 -8.946906591503216433e-01 6.307940109669909035e+00
-6.442638221979584046e+01 -1.117866665736659115e+02 1.656122563632892053e+01 -3.822601267034931993e+01 1.102988184670777017e+01 2.028369717786850401e+01 -2.590518735175464116e+01 -3.288087444445373819e+01 2.894769040550765382e+01 -4.807603249924438771e+00 3.282959981647225689e+00 2.616876790539448550e-01
-5.000957800581214485e+01 -1.023257272002572336e+02 2.873467144104694171e+01 -3.639943728806792222e+01 1.005073566051451550e+01 2.943204875138143350e+01 -2.150854473668443489e+01 -4.301614538153877731e+01 9.807673967116836700e-01 -6.212125327449539824e+00 2.231936910895362836e+00 2.339713761757593602e+01
-4.073558167736975122e+01 -1.107195237487698876e+02 4.843123940903945268e+00 -3.943049215182576717e+01 -4.564481708622734502e+00 1.334789522425942110e+01 -2.674798575406255807e+01 -2.431678510577289742e+01 1.852315182427758700e+01 -3.109238923488688133e+00 5.748440384208485021e+00 2.200291697600670204e+01
-3.891287355735795472e+01 -8.551141594405866897e+01 1.534699262021199573e+01 -3.949183188838038916e+01 -6.142404130803123863e+00 1.083024208916129938e+00 -2.775069111417609236e+01 -2.729280116312384052e+01 1.441097751231838231e+01 -5.198453174811671573e+00 5.539911826876940282e+00 1.208330233704796441e+01
-6.444846592055489509e+01 -8.303983593922762907e+01 1.065205044532955370e+01 -3.416431333397337511e+01 4.624130716672913088e+00 1.703250343205784034e+01 -2.738814833376242319e+01 -4.170528195523260706e+01 1.439116121753759714e+01 -1.156709584180472561e+01 2.287280575564701657e+00 2.538093109132607239e+01
-3.490109085853976723e+01 -8.275676928751440187e+01 -9.283536091349409602e+00 -1.822254542558545154e+01 -4.343365621074299909e+00 2.783398007071045654e+01 -2.486833705678604645e+01 -3.867166649807280976e+01 1.252859893282018611e+01 -4.204780634587041988e+00 6.945243451561822212e+00 1.432949983360332880e+01
-3.701234120288719964e+01 -5.949521901308976624e+01 -2.355826296622129590e+01 -3.263078195386375313e+01 -1.665324425937297903e+01 2.012568451957768900e+01 -2.594758739123854951e+01 -4.022138471910646018e+01 -2.606884220306863398e+00 -2.436509713648747777e+01 -5.772558507947251449e+00 1.517122125389546827e+00
-2.442682613502862665e+01 -3.050915614613881388e+01 -2.222168961123454878e+01 -4.095591982732241121e+00 1.176137119904189676e+00 2.088295114040225187e+01 -1.374844098572173579e+01 -3.990754218495995076e+01 1.066825512866987680e+01 -7.354661187876040174e+00 5.997640464401829519e+00 1.918578784757328748e+01
-4.230162188161084913e+01 -1.050322056148364069e+01 -2.105521259551732882e+01 -1.559915186124341346e+01 1.440687083716195804e+00 2.425699020130132055e+01 7.882684516377329587e+00 -1.016555572215001213e+01 1.491960235511320221e+01 -6.811831830355253636e+00 -5.698419155595439989e-01 9.851869808837676601e-03
-6.432700882839540668e+01 -6.538114297191432556e+00 -2.877718096176551654e+01 -2.031506217450530016e+01 -3.909829499431523914e+00 6.461560506532920911e+00 -2.976660255439104397e+00 -2.986116806847959282e+01 7.266069715577158306e+00 -4.786464439067170673e+00 -1.236494445721909941e+01 -1.352361187582500079e+01
-5.425518936048477769e+01 1.854198430166533029e+01 -2.117563083520899170e+01 -2.942800512750894271e+00 1.273262611218137508e+01 1.921136651769639059e+01 -3.101097554162013381e-01 -2.994948553029696114e+01 9.108369136485286788e+00 5.187007199900460108e+00 1.253837118527464689e+01 1.719058957419471767e+01
-8.135401427243431272e+01 -6.811437002255655848e-01 -2.072490673893647539e+01 -1.247233774340442736e+01 6.573318074226674135e+00 1.973301466980630892e+01 1.123099413569649130e+01 -1.043366575720442313e+01 1.028513224643279855e+01 7.849529265815307078e+00 1.593726854508673085e+01 1.307043866129368581e+01
-6.812668364042308156e+01 1.945775889961868188e+01 -9.915847273809003326e+00 -1.159505406133972905e+01 2.667416596713656496e+00 4.656659991374207941e+00 1.119287517544804267e+00 -1.695856042123380547e+01 7.086336998018313516e+00 2.507912203464323753e+00 1.116616083683040017e+01 7.801373213874358115e+00
-9.059152281760785286e+01 -3.155788381464068149e+00 -1.319961418870664538e+01 6.236513261299643673e+00 2.371105124106084716e+01 2.906657282730578729e+01 1.739120844481287520e+01 -2.677037131536732950e+00 2.478049021301334065e+01 -7.144425772162901200e-01 1.075604152023433002e+01 1.643011698184868052e+01
-8.473278633049440600e+01 6.674551867866411747e+00 -3.594788522962011790e+00 2.943788948566325558e+00 1.062377518433897983e+01 1.104840411246974696e+01 -4.630094825453814344e+00 -2.114976349153828394e+01 1.088735328525811319e+01 -2.163972091923803376e+01 -7.006182032247451730e+00 -3.118629949132158075e+00
-9.530391373423455548e+01 -1.467217699321345048e+00 -1.876976721484293975e+01 -7.207509283622344221e+00 -1.833281001527272913e+00 1.154375701078786420e+01 1.277838310863519311e+01 -1.249118618001648073e+01 9.120076889849208612e+00 -6.695052826631420650e+00 -2.701530942543902913e+00 1.087875965415757662e+01
-9.602614624166899659e+01 8.254271201525819279e+00 3.861940878488523410e+00 7.020489757521771068e+00 1.486238893566300590e+01 9.966208586757550947e+00 5.155711004768182448e+00 -2.903440151411651904e+00 1.710218936877854645e+01 2.502753459439832628e-01 -3.660513415486433608e+00 4.735569397641375744e+00
