-1.130171914180485828e+02 1.110541885077674040e+00 -3.637822283953762792e+01 2.111622697755532574e+00 -4.417076625539412760e+01 -2.827082704268569557e+00 -1.969610727755878443e+01 -1.800686444553215892e+01 -4.468112953925712283e+00 -7.587321775038176952e+00 1.162781955407854539e+01 -7.782402816205646445e+00
-7.959199547938639796e+01 2.855297411724704659e+01 -3.474951406111017160e+00 3.225682443186637727e+01 -3.773163441340329882e+01 -1.410251622380523884e+01 -1.038831613320679637e+01 -1.211367000026058882e+01 1.044282789406640077e+01 1.028159883634820693e+00 3.111281349361319570e+01 2.001495053135709856e+00
-6.544792607948338059e+01 3.925781672818760626e+01 -1.182046032348836029e+01 2.409477472096023831e+01 -3.293383361021571432e+01 -3.385180933650478785e+00 -2.091681853422729986e+01 -1.962835684750877618e+01 -5.158212651402603655e+00 -2.508741332861854900e+01 7.364252369422847444e+00 -9.197284659608724766e+00
-8.529939576880840946e+01 3.370101416872162048e+01 -2.156247700839192483e+00 3.034855337995362135e+01 -1.820243749227423891e+01 1.543426802272954568e+01 -4.185113055373982149e+00 -6.297190562757495336e+00 5.875918806294901486e+00 -1.484467853351666733e+01 3.714325675238917768e+00 -6.440136615390667174e+00
8.390541887773702356e+00 7.694834248982908775e+01 5.164662047341277429e+00 3.674596283152304466e+01 -1.756136978795033343e+01 1.921154900647267905e+00 -1.488106028429819716e+01 -1.336303805325621674e+01 -1.263862680739344313e+01 -2.361537601164614841e+01 2.764097696654959968e+00 -8.330199073220374117e+00
3.760447073051629729e+01 1.139652870718350073e+02 2.858347249954339020e+01 1.054358779824518777e+01 -4.579808460911089441e+01 -2.835032668606130102e+01 -3.368254710534799301e+01 -1.649202730185165677e+01 -7.663305458281927329e+00 -2.067479736598792073e+01 1.682793239382890960e+01 -3.625304536826506663e+00
4.434742345512675854e+01 9.919400360692056040e+01 2.080942414062428725e+01 1.648643673779879748e+01 -3.359467397570457337e+01 -2.097485910128522946e+01 -3.689686342735400615e+01 -1.987858795642548770e+01 -7.875519780322374430e+00 -1.803972644784266421e+01 1.939458127545106692e+01 -5.566788163541509959e+00
5.499554025090120035e+01 8.933044965159339768e+01 1.540165524279044362e+01 1.015310839678513943e+01 -3.128850476454040219e+01 -1.339418099623840064e+01 -3.238074469849071590e+01 -1.357397094959950046e+01 -1.526111247164525508e+01 -9.333986811068951894e+00 8.137652976510056035e+00 -3.735609956036967993e+00
6.824214126311014184e+01 9.998438680090256980e+01 1.740788153840976094e+01 5.257497944552103064e+00 -3.748419175104790924e+01 -4.877020456178025931e+00 -1.509319550497639106e+01 -4.909371206647691110e+00 -9.033284455511516597e-01 -4.619843767702646709e+00 1.327404751982206932e+01 -1.560976645030525845e+01
6.048381778362083594e+01 4.503287095728383349e+01 -1.108107817426960118e+01 4.905514553105121967e-01 -1.763415121980894895e+01 -4.642753416841070013e+00 -1.396762336078429456e+01 -2.435955768031978774e+00 -2.722319016825340832e+00 -1.343819690070091255e+01 4.497446552228498540e+00 -1.199694692778671090e+01
6.739145705390372143e+01 8.182859492419184733e+01 6.966151355054922334e+00 1.192969737929682239e+01 -2.927532784298055191e+01 -8.262630038282683387e-01 -1.849371232672042709e+01 -5.136579544668819608e+00 8.601760315530531997e+00 -9.221880873528892408e+00 1.554931019874583242e+01 7.389802227570429594e+00
6.705265527723649654e+01 7.632456711129412952e+01 1.371762446291722171e-01 1.094345137104621024e+01 -3.807486856631305017e+01 -6.095124263097066120e+00 -1.949946389219358167e+01 -1.345758142102960342e+01 4.315217507111319684e+00 -1.131832530366505374e+01 1.362043397855275018e+01 -3.345947111242402627e+00
5.648065566071526433e+01 1.075352283645712959e+02 1.999564747372470563e+01 1.333965169997314515e+00 -3.996171386497900357e+01 -6.232776351239390777e+00 -2.159819387852731154e+01 -6.008131199882539519e+00 5.630382412925831304e+00 -1.384268265769041761e+01 1.497495692795993705e+01 -7.458340306243213647e+00
5.433313099898441578e+01 9.702793430550214282e+01 2.143718622515882188e+01 7.992668828354534405e-01 -4.081607594532562189e+01 -9.033505763413348433e+00 -2.507421186756667453e+01 -3.218449939339283361e+00 5.534912327828333645e+00 -2.270932145988199835e+01 1.369167636935158683e+01 -7.324107056959809903e+00
4.844592159384653485e+01 1.085733333835522956e+02 3.455085005805224796e+01 1.237291642428684391e+01 -4.346592032925995852e+01 -1.069025215178021249e+01 -1.551024796514057513e+01 -6.671499546486037602e+00 1.067496294182308958e+00 -7.945342046880915277e+00 2.381773987486489119e+01 -1.704672682246927806e+01
5.547227114480294574e+01 5.187053268255645833e+01 -9.661654905411836580e+00 8.579723560092823220e+00 -1.735551909511578828e+01 -5.420251875474194847e+00 -1.413248275600810544e+01 2.261022547403767291e+00 -6.170952462987587595e+00 -1.333665132524699182e+01 1.166040616961954512e+01 -1.287541196506834851e+01
4.415893853457274076e+01 8.863920361635766199e+01 2.862995352849269537e+01 7.677998426631973850e+00 -4.373227109793866418e+01 -4.301992468455699381e+00 -9.015453207995603790e+00 1.083646816793563517e+01 5.585588841931623527e+00 -7.490278126621606525e+00 3.142364771815346813e+01 -1.988408309423763853e+01
3.994228166634498933e+01 6.253107554405059432e+01 7.508329942647325339e+00 3.764521047553721189e+00 -3.279835497677865419e+01 1.247914692838620354e+01 -1.230997853231985673e+01 6.709283516331556285e+00 8.612680796006085160e+00 -3.810410091438455993e+00 1.808946584982195205e+01 -8.106850023534764915e+00
2.965314555869516511e+01 7.796069796238298011e+01 2.151799655215685192e+01 2.008366750580077209e+01 -3.430486123981579283e+01 -8.079120390915111471e+00 -1.151968202424467513e+01 9.157287589729277144e-01 -3.678277884349122395e+00 -9.132388036618213079e+00 1.478317035378012356e+01 -2.662215324557962859e+01
3.119040503837815947e+01 4.127256190985178819e+01 2.678875859398325066e+00 -4.873393961615802183e+00 -5.972830298044451069e+01 7.307281888396376601e+00 9.237869189036667095e+00 1.991749939543414882e+01 1.698193016966214941e+00 -1.992083819292855296e+01 2.158950214352942254e+01 -1.671235787068630430e+01
-1.089643972953902917e+01 1.046723922449028521e+01 -7.876823890105944415e+00 -2.303236058338807268e+01 -2.478472128541510244e+01 2.618206213479612998e+01 2.302373093246994173e+01 2.752396341323921902e+01 9.303680167884152752e+00 -2.713882618767247124e+01 4.869646579774041584e+00 -1.594265818412022817e+01
-2.615413330440378381e+00 2.482868701224558805e+01 -1.294213288688101215e+01 -4.116032714302619411e+01 -4.891392571076153217e+01 1.712375682877893723e+01 1.748052316471525103e+01 2.576157860988363169e+01 2.682655084593941552e+01 -1.276267183455536802e+01 1.606828029361448529e+01 3.173077586880724277e-01
-3.240085688574419009e+01 -2.532269376815373008e+00 -1.842582440294032509e+01 -3.527865837246677216e+01 -3.811994896179255932e+01 2.034048471047096740e+01 7.832652733210379026e+00 1.131798380305378871e+01 6.296748935280849224e-02 -3.150613845250553879e+01 -2.487868569722319290e+00 -1.133058725164736913e+01
-6.323934552194853609e+01 -2.685430426569253015e+01 -1.637433185778997924e+01 -3.958019317505123524e+01 -4.809234925776119951e+01 -5.545001103848069768e+00 -1.863251455111867827e+01 -8.086443069230593750e+00 -1.151673236310850612e-01 -2.994175270393819233e+01 -7.040343179019979303e+00 -1.998418421584042903e+01
-3.956653500932908685e+01 -1.008518123656702770e+01 -8.411800265939092469e+00 -4.497252370260555665e+01 -5.986326045803259888e+01 1.098255174360325981e+01 8.312433252315962307e+00 8.376644344208342474e+00 -3.034490892667876416e+00 -4.373263980246504445e+01 4.339499754550239174e+00 -6.032591867814165454e+00
-4.091941052047612004e+01 -1.945169032520845320e+01 -1.279556841888351215e+01 -3.533026902943803549e+01 -3.182797996414933905e+01 2.723578053768104468e+01 5.684345588596585230e+00 6.175092896389824837e+00 -7.721798632772085114e+00 -2.556525495076797583e+01 1.950091693405921944e+01 1.245536357542305073e+00
-7.307308673996405446e+01 -7.734416092037611179e+01 -5.070397395875627922e+01 -4.267247146725990348e+01 -4.589204809920161665e+01 4.887805421423824015e+00 -1.284027520565741831e+01 -6.360101099799813085e+00 -9.741023583446605016e+00 -4.154203179686135172e+01 1.339471484287655301e+01 -1.328814325345524239e+01
-4.791296804888363425e+01 -4.516746554427264471e+01 -1.335387296574944571e+01 -2.751806496457292184e+01 -2.603957563036238554e+01 3.846971219972613909e+01 1.300428903275519765e+01 9.727270688864336989e+00 -1.445339754141694044e+01 -2.612041717655223039e+01 3.035764069695353840e+01 1.929610603134355529e+01
-3.747673098500835920e+01 -4.087034009759095454e+01 -1.669924649641470538e+01 -1.837273178649911642e+01 -3.325489314624332593e+01 3.792892980263470548e+01 5.652106902375244601e+00 -5.942293566653495951e-01 -8.579128052600218268e+00 -3.163845624009931257e+01 2.258020107925581499e+01 1.394027538854644099e+01
-3.407919615555745452e+01 -5.757455119481856798e+01 -2.756090267399253690e+01 -5.965211013849581079e+00 -2.392644854725826065e+01 4.058203133993417566e+01 4.332210201014561335e+00 -1.075603586781872067e+01 -1.081199288897955313e+01 -3.270687543549556864e+01 2.543288928108651348e+01 1.117876654957195015e+01
-5.937112156257659734e+01 -4.377362319180730310e+01 -1.795795964972214165e+01 -1.791086688616919531e+01 -3.334703537057903588e+01 2.349344257287015125e+01 2.111492991402158292e+00 -1.490802321332878577e+01 -6.854227334486425960e+00 -1.520458173634559884e+01 1.915208817205316905e+01 -1.978043399417605208e+00
-2.996849284842171102e+01 -1.265801829904013687e+01 5.287695342690650335e+00 5.875800341110111624e+00 -3.624850095915680015e+01 2.317266013928156454e+01 -3.799475316500194211e+00 -1.017646223270075367e+01 -9.408579806224761199e+00 -8.126339131794475534e+00 2.155718105854950295e+01 -9.857951578271326731e-01
-1.322782810473161597e+01 -8.386287667385017741e+00 5.694191769433682992e-01 2.039942018308716598e+01 -3.075631142416496999e+01 2.216704305265589880e+01 -4.038487203694964833e+00 -2.145130498927060358e+01 -1.155881260388349396e+01 -1.377264972405891186e+01 1.681827004666144276e+01 -1.178001700039492405e+01
3.217599052645377355e+01 2.534063292111476784e+01 1.906456578151155057e+01 2.036156894824775065e+01 -2.262072446809442994e+01 6.780153608485193217e+00 -8.868265977347880025e-01 -5.506124605161306640e+00 -1.957571952933644255e+01 -1.900804911252151896e+01 2.510042473566092625e+01 7.266718278194478131e+00
1.696357336559832518e+01 3.366208031066229012e+01 1.430097344537737492e+01 -6.332659048287547776e+00 -4.508269740112757518e+01 -1.526965668848472646e+01 -2.771295246663861889e+01 -1.578658963971319551e+01 -2.962600565732721947e+01 -1.990889407630666241e+01 1.738428084476632307e+01 -1.995025598961572655e+01
3.794503845792312546e+01 5.493951844372342208e+01 2.329139999579336973e+01 7.983984967922010512e+00 -4.115442564323790009e+01 -2.017665376176825021e+01 -1.757440646760576897e+01 1.201014316363246692e+01 -1.390716426921104798e+01 -1.568891696626900512e+01 1.630141250549768372e+01 -8.842091615529934501e+00
1.881320404829291704e+01 1.621116154779526397e+01 6.070065627590179869e-01 -1.544512199077782988e+01 -4.927585621210276656e+01 -3.904073944118194106e+01 -4.422620905141128844e+01 -1.859633089512782078e+01 -3.674890964888704303e+01 -2.215869853897495645e+01 1.812618221107906935e+00 -2.904629857770663648e+01
3.403635098852522844e+01 4.530591781767573423e+01 9.968496739696602660e+00 1.135214124203498898e+01 -3.127019317250041297e+01 -2.701538976507167433e+01 -1.597592896991218581e+01 1.086090402534110488e+01 -2.001442325262073396e+01 -5.321993158426889359e+00 1.599101061854688766e+01 -5.761296379071657370e+00
4.504672492799883088e+01 1.516130398466309970e+01 -6.955412349837299502e+00 3.473423164839927857e+00 -3.943965029576513359e+01 -1.338333247561039130e+01 -3.044064854518554686e+00 6.866507411576876940e+00 -2.494690206668344068e+00 -1.140146507473143167e-01 5.191630881317382595e+00 2.039007826519415811e+00
4.309633062086130906e+01 3.178336692408723607e+01 1.215559861342226711e+00 9.764979872879749223e+00 -3.207953541477583315e+01 -3.559371436784184084e+01 -3.571594147087930438e+00 -4.768474215611833156e-01 -1.902126794068664850e+01 1.956037915545100869e+00 2.299248051465419707e+01 4.435583145002355288e+00
3.637750181545084160e+01 4.245811514291975186e+01 1.560743023135942309e+01 -4.250735592748398517e+00 -3.540582803216417318e+01 -3.401782390323435834e+01 -9.859427753196343680e-01 -9.028796498959142269e+00 -3.333999423565420983e+01 -2.871443301948099602e+00 2.961587854672400155e+01 6.070529467735029883e+00
4.140839701295664099e+01 4.553926530056282473e+01 2.274141060319068686e+01 3.381939597352738858e+00 -3.261782351850204975e+01 -3.102722106002912028e+01 -6.161658412005182939e+00 -1.459689848113722155e-01 -3.314920882000407687e+01 7.734913143038953720e+00 2.747106400247661639e+01 1.634294561006313096e-01
6.035364707566024833e+01 4.239742624677853655e+01 1.614577117081739743e+01 9.382522908622135560e+00 -3.675979919542585606e+01 -1.748845912119670487e+01 4.367523960881170453e+00 -1.359239132985213061e+01 -3.094607451189266456e+01 2.184385154846305799e+00 2.349096298792780857e+01 -7.615689253700205441e+00
4.853833450403082850e+01 4.573979624326931770e+01 -6.284767034500204019e+00 -7.548337322035347796e-02 -1.118946786894030687e+01 -1.663764092200390898e+00 -4.302479371391596530e+00 -2.937384901221777866e-01 -1.359509205343770510e+01 -1.073826518263756213e+01 2.020035521963721692e+01 -2.810528737111372521e+00
4.999803893987411385e+01 4.884473783090451349e+01 3.010454504262877862e+00 2.269581690885419079e+01 -2.043099672128438016e+01 -1.167938002234986072e+01 -9.258311996259568133e+00 -1.136106716083057222e+01 -2.471170143392782137e+01 -1.629589515046299653e+01 9.562405979246721088e+00 -9.905830457583018500e+00
1.426668022106563072e+01 5.035551407603169594e+01 3.106524032228989540e+01 1.185915390634645128e+01 -2.764589510387810378e+01 -1.898359046378870829e+01 -2.660560420902730172e+01 -8.106931458515113320e+00 -4.524597352876713785e+01 -5.339373036679604922e+01 1.239450136999115060e+01 -2.187835804465827749e+01
3.172106081027189362e+01 6.086066380430176537e+01 3.062939327596948047e+01 2.229996962421447648e+01 -1.632140313954757360e+01 -7.652154904024051518e+00 -1.448827623846679558e+01 -4.199126680751844809e+00 -2.482744386745671150e+01 -2.281192888752255499e+01 2.922222054927661183e+00 -1.199873406390233654e+01
3.668972508863652138e+01 5.406992853769813223e+01 1.114513459839539422e+01 6.354490818188819112e+00 -1.176360448353919708e+01 -5.647717238379101445e+00 -2.099432694706000646e+01 -1.998304691000662103e+00 -1.767568761604251293e+01 -1.475111883555226733e+01 1.437364570255084217e+01 -9.625246584790623672e+00
1.793834769522935702e+01 7.584235770625205930e+01 3.093571581086974831e+01 2.312028450024248372e+01 -9.506478259979388667e+00 1.601725852511564696e+01 -1.722862381613202842e+01 1.299514688845199117e+01 -1.199321711183918993e+01 -3.343584705600721918e+01 1.513921208518002715e+01 -1.319978313990175778e+01
2.530471161083037401e+01 7.498008752043958225e+01 2.844518540527069916e+01 1.971711929874169300e+01 -1.196388693193820885e+01 5.683913474119842490e+00 -2.913448946505059212e+01 -8.494950838352609779e+00 -1.130725296158353643e+01 -3.216964371963644709e+01 2.230338602326995812e+01 -8.665916062307868373e+00
1.463308649308542320e+00 5.397411136164478052e+01 1.121606276885196607e+01 2.456883789212411529e+01 -2.695138989886765302e+01 -1.471385713058969813e+00 -7.132618240498341144e+00 -8.354781271235719231e+00 -1.503126553634659324e+01 -3.712236726534892028e+01 1.357851568735057768e+01 -2.151367600469620811e+01
-1.767062199467053674e+01 2.095711510030826830e+01 4.151059051644097053e+01 4.891997677143707790e+01 -2.482640920906688464e+01 -7.142768895296047305e+00 5.406598509794609875e+00 8.648978311669221597e+00 -1.309736201253835652e+01 -3.976818178744815668e+01 8.616637132700326163e+00 -2.165082502793687969e+00
-6.696123281008629746e+00 6.101241515042260488e+01 4.589163259306077691e+01 2.780756229866386064e+01 -2.220204883083165370e+01 -8.700571350802499992e+00 1.463394424312185471e+00 -1.269842175914283366e+01 -2.706158486016503417e+01 -1.237984519905576164e+01 1.810500391162074152e+01 -1.979064269224465988e+01
-2.270578495568087440e+00 3.442508196325266567e+01 2.015938684013310223e+01 1.763617373174826852e+01 -5.892935672930087243e+00 -1.326965396668330799e+00 -3.687233118453730363e+00 6.750458254836211758e+00 -1.884505445459673467e+01 -2.185696573123134812e+01 1.146775037895318405e+01 -1.807251692152562583e+01
-1.649590770746936386e+01 3.938399888811343885e+01 7.003049886120444434e+00 1.573799105285277733e+01 -1.569262520796662619e+00 2.301383660097265249e+01 -2.174706519772949598e+00 7.580186187381768192e+00 -1.018696945174362334e+01 -3.852821859746035216e+01 -5.123672641184363385e+00 -2.348508388077680564e+01
-7.915554538094480286e+00 5.663021869245926609e+01 2.689533761395166422e-01 2.443607109730240978e+01 -1.684894723565722785e+01 1.589324222228955996e+01 2.128423940036362261e+00 8.849099241184340769e+00 7.685097031112517740e-01 -3.742190683398249718e+01 1.784106387275450123e+00 -1.171015514244516886e+01
-1.906910212863252241e+01 4.000068130479036199e+01 -5.912596109867761740e+00 3.064022999162085270e+01 -1.960692880047271558e+01 2.276484339143033964e+01 1.422026587512405982e+01 8.074228356592080047e+00 1.352999523562210449e+01 -1.583429591363666944e+01 -1.148825367442611878e+00 -8.304956771955019690e+00
-3.403396675620372491e+01 4.071071798960191757e+01 -1.341512118080662219e+01 3.030664595873939504e+01 -1.190754179876999075e+01 2.130195779594829020e+01 1.115388637624798562e+00 -6.248666226191033068e+00 -2.890132756940733572e+00 -2.635118773858987140e+01 -4.670640863906524665e+00 -7.979347346903427507e+00
-5.424210594811394515e+01 4.920275417136984686e+01 7.545082916086864877e-01 3.509502143764736104e+01 -1.314598580784472759e+01 1.782980543427589737e+01 8.969878561901051484e+00 5.467327577471245093e+00 4.298923103765917020e+00 -2.264495761834007226e+01 -6.605578103691238212e+00 -1.770018412600554925e+01
-6.502853692838495192e+01 4.189630156169317843e+01 -9.448795347853117477e+00 3.606687998025660136e+01 -5.503600778235020030e+00 2.678004287284176854e+01 1.289162070675755345e+01 -4.148474499766912515e+00 6.131559127201951398e+00 -2.536884429526346807e+01 -1.672363464531539057e+00 -5.225047092065901566e+00
-7.306755798316895323e+01 3.653710812437383737e+01 -1.330814456303229498e+01 2.441801577982175075e+01 -2.524602674817401748e+01 1.271026934033309885e+01 -6.962398010850819885e-01 -6.005762240690804887e+00 -3.760043614230760278e-01 -1.908976114899629550e+01 5.917810392615078463e+00 -9.896055168569505511e+00
-7.895957745292761842e+01 3.081081086222398469e+01 -1.912496828641467062e+01 2.759352124089878089e+01 -1.863681570013781652e+01 1.199908347320949353e+01 -2.514832541147731693e+00 1.538756571467590151e+00 7.385778972840103762e+00 -9.907339617469187232e+00 8.417565201670690556e+00 -4.231195633441503290e+00
-7.226750178227359811e+01 4.169954137164059205e+01 -1.217315163995547067e+01 3.536402792862025990e+01 -2.119517180551545721e+01 1.337627831646469145e+00 -9.786638548806486426e+00 -1.045712501724839960e+01 2.566926540987868766e+00 -1.588050460334475389e+01 6.276950703239634777e+00 3.568740832484475156e+00
-8.326129509423036268e+01 3.234105979319755875e+01 -8.319001623130235501e+00 3.501242063051721232e+01 2.768847443984841838e+00 2.021275665065431326e+01 2.462553243505093192e+00 -5.858561157004598563e+00 1.909428276566021765e+00 -1.677548206681397147e+01 8.858743532667334719e-02 -8.644426129584781293e-01
-8.428906074613504984e+01 2.763297171547567643e+01 -2.701239296395584688e+01 3.147781943600269727e+01 -1.900243238211282204e+01 -7.754551190486207446e-01 -1.479288787330902188e+01 -3.971592937604435658e-01 6.766846226189125346e+00 -4.147047867637950525e+00 1.382916250046673845e+01 5.022434636729346202e+00
