-7.643207155284599708e+01 1.471880060662923206e+01 1.563275883895404128e+01 -2.531446536894986465e+01 3.764353930494182521e+01 -2.607712008149428939e+00 2.765446271055835581e+01 -7.295204013073078642e+00 1.746403770576972647e+01 -1.484513604914656781e+01 -2.299092397610129623e-01 -1.965660693226420008e+01
-6.455698960573127465e+01 2.216507872786026212e+01 1.247012260892265800e+01 -2.155117565797297985e+01 3.043937465080913896e+01 -9.899059076227427312e+00 2.506428522620793942e+01 -1.215771773873478878e+01 1.155610370450025393e+01 -2.207923710159015940e+01 8.617428744829220832e+00 -9.220682510430894041e+00
-7.730585139719869403e+01 1.852329190751433075e+01 5.878666897264909430e+00 -1.774885118041491339e+01 3.990622214852002259e+01 -1.381310297594104952e+01 1.675985826908888754e+01 -4.649335232418507324e+00 2.082280315970248097e+01 -6.845870937806708412e-02 2.884589810900444462e+01 -5.379497450167694872e+00
-5.731592344472222322e+01 1.923574595097404938e+01 2.104901529695629936e+00 -1.408189187167394962e+01 4.135395736942365374e+01 7.084567846849199046e-01 1.055496581240917919e+01 -1.452351584408953755e+01 1.629813863803102691e+01 -1.508580642491081036e+01 1.842083220341121574e+01 -5.310836283225430776e+00
-7.184803182897185536e+01 2.413956114966393329e+01 4.317603414844472631e+00 -2.131219059637939495e+01 3.314510440727628549e+01 4.435391125243901556e+00 4.035458319716182984e+01 2.778840447301617278e+00 1.262539285132518430e+01 -1.376225855608630688e+01 9.933120490137326897e+00 -1.201098205483038228e+01
-7.310845412890370199e+01 1.026177350897988561e+01 -1.548880753189463988e+01 -2.952531779540444390e+01 3.716100123237602304e+01 -5.398721288803006502e+00 2.665407620248040388e+01 1.448506304629716412e-01 2.014599699788726639e+01 -1.296722338009592512e+01 1.463252863231068801e+01 -2.165293885491379910e+01
-8.054575468358714829e+01 8.804190647537655678e+00 -2.374497413615717090e+00 -2.015678028193296356e+01 4.135173122467138285e+01 -6.106218060511158896e+00 3.133354299984071645e+01 -1.867405031161893936e+00 3.489432871682232928e+01 -7.718587114746115141e+00 1.811929900682479300e+01 -1.227161514083078719e+00
-7.091872662479880773e+01 2.190417536606954485e+01 -4.026212622463547497e-01 -1.782473336089977778e+01 3.799523813128036664e+01 -1.591236211477315976e+00 2.139725119803113529e+01 -1.758651507873734943e+01 1.848810223664241636e+00 -1.511539772199968823e+01 1.204693655957740006e+01 -1.196656909584626582e+01
-7.572129254803843423e+01 6.453792132782156798e+00 -2.183772141685075496e+00 -3.456418373002001942e+01 3.260433077736540497e+01 -1.059899475196018059e+01 3.567738779717367947e+01 -5.084433932429758052e+00 3.363610107771629743e+01 1.391466852970738799e+00 1.906158379015739968e+01 -2.102942341609142396e+00
-7.289973513727170484e+01 2.221275828662524532e+01 9.874818328781055365e-01 -1.650515069443005700e+01 3.420645505399070885e+01 -8.285559745659035968e+00 1.008284840986152453e+01 -1.670271624924093246e+01 1.618617125247518729e+01 -1.443525864569276607e+01 2.176432252217384899e+01 -1.252056839545855560e+00
-7.629733337658825576e+01 3.837836538281768739e+00 -1.245847990396599414e+01 -2.802242839677886366e+01 2.591377972384034578e+01 -1.019155958115098848e+01 1.981883843739165130e+01 -2.301996914962979091e+00 2.224685066019296187e+01 2.037330511159329838e+00 2.100881652827628443e+01 -6.393182281776357279e-01
-5.428488964929620408e+01 2.298294619527092664e+01 -4.529949404136415225e+00 -2.256783075936022342e+01 3.222770302265546150e+01 -1.365668554744445018e+01 2.786372905433351121e+01 -7.545338319368880775e+00 1.195708902555423592e+01 -1.247185604423621541e+01 1.559792551167273444e+01 -1.112386965431109864e+01
-7.513154257822947102e+01 2.072678288608053521e+01 6.864262754518781762e+00 -1.559309147462273515e+01 3.820025326409175648e+01 5.052397224472062298e+00 3.433315653894834441e+01 7.005935010002940722e+00 1.625075735929689813e+01 -1.928791920941346660e+01 -1.622647168042097299e+00 -1.023050620400495880e+01
-6.405854729723759533e+01 1.863380580341597792e+01 -9.909010474048184358e-01 -2.367535440507387889e+01 3.382128946920355617e+01 -2.710225991494307429e+00 1.866084739532310621e+01 -1.229530468139311949e+01 2.052617292944535876e+01 -9.651942153095575350e+00 1.602855043530456314e+01 -1.082020806070993757e+01
-8.016224007810248509e+01 1.812669702611874811e+01 -1.904221187186449527e+01 -3.218066275398721388e+01 2.600698398603424266e+01 -3.864834282592403358e+00 2.030571060320038868e+01 -5.993862226498097634e+00 1.201815117947785083e+01 -1.788514137575168661e+01 1.295597356999212080e+00 -9.915949037768541530e+00
-7.852619145650444921e+01 1.064289878446541948e+01 -7.409181575560246813e+00 -2.790139908796353652e+01 3.919532347652123860e+01 6.280167345626101572e+00 3.948100543526220463e+01 -3.981354803155402244e+00 1.892058969586746286e+01 -9.074294374536089336e+00 1.851147628499895603e+01 -1.854537201557010917e+01
-7.170194916816026875e+01 1.494292211495351452e+01 -2.548633459755551556e+00 -2.296241142340859653e+01 3.213500061348157999e+01 -1.017239383773526207e+01 2.598632177794931764e+01 1.784463863166183550e-01 2.455583301263131801e+01 -2.604968292362587690e+01 1.185761456231378297e+01 4.094166439141321057e+00
-6.699496894178280115e+01 1.662419487029556109e+01 -1.069478150211563516e+01 -2.625710677825477291e+01 3.681989724365438121e+01 -1.506478126225229985e+01 2.148273243232345919e+01 -2.224061563541210873e-01 1.832536653820222128e+01 -1.584338689417163337e+01 1.130325915931305758e+01 -1.606636848719672983e+01
-6.992001333381220718e+01 1.626936441937746025e+01 -1.162345464686292118e+01 -2.306200086537314675e+01 1.943926458262897228e+01 -9.783186640738524176e+00 2.959938338367072674e+01 8.461190715397950868e+00 1.762951781084386482e+01 -5.082388864670758899e+00 1.883624421959016360e+01 -3.224180457715859482e+00
-6.019334223509210346e+01 1.911500565100926963e+01 3.877974194655309681e+00 -1.821616312025197360e+01 1.500463961019355175e+01 -9.238121586062671753e+00 3.011166710025705129e+01 -2.418588673319844062e+00 1.188003699943265801e+01 -5.019389472865637636e+00 2.455338669567908738e+01 -1.654590810759553055e+00
-4.224246148417274860e+00 1.684543082509598833e+01 -6.157054471704132226e+00 -4.693775687290502674e+01 3.727750796797442145e+00 -2.638392776196792866e+01 2.553981165569872758e+01 2.469314903431553354e+00 2.241047216989731528e+00 -2.385181743437546942e+01 1.568802115100651662e+01 -1.522019733838123123e+01
1.919088582826491063e+01 5.841415706267089725e+00 -9.379373268740215153e+00 -5.523511015512789157e+01 5.458808649282653747e+00 -3.778350962351733955e+01 2.651285470995324545e+01 9.931225341651177985e+00 -6.245611167736966785e+00 -2.311890448181050317e+01 2.187212252816913249e+01 -1.967245241299382741e+01
1.928215719876303424e+01 -1.882908496254093178e+00 -2.613261952906425734e+01 -5.899904778129714344e+01 -9.470477246086602463e+00 -3.606010680231807441e+01 1.477603309982393753e+01 1.500913785565421321e+00 -1.440514165402953850e+01 -1.317078576239300602e+01 1.156902038187291382e+01 -2.059831054441606568e+01
2.873782204388527717e+00 -2.695297518380721158e+01 -2.203438636411976148e+01 -3.141365868363013902e+01 2.513756616087204776e+01 -8.270525526235449121e+00 3.749627192028005851e+01 -9.207058458272625145e+00 1.131106381739311662e+00 -1.479065430694888761e+01 2.499146018263953550e+01 -1.654761339344281623e+01
1.668738569397566707e+01 -8.518673287397511729e+00 -4.664003560356252365e+01 -5.254938106986017488e+01 -3.238407780942345937e+00 -1.386773916755876357e+01 2.393228710398819459e+01 -7.858621039319581669e+00 -3.666957215051541485e+00 -2.084184249740698647e+01 1.742678190574736163e+01 -1.059575754421184968e+01
3.723075236128300602e+00 -1.518641078079085993e+01 -3.246153640787497352e+01 -4.835198187280424520e+01 1.500936030906156482e+01 -1.825426126472364174e+01 2.716893383342048551e+01 -1.546395554365227554e+01 6.513883339611616918e-01 -8.816374620865715883e+00 2.920495514762963651e+01 -1.427386910971763001e+01
-7.171105139260804506e+00 -6.295283308836121527e+00 -1.729444728576284263e+01 -3.756246384464323285e+01 4.743069913759101475e-01 -3.735024121669175656e+01 2.295990638638454939e+01 -2.238594669305852136e+01 -8.012300293078563840e+00 -3.418408158898375149e+01 7.146393858210953631e+00 -3.404838709967008015e+01
2.442251849642658357e+01 2.554492434360037834e+01 7.242088434467981450e+00 -7.159460518173107246e+00 1.870677473765645260e+01 -7.678386810746457236e+00 2.653057793168422762e+01 -7.119702366402063110e-01 4.261788441885387968e+00 -1.028526225634903035e+00 3.679204950812321240e+00 -1.625793613562233020e+01
7.319588389454258959e+01 2.375102703427334916e+01 -2.550628505123980982e+00 -1.507438741595708542e+01 -1.516453001806038436e+01 -1.387926301042056920e+01 -4.775821145715926974e+00 -2.466835366339191893e+01 -1.483773756393868126e+01 -9.757922360911482684e+00 -3.493515397964952474e+00 -8.615112808923054644e+00
8.852806613961980986e+01 3.645312698320080358e+01 1.821479791584260965e+01 -9.569151694822320975e-01 -5.411584898435001456e+00 -2.310367089995682477e+01 -1.965911310206708951e+00 -1.455998283248830560e+01 -1.222757812666527677e+01 -8.112698028951619733e+00 9.972604390693515342e+00 -1.055483117314489050e+01
8.871217509737343221e+01 3.735754473366577599e+01 2.643092871473639960e+01 -1.279573285000915384e+00 1.158467004366648512e+00 -7.083563971162419648e+01 1.240618511601567420e+01 -2.772734749929966114e+01 -3.236088048737950373e+01 -2.903211183067878309e+01 1.186130411693119768e+01 -3.287884166131372154e+01
9.786927779371991676e+01 2.973573715775506798e+01 5.156585141444361753e+00 1.788678238961189138e+01 8.055936381238344879e+00 -3.860619277920429226e+01 5.491255456097645649e+00 -9.677930331262636798e+00 -2.632987386005583730e+01 -1.072640143116901257e+01 2.517251547041595927e+01 -1.456236112309537845e+01
1.011695563986991147e+02 4.089324210850325869e+01 3.192085946214368875e+01 1.484148944263382930e+01 -3.416795924483851721e+00 -4.279317072574744429e+01 1.477189305342559145e+01 -9.025069082393663678e+00 -1.320938632340165242e+01 -4.648190283491623553e+00 1.856461018737152102e+01 -1.681370114377373426e+01
8.118335115202151542e+01 3.621852080105763605e+01 3.111086490859113241e+01 5.721733462497285316e+00 -1.005777314492207708e+01 -4.021871712602897730e+01 3.080227200875391702e+00 -3.068239366834146153e+01 -3.361605339432875894e+01 -1.945480196005665263e+01 1.197455632227209676e+01 -3.116487912228020463e+01
8.111484263825637697e+01 4.340491478182720186e+01 2.849569776406995203e+01 1.919477589171148191e+00 -1.974710782826574018e+01 -2.626422749513890409e+01 5.158331890357626293e+00 -1.304767477776013607e+01 -2.091997484303249166e+01 -6.160551243746361649e+00 7.126179268979424108e+00 -2.334419768064038792e+01
7.113234697958118602e+01 1.105653084669637387e+01 5.463871535043937300e+00 -1.574971944845915317e+01 -1.901162540863945338e+01 -1.888389317725378191e+01 -8.443580962538675294e+00 -1.206271446253758839e+01 -1.797828620072527528e+01 -8.645170502138611823e+00 -2.531917746757015308e+00 -1.517091189734370893e+01
8.821497590709159908e+01 5.058438401757332770e+01 2.565446429683948537e+01 -1.335987607877663130e+00 -3.528500915079247235e+00 -3.431854497539287507e+01 6.588164952919155937e+00 -1.463933348917241162e+01 -9.162744903263094542e+00 4.467472816956984616e+00 1.446590198054279419e+01 -1.963490316202416608e+01
7.598857053466001332e+01 5.203117408459992532e+01 4.629657310773722401e+01 -1.614917732575792542e+01 1.131421036489386189e-01 -6.757842208368306558e+01 4.341420309327189919e+00 -2.547283573188216721e+01 -1.802914743182576274e+01 -2.512762540270268019e+01 4.907322205494998535e+00 -2.999403096139041480e+01
8.321479936789131671e+01 4.365058684318679383e+01 1.555974308725436828e+01 -6.101633229354973764e+00 -3.721574243954295369e-01 -4.207281312421670094e+01 -9.599559317268071545e-01 -2.675813137308772838e+01 -1.937557541782797088e+01 -2.135636926899449861e+01 1.155439636013911731e+01 -2.190947135033929527e+01
8.085867283060012767e+01 5.368367216399508379e+01 2.926261715907568828e+01 3.295290131479815976e+00 3.468142030265526898e+01 -3.749454986774935605e+01 2.111059966446954661e+01 -1.245279239186203490e+01 -1.366951941646968649e+01 -2.933159586064990165e+01 1.925206314500984206e+01 -2.512088486733074078e+01
6.373750435696575778e+01 4.461767412748081085e+01 1.472220671468528330e+01 -1.272999933543415096e+01 2.031353544308596781e+01 -3.688278032874791279e+01 1.373795202988369546e+01 -2.544400963612461197e+01 -1.585497547790768635e+01 -2.444211296704770930e+01 8.729699091797211707e+00 -3.811982422918555358e+01
3.903627873732441600e+01 -1.676801535797671772e+00 -1.112253406270063039e+01 -1.822058313240857785e+01 9.605541599294710409e+00 -3.093456349633747138e+01 3.875083779479598434e+01 -3.751500527111167571e+01 -3.094589176894765359e+01 -3.460335455665649107e+01 -2.226594658436633623e+00 -3.400720137757058126e+01
3.763242780432194934e+01 -1.247422011544145093e+01 -1.338347716352543593e+01 -3.504879501722608381e+01 8.259649475788869211e+00 -6.089212057601049999e+00 4.519292301953120727e+01 -1.435961192752670534e+01 -2.112426364048017291e+01 -2.592712122614498327e+01 1.420876368062851469e+01 -2.343561538395581323e+01
5.772624346667470974e+01 -2.296881418337070357e+01 -3.135967120685025122e+01 -3.475651669671053412e+01 1.372398540258709865e+01 -1.757714899208239956e+01 2.283999752339827438e+01 -2.375584535783695017e+01 -2.651543559445146059e+01 -2.767758143695188977e+01 7.178948109519476262e+00 -2.715362190604523818e+01
7.747152268241362094e+01 -3.050379400606179203e+01 -7.811551428688855658e+00 -1.970252570589047281e+01 4.316304300005634786e+01 7.178517906341554955e+00 4.887339510831738920e+01 -2.897646296180778691e+01 -1.470158024907848215e+01 -2.735897824781823218e+01 1.820408089246191707e+01 -3.276561414451563792e+01
2.053022665106560396e+01 -3.268590858023723911e+01 -1.498429310408662829e+01 4.676980981485849398e+00 4.508412657598000806e+01 3.721162931760629533e+01 4.126828827533731214e+01 -1.675622083239959892e+01 -3.963133512287288340e+01 -2.145553826466746017e+01 2.665269100870820917e+00 -2.163489548598801449e+01
2.108892366411461694e+01 -6.386695715536447437e+01 -2.228768169898011919e+01 -7.064379434752362741e+00 3.098706119881844856e+01 2.322795294683608347e+01 2.011792336476675302e+01 -3.987708300134785588e+01 -3.174601384761574607e+01 -1.075943053331384824e+01 1.547718633608656447e+01 -2.114214387625287372e+01
-7.266350315326574716e+00 -8.248528657981364631e+01 -2.684306582981771783e+01 4.014085365740866607e+00 9.596542169794922472e+00 -1.077948196686135063e+01 1.495527315063240437e+00 -3.626478519076245277e+01 -3.021664777729314011e+01 2.714475798704052423e-02 1.972330413410908534e+01 -1.910867255397781150e+01
-9.495166287149755746e+00 -1.033153921705336558e+02 -1.205167240726887634e+01 -1.615088235948321627e+00 2.400675949577228252e+01 -2.408601520527144046e+01 -7.858055010732338808e+00 -4.401679924085225082e+01 3.687426894380172904e+00 1.285244626805268808e+01 3.793946093671490871e+01 -8.275014482531707571e+00
-2.333022770964960557e+01 -9.718992554646588644e+01 -1.860596223464865773e+01 5.676379143620447820e+00 3.484733568725896191e+01 -9.548688831106701969e+00 8.051328871009712174e+00 -3.881724011372149619e+01 -4.647963419648189820e+00 -1.161500418588038741e+01 1.049279516585450445e+01 -2.103324173121018603e+01
4.333758468315439316e+00 -7.720182689249168106e+01 -9.421972307922541034e+00 5.490756851860743026e+00 2.364299672161434529e+01 -1.459784257641655358e+01 1.631410431125310012e+01 -2.847558293405071339e+01 1.308562275431484423e+01 2.567777596265139017e+00 1.397820828892006517e+01 -2.381302173949700318e+01
-1.570255987163508316e+01 -7.377590304438484736e+01 9.235123952570436501e-01 1.282020349770307543e+00 2.490086832589180688e+01 -2.087063729693831604e+01 -1.282003281904049174e+01 -3.701824391794809799e+01 1.390379810901281843e+01 7.967348548501432148e+00 1.597616711475675011e+01 -2.505173200323524441e+01
-3.245570054751176770e+01 -7.632479533354793944e+01 1.915325522097684185e+01 4.114466248977943330e+00 2.549062949854378957e+01 -2.683588757680333003e+01 -4.972698816302713709e+00 -2.898969831038591138e+01 9.325715259922464639e+00 -1.846483052711106865e+01 1.038838290225805139e+01 -1.600774711442583964e+01
-1.795216102892833732e+01 -3.110523127447122604e+01 1.100260502083312275e+00 -6.918952276716746397e+00 3.360880247975941870e+01 7.987459289092319281e+00 1.046803072290195580e+01 -2.432106109379238745e+01 1.239220579021398150e+00 -1.506228807062878161e+01 1.299100102341601115e+01 -1.322855004487817254e+01
-5.132250849237306767e+01 -5.210017144891079965e+01 4.039942244667322768e-01 1.255473705161185016e+01 2.543410805983957346e+01 -1.067079727263855915e+01 3.447295725542063138e+01 -1.961946115260959544e+01 -1.999881350639306632e+01 -1.800745749513250615e+01 8.271948248459766617e+00 -3.186734601579647830e+01
-3.580242970845905859e+01 -9.113322109101066104e+00 8.096386277976321821e+00 -1.443156509180732172e+01 3.360720227598847032e+01 -1.759237985256817183e+01 1.433542771529484128e+01 -3.473260509375915461e+01 -2.329657173962141670e+00 -2.470595920978415450e+01 7.651693963412455446e+00 -2.918680901126909788e+01
4.231448071710026682e+01 3.332301231979863587e+01 1.237303600249459024e+01 -1.041961589498721708e+01 1.288187267450073037e+01 -2.626880246790358342e+01 8.051040994101018811e+00 -1.718844017477049846e+01 2.491463474220140473e+00 -1.714259906265533928e+01 2.206600196698758953e+00 -1.971262291294276281e+01
8.871971865001501101e+01 5.127513257174506833e+01 2.895205434089125163e+01 -8.747927743256342925e-01 4.478228490171245824e+01 -1.265985519078829213e+01 9.850312570801820655e+00 -4.123189893583870003e+01 -3.856573374777557461e+00 -1.554094241636639850e+01 8.656054629027963188e+00 -1.362572019356271191e+01
8.059316571969137044e+01 5.105597079688533313e+01 7.715596943172630340e+00 2.368376167828053269e+00 1.382473386502706347e+01 -3.056141346379719792e+00 6.198844246558335769e+00 -2.469554274358496571e+01 -1.422024180274872052e+01 -1.724157180855572236e+01 -3.250672270265977382e+00 -1.593945162413596073e+01
7.839187178950859902e+01 4.080703840432013862e+01 5.526046201289886994e+00 4.511064635519029586e+00 1.038384172554697216e+01 -9.919149461789512401e+00 7.267126293459248210e+00 -2.621858469011026571e+01 -1.109344184486438323e+01 -1.866212906665738558e+01 -6.640418623399905407e+00 -2.249209991508330830e+01
8.611593522978861870e+01 5.149888944206155372e+01 1.655486958415093568e+01 3.799422811166783376e+00 3.914621373351131695e+01 -9.302606630854494796e+00 1.442458494411791392e+01 -2.826521194137693271e+01 -3.526863278714027494e+00 -1.831594225104014129e+01 6.952650213800568579e+00 -1.778765082441899636e+01
8.552869353207248082e+01 4.516357920038394980e+01 2.506166548482000600e+00 1.242484165070679936e+01 3.016857379561392349e+01 -2.706758768218585409e+00 1.272014405874780074e+01 -1.360109809229716582e+01 -5.247372385112077708e+00 -1.647836062375022692e+01 5.601587787541906671e+00 -2.059508535266055063e+01
7.356344427192934177e+01 2.264816745233110140e+01 -5.070368096080481557e+00 -2.786252330764482199e+00 -9.791685720825733519e-01 -5.101196610717470215e+00 -6.845871851028195287e+00 -1.929225522806373050e+01 -1.501147385528852496e+01 -1.107696657948105923e+01 -1.594206089895492395e+00 -1.405147566096854916e+01
8.931364154996973070e+01 3.500467146633400972e+01 1.244881991670885668e+01 1.539246987686541068e+01 1.244046593444073423e+01 -1.125664516937854742e+01 -2.583334765613174433e+00 -2.641120525245863604e+01 -7.005647930877481500e+00 -1.003276639954295035e+01 9.010760176049435799e+00 -3.883949571341142271e+00
7.295541446045939438e+01 4.462114055878569729e+01 3.717661572982999019e+01 -8.151595663889477095e+00 5.214472297828156400e+01 -9.968553215586432259e+00 1.352574820240028686e+01 -4.166719117218141832e+01 -1.476138118095025220e+01 -1.271962755413161794e+01 9.435779862852989197e+00 -1.301672512382456048e+01
8.277200543794342025e+01 1.859496958152467272e+01 1.937914434638024019e+01 2.487801530997612787e+01 2.720916685368434429e+01 -2.655736578344491505e+01 1.009851074191481857e+01 -1.225593467369347067e+01 -2.371899380651147027e+01 -1.747960926068444465e+01 9.818880357345134868e+00 -1.898110637770739118e+01
6.337448555149554608e+01 8.237446903282847899e-01 1.211378009712466941e+01 2.422158678121975939e+01 8.666963600538419854e+00 -2.349815157418964873e+01 3.601526307379082859e+00 -1.185448552560096047e+01 -2.535644742926959339e+01 -2.243594587837463195e+01 -5.502710347968564619e+00 -2.351967674224086835e+01
6.399714608720086062e+01 1.497820529399790157e+00 2.573020192455857824e+01 3.389583069593350473e+01 1.163894385958613853e+01 -2.509449936344328336e+01 6.280964434928356432e+00 -1.064769162438827621e+01 -2.970073411179177469e+01 -1.584745491554378205e+01 1.803960686203011754e+00 -1.262617250325903484e+01
7.929201425478615306e+01 -4.013944325142885461e+00 3.008794995966670882e+01 3.666835348255248306e+01 3.372023249579600446e+01 -3.716043171456529137e+01 2.479124862139563135e+01 -3.418237677433558108e+00 -2.892927033098730760e+01 -1.576342826476992798e+01 1.515995117735318232e+01 -2.303439751895018972e+01
6.465426287525906446e+01 2.130150146109353049e-01 2.459795358833417822e+01 4.106500893803425356e+01 6.341099611931308111e+00 -1.687656312237536227e+01 1.686849532838149912e+01 2.712759566700029823e-01 -1.670256334168792023e+01 -1.294283086454157328e+01 2.236409956677136712e-01 -1.011891604654372046e+01
6.317216692340461748e+01 -9.226069919655804696e+00 8.042823042287395197e+00 1.748339016636069232e+01 -3.499074045037513070e+00 -2.519651245594985767e+01 -8.255462919836600300e-01 -7.691496681456332141e+00 -2.245352920843730971e+01 -1.447075006435596478e+01 9.026035481585850562e+00 -1.413447312459284078e+01
8.283506169304754962e+01 5.164457327172266687e+00 2.018516596261778417e+01 2.713630624904942579e+01 3.527432219633686472e+00 -3.849506502883555470e+01 5.852276690138133119e+00 8.528008071399701961e+00 -1.816915518828835729e+01 -1.837941966166293284e+01 1.077655702334187104e+01 -1.258174472412876455e+01
8.708352239461225963e+01 -4.162913414552447122e-01 3.929818751795900056e+01 4.665311908535539231e+01 2.213116769322175514e+01 -4.315861775528652799e+01 2.157864016286156073e+01 -9.906647130875324336e+00 -2.467229153203395953e+01 -2.541414550625266244e+01 1.340372966418638967e+01 -1.191965502731865989e+01
7.002165285931857852e+01 4.903834969521973619e+00 3.489219704881077888e+01 3.751020588776147235e+01 9.259849895791445462e+00 -2.573909513395559401e+01 3.163659909133131887e+00 -3.616707378767194392e+00 -2.291624730656747033e+01 -2.014661572526921773e+01 8.477249912890320260e+00 -8.789225270347280627e+00
6.231812852277553105e+01 -5.724520122597893668e-01 2.756292579062435522e+01 2.563233447015500133e+01 -2.673176137349599024e+00 -3.058469627161656490e+01 6.974675565069776262e+00 -5.385578480985730110e+00 -2.788026969833529733e+01 -2.370683375664511061e+01 -6.955677438124673984e+00 -1.581899483977315413e+01
8.129933837139270736e+01 -1.223413193285064082e+01 3.438670252173460540e+01 3.210164456211479234e+01 1.126725075056992864e+01 -4.414502049370815939e+01 2.107304265324437509e+01 1.646198646102030594e-01 -2.333647124016074059e+01 -3.013544716756566544e+01 1.685281320398153371e+00 -2.961384717265330835e+01
6.890220832315145572e+01 -2.995818230155848028e+00 3.412657669931608950e+01 5.592763091373532802e+01 1.395267377744221271e+01 -3.382760261289192272e+01 2.130908565180211767e+01 -4.370283491981796331e+00 -2.707047408199208860e+01 -2.216179006100821169e+01 5.336719538209869995e+00 -1.062462050094473653e+01
6.301071690144887327e+01 -6.923379088131873971e+00 6.020238386142617060e+01 5.792263980850125904e+01 2.506959288740847214e+01 -2.880837079865629846e+01 1.212250958706700743e+01 -8.395403044900763945e+00 -2.118549115017379592e+01 -2.327250289669624905e+01 6.715739947330681581e+00 -3.386100252473238204e+00
7.672377246034685072e+01 -7.753346438438262211e+00 2.542915953055958056e+01 2.718532952850316775e+01 3.224386803007059044e+00 -4.086706928728148114e+01 2.234429295274948046e+01 8.491656638948114733e+00 -2.462378353002521081e+01 -1.509832094813631187e+01 6.246510784959392382e+00 -2.604231817642234503e+01
6.149169244139874024e+01 8.648441965855425906e+00 3.807690830360378698e+01 2.296110099983051356e+01 -1.488486780142626742e+01 -3.529013484733458483e+01 1.890695940050344248e+01 8.319579032325300716e+00 -2.909102851658439093e+01 -1.230486662792863939e+01 2.551470042076835476e+00 -1.650540793666139905e+01
5.627621696281806152e+01 4.095241963980294386e+00 5.566281394038179542e+01 4.670701421010556942e+01 1.447901071125003014e+01 -3.018957078916265857e+01 1.876635329471972113e+01 -2.949782225231195820e+00 -2.341601344012289942e+01 -2.435863356808040692e+01 2.966335869009169457e+00 -7.418348799028274598e+00
5.562135167260623803e+01 -3.630242330523922867e-01 4.377000174835222879e+01 3.943665597939082090e+01 -2.639205971580581345e+00 -2.916086031347989405e+01 1.509026908403126654e+01 3.356916020596012462e+00 -2.355744853059950472e+01 -1.502330590235246177e+01 3.791506463827335249e+00 -1.896512467166822091e+01
6.270807403526862345e+01 3.892713316050259387e+00 1.478723981704332502e+01 1.349405469261001578e+01 4.182868861271801464e+00 -3.833544563088352675e+01 7.974717989809554375e+00 -1.277259603809944366e+01 -2.227017895525406033e+01 -2.739257960423958593e+01 -5.934261677971763849e-02 -3.212300183318192381e+01
4.908152829616016533e+01 3.331502468833075170e+01 4.170457143482863671e+01 2.661645505598823291e+01 3.523497049356495836e+01 -4.097252728725969462e+01 2.105752737472602831e+01 -7.300151146776196143e+00 -9.580860418228386521e+00 -2.326896223007519637e+01 5.061200395904147165e+00 -2.899496620195974117e+01
2.694361670208304460e+01 1.814295530824081837e+01 4.653667941743880476e+01 3.805411092215902613e+01 4.213324995823364816e+01 -3.391484020606229421e+01 2.583753819548534381e+01 -9.988782042303633091e+00 -1.409005505075799647e+01 -3.344751959182407575e+01 1.180146527007065949e+01 -2.410384036494193083e+01
1.659306916616455041e+01 2.366264741553291273e+01 3.159385394789823209e+01 2.950415268127143875e+01 3.387152027137982913e+01 -2.849247985147245998e+01 2.796062201704122430e+01 -1.004480529665650401e+01 -1.930109044561779896e+01 -2.540358327357245116e+01 1.016968767670176810e+01 -1.917812035001283988e+01
1.825139490228092143e+01 2.309847274206261147e+01 2.082081697703879541e+01 6.072809797377904495e+00 3.396648860069168308e+01 -2.690751108494645649e+01 1.256207902599162907e+01 -8.875128142358184036e+00 -8.412683944650192203e-01 -1.701986761120468827e+01 5.318757911021704921e+00 -2.752699657958101653e+01
2.121154790897456621e+01 2.305002763875830496e+01 1.940105926598393182e+01 -5.035887074468726077e+00 2.366716733719140109e+01 -5.044250783160578067e+01 3.144960486221645368e+00 -1.643835870279523803e+01 -5.455164307054149120e+00 -2.908213604333064950e+01 2.139711549645762823e+00 -2.954055109131708079e+01
1.198860015064828666e+01 4.849049647067997171e+01 2.612753925352196305e+01 1.031785120521025867e+01 2.873870773727704631e+01 -2.703074529369839141e+01 1.620544577877181780e+01 -9.678834646853433199e+00 -2.189258285275594407e+00 -1.772383962029338278e+01 -9.411651163600285308e-01 -2.267989410803529893e+01
5.744766280125578106e+00 2.048794787649153548e+01 5.461403538259899904e+01 2.186073143577941380e+01 4.099041789500844146e+01 -3.400900271640269068e+01 2.998704620685008138e+01 -1.408348942157747885e+01 -5.784630021808756517e+00 -2.334463983809758147e+01 1.446215164165164424e+01 -3.114006343940308597e+01
3.602874148085666306e+00 4.300326108684002691e+01 1.945737073069598466e+01 4.855023162457453800e+00 2.697222450213489964e+01 -2.166725279573620710e+01 1.263234683011397408e+01 -1.803117627969005099e+01 4.358923311471438744e-01 -2.906779235975241704e+01 2.612104495118632741e+00 -2.155757645976427739e+01
-3.470927522845844937e+00 3.418290400671190810e+01 1.951960387116804085e+01 4.384453514844649291e+00 2.332834541826860075e+01 -2.330484054107193970e+01 8.472456620173366204e+00 -1.854898605853160376e+01 -8.461654033232138161e+00 -2.220816285593883066e+01 -3.024280249571489776e+00 -2.666839622327891135e+01
-3.071449434540134860e+01 2.625683323248211209e+01 3.422396021930201471e+01 2.942632721284294206e+00 4.053765588298648481e+01 -2.385077004163705539e+01 2.423094481292650926e+01 -1.193160148822507871e+01 9.822820519017280705e-02 -2.993397647780101423e+01 -2.154753341567531955e+00 -2.647077459270035149e+01
-3.673025420555364207e+01 1.646825504136947416e+01 1.910663231122997985e+01 -1.459482494268033292e+01 2.837768941048889815e+01 -3.804089442365180673e+01 1.221644376264326048e+01 -2.909346084460515414e+01 5.847598810326906094e-01 -2.557276985598289443e+01 8.805873617367954154e+00 -3.192160438952979717e+01
-4.973152041630848430e+01 5.950268039562724098e+00 6.394838019240554949e+00 -2.310942614479797186e+01 3.496261842107060147e+01 -1.529582715921720037e+01 2.561974571168577341e+01 -1.276426539419908934e+01 8.473511022897781686e+00 -3.050902318055813822e+01 -9.426694774762614415e+00 -3.626399249197163499e+01
-5.370866376549606969e+01 1.173125233572256576e+01 9.811551217799092228e+00 -1.046779362762732291e+01 4.457271944602987901e+01 -5.979463991680633583e+00 2.968783858918783380e+01 -1.246843277983312248e+01 -3.891812401258724741e+00 -2.419238291585417855e+01 2.168258223875239921e+00 -3.010264490919568559e+01
-5.062289731471939547e+01 2.924591699158548863e+01 2.270559545951545743e+01 7.427912768856606007e-01 4.994728649224126116e+01 -2.189561587526248587e+01 2.286357237147830546e+01 -7.588601923981235231e+00 7.322303737589381356e+00 -2.383413479755899900e+01 1.190259112480033288e+01 -3.217405520104316707e+01
-5.329485419339690111e+01 2.077599986676285226e+01 7.190191288624786736e+00 -1.752278319426030606e+01 3.410845178687254986e+01 -1.059372528611871900e+01 2.288881685119282139e+01 -1.281019798472110161e+01 4.297833845196636915e+00 -1.274409622741370995e+01 2.420940503507194563e+01 -1.364290090105174613e+01
-6.121997780063878736e+01 -2.884343076432524522e-01 4.504527634481161336e+00 -1.926464835620045335e+01 3.358007573974333582e+01 -2.052743065731819883e+01 2.484438807514231229e+01 -1.035322175215108587e+01 9.509523182512232609e+00 -2.346879599219138157e+01 2.407280370110323808e+00 -2.116262445927430491e+01
-6.995399817448699764e+01 2.774329327853952254e+00 1.712073278083143579e+00 -7.008884680177282611e+00 4.146645304407918786e+01 -1.692080308188097604e+01 2.063877777855930873e+01 -6.968749823761880791e+00 1.439034876659544082e+01 -2.018524170137241924e+01 1.634788053240922068e+01 -1.582577391284906376e+01
-6.924986366096352697e+01 4.705049916550256839e+00 7.046000031530645025e+00 -1.788041928607716002e+01 3.197528083909896424e+01 -1.163448244841653079e+01 2.052876913627899924e+01 -1.626372288536069277e+01 6.312106509196603099e+00 -1.128897137902053593e+01 2.469936767950539291e+01 -9.602541532388118029e+00
-7.512870882194920341e+01 6.042093196227357410e+00 4.515032593774168213e+00 -1.020104778887021801e+01 3.877069869172679262e+01 -9.458058692259315947e+00 3.112089428626774890e+01 1.029252584833960071e+01 2.637602610316707796e+01 -8.402951574303729743e-02 2.826754216091951122e+01 -1.358153493452104499e+01
-5.925944150737537086e+01 1.006358158859727681e+01 -5.070172862441953754e+00 -2.934489969680613441e+01 3.323000371479412252e+01 -1.805379758751193364e+01 3.134825786675975223e+01 -1.473810427161269843e+01 5.148566706237508228e+00 -2.212620456908740962e+01 1.288028100075082705e+01 -4.282983971172555471e+00
-6.394306457561913248e+01 2.404147640623655047e+00 -4.214698354823314119e+00 -2.250372856217618533e+01 3.603440659038898275e+01 -1.356558853448548696e+01 3.077065663619299585e+01 2.052283929863550682e+00 2.327402207847497451e+01 -1.685798135165173051e+01 1.705733405288097515e+01 -1.484238177622494703e+01
-6.703378783229888427e+01 3.994947175912605619e+00 2.830251415512912594e+00 -1.735513633905338082e+01 2.578692475248783467e+01 -1.320992869834632977e+01 2.454735695976433618e+01 -1.416736688322417059e+01 1.608368566766680274e+01 -7.633271447929466547e+00 1.161920018039850255e+01 -1.488261462396571488e+01
-5.487249115123510990e+01 8.713847928360916484e+00 -2.139232704955710496e+00 -1.363914826272123193e+01 4.490685131615062886e+01 -1.252068956591537763e+01 1.860511304989956471e+01 -1.271241261624484586e+01 1.435328572314217332e+01 -1.654565532376899739e+01 1.252242780938087918e+01 -1.146740287711843109e+01
-6.373588198768027269e+01 -6.840866737163933564e+00 -8.445949187955214654e+00 -2.235272480288145402e+01 2.764397933319595779e+01 -3.006815969802614319e+01 2.737536321756118696e+01 -1.595949306255251088e+01 5.548531916834709143e+00 -1.135833177761821133e+01 1.401325921313257616e+01 -1.531424354088931139e+01
