-8.436424181394642119e+00 6.364624890254913936e+01 1.169770494892378565e+01 -3.339266385956609184e+01 -1.016659991167507684e+02 -6.489354906633991504e+00 -6.189640592713705303e+01 -5.763443714116331762e+01 -2.531791237017360174e+01 -2.057172195275729365e+01 -1.321600606720024729e+01 -3.131052859010630485e+01
8.116286250136308666e+00 6.692260233884201170e+01 3.126706668347194551e+01 -2.099052715145558778e+01 -9.119051211105401933e+01 -1.875003491504855901e+00 -4.151351873524733094e+01 -5.112080449675097782e+01 -5.199714436991619948e+00 -4.492270809553609467e+00 -2.072984117458877229e+00 -2.073858914761490979e+01
1.912608957244578800e+00 3.313256136505773952e+01 2.602907211917564112e+01 -8.837378289226379025e+00 -9.009993108579436694e+01 -3.939697531562038080e+01 -3.674383309083764715e+01 -4.271887152982316138e+01 -2.011838155495730263e+01 -1.247971963001384310e+01 -2.491969368253599271e-01 -2.400021927502574925e+01
-4.942490045361070372e+01 -1.549809508355204102e+01 4.753517926807310801e+01 7.705553144372431440e+00 -1.047163431443759691e+02 -4.555060101074137435e+01 -2.639965516867713902e+01 -3.364511986780308916e+01 -4.455964057225641284e+01 -1.548467761325017733e+01 7.726276945544853447e+00 -2.403660105841808914e+01
-4.908548282861011103e+01 1.644595307425814212e+01 4.834570484879591845e+01 7.110976353170663344e+00 -7.875939782864283245e+01 -4.233154127774944442e+01 -1.755401671100211303e+01 -2.896534092505310554e+01 -1.691217735328409333e+01 -6.029353441046358064e+00 1.870250604897641011e+01 -7.640255262703414374e+00
-2.177731144213305470e+01 3.766777900463647200e+01 2.997473675539918858e+01 -5.015465841530839519e+00 -6.677738091337457149e+01 -5.646388718479262536e+01 -2.761612199517033162e+01 -2.112736928378841128e+01 -7.620336950847184099e+00 -1.278145195606484208e+01 1.179993379877510051e+01 -1.560279416784156936e+01
-1.242917610986446064e+01 2.989087571831402457e+01 2.268226528640336426e+01 -4.063110327799460464e+00 -5.532549580473114048e+01 -5.304236076440490422e+01 -3.031709991531263171e+01 -2.402010104753194852e+01 -1.178665949892562637e+01 4.667686130931691046e+00 2.598109336458384178e+01 -1.921756560354530308e+01
-1.890893774981176634e+01 3.158980362908603112e+01 2.691734535665128192e+01 -5.431810776584033107e+00 -5.410238367997980902e+01 -4.774847360622640480e+01 -2.399260325808572958e+01 -4.251203244304340245e+01 1.073415881626944346e+00 -1.836110456045875416e+00 2.625689121679861771e+01 -2.756608580059528357e+00
-9.474803267506109350e+00 3.783564102024278952e+01 2.290146387330090860e+01 -1.489871827298729556e+01 -4.713723882018967970e+01 -4.051652892014379859e+01 -1.510825041672421598e+01 -3.522344776990392745e+01 -1.203590507740934612e+01 -1.823065902503408608e+00 5.581337869646658234e+00 6.206135037988625314e+00
-1.623531258586999826e+01 3.449107735368301775e+01 2.045690360448577394e+01 -2.937695206899547529e+01 -6.081194796674866154e+01 -4.776552995889760211e+01 -1.806040828962819944e+01 -3.126521681640673833e+01 -1.500846640462204107e+01 -8.738189785083642747e+00 3.058745198863522141e+00 3.075183085317029885e+00
-2.630470121808701123e+01 2.462623106562813291e+01 5.714907837502574139e+00 -2.735682340942510393e+01 -5.657679214800294432e+01 -4.958493842592553591e+01 -2.152882910787702997e+01 -4.768399511444287953e+01 -2.547095451441408542e+01 -2.069186979023869810e+01 5.454479876832898810e+00 9.421494822453196250e+00
-3.524966448080053283e+01 2.574024048420030297e+01 -2.829862495853028292e+00 -1.384727488182861777e+01 -3.556985872474563593e+01 -4.225907635892498604e+01 -9.670640099735056339e+00 -2.357631065627762368e+01 -8.965853570782572390e+00 -9.834017950652073736e+00 1.186930723913200225e+01 -5.621661188621314587e+00
-3.229149845811437558e+01 2.761250783724306856e+01 -2.578398951578103038e+01 -2.713071145286254549e+01 -3.221192763115401902e+01 -3.961893121597330492e+01 -1.271361608587053382e+00 -1.947303460021048949e+01 -1.632199377281993335e+01 -1.750168423994570688e+01 6.942211750742384169e+00 -1.443845743507699630e+01
-3.613294833386492400e+01 1.993327790892256246e+01 -3.417820076150896824e+01 -3.585747071516652795e+01 -4.843561815539238324e+01 -4.902269497173005419e+01 2.861858105680531450e-01 -1.247454692855051839e+01 -1.165020975570492290e+01 -1.883563313505583636e+01 6.590567282346995626e+00 7.760427470546474638e+00
-2.992227102186192411e+01 1.991438101844833497e+01 -1.971896304341692030e+01 -3.432937434542458277e+01 -5.388717526159338433e+01 -4.238704362079711530e+01 5.999460721701555421e+00 9.987195948950340352e-01 -3.484828326647541274e+00 -1.353532958296745647e+01 1.353457075956615130e+00 3.997362674709424191e+00
-3.662738137719478004e+01 1.269913237119013871e+01 -2.010132542852110760e+01 -3.722465414276621232e+01 -4.140691103204576962e+01 -4.136444368133900440e+01 -2.018070104463179248e+00 5.166892636385047588e+00 -5.048208822731586665e+00 -6.958666234792595162e+00 -7.199149035476340330e+00 5.669705192726221199e+00
-3.252870587561604765e+01 2.106543711071866198e+01 -2.340518636201068858e+01 -3.645182873372838372e+01 -3.118181199178811269e+01 -4.935250879309151628e+01 4.527253582650008212e+00 -1.122385750605603683e+01 -6.051918777677130379e+00 1.116285093311700560e+00 -1.877514305869553368e+00 1.024273063779738635e+01
-3.574695120253645797e+01 1.074439512219966986e+01 -3.063079841424782757e+01 -3.854953207853151298e+01 -3.012423460945322873e+01 -3.189122451941452141e+01 1.779313028208991954e+00 -1.786364871234236773e+01 6.839462924520246290e+00 4.053100569613659054e+00 -6.561579480959514044e-01 1.840179693385593396e+01
-7.575342331361711956e+01 -3.922723696959128148e+01 -3.411872498505364604e+01 -3.056152145939740450e+01 -5.449077453020879602e+01 -3.846747029727826828e+01 2.510740374515129503e+01 -1.934663266442099427e+01 -1.263382221981769149e+01 7.040618047854084516e+00 1.548885693856025014e+01 1.756510336367581004e+01
-7.909280391267375876e+01 -4.197723676798133852e+01 -1.578735763245316548e+01 -2.648706043549100286e+01 -6.966636106332012446e+01 -4.840607088278422054e+01 2.622947002112294257e+01 -1.236636473737369712e+01 -2.056946822031591893e+01 1.027188472274818842e+01 2.126448705865238153e+01 6.190262714552735801e+00
-5.564179302752708622e+01 -2.735450323817814322e+01 -3.376189108312998854e+01 -3.859392990722028571e+01 -5.417285295039145865e+01 -3.411663207939316322e+01 2.888660610107453408e+01 -1.431705879014729987e+01 -1.190551803812970633e+01 -3.145571916642654120e+00 1.896944180607339092e+01 1.883296000170950890e+01
-5.552703903753454284e+01 -3.576024835954748937e+01 -3.616084845943838388e+01 -3.737214680649501020e+01 -3.693953478974647453e+01 -1.506111767934599044e+01 3.857882173120339075e+01 -1.035579753312542728e+01 -1.065364051805284618e+01 -6.801384643717169887e+00 7.864894306191724027e+00 9.043623671193225633e+00
-4.531914065438915884e+01 -4.986266853700016810e+01 -5.178296580864346765e+01 -4.895031890324941060e+01 -3.529478863191516780e+01 -7.351337924358126941e+00 3.551623573558707392e+01 -9.718808307138750990e+00 -2.516435037972513555e+00 1.082719451236526353e+00 -2.848374655015727619e+00 6.093669403899587778e+00
-3.702513916995735599e+01 -4.498662315586874172e+01 -5.223590720314511771e+01 -4.368263201322449163e+01 -3.126075342029400872e+01 7.610785303987139372e+00 3.949810015636592198e+01 -7.573823302577418204e+00 -3.132368323602840565e+00 -1.057151386559194162e+00 2.679984803412792438e+00 1.185317966141817969e+01
-4.018670681950439416e+01 -4.070588808145667770e+01 -5.382269684495874174e+01 -5.138460910569595086e+01 -3.014246405042676713e+01 5.952078567309001755e+00 2.006304463000584093e+01 -1.044108867441601873e+01 -1.057641450044775766e+01 -5.325258863180515334e+00 1.147473307140255194e+00 1.585786785045596936e+01
-5.646625726663209832e+01 -4.819747674283253502e+01 -3.958006446718287918e+01 -4.074940838421379397e+01 -4.834572748571314094e+01 -1.122156485482746113e+01 9.493303725622126876e+00 -1.391740127739814170e+01 -8.410307666355411271e+00 -3.317011119870349134e+00 -2.710589799785030785e+00 1.145747908631648038e+01
-4.707371700663108527e+01 -3.162836511098930359e+01 -3.731316554780229211e+01 -4.168819813976757871e+01 -3.960916424108228284e+01 3.542142301642744240e+00 2.142461408430986580e+01 -2.372426271792411168e+00 -2.892997463634451538e+00 -7.011351939397451716e+00 4.001598444562496582e+00 1.366847048380143903e+01
-6.302235698159536526e+01 -3.026844858448543363e+01 -2.882880716071161231e+01 -3.648953742541495160e+01 -1.963733551988169168e+01 -2.171922539579129730e+00 -2.618054587478056749e+00 -7.249998351608972769e+00 -5.217115081465622417e+00 -1.032765724250042894e+01 -7.656041159635156745e+00 9.522840204332707614e+00
-7.364314556587740412e+01 -4.189084888068666856e+01 -4.083550280567803270e+01 -3.195670544424782022e+01 -1.043677930744815185e+01 8.768743799692547469e+00 4.223475275921233063e+00 -8.373288085589766894e+00 1.093169998515714525e+01 -1.239474951626947430e+01 -1.063894377853933548e+01 4.671576101128022351e+00
-6.667690265235660263e+01 -4.480458642790885904e+01 -4.338650087409956768e+01 -4.004567981401358168e+01 -1.807713491183362464e+01 5.748282095862252916e+00 7.717232028558451695e+00 -2.467901812865578304e+00 7.078314588840216359e+00 -7.044361830294261217e+00 -3.443853328922879875e+00 1.047774389433095976e+01
-6.503668448308043537e+01 -4.160669351243583236e+01 -4.789465544664173535e+01 -3.521042439303720784e+01 -1.361934931958099249e+01 5.143304742988165756e+00 1.059983727463097480e+01 -5.328779706620694334e+00 8.337307967381861751e-01 -1.263408400486275873e+01 -1.112910838425929150e+01 8.664186551564462491e+00
-5.725576825362516331e+01 -3.832692250118762445e+01 -5.028453071977446598e+01 -4.245140335342228610e+01 -1.629994743637786669e+01 -1.154678691217680297e+00 1.368654790218316464e+01 -1.220117887329543649e+01 1.584972215912705984e+00 -1.477435176796992167e+01 -8.365833698404959051e+00 -5.586380073933699286e+00
-7.488013657792885169e+01 -4.462043125400390409e+01 -5.271136113581619753e+01 -3.041361482611520017e+01 -5.528596080599690321e-01 1.318498977266892780e+01 1.667424631224672282e+01 -1.804489933283020875e+01 -7.425494140476988747e+00 -1.066507055781283952e+01 -1.016102954537882574e+01 1.093610925559946523e+01
-8.142688002890452026e+01 -5.233219700114466377e+01 -4.337831349006307136e+01 -3.007976928066689482e+01 -9.143343544596108652e-01 1.696540717824912292e+01 1.717608797331295634e+01 -1.533056153770774444e+01 -5.279422025765390991e+00 -1.611915718977689949e+01 -1.512408802342544512e+01 1.014759671373730399e+01
-8.132721043702110819e+01 -3.564497554912964006e+01 -4.458307967973664176e+01 -3.256745437586411640e+01 -2.132730027988902677e+01 4.485865616773859976e+00 3.053792045829553992e+00 -2.396380204073629727e+01 -1.211958305027854088e+01 -9.160861074962850736e+00 -3.219419563944462048e+00 1.271656857551148434e+01
-6.676779113541473976e+01 -2.141267616741962954e+01 -4.162544685511224429e+01 -2.730629862594908275e+01 -1.754336032965127856e+01 1.177729657435084931e+01 1.416963180902498820e+01 -1.284636747593398454e+01 -3.913541418712993547e-01 -8.034544477562711506e+00 -2.427335287869056657e+01 7.839270153559151133e+00
-9.054373382159265304e+01 -3.169990803677665880e+01 -2.648074007006012920e+01 -2.211611939465876020e+01 -1.810200317080146704e+01 -5.277571606456666231e+00 1.393706773804121823e+01 -1.744572926316304162e+01 -5.541611854755220001e+00 2.011098835569433252e+00 -2.012595093764627663e+01 -3.723519622123922623e+00
-9.514308329300038736e+01 -4.206631894716400666e+01 -1.499999960047471248e+01 -1.087224484208278241e+01 -3.437862900134157407e+00 1.339150782894795455e+01 1.551250099609283595e+01 -1.356398442666346327e+01 2.646772604639008097e+00 -9.007543539574466962e+00 -2.052880998709958860e+01 -5.531639088212106259e+00
-8.269550619890746646e+01 -4.250372326905267073e+01 -2.043993457069525022e+01 -6.631605304454497585e+00 9.198850692169274978e+00 1.105076945284611156e+01 1.054151284986314074e+01 -9.444367208820654724e+00 8.974336488978986726e-01 -1.487591301868416593e+01 -1.158723329707573058e+01 1.117105044536117120e+01
-9.842163634502531977e+01 -5.238001774992909532e+01 -3.551770186264766949e+01 -1.947518816961269295e+01 4.972796098496236716e+00 1.119027602583462588e+01 8.660415281078288174e+00 -1.353101669874155100e+01 -1.150467278271562144e+00 -9.743431128192966639e+00 -1.622870371172668058e+01 9.748904374616579105e+00
-7.722938104125697123e+01 -4.200629520919264337e+01 -3.388917732646028469e+01 -3.036865313635093244e+01 -2.391233473984113544e+01 1.035416523351331541e+01 -3.041632166380225044e+00 -1.432839888650746119e+01 -5.537975730423065457e+00 -1.634927002269768082e+01 -9.126198864230117280e+00 8.551517879211649742e+00
-7.692346361175535208e+01 -3.194526473173178971e+01 -2.311649582729643271e+01 -2.557768958896084754e+01 -1.770009772420315386e+01 1.387745516964962000e+01 3.552753313137911206e+00 5.419360783316814256e+00 6.131150124038358129e+00 -9.931266857020842664e+00 -1.859610195041451419e+01 1.632538137138750756e+01
-7.035651549184559883e+01 -3.503680698681766614e+01 -2.643300516705469505e+01 -2.370357409667139592e+01 -5.675473676995800076e+00 2.995594082824653448e+00 7.106940476912196658e+00 -1.505588400448448994e+01 -1.010741704684788544e+01 -1.843290665886156887e+01 -2.576389557694038501e+01 1.840626726826182491e+01
-4.555576400318389574e+01 7.257777709006536959e+00 -2.126458218736460282e+01 -2.473640403369767427e+01 1.034396708557287159e+00 -1.032949532217162414e+01 -4.149197560262269491e+00 -3.692515400757439181e+01 -4.447182809285040506e+00 -3.393989640485195025e+01 -2.038677357124779022e+01 5.163330225766509685e+00
7.290254254115997590e+00 5.404993094588374447e+01 2.196243386746184001e+01 -7.317741437713674912e+00 -3.980943015232904614e+00 -4.827077442700696608e+00 -6.666413671383009998e+00 -3.967734700505748435e+01 -1.360990591948388229e+01 -3.446422396492840790e+01 -2.733662326072521154e+01 1.567455382073834613e-01
5.530944305300805297e+01 7.995426955764807531e+01 3.028392648470073567e+01 -2.103609786052768982e+01 -3.511924701932227322e+01 -3.696964336225642000e+01 -3.232044614156022533e+01 -5.631762441626726456e+01 -1.702778744229139463e+01 -3.528243004366114377e+01 -2.589286707054661107e+01 -9.325143679790008910e-01
9.204464976925996211e+01 7.686600841968277109e+01 3.080654276658967206e+01 -2.383969632439503883e+01 -5.528585709824493222e+01 -3.322188625440478660e+01 -1.013366236131018461e+01 -4.148736180955053499e+01 -3.478210667844126647e+01 -4.387798151744074460e+01 -2.711081617044850844e+01 2.852362286807891056e+00
9.140705680927277399e+01 6.320065853615818696e+01 1.923334955978337035e+01 -1.533151667968786924e+01 -6.296880411196995908e+01 -3.119778521379114977e+01 -9.736378128538710541e+00 -3.023777475607368714e+01 -2.875476020524075338e+01 -2.734228335445317626e+01 -2.290883152039240400e+01 -1.498596326486037356e+01
8.561027254700653089e+01 6.902503307068919014e+01 7.489059626105275314e+00 -2.380450014969793671e+01 -6.470457294573961349e+01 -2.384331506321291982e+01 -2.476573014297418496e-01 -2.181599645270179977e+01 -2.861886340478078949e+01 -3.867531516553562199e+01 -2.380139106615177980e+01 -1.229814843476470188e+01
8.085631955310962837e+01 7.581681387017877682e+01 -3.136542830920420855e+00 -3.289475505487629192e+01 -5.404666708339416914e+01 -3.393436103954280725e+01 -1.383763662701139374e+01 -2.429179304437256093e+01 -2.548065269560798285e+01 -3.185236857573575975e+01 -1.844488133224415449e+01 -2.270177475615308360e+00
8.041563790482450713e+01 9.203159271753629866e+01 -2.964887837283252559e+00 -2.539810610449685413e+01 -4.916923944938324098e+01 -3.310712193388981461e+01 -1.630537510238347565e+01 -2.228532057555157309e+01 -2.933404741731057541e+01 -4.397526617899387702e+01 -1.472794216465309347e+01 2.510301936475044293e+00
3.881233644768722968e+01 7.370350421777069982e+01 6.812444732861890451e+00 -1.998065361529972961e+01 -4.743290200067212226e+01 -2.254147105284928188e+01 -2.343565179306335011e+01 -2.654735017988801715e+01 -2.738204110047177409e+01 -5.102428895318849555e+01 -2.101326594160111583e+01 5.699699789508421155e+00
-3.044624246606865015e+01 6.746414804287093148e+01 3.899647887785220868e-01 -3.905835528008898905e+01 -4.882528062421228299e+01 7.283591884532956584e+00 -6.632610417525728508e+01 -9.854262309866971492e+00 -1.579884562478625831e+01 -3.013542039110644311e+01 -1.014593366044003631e+01 -2.498610240421582063e+01
-4.207461637381348396e+01 3.859881869686505240e+01 -1.669216292011408953e+01 -3.817330831784763490e+01 -5.520912749169692546e+01 -9.619313401821084852e+00 -8.177630991478753231e+01 -2.295545238432063329e+01 -2.931160920428425243e+01 -3.496024934425257413e+01 -1.315594567520832570e+01 -3.572546616475091241e+01
3.601728927479661024e+01 5.795854464294713182e+01 -3.339390362234119891e+01 -4.380298302063864924e+01 -5.615900487391376572e+01 -1.710802064853080040e+01 -6.220667307335321539e+01 -3.133033480965710282e+01 -3.388347864433437451e+01 -3.037055869632989413e+01 -3.365067812400384994e+00 -1.247370440970739480e+01
8.382018959226283528e+01 8.703716665060011337e+01 -5.307171284298071612e+01 -4.250164937042458746e+01 -5.219833706937560436e+01 -1.923326792048516509e+01 -4.852125662312754173e+01 -2.805626676182185264e+01 -4.049948231229986106e+01 -2.131192187657845594e+01 -3.904921409146377087e+00 4.392623608352241860e+00
1.013668767698378304e+02 8.752281250657600253e+01 -4.587292123781499242e+01 -4.017593006934033184e+01 -5.955918814041650933e+01 -2.114933414843305926e+01 -5.516661633431809264e+01 -1.924599936686588819e+01 -4.185047358899394965e+01 -2.199054673467399823e+01 8.602037599681054303e+00 2.273897264812035690e+00
1.024735019198450345e+02 9.381587782248274721e+01 -4.326897570435765772e+01 -3.014618846999606205e+01 -5.969561530476714495e+01 -1.473685725292111393e+01 -5.593468498805694367e+01 -2.294891640266293820e+01 -3.677632966196195241e+01 -1.910173920686376192e+01 8.281998453498900403e+00 6.511283367888926144e+00
1.103463369431230205e+02 1.039429262570212558e+02 -4.322988017143693185e+01 -2.577083769187931139e+01 -6.633134950188612322e+01 -2.231585540906826282e+01 -4.816884827925562718e+01 -2.433841461554487040e+01 -3.028627473984823126e+01 -1.953882228584813419e+01 -4.754811293473053091e+00 1.457780614995733437e+01
1.061713524127536914e+02 8.278030099724109903e+01 -4.196693641577427059e+01 -3.414081216365111260e+01 -6.706057744286906086e+01 -2.675241528763737620e+01 -4.524822742454331603e+01 -1.893815209583749137e+01 -4.219237325585406495e+01 -2.230412765837417766e+01 -1.436330572262832916e+01 1.214604202370253461e+01
1.157822691129244390e+02 9.409472757908611129e+01 -4.260050506319136332e+01 -4.563891251088264767e+01 -6.242284889459472907e+01 -2.153923085414442085e+01 -2.612075271720244984e+01 -1.262088925209013723e+01 -4.005011121785260286e+01 -2.142264139188657524e+01 -1.527438641301498379e+01 1.359843579271302971e+01
1.120553555918638722e+02 8.933275286671903359e+01 -4.371282081069378478e+01 -5.043068866649687720e+01 -5.822633184187085931e+01 -1.088470494935456401e+01 -2.277597369298564445e+01 -7.398315464555629717e+00 -3.255729462889996739e+01 -2.217777410692836781e+01 -5.215851234730545016e+00 1.086673598535034735e+01
1.161394986580688453e+02 7.931006378358949860e+01 -3.897455875172717299e+01 -5.219358765408445322e+01 -4.909020621129828754e+01 -1.425528397678730030e+01 -3.111893254822707533e+01 -1.651858292224809333e+01 -4.828578103159148327e+01 -2.465353318879835598e+01 -1.395901072032829537e+00 1.183721714656478241e+00
9.157254226478829651e+01 7.459962534737290696e+01 -4.572002448093985549e+01 -4.548358794623678136e+01 -4.569709046899272664e+01 -1.438716208122963991e+01 -5.314389938592333351e+01 -2.617229950115051551e+01 -5.669655040028060000e+01 -1.993279741888655821e+01 1.869207884182079482e+01 -2.760360784401305168e+00
7.879553365926366837e+01 7.280281292609703314e+01 -5.677693038515493384e+01 -3.495999124939291391e+01 -2.161247875232443860e+01 -1.572053017136961017e+01 -7.577236943967076854e+01 -2.304533512156991648e+01 -4.551423894406430293e+01 -2.191486346239346350e-01 1.577943741055737092e+01 -2.075460439967416804e+01
5.725222814025075024e+01 3.748953622894417492e+01 -2.887235411316716949e+01 3.763386923894419311e+00 -3.554247494795136930e+01 -5.000798948434412239e+01 -6.874854951738549858e+01 -2.711979428216570120e+00 -3.364543864463753664e+01 -9.719535266494382597e+00 -7.390933977995167936e+00 -1.092220619875115162e+01
2.873807818060092956e+01 3.852022608578902663e+01 3.708913049935937511e+00 -1.038852473773367535e+01 -5.723849163520541339e+01 -5.671669014072316628e+01 -4.964839843336194036e+01 1.136158184960238415e+01 -5.706616164776006883e+01 -1.974947987551676576e+01 -8.470779935998795196e+00 -1.757517761917397081e+01
2.865041633999596371e+01 5.322384928553078964e+01 1.436638731387844814e+01 -3.206693268362912619e+01 -4.400720412683682525e+01 -4.401336134727058891e+01 -3.332134487732764683e+01 1.034691802211375133e+00 -6.446093695357572528e+01 -7.961291945151481642e+00 4.617455626040767314e-02 -2.847592985564450885e+01
2.320822952370857450e+01 5.038289970746350832e+01 1.364663319691652532e+01 -4.374828980732183936e+01 -4.333381122927504947e+01 -3.614111025107817454e+01 -2.628227075946935543e+01 -2.730974849434340879e+00 -5.184143467823516005e+01 -1.451133978227023924e+01 -2.094383012229736885e+00 -1.676968148062201536e+01
1.069371154428733561e+01 6.444062047324044329e+01 1.126680871107056703e+01 -5.010131896532371343e+01 -1.981805347767114256e+01 -4.442280628949105648e+01 -3.977577522913911423e+01 -1.227828319900380549e+01 -3.748864958297841810e+01 -6.529183842105016566e+00 -2.096487733400052633e+01 -1.815319503947235802e+01
-1.720083807317572067e+01 7.908484237967402919e+01 -9.803067355732668631e+00 -4.998296210084562574e+01 -2.081461465722023974e+01 -5.647113949788388254e+01 -3.443737382993038665e+01 -1.758410778191322166e+01 -3.418228739347030398e+01 -7.442986052338302017e+00 -2.469051402807760098e+01 -1.044362777670730935e-01
-5.509752686895198792e+01 9.843235210980932948e+01 -2.928418474279403227e+01 -3.956958977587387949e+01 -1.690772974524992733e+01 -4.582495040839901179e+01 -2.742991005236092761e+01 -2.447451507846922425e+01 -3.285416928333263087e+01 -1.438195342388688402e+01 -2.414827378950851866e+01 6.969768632777791240e+00
-6.324070263406942161e+01 1.161608240233980496e+02 -4.750424442465871522e+01 -2.943079822913117383e+01 -3.101736019727175275e+01 -3.898798881716311371e+01 -3.467693407907801628e+01 -2.482703319130202857e+01 -3.350889304117994527e+01 -2.558495991588772611e+01 -3.133742378972500831e+01 4.698254099511634863e+00
-9.615849917776955635e+01 1.282341907733143671e+02 -4.027805223162307158e+01 -3.471701314923669202e+01 -3.607282024228172190e+01 -3.645863924354365793e+01 -2.530009741386084343e+01 -6.815537221026565895e+00 -4.048521225290750181e+01 -1.140012902574791021e+01 -9.556904556389278937e+00 3.291092537509922256e+00
-1.379791561173217644e+02 1.317359405973339221e+02 -1.563025299598389495e+01 -4.934822119500310578e+01 -2.622838321754021251e+01 -2.073699822496022449e+01 -3.315688078230076030e+01 -9.980604855521702845e+00 -3.241498113979899642e+01 -1.007332020715524123e+01 2.886794034666121167e+00 5.210201800429388186e+00
-1.573107600068553324e+02 1.258177106177895581e+02 -4.581498865101943707e+00 -5.803544676079667397e+01 -4.175250670162199640e+01 -1.470207958299145901e+01 -2.447871827675298206e+01 -1.337421762431031880e+01 -2.834129148117925467e+01 -1.813448994220844668e+01 -1.305710807659312422e+01 2.458400747161260558e+00
-1.807613183156018124e+02 1.069866268602628168e+02 -7.325540977603548498e+00 -4.646898243826748853e+01 -4.275561413001260291e+01 -2.126091486290731325e+01 -3.047909178572755806e+01 -2.054349730757798653e+01 -3.232791387637999492e+01 -1.197813059881370101e+01 -4.536606091465325008e+00 4.476469869015934355e-01
-1.903300662527705356e+02 1.040832133063233869e+02 5.525225943373629711e+00 -3.896140404276218305e+01 -3.850666916952464902e+01 -2.570835711553778680e+01 -3.160265938184328149e+01 -1.818883346502760645e+01 -2.424476983255989637e+01 -7.307970037664901497e+00 -2.364407050558780199e+00 -2.446241557894033747e+00
-1.613605644773215886e+02 1.295023337734675692e+02 2.405305054679201504e+01 -2.984693893628267958e+01 -2.781067299086872424e+01 -1.872342154451736462e+01 -3.543130530981233051e+01 -2.697033020007135917e+01 -3.159939328503024569e+01 -1.451476274563525770e+01 -4.852127797540665810e+00 -5.221502162901384025e+00
-1.051197012528807591e+02 1.100839221891165209e+02 4.123718089895305638e+01 -4.047662048506069254e+01 -6.085965824241154110e+01 -3.578090751612178622e+01 -2.519322608278591957e+01 -2.917704606621846253e+01 -3.116512340715150486e+01 -1.811835524481830362e+01 -1.238121078825455079e+01 -4.219622878706806191e+00
-8.866094318058460999e+01 7.779888832460403592e+01 3.584174997865844148e+01 -5.622342863273254920e+01 -8.750929539592112860e+01 -4.808611246910540871e+01 -3.081475501993423549e+01 -3.341205029855588293e+01 -4.609316640954180855e+01 -2.337537221716622682e+01 -1.384481746185575446e+01 -1.789980826125594149e+01
-7.364910471074696829e+01 7.885488740930794904e+01 6.126879118793029022e+01 -4.733060228252122670e+01 -8.996580116131627847e+01 -3.300278206834974526e+01 -2.565526867234705577e+01 -1.249363353207182037e+01 -4.184147038647763850e+01 -1.748279391030285268e+01 4.253431733632669243e+00 -1.689796208379393505e+01
-6.783000390011235936e+01 7.125950857971150754e+01 5.783967660635856589e+01 -5.535773938274123651e+01 -8.839614228282911768e+01 -3.001816456367204466e+01 -3.229395286840801305e+01 -1.997759854606327323e+01 -3.845251443470203156e+01 -8.867828209522830463e+00 -1.237409670826323804e-01 -2.529612712109183903e+01
-5.789211238193681908e+01 7.568871247779199507e+01 4.876080880518024685e+01 -5.433044146939148078e+01 -9.208565667453044057e+01 -1.771147920243503648e+01 -3.196236169557095863e+01 -2.879701118273064608e+01 -4.464928069228768237e+01 -3.276062317918941424e+00 -1.066214601917579330e+01 -2.599708680906753600e+01
-4.802915732684923000e+01 8.610084576143188428e+01 4.081415907240894825e+01 -5.483032552795215508e+01 -9.162635423016915581e+01 -1.977728808822931228e+01 -2.690856366907678421e+01 -3.549639733443503076e+01 -4.117073587679227842e+01 6.409036549550173767e+00 -1.658693089915811925e+01 -2.039111045759382534e+01
-3.129124138787085485e+01 1.003612639074168840e+02 2.687293430610800371e+01 -5.311205286745864385e+01 -8.237802830168219259e+01 -2.221613672966260111e+01 -2.137378785297383743e+01 -4.341228733796452843e+01 -4.466558730450515213e+01 1.016229867500498685e+01 -1.888467022750367619e+01 -2.436774842794986284e+01
-1.841624907133570588e+01 9.753150980747329868e+01 1.128809887273984813e+01 -4.049959882896730079e+01 -5.113277647457573494e+01 -3.295750443865612311e+01 -2.521631770900012270e+01 -4.097846530451273850e+01 -5.554090684120835419e+01 -1.812576428266716944e+00 -1.551055086353075829e+01 -2.120207565690990847e+01
-3.111639109547520476e+01 8.995727073889878511e+01 1.967752985026644907e+01 -1.966465834459397755e+01 -5.227496241553629375e+01 -4.448829888345906625e+01 1.100164747103754004e-01 -2.805297345095655004e+01 -4.624668480114362978e+01 4.615121290076527050e-01 -1.018536634674796382e+01 -1.807154209389170063e+01
-2.478299321236624664e+01 8.725973502799527637e+01 5.642780301120249753e+00 -2.747026934185203828e+01 -5.779069654112886667e+01 -5.034462704337951777e+01 8.006198955248985172e+00 -3.607581360287991856e+01 -4.544365981937613697e+01 6.003304862949940812e-01 -1.070754503700080562e+01 -1.902565888663817617e+01
-2.303443807719278880e+01 8.571232203982836495e+01 7.784384084072113907e+00 -3.880979653708530464e+01 -6.364008002910954076e+01 -6.368491714308713370e+01 1.116004200316197270e+01 -1.704751167388857525e+01 -3.547664794908371277e+01 -1.034849084315883871e+01 -1.260195016489001318e+01 -2.119753068856048372e+01
-6.827156221218245946e+00 7.298711234895860400e+01 1.585625488774643621e+01 -3.442747601074911756e+01 -4.197210816994322613e+01 -5.392407527274645673e+01 2.035458380098463138e+00 -2.285422531279828462e+01 -3.301212249853690395e+01 -1.232620912620475018e+01 -1.720976368631433218e+01 -1.711286264280128933e+01
-8.412753281816813811e-01 5.827587647837113849e+01 2.675533690953960875e+00 -3.815653445796357346e+01 -3.680557588341221731e+01 -4.314191604722238083e+01 1.195555533625931588e-01 -1.406779767640042067e+01 -2.492767380726860083e+01 -2.297030391412533490e+01 -6.783604962487875589e+00 -1.353499380751698133e+01
-9.697803373730671694e+00 3.780744716217304813e+01 -1.551119114718352066e+01 -3.515999540271973700e+01 -3.884104313438174927e+01 -5.029052304453404076e+01 -7.842467041815581297e+00 -2.348670766682471367e+01 -3.821537472125383772e+01 -2.473857702618999710e+01 -2.180118829230602984e+01 -1.091653533786528207e+01
-1.641016588460083270e+01 -2.951888596227552597e+01 -3.559127508888909830e+01 -4.121105251184771667e+00 9.474797308858362577e-03 -5.005562015900200379e+01 -2.321327757973629957e+01 -7.847273854562676121e+00 -2.635362245973242779e+01 -1.817885226435561208e+01 -2.251126643503617331e+01 -1.959059966923823115e+00
-4.678538199176985302e+01 -6.167253994863426669e+01 -4.003905599995408693e+01 1.627089597991368652e+00 6.791428315233638546e-01 -6.300265228910953397e+01 -4.111802995867314792e+01 5.230104177562986401e-01 -1.564282277498594809e+01 -5.034554413439463083e+00 -4.481624431120530438e+00 5.436763186137596904e+00
-5.693899331633908645e+01 -6.480544121510877176e+01 -5.397823569773574093e+01 -9.497898096834861192e+00 -1.191865815376870508e+01 -6.782341383112138544e+01 -3.531466413255986936e+01 1.093693543369498045e+01 -9.175950873435344546e-01 -1.012593990519363274e+01 -1.811718909420711121e+00 -5.759530188257119043e+00
-4.647871278461549593e+01 -4.460881586834439361e+01 -3.348885084047595484e+01 -8.448123022125340498e+00 -7.930857414223151380e+00 -6.276339324994937385e+01 -3.308595260138743299e+01 9.562892934799705813e+00 7.632092524011350854e+00 -1.290201371999530267e+01 -8.076476631379339466e+00 -5.399007298510039021e+00
-6.084052706163716806e+01 -2.631448581328369585e+01 -1.442252729007945788e+01 -1.103040056809946456e+01 -1.725408255221463349e+01 -6.843983207454826356e+01 -3.226491247118003258e+01 1.528546771054787001e+01 2.469183130041044727e+00 -2.366388823789730367e+01 -2.328035049191787920e+01 -2.161305211367014145e+00
-7.120517258899360513e+01 -4.044801729970134829e+01 -2.649690283631342425e+01 -7.267655356943597766e+00 -2.313141175962488560e+01 -7.282474231062073500e+01 -4.011430074199435580e+01 -8.624811587901088927e+00 3.514403614697636513e-01 -2.359238283762611843e+01 -1.480707560600858841e+01 -5.990740520414227888e+00
-5.407979102846486796e+01 -3.554846636163453155e+01 -2.845330866782875745e+01 -5.238342581397333220e+00 -8.659135886009652339e+00 -6.186583287352599569e+01 -2.700866946988109518e+01 -5.470199691911636908e-01 1.100878815164959335e+00 -1.819693588653403893e+01 -1.914311859518489101e+01 7.714578474902964444e-01
-5.952164060466277817e+01 -4.572627626667992473e+01 -2.140911584317909089e+01 2.369452790245451190e+00 -1.837703960639721856e+00 -4.935685123677131259e+01 -2.284544987656517989e+01 -2.441990571279190281e+00 8.138985953065001056e+00 -1.774943855612306010e+01 -1.855464104647468204e+01 7.477943615324996074e+00
-5.262138238686947744e+01 -4.040731533338021109e+01 -1.389049455600967953e+01 -1.224341737636512129e+01 -1.136171036731802353e+01 -6.290522868528868372e+01 -1.452234868384239697e+01 3.140818904537234779e-02 1.084247902874189329e+01 -1.668415211253744701e+01 -2.022855656777993616e+01 -1.513492045246111140e+00
-4.505771180905814788e+01 -4.158687536869702228e+01 -2.690081506908158104e+01 -1.494675923243801741e+01 -8.718799109841873118e+00 -3.315259927073877577e+01 -1.079533493469706329e+01 4.756253990347902860e-01 -9.721402173858830764e-01 -2.583892596744635739e+01 -1.263696651738454690e+01 4.638962378409930309e+00
-4.414501640812380856e+01 -3.937989808492816479e+01 -4.747698532293072304e+01 -2.550480796054277022e+01 -1.093359563250812805e+01 -4.412967713528020397e+01 -4.267741811376566829e+00 1.028063877855509389e+01 1.689244808828881617e+01 -1.668000086177005059e+01 -2.119282970602513672e+01 1.372115937476825920e+01
-1.058720923307000703e+02 -8.409967020519431458e+01 2.891041035632019884e+01 -2.553999080745118277e+01 -5.412207180800197648e+01 -3.496504349501108777e+01 2.803496300646344963e+01 5.693367137070475259e-01 -1.541222889711436395e+01 -2.734587688517422954e+00 1.221986882378991446e+00 -2.465119401295687140e+01
-1.495103987064630076e+02 -9.622373976608943735e+01 3.705759404030671078e+01 -2.323673922148535098e+01 -6.684947588301757548e+01 -5.455573878551028599e+01 1.890990650267827533e+01 -1.914723429266817334e+01 -1.943945086428902158e+01 -6.169195753320027009e+00 4.008021425088495349e+00 -2.439572184508874031e+01
-1.133808243794041033e+02 -5.404410911380583826e+01 2.047573180711176377e+01 -2.663158767362585166e+01 -3.016610331561879477e+01 -1.520902804844181588e+01 4.552799510448203080e+00 9.660640019610099216e+00 -1.410052163464953523e+01 2.430501143271674547e+00 -2.592398325794059488e+00 -5.318614194901894798e+00
-1.780181607256564575e+02 -7.258148280498842553e+01 2.673178910325958668e+01 -2.936517695344338108e+01 -4.024107995763120016e+01 -3.544450872014226661e+01 -1.653177005597087401e+01 1.808878562982673088e+01 -2.346811882680802697e+01 -8.104298864885864262e+00 -1.677017238687813006e+01 -9.573222732460102691e+00
-1.218466624629766386e+02 -5.503790199652323167e+01 -5.818711511097045985e+00 -4.137258813462772622e+01 -3.292530451677530579e+01 -2.346026304192441714e+01 9.053202086039480179e+00 6.862893585231589988e+00 7.171259624095438490e+00 1.393833750587509801e+00 -2.197060992687021042e+00 2.105130577045093432e+00
-1.126240124340876605e+02 -5.242876776617957546e+01 -1.549470322958565660e+01 -3.598959180286331616e+01 -3.592965138611317144e+01 -2.454433437284054875e+01 2.016757871159778759e+01 -2.351730406016117492e+00 -3.231839586887250704e+00 -2.073736072730799407e+00 -6.086279334259363516e+00 -3.306128808492269755e+00
-1.014674905250191159e+02 -6.013192604115390338e+01 -2.294861890238087554e+01 -3.854426755905240753e+01 -3.827993334053867613e+01 -3.724269494179074513e+01 1.167364863256618435e+01 1.622831996740575100e+00 8.495756242040458872e+00 -6.468599606587469353e+00 -1.054232404340679530e+01 -9.292400210610326283e+00
-8.103227639464992649e+01 -5.461060899870294350e+01 -3.622524108811165888e+01 -3.350628233097413045e+01 -3.667112337722078053e+01 -3.885690033631198048e+01 1.713759466041683410e+01 1.337198460892132879e+01 -2.110578182172972994e-01 -1.480590349355264479e+01 -1.494136895448537672e+01 -1.453119460114685779e+01
-7.836441304649162021e+01 -6.923726255293459531e+01 -2.484536288348942890e+01 -2.323146909620353995e+01 -2.720082562628470768e+01 -2.593925809705209318e+01 1.175282821540616851e+01 1.635264786105718571e+01 -4.626031010225333251e-01 -3.020540383591541200e+01 -9.078243423251008082e+00 3.017242118523034922e+00
-7.174571121572415677e+01 -7.454110870281674295e+01 -2.470138095287558500e+01 -2.132994046891851525e+01 -2.108069481705624781e+01 -1.306638944998942975e+01 1.004105824842764427e+01 8.033914297351710587e+00 -1.271056336850375956e+01 -3.279736720130921412e+01 -2.468230698042805216e+01 1.554692713561863560e+00
-8.782776345757341119e+01 -6.703478413647414413e+01 -1.450407152237208663e+01 -1.051974657004972613e+01 -5.940032405046376418e+00 3.426647832364943635e+00 2.538783378821474646e+00 1.848947752833598912e+01 -2.129039689609093244e+01 -3.550142416563500092e+01 -2.245056596878483646e+01 -5.943472883439958387e+00
-8.147804663467513819e+01 -6.248777104713383324e+01 -5.181770024383832940e+00 -1.347859952817529283e+01 -4.375193006880267355e+00 -7.621349712784325270e+00 -6.663572400877385782e+00 2.070204809465641205e+01 -2.333711330248764426e+01 -4.950339907963297037e+01 -2.484192150403683286e+01 -5.802796740663356267e+00
-9.375571711378385942e+01 -7.444251428086809597e+01 -1.433648662913484140e+00 -2.286866950246003682e+01 -1.194184837374200470e+01 -7.268539167575015725e+00 -1.622283652103995610e+00 2.620259733926340573e+01 -1.179720092232553164e+01 -5.215537876759374569e+01 -5.325204832144070366e+00 -9.794291421525973540e-01
-9.558257172346020525e+01 -7.131497088874462520e+01 -3.389718768034028495e-01 -2.171303047463187852e+01 -4.876927516067712354e+00 -5.406516902734100682e+00 -6.264395522186630316e+00 3.393416358594978988e+01 -5.815803882494440913e+00 -5.102004081711086059e+01 -5.301064988365657982e+00 -6.601475187158211355e+00
-7.775106556080660880e+01 -6.443306887323709020e+01 -1.481018648619189193e+01 -1.766016153930126364e+01 -2.168307285590673317e+00 -1.394764000596719278e+01 -1.383637795814344784e+01 3.078614910711592501e+01 -1.081461780302870679e+01 -4.908271464447011567e+01 -1.099461009347268980e-01 5.541169117633520713e+00
-7.557962422346911069e+01 -6.488481141297020827e+01 -1.823124377092138104e+01 -2.476259596927394568e+01 -1.182431306840497243e+00 -1.370199665739199979e+01 -1.755601629998030333e+01 3.456662197582606666e+01 -9.176562997437908820e+00 -4.487395862787275291e+01 -2.908541173356508303e+00 3.673918602765180452e+00
-7.693474638241352181e+01 -6.459745971836156286e+01 -1.333347882363672099e+01 -2.235009911440013397e+01 -1.254221589041504714e+01 -3.520297350797902425e+01 -2.886373452986710930e+01 3.199862040357121273e+01 1.477004417219216936e+00 -3.415808127438351960e+01 1.925425104417286981e+00 -1.747564973486570139e+00
-7.765528359830932459e+01 -5.770940673609313620e+01 -8.753522313221630213e+00 -4.409435426297122262e+01 -2.470470005503165112e+01 -2.578435725826044234e+01 -1.500017557099296894e+01 3.854908860493898004e+01 3.626463757057832193e+00 -3.436190650056416018e+01 9.210451312999628826e+00 5.024011053601325827e+00
-7.983934128050748313e+01 -4.335985101994779001e+01 -1.250003003249356937e+01 -5.108150454092616144e+01 -2.631643612006697808e+01 -2.847162490034076043e+01 -3.739611280924133752e+00 4.250393176793888017e+01 3.061996773181713927e+00 -4.131537214992162887e+01 4.073361672973518921e-02 9.222348222077279445e+00
-7.268026519887092718e+01 -3.204355827431066928e+01 -3.343683765433009825e+01 -4.383314041626925928e+01 -6.107104859585024137e+00 -2.581821867608185883e+01 5.911806039991877704e+00 3.365035855289670508e+01 3.954379825243792279e+00 -3.095920194290564353e+01 4.439620793393203257e+00 5.210069043563869684e+00
-6.702799734021039058e+01 -2.878108017360423787e+01 -4.801554587066161162e+01 -5.684302257767060240e+01 -3.613116750578274416e+00 -3.625997025888041492e+01 4.412764777389060811e+00 2.430957361268443861e+01 -3.076716466433457420e+00 -3.418654606500291493e+01 7.173762539473571564e-02 4.668461247746634513e+00
-6.822080805942621851e+01 -3.551512011467293917e+01 -3.935091827754906291e+01 -6.018672409540798185e+01 -2.055025180025079123e+01 -3.368192381512817235e+01 5.434495486529215214e+00 2.978009124526592188e+01 -1.476963379026055012e+00 -1.979299839354568036e+01 1.671624872070830037e+01 1.369295582665183630e+01
-7.128960486519605411e+01 -9.479792351449859211e+00 -3.131279086581371018e+01 -5.057987001198446819e+01 -3.666271407436755680e+01 -3.192726033074462677e+01 2.366512718546012195e+00 1.414668435967992188e+01 3.900569738222271265e+00 -1.303705649810707179e+01 1.624930579291708455e+01 7.990058685197505284e+00
-8.370391495409174354e+01 -1.676851366146438593e+01 -3.855507336366648730e+01 -4.706972057263975273e+01 -3.291770278118788440e+01 -2.630390182053778148e+01 -1.607820266135651543e+00 9.132358653571426288e+00 2.355746062601057123e+00 -7.444802134517072290e+00 1.034189355244363995e+01 1.268743820267338407e+01
-6.838572416579867763e+01 -2.318971023153142852e+01 -3.694508568311113095e+01 -3.653606134180652276e+01 -3.112713743653198506e+01 -2.555065564142428514e+01 1.407190644987267092e+00 7.650260841655805777e+00 -1.630390628068094205e+00 -1.445521094541209450e+01 6.195356622239847511e+00 1.727029762931035606e+01
