-1.203140253774436275e+02 1.442643541439330335e+01 -6.081633071515868849e+00 3.240191687847178059e+01 -5.357539543893791389e+00 2.380121112148062679e+01 1.316088249822109368e+00 -8.178944707623248433e+00 -3.500313617407665223e+00 -9.310483371754646242e+00 1.031906093458277240e+01 1.226184970504231408e+01
-1.111495656783180976e+02 2.411543581774068912e+01 -1.460576936179456631e+01 3.105070822779861572e+01 -1.514105035244933894e+01 1.431327689807738324e+01 3.064513200409895610e+00 4.680977452229648783e+00 1.609176689348724665e+01 5.901489763992193716e+00 2.041610845856809675e+01 1.171510097713157705e+01
-1.019116544853733615e+02 1.701012735217559424e+01 -1.706199420209555484e+01 2.353860352969554981e+01 -2.284876399367956168e+01 1.448537542382704757e+01 2.822087140390700633e+00 1.191734714836207232e+01 2.776566164626647293e+01 4.997669508481864753e+00 1.248131626800331162e+01 2.780937439799899380e+00
-1.910562818835422050e+01 -1.855511481646427763e+00 -4.954433262182170949e+00 2.740006062016200339e+00 -3.526556832431683830e+00 -2.409552359791737319e-01 3.603890434853082692e+00 -7.687209523781860732e+00 1.042216807387249666e+01 -7.224954857841381362e+00 1.939354972370737951e+00 1.199182239756586776e+00
-5.855004611231252909e+01 2.117151761922710484e+00 -3.670502181570489597e+01 -2.182647818822817953e+01 -2.832955913764259037e+01 2.868522471431791132e+01 -1.544920411621861156e+01 -1.015098646781969194e+01 5.863946785460569799e-01 -3.140810090284395528e+01 1.215190177474682187e+01 4.222028474949865995e+00
-3.346670341146911198e+01 4.908451161381004013e+00 -5.257151183982326614e+01 -8.509380412039426744e+00 -2.775026345021198537e+01 1.863360777208208674e+01 8.143571439013269853e+00 7.107590072318982877e+00 1.710205960842643691e+01 -4.844256184439085899e+00 1.016324433904008018e+01 -5.641531650239171469e+00
-3.075182071383100890e+01 3.269195389440361765e+01 -2.612773226972421980e+01 -8.394130122824854823e+00 -3.447614766592013069e+01 1.621048793677190503e+01 4.099293537358034811e+00 3.143164739554030085e+00 -2.636469021594313400e+00 -2.908710443367154141e+01 -8.081115263219825096e+00 -1.308844190446789213e+01
7.545144974503622848e+01 6.988213391843329703e+01 -1.148299274678935689e+01 -1.627476941655709908e+01 -4.448254049242463282e+01 -6.845354300413235116e+00 -1.218858180947269076e+01 1.929555831629923190e+01 9.313713131538374768e+00 -2.182651755878946886e+01 9.953060085658830047e+00 -1.909479956719827243e+01
8.071618222388764252e+01 2.168218901664363329e+01 -2.235301104612509704e+01 -2.394981737327987759e+01 -2.334977737284085464e+01 6.126814823352274564e-01 -1.009184879683837188e+00 1.325437098394342428e+01 1.383174485102518503e+00 -8.597702650226004550e+00 -2.036381370195501361e+00 -8.311576061573818563e+00
8.339087658388453406e+01 2.021565226279030725e+01 -3.036189477787785762e+01 -3.012964341491316844e+01 -2.599195596830814736e+01 -4.257166528745097267e+00 -9.742695635400259846e+00 2.055322204262624908e+00 -1.559200577655606779e+01 -1.524772296899635826e+01 4.591950813564819711e+00 -1.987171891357655262e+00
9.495159919408268934e+01 4.482903082260322947e+01 -4.257644678393440074e+01 -4.326631719297535028e+01 -4.331896537055447993e+01 -1.376732403740139166e+00 -1.800575151716525113e+01 8.001129367312703522e+00 -5.005919606576162195e+00 -2.633148046493527517e+01 1.754036082766437588e+01 4.216007462293575259e+00
9.259188596898590617e+01 2.730737088153494341e+01 -2.665842529055756671e+01 -2.187133638758924548e+01 -2.887291804757106206e+01 -3.292801867135192850e+00 -1.570310074134436817e+01 -2.240686566975109706e+00 -8.079101846500700290e+00 -2.069241523726910970e+01 9.805416670029373449e+00 -8.951192050336231887e-03
7.642615843887651295e+01 4.186347813558389674e+01 -1.652750168878877446e+01 -2.243233257721674789e+01 -3.884894576565609015e+01 -5.852490722868789241e+00 -2.015971850835682488e+01 -1.154738789329225312e+01 -6.806977641885423758e+00 -2.523116099831519676e+01 2.875898823904588042e+01 9.417935568113563249e+00
6.912068462979732431e+01 1.011817728035195785e+01 -2.743758818291442125e+01 -2.410116468824842073e+01 -3.408865985975459267e+01 -1.110611487212610804e+01 -2.491283511437956832e+01 -1.607187765652398070e+01 -1.034850222299212064e+01 -1.857879989225963868e+01 1.665152475136255639e-01 8.283286749072452437e+00
6.610364884670468655e+01 5.251905831865815344e+01 -2.871489590580562989e+01 -8.223966525398246574e+00 -4.442510664404795762e+01 -8.899752464946756092e+00 -2.699255376372096293e+01 -1.449345861331663343e+01 -8.396250094295746536e+00 -3.104387567062975606e+01 7.573254604048225147e+00 1.166899035654418704e+01
5.063942487091216549e+01 5.796210835212603740e+01 5.851400504380817935e+00 1.272030080622746340e+01 -1.806640071714428686e+01 1.154398875323753870e+01 -1.289129089745076406e+01 -3.255150318613294846e+00 4.204120008565243261e+00 -1.466832792989425727e+01 -2.552099965202581977e+00 -6.995707594195435419e+00
4.331832142740726965e+01 4.643782809212332552e+01 -1.710528214118385648e+01 1.892160561263222718e+01 -2.271540666252843721e+01 3.566618515998122962e+00 -5.884039429293956402e+00 -1.022833613757622118e+01 -1.824483333573317267e+00 -1.700654526214688289e+01 1.438361348617775537e+00 2.690658467360197648e+00
3.579245734226591225e+01 6.273418335161353809e+01 -2.171729504718947368e+01 9.654645902488132592e+00 -4.591782586709123848e+01 -2.462830323514702435e+00 -2.303570384212284772e+00 -9.649991629348335653e-01 4.712530128257435891e+00 -8.788439864997430462e+00 1.027790937608169664e+01 6.821562300811546464e+00
-1.435317405051944917e+01 5.244665663952368106e+01 -1.110750496729255410e+00 -1.288668919915858879e+01 -5.806509899349797621e+01 -8.113996198908505875e+00 -2.649468037164406198e+01 -2.694690193150469426e+01 -2.891712788866317752e+01 -4.060739359020971051e+01 -1.475655389310551868e+01 -1.182611306513169325e+01
-8.251507821054379122e+01 1.257869800167482666e+01 -2.687475589105565721e+00 -4.565885062161444630e+00 -1.910893937631706407e+01 3.334647803082081197e+01 -1.650273600639690130e+01 -8.356490367588326862e+00 -2.713784527878596808e+00 -4.398421635399716223e+01 2.370638874090487036e+01 -5.292539717896439733e+00
2.297098012909501108e+00 2.508487085259666571e+01 3.720943391004138334e+01 7.257809366087181857e+00 -1.348540766236503430e+01 3.895676826872235665e+01 -7.024790757197920676e+00 -3.027543113467509528e+01 -6.779734314256040228e+00 -4.283599102302117956e+01 3.168269664339639746e+01 2.720805740960077657e+00
3.443290426936412274e+01 5.069167783977492547e+01 1.274437337222907640e+00 -3.989393100100393941e+00 -2.661532792080269516e+01 1.264627895520972700e+01 -1.859179078225553639e+01 -3.687354058685387770e+01 -1.468531293877083854e+01 -4.542105757896452189e+01 1.090303564060086039e+01 3.754150783420739934e+00
1.234589817164912695e+01 5.632141714429168644e+01 2.118645788058089607e+01 -9.075917138565271713e+00 -2.537418818645567242e+01 2.804039822258209824e+01 -7.398331494316858326e+00 -1.671052353998798168e+01 -1.637273173090376588e+01 -4.431994857507854846e+01 9.955395811667859363e+00 -1.178009145817866532e+01
3.275948551429839029e+01 6.495839466713999855e+01 2.204416413253959917e+01 2.426976119434004886e+01 -2.970953080303183214e+01 2.648736271678950871e+01 4.249892358201993403e+00 -6.573143899487161157e+00 -7.681807500232563868e+00 -2.258522332590934312e+01 1.231642761454270385e+01 -3.022994618021610513e-01
-1.886121719978416422e+01 5.306622044293430918e+01 2.376535750942716874e+01 1.896111370467703239e+01 -1.173525873887494697e+01 3.509201749654727109e+01 -1.051946355914682485e+01 -4.849842800191261460e+00 6.400937454289122641e+00 -2.268727163825040805e+01 3.359960610148820592e+01 3.855193516237877205e+00
-2.911425858045258863e+01 6.095319598458019072e+01 1.278404032848155936e+01 2.313747465475160681e+01 -2.606788226506186845e+01 1.307558710789349377e+01 -1.468951475716392618e+00 -8.354502248104012097e+00 -1.350978264900027526e+01 -2.497529562023357030e+01 8.457043134101947857e+00 -2.130097955376736962e+00
-2.589107059561889912e+01 6.159854640565394845e+01 8.171537572616003331e+00 2.837711457139771198e+01 -2.324096091954188381e+01 2.226154787326911588e+01 -5.219407335734576492e+00 -7.220765582976572006e+00 -9.240496072982590903e+00 -3.297472593843704658e+01 6.460650643343765154e+00 -4.147734516447055597e+00
-4.863704289407772308e+01 4.145368244475025676e+01 -7.371556357546644733e+00 1.656481148931898062e+01 -2.927781520326034226e+01 3.220374678175866645e+00 -3.780554461198068594e+00 -2.909983487800619884e+00 -7.509164209287886749e+00 -3.028909973048128279e+01 9.717080273472845420e+00 1.952642184756128607e+00
-3.948213431231288695e+01 5.960044327932840957e+01 7.810128303256836269e+00 2.918088848790390699e+01 -2.694753877145906529e+01 3.984786052879095042e+00 -7.706940000578750727e+00 -6.997313279348580828e+00 6.078016290167788327e+00 -3.502702191536562371e+00 1.372109849881822896e+01 -8.420914949521142390e+00
5.745802801908835633e+00 4.914549807516740998e+01 -2.271968903767899661e+01 -2.050111669328434161e+01 -3.670845084491514854e+01 1.049114618092974816e+01 -1.682858914808199557e+01 -1.626426621366148240e+00 2.593659432456972525e+01 -2.619871259498985339e+01 1.896488553274539868e+01 -1.091670162506120789e+01
-4.414254149685152839e+00 5.352468217305136022e+01 -1.626239405153712525e+01 -5.076705816800594562e+01 -6.695564340188441577e+01 -5.334138844374900046e+00 -1.500650261028444277e+01 -1.366993133621254941e+01 3.002172340594202637e+01 -1.871296497094571620e+01 2.435758407885352028e+01 8.778753805902510976e+00
6.243911662403791141e+00 5.477869328144610250e+01 -1.480249873392736859e+01 -2.631171718830469075e+01 -4.856263891425840029e+01 8.279982884159768020e+00 -1.816725038631598466e+01 -4.636232416591473893e+00 1.617661239122955408e+01 -3.331057863863878055e+01 1.124098066049323386e+01 -3.381158954196843425e-01
5.048022106245220186e+01 8.327219446711924888e+01 1.883418308782133721e+01 -1.280771904038630638e+01 -3.460773554326441825e+01 2.122833913073556289e+01 -2.691666454265591568e+01 -1.350746198338487858e+01 6.782625701638401061e+00 -2.402795165267573196e+01 1.810402635594506648e+01 -1.922159718260504579e+00
5.741579313511243043e+01 5.081737616962735871e+01 4.938223590702421895e+00 -2.379162646684361704e+01 -1.101566431036121152e+01 7.448142683741370895e+00 -2.357928927725007640e+01 1.000551478904437985e+01 -2.393809117661187535e+00 -2.340706200465458764e+01 -1.599329350527305849e+00 -1.915343617521065411e+01
7.157629010684001969e+01 1.108912264206040987e+02 2.422035783840477308e+01 -3.175733682077998310e+01 -5.656326400777122387e+01 7.622401527054477377e+00 -1.164835123744765966e+01 1.379649740900485533e+00 1.827194302230267908e+01 -1.807779339903598981e+01 2.086311600319019988e+01 -7.299104787894982849e+00
7.699200595643102929e+01 1.023044048176894307e+02 4.133568099022672193e+00 -3.164885791020870442e+01 -5.151661301081717426e+01 -8.384743261227033173e+00 -2.779167477880045567e+01 1.449591331697861740e+01 3.581468410780539813e+01 -1.400821719223601569e+01 2.482021953474264819e+01 -6.230739498556422618e+00
7.579513222016355201e+01 6.031811280377471007e+01 8.549730858317492022e+00 -3.089814332776795425e+01 -4.267878396052955026e+01 -4.944026010503148605e+00 -3.905433897840391211e+01 6.328627486308243455e+00 1.852692295976824965e+01 -2.072542952532652549e+01 1.377420532474417314e+01 -7.437027446420399812e+00
5.692878814580676305e+01 4.788382665267135252e+01 -3.381536570866854774e+00 -3.184336274224879304e+01 -3.214561300563538992e+01 -9.257377206723631957e+00 -3.423590073234925057e+01 -4.854307404428726436e+00 2.068592362859139389e+00 -2.777397883712558269e+01 1.545480395010107522e+01 -1.090337378274003832e+01
6.599661618869467361e+01 5.265260792797457157e+01 1.689843376673593411e+00 -2.352281302085371095e+01 -3.374401777279815917e+01 9.125284030290504944e+00 -2.330912170281897033e+01 1.160832177023606704e+01 2.570070007345050200e+01 -1.868464655916311301e+01 1.602616162467436922e+01 -1.457861935757914651e+01
8.345163719104320421e+01 7.614064612289395484e+01 -4.391793749869161267e+00 -2.524393126058890857e+01 -2.059327895028191691e+01 1.881449745541311813e+01 -3.561245628157279697e+01 7.444273893611029536e+00 1.622805893604369842e+01 -3.068617227986609208e+01 2.949382506370372425e+01 5.637909991438339041e+00
6.242401569188982791e+01 8.024836969584913504e+01 -3.170534557980792645e+00 -5.766166288310841281e+01 -6.906621260607728630e+01 5.564989758815354293e+00 -4.647594318517414536e+01 -2.935614495374448296e+00 6.073143564937244498e+00 -4.621899709219412955e+01 2.707054689721511664e+01 -6.780504792003825720e+00
7.270928093378236667e+01 4.461749463927424131e+01 -1.699233315101066122e+00 -3.811052268087209427e+01 -4.186063124318003048e+01 4.331769677731921675e+00 -3.729699869047188798e+01 2.422972558954014755e+00 1.141121443732587970e+01 -3.637760818570849608e+01 2.365012107659874729e+01 -1.727216075309257803e+00
6.757640453170381534e+01 4.246590588287065771e+01 -1.068097204919260079e+01 -4.693350125351750535e+01 -4.401493874445381493e+01 6.387569321613774775e+00 -3.408137098763370432e+01 -2.373832276829312082e+00 -6.318644480606414593e-01 -3.692997655561583770e+01 1.093020232100700539e+01 -1.566191125768021664e+00
5.540955784937158057e+01 1.895629798451581394e+01 -2.000124532829470070e+01 -3.500313521622612711e+01 -2.437021632219725831e+01 1.386501771130809857e+00 -1.795856410246558355e+01 -5.890994719299852633e+00 -1.037832317119515579e+01 -2.045787584499269585e+01 7.694040961731172246e+00 -4.885252830883368702e+00
5.316305804840192195e+01 4.484699525476233362e+01 -1.538415291078092295e+01 -3.907815480206423331e+01 -2.222004353570692103e+01 2.573817284131973082e+00 -3.230318628896777966e+01 -1.826915253710050990e+01 -3.861031767987168628e+00 -2.274107261044548878e+01 1.415579691741868729e+01 2.381972166187792084e+01
4.688181232252510000e+01 5.723810040234391749e+01 -1.699199861094540154e+01 -3.486959172805599394e+01 -1.622131530498574392e+01 4.213586289195346168e+00 -2.592008431501753662e+01 -2.867065422822448539e+01 -1.972245099232245336e+00 -6.978242661176323303e+00 1.419637805571585076e+01 5.020458228431458281e+00
4.501173530033565129e+01 5.575188137613022121e+01 -6.584758141812517174e+00 -4.015781233391022553e-01 -8.646339611412470205e+00 2.977497542353645166e+00 -4.802617215824560759e+01 -2.614393790692544783e+01 7.089262652296724809e+00 -1.605689323015888803e+01 1.727598444173798242e+01 4.674596137413272956e+00
1.443192733655727444e+01 3.785832903632400814e+01 1.228126636861611054e+01 2.090512466312670981e+01 -2.333005404187509235e-01 9.969259744132349610e+00 -4.033858109927311375e+01 -1.693838427304127947e+01 1.631679200965272258e+01 -1.275583815730817960e+01 2.491259975790267589e+00 -1.666796063888426005e+01
-4.113585452397662046e+00 1.208069566542518558e+01 2.729671448963203062e+01 1.563090450340462745e+01 -1.499128737415007251e+01 1.301286613695741501e+01 -4.324554722984214550e+01 -2.360199858438200948e+01 1.513706444440768450e+01 -2.468858509036115834e+01 1.100745507495160425e+01 -1.096939558913103685e+00
-7.844092196078187840e+01 -1.432866763396370402e+01 4.861535046056479814e+01 -6.700614586178903487e+00 -2.801130932519684080e+01 1.682615284905143227e+01 -2.870803051504609371e+01 -2.243141163877718469e+01 1.735832909077741348e+01 -2.668886586741258071e+01 3.064722325983431084e+00 -1.077594365250910435e+01
-1.055505155117363358e+02 -3.089293534652380657e+01 1.986021352405322205e+01 -2.445968489332755524e+01 -3.022435152786002988e+01 1.482319089271651080e+01 -3.031688742433882311e+01 -2.385070427507208990e+01 1.000549572633252815e+01 -4.040216716480233572e+01 3.611555236731201379e+00 -1.771983736767636231e+01
-1.033670170089022520e+02 -2.016552681443256745e+01 5.284718209200745775e+01 -6.947322576517016124e+00 -2.921020300626949506e+01 2.104545384591244428e+01 -2.487490862899743860e+01 -1.817892805189965699e+01 1.561838570462830234e+01 -4.196894143204423244e+01 1.215414536706221149e+01 -6.281784861085018434e+00
-1.150586946049398875e+02 -1.516073455622010613e+01 4.514342124654414334e+01 -1.445586975781498573e+01 -3.450935288991219352e+01 1.682770777633435699e+01 -2.641154888498437003e+01 -2.323680589795668894e+01 1.264097692133964301e+01 -3.460387338315119621e+01 1.242327336587764819e+01 -5.175628913253834895e+00
-1.569612648509379937e+02 -3.874079848573884988e+01 5.342197857105093561e+01 -1.614086163640642368e+01 -2.523960290760223302e+01 2.804616496408059323e+00 -2.692373081711842531e+01 -1.847462986023035469e+01 -1.598647379234618970e+00 -3.351263103691347567e+01 -9.448981074764355448e-01 -1.413206836253028520e+01
-1.503637004085292119e+02 -4.799899184429240506e+01 4.757892397411416852e+01 -1.019224442457799285e+01 -3.176888022047736371e+01 3.126596882441019076e+00 -2.343893916656462295e+01 -4.752726684372142074e+00 -4.623162894447671256e+00 -4.720750442557482529e+01 1.353575070253309676e+01 8.503040002624594251e+00
-1.085322043269102039e+02 -3.460012163615131442e+01 5.199226689595603546e+01 -9.717737799328062920e+00 -1.630828305021870506e+01 2.065734186285364871e+01 -2.457992130322780611e+01 -3.966246236155776206e+00 1.254850442470851846e+01 -2.940527174017334744e+01 1.358805528662255568e+01 2.053293469101917346e+00
-1.376830121556210429e+02 -6.056480711853565424e+01 5.342259385095282198e+01 1.003317040072826316e+01 -3.860519031683237046e+01 2.867477934149420093e+01 -1.702723997550845780e+01 7.976429534406879185e-01 2.533055793415030266e+01 -3.822758073844357796e+01 2.302697536934450895e+01 -1.450513265978211841e+00
-1.357534978584536702e+02 -4.044959807410774033e+01 6.493872621504841902e+01 -3.262906999513266459e+00 -1.838304043590833459e+01 3.293376979980469343e+01 -7.707423731156061386e+00 -5.854777087632005994e-01 1.922798416069608152e+01 -4.111448136804092712e+01 8.304575482986694013e+00 3.088718284933951175e-01
-1.264297495299603895e+02 -4.475962255518598454e+01 6.370031418915080224e+01 -1.036408774547242118e+01 -2.506432243140895366e+01 3.977666050063499625e+01 -1.416208767462886797e+01 -1.293668794148435719e+00 1.619959277800199615e+01 -3.757842443756945983e+01 1.061573391024962909e+01 -5.962209729639335265e+00
-8.172745831269369887e+01 -2.179457951652220871e+01 6.099649533728005224e+01 -2.570120835975359341e+01 -1.362109321045504018e+01 3.309577386769074536e+01 -1.950600844018023139e+01 3.529195809786914939e+00 1.509344543600741417e+01 -2.468950661786315592e+01 5.203391212070702210e+00 1.326678238676704424e+00
-9.634334353604558032e+01 -4.001418590648940921e+01 3.976149666400202420e+01 -7.999638602727724646e+00 -3.000178529750941436e+01 3.029915588964908579e+01 -3.331150677379343961e+01 -2.952548681925623342e+01 2.872082879755342155e-01 -3.014210292198837848e+01 1.420330434458066549e+01 -1.636711038839610666e+01
-8.209916290133119787e+01 -3.035250924809261974e+01 1.373149796358688057e+01 2.246182502521002711e+00 -1.098851951225173451e+01 3.539260368088564235e+01 -3.624575134524278752e+01 -1.510073834243859636e+01 3.730705179762544565e-01 -4.245099030064136514e+01 1.958200457191846322e+00 -1.231699615792753200e+01
-8.484965488176901260e+01 -2.592206429717645477e+01 2.578705972373416699e+01 1.113049505988064070e+01 -3.039991346288856278e+01 2.132468564505386510e+01 -1.988059815439181932e+01 -1.035360160016474396e+01 -5.702683655912453631e+00 -2.918975968117803177e+01 1.017709704930386927e+01 -5.753668990699139840e+00
-1.255114905461046249e+01 1.694516234761566764e+01 2.844854207556577563e+01 -2.826664123080805946e-01 -3.696466779833259864e+01 1.554158003271964716e+01 -2.006686913384773163e+01 -2.729287468897812374e+00 3.978004713874170761e+00 -3.043942581845013962e+01 5.092488443289465039e+00 -1.169802993636820077e+01
2.564688814180975385e+01 5.264179611996241448e+01 6.038796034998714646e+01 3.168588614274070991e+01 -1.391463096418416434e+01 2.424435938548245417e+01 -1.446829813060781333e+01 -2.209272444083981046e+00 8.407434513782749974e+00 -2.955984917108711940e+01 1.237153694389593639e+01 -7.382471034670921917e+00
3.775814844402900405e+01 6.576310451268173551e+01 4.222530559881608525e+01 2.200400699632615442e+01 -1.318727896781569875e+01 2.285036242418173913e+01 -2.807691080728678301e+01 -5.617630671237555440e+00 2.988686741382713841e+00 -2.319752552908120080e+01 1.499946871522864988e+00 -3.826264690114828504e+00
5.041423476387602420e+01 6.036877137577010899e+01 2.862871812035259467e+01 4.637343027387057504e+00 -1.244469803926698859e+01 1.879350292489619534e+01 -2.006934622989857786e+01 -4.934206900175688304e+00 3.478295386478877482e+00 -2.907247926809446170e+01 9.604695365701987342e-01 -9.383917199643745377e+00
1.451883395723542947e+01 3.271041036496712451e+01 9.914886789862529248e-01 -8.758124029972025326e+00 -3.537990070281706068e+01 -1.249703015075514045e+01 -4.535093184420282597e+01 -2.826508618152215035e+01 -3.568725200852043145e+01 -5.811386857927551119e+01 -2.397486650469602409e+01 -4.173948538105762651e+01
5.086321629659694565e+01 7.073805373651821071e+01 2.374816206014523345e+01 1.893936443756252785e+01 -1.470790275867696195e+01 9.870125780244464408e+00 -2.542702774878057426e+01 -1.198940315228762188e+01 -8.177895045718681644e+00 -2.890345944327013683e+01 2.108638802829887915e+00 -1.322707798423747505e+01
3.430226292023640156e+01 5.790304421269658519e+01 4.108242057480630649e+01 2.195210587507478195e+01 -2.135540681765528603e+01 1.143676051057672183e+01 -1.740203052343758117e+01 -1.081667276343292983e+01 -1.448965731668459878e+00 -1.649007379628195480e+01 5.847011294832729078e-01 -2.924815048854092492e+00
4.071588880778197961e+01 7.821633453678312264e+01 3.056946477277111995e+01 1.090019787336454371e+01 -1.482410990308457066e+01 1.175301403366976771e+01 -3.716990183270819159e+01 3.607315759007136968e+00 4.455793998151746038e+00 -2.206662747523454726e+01 3.281436868439739918e+00 1.819128825616481038e+00
2.357216670136174486e+01 4.364070201614259048e+01 7.827164824244476904e+00 2.989692881579959938e+00 -1.399274496731718820e+01 3.729177840662295740e+00 -3.234321485266259799e+01 6.505408320795077692e+00 -1.510430097481699541e+00 -2.514825769613906914e+01 4.948399076010554509e+00 3.655734992229024982e+00
2.299465354224919267e+01 6.783346243718264645e+01 3.544026476476459209e+01 2.006679057394476828e+01 -8.159847527271319123e+00 -3.925344106956063506e+00 -2.909703701170332479e+01 1.952675413232278956e+01 9.643801358726932449e+00 -2.550923949561430959e+01 1.310267841673139699e+00 3.669062511244619795e+00
6.253210462442586604e+00 6.801997066401409597e+01 3.894556800469722191e+01 2.712295235751513189e+01 4.764912096163948618e+00 -3.764536219802461225e+00 -4.961263743670315307e+01 -3.454605729325634922e+00 -7.594140121735145854e+00 -3.258203033059101017e+01 5.966631503048425600e+00 -3.611836571678649355e-01
1.026218923538757366e+01 6.948610119290488285e+01 3.343121764421329090e+01 1.488277527142059675e+01 -1.758503590932672722e+01 -1.096547206024924570e+01 -4.520800001156582937e+01 2.937118447212831995e+00 -1.158272549892516068e+01 -4.809414058031731543e+01 3.184474010381410203e+00 -2.429623537935730049e-01
2.202246743721201838e+01 7.044829458426943347e+01 3.106202092697117934e+01 1.253389078361668219e+01 -6.120832940326501159e+00 2.430635664596389134e+00 -3.306614563552813735e+01 -4.762364915766408302e+00 -1.414953043698293378e+01 -3.281318729610584484e+01 -1.843559835187037255e+00 2.297958455209417661e+00
1.402961513960835305e+01 7.281228695850886368e+01 6.276336767107658687e+01 2.652146551137091279e+01 -1.596990048376784799e+01 -1.712418031670637220e+01 -3.450543631822866786e+01 9.243542391768386324e+00 1.070849347312301703e+01 -3.417966070925462674e+01 1.438479078712622083e+01 5.807467647094643581e+00
3.820443338425145186e+01 3.276909297714194480e+01 6.764076720406123400e+00 1.740176031077321994e+00 -1.901195533671037907e+01 2.722196031074394895e+00 -2.770866050645685164e+01 -7.235030910424361750e+00 6.723526698359360232e+00 -2.830899009159849555e+01 1.452737429578943029e-01 2.659242699275189636e+00
3.979883520847031519e+01 5.613176260733066414e+01 2.161640277504415053e+01 1.908563603957593813e+01 -5.964997564777857697e+00 2.449780773305947790e+00 -2.757852058692553143e+01 1.098850426453362772e+01 7.061966252835675917e+00 -3.255765327271809184e+01 2.075699546250777239e+00 1.088870629119469857e+00
1.769125459002523471e+01 7.680925825036794663e+01 4.146757916934322452e+01 4.909311978787655306e+01 -1.568626498186877072e+01 -1.920446571641711486e+01 -4.684663736344786855e+01 -1.109990563886247283e+00 -2.254710715881282024e+00 -4.497372663248908964e+01 4.482083691010305682e-01 -2.883110089998748293e+00
2.429108399693512155e+01 5.906002903122944048e+01 1.623129272137217072e+01 1.495649948232623316e+01 -1.235433885454417080e+01 -1.990937722887475303e+01 -4.578813859059081892e+01 -6.447792525114063089e+00 -7.675657625392602768e+00 -5.416664625453582005e+01 -6.098236403039670961e+00 -7.986924195084133871e+00
4.168560312881211161e+01 7.273886676065083634e+01 2.785106030525219012e+01 2.616424227524712620e+01 -1.048026820515136137e+01 -1.411312007967530757e+00 -3.091185699167012402e+01 7.782167078772133095e-01 1.797769711458317321e+00 -3.953659536120785134e+01 4.009222265892478987e+00 7.785801520612695370e+00
4.602867206898915242e+01 8.307323363293384944e+01 3.395519119203085978e+01 2.002034330096369530e+01 -2.321238521109914021e+00 -1.897389176838126801e+00 -3.454285171125331999e+01 3.288065975203550373e+00 9.014392576425489523e+00 -3.127202669799217460e+01 1.165717319903825100e+01 1.249614414682707508e+00
4.775386411345812121e+01 4.294726858847023721e+01 -6.856224197058423897e+00 1.049099395865343887e+01 -2.018758624792613787e+01 -1.099728593111745312e+00 -2.049046110485873839e+01 -8.641002303532911100e+00 -6.217151286425517398e-01 -2.024632676603959425e+01 -7.474339882890643771e+00 -6.781501790993299750e+00
5.168827458094115457e+01 5.614337557864907069e+01 6.812655394563879696e+00 2.558446254451410340e+01 -4.385020316228482429e+00 6.333321197093454202e+00 -4.067446810414296010e+00 1.878947003559247486e+00 -1.357331216813503438e+00 -1.999056195789232504e+01 -6.906911855009809642e-01 -5.484462842846657082e+00
4.386853359697875021e+01 6.973329766111515937e+01 3.217471692512983594e+00 2.795013848390703259e+01 -7.343531545420063367e-01 9.313503304359137758e+00 -1.163648334759742653e+01 -1.609884143275647439e+00 3.666639079072960161e+00 -2.251363458532657091e+01 -6.162696787155891087e+00 -1.106361627636550260e+01
3.516748045667677047e+01 7.321371091981632162e+01 3.993944419780270039e+00 3.808802089826309611e+01 -5.708989287658303269e+00 1.596592093341760688e+01 -4.887108844306639277e+00 -1.324673972470511885e+00 -2.364766399799977936e+00 -2.488533788637253963e+01 8.617955151502176836e-01 -9.373297076294072383e+00
1.664716161698574481e+01 8.130357795722554215e+01 7.979283371482246423e+00 4.474468139548976353e+01 -1.013995019847304846e+01 1.284028861820213585e+01 -2.632560513090432597e+00 -8.686808723022064527e+00 4.661150088981994344e+00 -1.680090735411328495e+01 7.206439724488579834e+00 -6.293041412834472936e+00
-1.214223781214654352e+01 6.703195295707308787e+01 1.207072637000121773e+01 4.620941920589908136e+01 4.947716515947021776e+00 2.658921823145350771e+01 -1.243927141683929261e+00 -7.210828402114311864e+00 -1.140238853390303397e+00 -1.370150156005922781e+01 4.318978088631332923e+00 -1.676144493099425148e+01
-1.990397156209487051e+01 7.271906566532878458e+01 7.699800885891864510e+00 3.761001852115894195e+01 -8.015202564649367645e+00 1.635301084338775368e+01 -8.723263131509387591e+00 -9.093762509241935632e+00 6.486496353095003720e+00 -1.894097182123542211e+01 1.776084941515331472e+00 -3.755987935475864514e+00
-3.444434922104821339e+01 6.202340994513548367e+01 7.245542859056397944e+00 5.749283605535131159e+01 7.102223902518916887e+00 8.331350624459716414e+00 -8.696842514157095749e+00 -2.510558483781911931e+00 1.596743967046311496e+00 -1.726013801092898703e+01 -4.635075993556950991e+00 -1.730809636849632938e+01
-4.312491186788498965e+01 6.269226993235571399e+01 -3.603304129153919177e-01 3.734684007757590507e+01 -1.163392895376171410e+01 8.532124727420161037e+00 4.653821810815967019e+00 -2.344031485946670212e+00 2.683767077001813384e+00 -1.767539225561787219e+01 -5.082129172406133932e+00 -9.224208491611699756e+00
-5.750063368471462866e+01 3.814054840115455391e+01 -8.040653957428300913e-02 3.820263548243070062e+01 -1.059464237198474379e+01 1.877552975485825826e+01 5.260428669047918504e+00 -4.817790024452113684e+00 3.537971051114356946e+00 -1.209364429922544382e+01 5.486492912113289044e+00 -6.256875379402227821e+00
-7.045660004380394525e+01 3.389317853605922437e+01 -2.485039447231842047e+01 2.631639070869479724e+01 -1.743656601023807440e+01 -3.619708473291889383e-01 -9.502109781125891885e+00 3.579754153402928907e+00 6.814062740192444956e+00 -1.570903878219972327e+01 -3.155882360163198896e+00 -1.262272121820656423e+01
-6.898214811344956843e+01 3.186615873658191234e+01 -1.561591995865174098e+01 2.507204106679127875e+01 -1.659516741378343951e+01 7.050810334133736923e+00 -1.116042016186339936e+01 -6.866806609944859474e+00 1.315242757795829398e+01 -3.741405642324183489e+00 -1.548862824605008459e+00 -1.016709527030710092e+01
-7.167569213791168181e+01 3.803048340134487404e+01 -6.070470188089850616e+00 3.819609011174025426e+01 -1.495815170551212248e+01 7.655282124173106162e+00 -1.530935136785995354e+00 -7.346975345125410506e-01 3.788038363506066819e+00 -1.434335324633557462e+01 -9.692167182736783904e-01 -1.091234295317421754e+01
-7.840280269635113086e+01 4.393737830414501389e+01 4.799260981946987137e+00 3.812702088594514294e+01 -7.274702552554301427e+00 1.796902766103706028e+01 3.296401002951741877e+00 -7.683643755233221739e+00 6.116816525260217574e+00 -1.339043320797414971e+01 4.852637461756614812e+00 -8.534422826473406776e-01
-8.886010102757273899e+01 3.461561076436737494e+01 -1.818183415790219826e+01 3.579660215644486243e+01 -1.677916842666923003e+01 1.996528189932814712e+01 -1.335765289897415276e+00 9.339058759585783243e-01 9.732267897585266780e+00 -2.405860782593097724e+01 9.367800959821414253e+00 3.459380761420092654e+00
-9.053251521698255999e+01 4.312125086482826930e+01 1.114163868271097080e+01 4.448926877916819933e+01 -1.381123615116213976e+01 1.463906405221547580e+01 -4.839523153264439159e+00 -7.370402380266359188e+00 -2.643971951616489235e+00 -2.586329314761001541e+01 -1.063061144477658981e+00 -8.491070539112893556e+00
-1.020832468187066269e+02 2.445072020803053192e+01 -1.964894795159191077e+01 3.611199327792589031e+01 -1.239796272384151976e+01 1.271605137646471917e+01 3.096334193745147179e+00 -2.781168372316469295e+00 8.381497880895089736e+00 -6.377221105257694589e+00 1.722808937029527954e+01 7.626365318889595457e+00
