9.563420863298580343e+01 -4.541150116979734719e+01 -7.151601335056010100e+01 4.467063376379154249e+01 1.791376877670778356e+00 -3.995212876555629400e+00 -3.066183816581614963e+01 2.130280090856514619e+01 -1.612780917916391132e+01 5.869865225750604765e+00 -1.357794144965836836e+01 7.980146527642025589e+00
3.464276106245630160e+01 -5.564600860427631090e+01 -5.840921156072870701e+01 1.997289016515822269e+01 1.174041188180328987e+01 1.612827979931401856e+01 -6.783673717390916735e+00 1.803744435105318900e+01 -3.178215069153381034e+00 -7.587995394230261370e-01 -2.273552185934935821e+01 -8.118772999080668740e+00
4.049701304210090314e+01 -9.952086691930495022e+01 -1.159371877872780061e+02 3.259790920598243247e+01 9.657064817165942117e+00 3.360255144119605575e+01 -1.961535795102223290e+01 2.615654762166059299e+01 -5.628962738983386949e+00 9.832663718905525485e+00 -2.340146487103521622e+01 2.425879116581657335e-01
2.439837651735304647e+01 -5.462751586361419243e+01 -5.564783637544274342e+01 2.100011251055849115e+01 1.034447284212462748e+01 1.208043472382379413e+01 -1.955946359432241621e+01 1.159441204843341566e+01 4.979506081480582935e+00 1.148595812696344964e+01 -1.969305615705404833e+01 -8.806183086022020490e+00
2.516602133023394572e+01 -6.127183287402102252e+01 -5.934545623701058048e+01 4.837262865467789652e+01 1.605245582469709831e+01 1.354333470951113583e+01 -3.229211014018252968e+01 1.372704731135566725e+01 1.529296132350337345e-01 1.184593234975136866e+01 -2.094795396396141030e+01 2.803422884153081274e+00
-4.588405488481868844e+01 -1.213308004903804544e+02 -1.007376532745846305e+02 3.165106905889657085e+01 1.433629145103845914e+01 1.743746701288841194e+01 -2.471895092634575519e+01 1.980880940680236080e+01 -7.620316652721891515e+00 -3.373539653208574851e+00 -3.022315474486690334e+01 5.633276502950259612e+00
-2.345112873832294387e+00 -1.074739588361371858e+02 -1.141507234553654229e+02 5.749047657612609896e+01 3.222371731921334259e+01 3.331149619286627228e+01 -3.776520228338867469e+01 2.553515454619490654e+01 -7.709021172620755813e+00 7.681057311069635851e+00 -3.680005846519256352e+01 9.367832944750048796e+00
7.004610718232081013e+01 -1.148025247894177596e+02 -1.703872333649189557e+02 3.906287495739947246e+01 5.113390686455558942e+00 1.306953046053336287e+01 -4.498835823197862283e+01 5.072987939592629658e+01 -1.592510861248521792e+01 -2.519314095023499789e+00 -4.502517189586393442e+01 1.696671096256017819e+01
2.951749316014165458e+01 -5.901698180706759445e+01 -5.192193106080114262e+01 3.987576424501162364e+01 4.505486758009824122e+00 5.084535647322740104e+00 -2.103466684337194792e+01 2.112035753305751484e+01 1.672098753043745001e+00 2.602801957006266598e+00 -2.175148198316705361e+01 2.924197960355888526e+00
7.591841039991146545e+01 -6.863558332445066412e+01 -1.048956819981658839e+02 4.533978014619908237e+01 2.111811307360514078e+01 2.792674839010444288e+01 -3.529582933888234209e+01 2.689624959636868340e+01 -6.817454037363905428e+00 1.425237259095899489e+00 -3.195145956139474919e+01 1.872436162763420597e+01
5.330710330900026861e+01 -8.480387597548229905e+01 -1.008596894201402847e+02 7.191239371644346079e+01 5.624067780794214322e+00 1.888956977967510298e+01 -4.345778456440052651e+01 3.237760248266124563e+01 -6.794774474690655985e+00 9.304188490458292549e+00 -2.933475243143320554e+01 1.553801227755687364e+01
1.306851475434840637e+01 -9.835211419009678480e+01 -1.148836103086345872e+02 5.204032835044786509e+01 2.157969225307729388e+01 2.391096088428404443e+01 -4.182218031065126951e+01 3.340002145738354500e+01 6.947972048551178670e-01 7.066833101104162296e+00 -4.459359199739937196e+01 5.650706701633524176e+00
-1.487720908173952949e+01 -1.032567871609187193e+02 -9.372935835757340328e+01 4.082639775916321412e+01 2.555890339398262867e+01 3.058193336833320686e+01 -1.913065170254990832e+01 1.978848336355543225e+01 -1.151121109312799717e+01 -4.195040456380663585e+00 -2.873565290008344419e+01 9.836818396113464757e+00
7.631961643243757010e+01 -6.025587275854776692e+01 -7.905483922618668657e+01 4.330797253403259361e+01 5.540740680076154057e+00 1.443695179336977752e+01 -2.543916058136762359e+01 2.442311225326546520e+01 -6.592160151980294813e+00 2.651840854334232223e+00 -1.898642248918022801e+01 1.277659226437280537e+01
4.698868341631259682e+01 -1.059297248775640412e+02 -1.291531395890376643e+02 5.956683722478646814e+01 2.138121026946244285e+01 3.099372908011601879e+01 -3.554502045308645108e+01 3.513474448934152150e+01 -1.345052645822929804e+01 1.557117440714853807e+00 -3.305261711161124083e+01 1.989545926158162104e+01
7.666897562945247557e+01 -7.770750842656562440e+01 -1.109257376840146776e+02 5.299099012645297790e+01 1.320999124258291069e+01 2.018943146880506134e+01 -3.395124068639114512e+01 3.543340830121499607e+01 -1.347132764780052128e+01 -2.155577321856712025e+00 -2.923598845803584112e+01 2.557837076776661434e+01
6.975508216762918323e+01 -7.893441825754621277e+01 -9.515516358487911930e+01 6.652711488358198721e+01 2.449389641668602291e+00 2.718655328570567065e+01 -3.433452324001719091e+01 2.848408551487958817e+01 -1.045166117621151614e+01 -4.315578100101493675e-01 -2.504844422576211826e+01 2.083195873068486037e+01
6.666652280626236404e+01 -6.217809529274723701e+01 -7.824153555870896071e+01 4.211021084727936881e+01 8.629013937598610795e+00 2.084697478022083317e+01 -2.395988856774666687e+01 1.812139746111570204e+01 -1.118687561112907325e+01 1.427559084301296632e+00 -1.754499938026169659e+01 1.570689650315884833e+01
6.323863740356800633e+01 -7.319983873848266853e+01 -8.659312442265137122e+01 5.853209026504238466e+01 1.171517825113952327e+01 2.570080847075942998e+01 -3.264677666501505371e+01 1.840983392048605793e+01 -1.035656401267746318e+01 7.747192904515198819e+00 -1.965961037309699222e+01 1.358487925085914938e+01
3.427498741769186097e+01 -6.457812001073125430e+01 -6.179945157943203071e+01 4.769179616428836255e+01 1.004857130486471029e+01 9.312681775471434165e+00 -2.870666212995137556e+01 1.760802909701670060e+01 -2.271754019691843318e+00 6.871374246416083409e+00 -1.757037101898787768e+01 8.849467563999381170e+00
2.264376676049236181e+01 -1.021777452319512065e+02 -9.829421287626828985e+01 6.936902123976008738e+01 3.110789270206050006e+01 2.944569478328419621e+01 -3.573433581286315075e+01 1.387148912312168392e+01 -2.271322090182327358e+01 8.702843181185111465e-01 -1.657479622277676867e+01 2.520399847274075711e+01
-1.061458223951401969e+01 -9.391613612624890095e+01 -8.723371138079563991e+01 3.254267301750789443e+01 1.945051921202148648e+01 1.253642929824267860e+01 -3.380816073249843612e+01 1.188772057792481363e+01 -5.871051383408023128e+00 3.838134227019158295e+00 -1.833551271688580186e+01 1.684148056673317484e+01
8.829983611269614130e+01 -8.220421837617959682e+01 -8.802263457557049264e+01 7.215692685752304669e+01 -1.667232304602790549e+01 4.039504444533233141e+01 -3.403582844889727710e+01 2.256390768651996837e+01 -1.192282313615447009e+01 -1.168157171635789915e+01 -8.423963269178107893e+00 1.590028258674502837e+01
1.178805776359168078e+01 -1.024642681029803839e+02 -1.093903608342915845e+02 4.937207087919884430e+01 4.333380917208138072e+01 4.092624478950965283e+01 -3.018160872858535981e+01 1.210002675516679460e+01 -2.018133872243249982e+01 2.128423872032916275e-01 -1.834189648935515748e+01 2.903733762833010701e+01
5.496651967118472726e+01 -6.100711080194439973e+01 -8.111894588108540916e+01 2.408497420463645611e+01 1.924689743351235904e+01 2.719949734119014195e+01 -1.758530182312787105e+01 1.080764864250600787e+01 -1.476657431784386176e+01 1.442604728974941741e+00 -1.236093895243257279e+01 1.754718411394500777e+01
1.373956330054507475e+02 -6.846739828911179870e+01 -1.076997144737338914e+02 6.908886010310907011e+01 -1.665389019930495351e+01 4.301944533999519393e+01 -4.420542525100398024e+01 3.073563285130335743e+01 -4.740299128643560067e+00 -5.646854406009686578e+00 -1.431058846241871763e+01 1.406415388331394034e+01
7.647348656554392221e+01 -5.451882873144906227e+01 -9.291604379088293797e+01 2.744922103219801102e+01 2.093773921352881828e+01 3.086568760939523415e+01 -2.487337057155896503e+01 1.440715453817794867e+01 -1.685903278741078282e+01 1.288262284423359327e+00 -1.757868708246311584e+01 2.486558273379291961e+01
1.521798756790948914e+02 -6.154329121611159792e+01 -1.141363192180073014e+02 6.323213309061397069e+01 -1.281050013653490005e+01 3.646311579425126581e+01 -3.751897315419343926e+01 3.572718031618170187e+01 -1.270926734513654210e+01 -4.750808802723692104e+00 -1.996127322885967459e+01 2.335272279195739742e+01
3.508886788208467777e+01 -9.528593105844578304e+01 -1.161479765289331709e+02 3.853381889296744589e+01 2.101012991529520946e+01 2.617572887286977590e+01 -3.433137505281261070e+01 1.861742142961467650e+01 -1.614445388224556055e+01 6.394478401514873678e-01 -2.728549989562255007e+01 1.776812803536911645e+01
9.382040622864356294e+01 -4.420723784532286516e+01 -8.257535356193940856e+01 3.515038822825724907e+01 1.855753509384182109e+01 3.344386410649403274e+01 -1.561783399525685390e+01 2.589931212189125631e+01 -6.774975174926375132e+00 6.741986307509700183e+00 -1.655253163236057290e+01 1.936510977987475002e+01
8.411051710998873432e+01 -1.734706314316969866e+01 -4.208102964509603083e+01 4.657560188736442797e+01 4.274961743239246914e+01 3.553204668890163020e+01 -2.075060290105107441e+01 -5.513582308214459715e-01 -2.559635465310668678e+01 -1.637978756709646433e+01 -3.366368991722995929e+01 3.535609138122289608e+00
1.313910210349685599e+02 -7.112365780934192472e+00 -6.647134462432264002e+01 2.377768603582698148e+01 1.678523060017445090e+01 2.706555419554428354e+01 -1.820874686404642517e+01 2.118117646273454113e+01 -1.005099013382601569e+01 -7.238654880179533180e+00 -3.569097502757813345e+01 7.312507930450069971e+00
7.154327505484627636e+01 -1.763026263227814194e+00 -1.219667760573320514e+01 9.379174031636045683e+00 -2.353841089347996629e-01 -3.520986498557728606e+00 -1.522996286614212380e+01 -5.389333056988634851e+00 -1.612504629755423835e+01 -1.685389541010450287e+01 -1.857897985163312882e+01 -2.821892759065350198e+00
1.275208743370826028e+02 1.334384831032256713e+01 -2.988371664034656305e+01 2.032449198353035058e+01 1.538904591423113288e+01 1.824221314659503079e+01 -1.534671255354975195e+01 6.556269621429909655e+00 -6.715402601392157500e+00 -1.994974662066919757e+00 -2.365022381746602065e+01 -2.866444470006919154e+00
1.704245180445311689e+02 -1.408164999683452212e-01 -5.149903422777993711e+01 6.221300078251193355e+01 1.426521650876343728e+01 4.181832539986408648e+01 -1.954887148705262945e+01 1.508485607433882514e+01 -2.361509331302558934e+01 -1.409079504832831375e+01 -3.503561720465381768e+01 -2.304817355115395205e+00
1.265533457729960389e+02 -2.770760031604159401e+00 -5.574303078324909677e+01 2.195334201919958161e+01 2.696562521590316663e+01 3.521921172462189276e+01 -1.783533716671632163e+01 1.798325601735236923e+00 -2.086102340267595423e+01 -1.016015372315200693e+01 -3.561500181317494196e+01 -9.677195876665946273e+00
1.111903405699718377e+02 -5.140614559192197675e+00 -5.137069265609288493e+01 5.317350156012647489e+00 6.163854625139070231e-01 8.674065375172890668e+00 -2.054754487390916751e+01 3.903963959643542481e+00 -2.187117492136704300e+01 -2.154606209756833479e+01 -4.049258145831934996e+01 -9.592765750958031745e+00
1.675954436757798476e+02 -4.698102619429559645e+00 -6.330676961048151696e+01 4.138419160256499651e+01 1.107850689219789508e+01 3.825793421657522231e+01 -1.476983802235808341e+01 1.666350643921378705e+01 -1.633342626092279204e+01 1.246173521896238645e+00 -2.354119542738848025e+01 -1.343868629728107278e+00
1.012990456147005176e+02 -5.025148809140246087e+00 -3.301281144106430077e+01 2.407922793650291737e+01 2.377846233533185938e+01 3.077303510948313914e+01 -4.658901524003542072e+00 3.452629490519088407e+00 -1.597070531846995678e+01 -7.351721904300557497e+00 -2.508168862069273786e+01 -1.408522135189262059e+01
9.128549873308369911e+01 -2.028306838936375556e+01 -4.277466194176079739e+01 2.900035774841711245e+01 1.876846976721725113e+01 2.587696305865616253e+01 -8.403581241173446514e+00 1.021927526928301333e+01 -1.055839720528793180e+01 -4.526659507538842497e+00 -2.236524037965156708e+01 -3.791707557375191495e+00
1.003644350820193267e+02 -1.938667772619974983e+01 -5.723396411335892253e+01 1.197565170366083009e+01 1.515515897921247124e+01 3.307444523336516795e+01 -9.094215049195334188e+00 2.520081311114596989e-01 -1.719559752840204681e+01 5.437260760175280261e+00 -1.067351479700928252e+01 -5.957905281283197851e-01
1.573267478742719447e+02 -1.271203767189399869e+01 -7.937635812581299888e+01 3.342392999522334662e+01 2.316129528271078186e+01 5.250263577408875904e+01 -7.535258907568259445e+00 2.159705948657069996e+01 -9.742592968366786010e+00 1.197162501209665564e+01 -2.419713152118515609e+01 1.832910547244003485e+00
1.068274342227942384e+02 -5.687413303628072292e+00 -5.177165298529402548e+01 9.277557844983510549e+00 2.345237994723557762e+01 3.916072899890092884e+01 -9.770314589654899962e+00 -3.016410390556913956e+00 -1.437112641255578716e+01 9.032329942108162868e+00 -1.291610354473634459e+01 -3.482659725315553345e+00
1.107034818897816422e+02 -1.513099600636188669e+01 -5.412664424095221705e+01 2.920347482720435295e+01 2.440264071224753906e+01 3.237472973330714865e+01 -1.652595215204185664e+01 2.768430807274671057e+00 -2.064460745268685926e+01 -5.195329649050638210e+00 -2.495096191397561114e+01 -2.113038683735973144e+00
1.177549632332860483e+02 1.559922934277073736e+00 -4.248650262837522007e+01 1.982301661412391880e+01 3.062409246192268597e+01 4.366203762430662749e+01 -4.969994078802075776e+00 -5.590898852581736023e-01 -2.067704642438908280e+01 -7.713024873949775539e+00 -2.778575325253157757e+01 -9.985728937496482160e+00
1.780233367702725218e+02 -1.790029345930193472e+00 -7.737759009965837720e+01 3.704779562973389773e+01 1.377505142810199601e+01 3.300553229453829118e+01 -2.004318111466069752e+01 2.205271002082923104e+01 -1.892407786148546123e+01 7.007385475113019346e+00 -1.716519748280215651e+01 5.972363528107437425e+00
1.584908690883788154e+02 -1.266181011648668786e+01 -7.824275487218098135e+01 4.958544575147611511e+01 3.623691141373060987e+01 5.421737710411503031e+01 -1.038207268110054571e+01 1.954304169692608539e+01 -2.596253024915924712e+01 -5.928444373706202697e+00 -4.266836480700216327e+01 -8.345345333046148895e+00
1.209609622141134082e+02 1.912607614116432320e+00 -3.686790350355317969e+01 3.068779394243981784e+01 2.836806259761014815e+01 3.555379517494201025e+01 -9.038832910268070009e+00 2.818602750393345957e+00 -1.784466155554278188e+01 3.335842452121426494e+00 -9.686599211460316994e+00 7.263269664878031495e-01
9.866046348398069199e+01 -1.432107715343404131e+01 -4.329853727390675999e+01 3.623676943342466217e+01 3.145363096191477581e+01 3.939059240275645379e+01 2.509666078721086713e+00 1.892088897904890388e+01 -1.340613325379903920e+01 -3.842620438357877699e+00 -1.985918535219156666e+01 7.243707701152596101e+00
8.612085280179226743e+01 -4.155193860213992707e+01 -5.196123996866887751e+01 6.740386834403156513e+01 2.596245191268683783e+01 2.427178159581082184e+01 -1.093572271274843999e+01 2.657009674173680125e+01 -1.514566744562157474e+01 -2.558317963924753080e+00 -2.476315045302277795e+01 7.583209812410892425e+00
1.248656268029622254e+02 -4.032449079493774491e+01 -7.698896932787789638e+01 7.121235558381883379e+01 2.360003404970679597e+01 1.937269923458584486e+01 -8.514634927681541399e+00 4.294168567069007736e+01 -2.622363674556748592e+01 -3.475843522644862293e+00 -2.770800012931836065e+01 3.439898372752534073e+00
7.836372693593690997e+01 -3.484907891061660479e+01 -4.616516782563115839e+01 5.790067288569127868e+01 4.280175322082648393e+01 4.077573996868285633e+01 -9.927139534804965137e-01 1.756104636561376608e+01 -2.154712237110665285e+01 -6.983720603338029242e+00 -2.118804544776111953e+01 2.951654616980871726e+00
9.519945964584024978e+01 -2.433491571113017216e+01 -4.501887767160970810e+01 4.199668467567573771e+01 3.307418188291578076e+01 4.096680095214469475e+01 -4.733445311092041585e-01 2.020540832649080354e+00 -3.548053903784735752e+01 -1.501080876191877778e+01 -2.076882405898418682e+01 5.022636414155364548e+00
8.559414352001449799e+01 -2.455223998537531571e+01 -4.841060321740262395e+01 3.184006129299087817e+01 3.406945159613655960e+01 4.263165188665126948e+01 -2.609171391362675951e+00 7.144934183837069241e+00 -1.728399813965317833e+01 6.033591037685672731e-01 -1.182515941260913550e+01 -3.017014789911876882e+00
1.258676688567171311e+02 -2.083997812101841163e+01 -5.708824820686403712e+01 4.088856952804832190e+01 7.306606115387450640e-01 1.452103085292348972e+01 -6.743969566558913442e+00 1.243998740181700136e+01 -3.464276775571990186e+01 -2.210330563629672618e+00 -1.781344869912371109e+01 -1.146163057622277570e+01
7.404395717044387482e+01 -4.723060830549454892e+01 -6.845694495261463430e+01 2.495868584753150188e+01 1.260930001061112549e+01 1.817852516726809853e+01 -1.138638577072899594e+01 9.358516319324682087e+00 -2.819421436220047994e+01 -1.399866643572340230e+01 -2.785553755416168187e+01 -1.087832185507448202e+01
5.154685841299018989e+01 -3.230549188865051491e+01 -3.407357914263725718e+01 1.759768713915593707e+01 1.079877893781716836e+01 1.604653341347644258e+01 1.540250460217738038e-01 8.802975832838567882e+00 -8.399765772883636572e+00 -1.759560737008917464e+00 -1.126671332786612112e+01 -4.085868787808433211e+00
1.008195488978209653e+02 -1.126251878534292672e+01 -4.082158267926880058e+01 3.552341409347229728e+01 2.012159531043696958e+01 1.726782779259549017e+01 -1.267495552732315467e+01 1.885922887917222113e+01 -8.571797479160380817e+00 -1.083608675019712919e+01 -4.027465033380035919e+01 -1.175051206398711656e+01
9.398706970684796147e+01 -2.896492364521278162e+01 -5.086876819556788831e+01 4.334010605091546608e+01 1.762208392163978132e+01 2.563323775365335422e+01 -8.925356521908511809e+00 1.527791474887420264e+01 -6.521607166032763914e+00 1.614459997178457940e+01 -1.647499646054084366e+01 -1.168061495632055369e+01
5.555117560246095820e+01 -3.868835957004406367e+01 -3.648078622063800935e+01 4.079908134637314276e+01 2.347092567065867641e+01 2.884557078085502013e+01 5.170482205558055711e-01 1.659570116865533151e+01 -3.745855757832040833e+00 4.273444234694151689e+00 -1.269334226792872222e+01 -4.186581979327474556e+00
9.387122957471169116e+01 -2.683935170923469826e+01 -4.455917535400379137e+01 4.981155439164551524e+01 2.174240152173841878e+01 2.902820396561283900e+01 8.331061026689084770e+00 2.177426545706513039e+01 -2.143327825484906057e+01 5.358381262265108802e+00 -1.280017689620719423e+01 -7.370238065415863460e+00
1.016512686834079773e+02 -1.108469505527770416e+01 -3.165022003331532119e+01 4.431527468639060885e+01 2.260036592000781752e+01 1.922495249670797790e+01 -1.448154177379630037e+00 9.795476281198506996e+00 -2.638477586517543472e+01 -1.425012546995348295e+00 -1.351469821055840370e+01 -7.917710668413931785e+00
6.512233395005573300e+01 -3.970256959241381622e+01 -4.837478303044522931e+01 2.633130200984969704e+01 4.969809603317966840e+00 1.810960368521015340e+01 1.541312289328478080e-01 1.831827118782580044e+01 -1.240789036159725534e+01 2.773237689061782696e-01 -2.784181722811312376e+00 1.434998024177851050e+00
6.561582737798963194e+01 -4.895005961895817848e+01 -4.504589819895632274e+01 5.645122950167728249e+01 2.695492855278717848e+00 2.357978009761362870e+01 1.306458450677732053e+01 3.002492592993819898e+01 -2.060012734484468666e+01 -9.954723866514747499e-02 -6.991756237466560719e+00 3.505105171375750395e+00
8.197814259296382033e+01 -6.374429645734928584e+01 -8.824769197738515913e+01 4.666394191040581774e+01 1.297707169181471620e+01 2.240258047909500760e+01 -3.530214346788810076e+01 3.075336319351617220e+00 -2.325238294582759124e+01 9.741044471479025191e+00 -1.601020397686453123e+01 5.868590950825879560e+00
2.820919192980516144e+01 -5.764960888780073844e+01 -4.072573583198264657e+01 5.546383787872420612e+01 1.895620365089057202e+01 1.265714895072672164e+01 -9.791035145151203878e+00 1.981954665433303120e+01 -1.687992415247995837e+01 -8.577321561109176429e+00 -1.229456291461847073e+01 3.013144264305988695e+00
4.429539600563742852e+01 -6.771565885174533150e+01 -6.867465685990313773e+01 6.377364884404020984e+01 2.905130660938648646e+01 1.586178328406529658e+01 -2.827414723855173406e+01 1.917397261239113249e+01 -9.557808915861802035e+00 1.484961671052444743e+01 -7.221179514046847103e+00 1.342539319612578197e+01
2.868589628862769558e+01 -9.513515785628413823e+01 -7.433529931168997962e+01 8.247685589837794851e+01 8.555976073854338892e+00 8.520428005297414842e+00 -3.514667281866142190e+01 1.530907457323724685e+01 -2.213547519554771270e+01 6.584522720356481784e+00 -6.717355076804871317e+00 1.424165206793662009e+01
4.542533373337062130e+01 -8.334819194650957286e+01 -7.237490061293628685e+01 6.817464080271992088e+01 9.640175797534487057e-01 6.645849620997532625e+00 -2.746024479350321457e+01 1.892810305088097778e+01 -2.064691971627602385e+01 7.452372783601889594e+00 1.616700203849829487e+00 1.843742364386808674e+01
-4.801494171891745566e+01 -1.088874204352097479e+02 -6.326596846035161548e+01 6.173637524469786797e+01 4.515216559048361233e+01 3.403196833378653707e+01 -8.039224419203787164e+00 1.817432960949115284e+01 -3.296783319124831024e+00 1.378848237963785195e+01 2.789649383069058963e+00 1.467002119687412254e+01
-1.143945735527282181e+01 -1.182957585731622032e+02 -1.129850104186250803e+02 3.152898928849577942e+01 1.421467955721984033e+01 3.037234828817191534e+00 -4.459011399452071345e+01 7.478327272970542339e+00 -1.769696961172404670e+01 6.026500204413769879e+00 -1.094139831421203723e+01 1.554646303430838472e+01
3.915284394225884768e+01 -7.665292875298496256e+01 -7.595632875723578081e+01 6.764188397499762573e+01 2.017895232292163499e+01 6.800777707859375631e+00 -3.961384805969726131e+01 2.162229991709825327e+01 -1.128607754813944908e+01 1.258456290148355450e+01 -3.007261953293579371e+00 2.032843962590163756e+01
3.559056387996839987e+01 -8.785313734709608013e+01 -6.968201318400835476e+01 7.580211311291941456e+01 5.740994881298354002e+00 8.657121532776123729e+00 -3.100614718814355797e+01 1.766304318124711514e+01 -1.896274993850219204e+01 6.443225417540926259e+00 -8.504513032090073033e-01 1.744017551491962337e+01
-4.103570679494619355e+01 -9.856232600175556513e+01 -5.416846006695014637e+01 4.920556285337453772e+01 2.157755124911658839e+01 1.155054954872774076e+01 -2.061009239294910600e+01 1.874487881113841681e+00 -1.674570230198718335e+01 3.689958813606477150e+00 4.752427527152486064e+00 1.404265149981388561e+01
8.119348423434846040e+01 -7.446327050016037674e+01 -8.133124101073281054e+01 7.519780320571848620e+01 -1.674062162648024099e+00 1.372675493577408190e+01 -3.174303522174554359e+01 2.882235471207455646e+01 -1.798742466527866313e+01 7.901104202931827913e-01 -5.947228910442215799e+00 2.425912542027104379e+01
-2.538648587537130652e+01 -1.378629036511023855e+02 -1.105012599579384300e+02 6.984838568024051142e+01 3.169312686298591331e+01 3.689057470848033660e+01 -1.811942806456983490e+01 2.328988176566359058e+01 -2.777777484465803326e+01 -5.536414250787583313e+00 -1.567329850731120544e+01 1.620727196397779579e+01
6.690774685896968776e+01 -7.568202093408174846e+01 -8.482716518030883890e+01 6.331487497744022619e+01 9.676600049232208178e+00 1.601535276030381993e+01 -3.332013882324968534e+01 2.288275363259815975e+01 -1.356139573998938275e+01 3.523713133267196262e+00 -1.523682415709267346e+01 1.778139153790941762e+01
7.166400352882455138e+01 -1.073961463301366450e+02 -9.228041385004048891e+01 9.612763505406667264e+01 -2.174719033282538305e+01 3.526136372758625726e+01 -3.166682417269176142e+01 3.125969129054404760e+01 -1.688521363530656672e+01 -6.992498132717722470e+00 4.561923558293896619e+00 1.629201256374778950e+01
-8.452839517538105696e+00 -8.164213042767295292e+01 -5.495294395171927704e+01 3.317148235154592584e+01 1.188630161848135458e+01 1.111197451380924939e+01 -9.371787019363912563e+00 1.081348585568949972e+01 -1.459840615466716685e+01 -3.114537284205164624e+00 -3.018403237779652137e-01 1.521382645753176277e+01
-4.138278676036380688e+01 -1.316627496866954630e+02 -1.061927726091998352e+02 3.035652855352434187e+01 5.619364871493926827e+00 4.206086197074011324e+00 -3.558428664349170134e+01 1.485370545059842895e+00 -3.234521109518559712e+01 -1.917335743395352665e+01 -2.725546689223958907e+01 6.731514976310448262e+00
6.783197733624710679e+00 -1.233086907494518414e+02 -1.084266511788941472e+02 6.389149618816624354e+01 1.477382169465635720e+01 2.429673606622829851e+01 -2.877027202019667840e+01 1.889046100728918987e+01 -2.923106592021404282e+01 -8.549667439162639937e+00 -1.425764539748855952e+01 1.960024309082394112e+01
6.035260456486467362e+00 -1.495333660003744001e+02 -1.353323505262870299e+02 9.050406327128203543e+01 3.300973226186324894e+01 4.148814326683150000e+01 -1.944399873883027396e+01 3.971564543256113211e+01 -3.589566837522218634e+01 -1.214229441544286203e+01 -2.335079719266673592e+01 2.378336132080220011e+01
5.855536172689273400e+01 -6.619096614572870863e+01 -7.264016536926297363e+01 4.885462313511020227e+01 1.015658840626215564e+01 1.213819623709800055e+01 -2.237272294772466807e+01 2.227999985172402475e+01 -1.509528508579041528e+01 -2.298245034877085757e+00 -1.066353911033877644e+01 2.129802486220356172e+01
-2.069078350794092813e+01 -1.307045405784857621e+02 -1.111391945798569623e+02 5.096354879960403395e+01 1.568756581518769266e+01 1.524594011252784398e+01 -2.603114331729134534e+01 2.079375997558106093e+01 -3.479499764456180344e+01 -2.951081756154112767e+01 -4.508352680879900021e+01 -4.174624764522333109e+00
8.019504293893793090e+01 -1.424845251872138761e+02 -1.603427890817478101e+02 9.044912178860154484e+01 -1.558542299677003840e+01 2.843832765853350253e+01 -5.231538521497556360e+01 3.526321945689154802e+01 -2.577756019223004813e+01 3.189029892844487346e+00 -2.222756788611397383e+01 2.119671925736682638e+01
-2.143377705841315617e+01 -1.178867827368542578e+02 -1.005803389872037030e+02 4.435809490475855910e+01 2.328881663923814216e+01 2.659206242177246082e+01 -1.368577147274479344e+01 2.697682109379874049e+01 -1.745197936720426668e+01 -8.779268346044268867e+00 -1.831293895262634308e+01 1.916783644882578841e+01
-5.340763245269335435e+00 -9.759029930825670363e+01 -8.518707223547630747e+01 2.859838963724596539e+01 1.701482246388518149e+01 1.654543832877540765e+01 -1.862383601677803568e+01 1.390882386634845957e+01 -1.048193143386372661e+01 6.191144701085591340e-01 -1.403513563710071388e+01 1.065755994578229604e+01
2.090050925350544730e+01 -8.542332708064768099e+01 -8.245802017689962327e+01 4.483019678581423761e+01 3.966982711738283029e+01 4.234157022611502441e+01 -1.027032826010207067e+01 1.126633608480151949e+01 -2.493575773786339411e+01 -1.175086130613012614e+01 -2.167341016803040787e+01 1.090087438725798563e+01
1.202019460270002469e+02 -4.529733532849731148e+01 -8.048089266875695102e+01 8.869570335963598495e+01 4.475933041945024371e+01 3.417966761790266617e+01 -2.007393487603556537e+01 4.666534548743200617e+01 -1.343785811504033489e+01 3.023867211047378767e+00 -2.081675326774960411e+01 2.168915646962719990e+01
9.182026475020941803e+01 -5.523460176417866307e+01 -7.256490549600873408e+01 5.061190957822748260e+01 1.402559243568219216e+01 3.771605286805484525e+01 -6.926953364072256036e+00 2.302534999393275683e+01 -1.619934638807733762e+01 -3.647459382128107386e+00 -1.819103107537981501e+01 3.914428805636894104e+00
1.185307251870433447e+02 -2.734672669830082725e+01 -5.066381176903284711e+01 5.001550142662220821e+01 8.364545187773769541e+00 3.677043130671874138e+01 -1.205544165891417308e+01 1.916267922212819386e+01 -4.331722837072440768e+00 7.531193768541477596e-02 -1.465288772551806673e+01 3.805539639316984690e+00
1.322347731041174370e+02 -4.554294214313625133e+01 -1.028727777900527371e+02 6.306624036115445620e+01 3.385484698239098122e+01 3.249296721868292792e+01 -1.728243156800221314e+01 2.829321955435430880e+01 -4.067810117340017939e+01 2.375817721489176471e+00 -2.687597128707947292e+01 -2.551361414969191443e+00
1.710919805159011631e+01 -7.012007417993402214e+01 -5.459595691862050160e+01 4.398562297142618149e+01 4.093339834787118292e+01 4.994939411491461101e+01 1.571019633886664124e+01 1.614047434442860762e+01 -2.398926285173294559e+01 -1.260888247548666641e+01 -1.383874421948173250e+01 5.957098366491031527e+00
4.604062869200745922e+01 -5.551757873035684554e+01 -6.011793888609246039e+01 3.336076356416863575e+01 2.927245707367826100e+01 3.097400271956882278e+01 -5.263283445444196573e+00 1.181041724268660786e+01 -1.704672319062774477e+01 -5.788075290014810470e+00 -1.341349598975876489e+01 1.235559868305968045e+01
1.058219123970182949e+02 -4.435369563405738091e+01 -8.127584661589656889e+01 6.055433905003353345e+01 4.603117794810004426e+01 4.360150859347805863e+01 -8.304201658695857802e+00 2.380986283007865367e+01 -2.347663889277801275e+01 1.090194286614266694e+01 -1.455921569293242257e+01 1.614192109151665022e+01
8.761680521935046784e+01 -4.344524271075242439e+01 -6.256940986066239674e+01 5.864749648715581287e+01 2.658869164197023593e+01 2.128919110708184803e+01 -1.885812066867996251e+01 2.560580389060095641e+01 -8.217516945983149412e+00 6.423939741642298529e+00 -1.558186686001726251e+01 1.716907776203651537e+01
6.200358841248562669e+01 -4.281316702630098803e+01 -5.347070539605186212e+01 3.126965606658362162e+01 2.437313653839120065e+01 2.596156287239855587e+01 -1.181440592814851520e+01 3.725176322812801200e+00 -2.074794470272035340e+01 -5.976057847279443891e+00 -1.619785342541800333e+01 1.507611593632920410e+00
3.389716349054993572e+01 -6.176659300543219899e+01 -8.353335658313601186e+01 -1.792268268457056557e+00 2.585725914434779327e+01 3.707702723763162567e+01 -4.252770874774886245e+00 6.660823516056469273e+00 -1.619647307844329731e+01 -1.079975564860133197e+01 -3.020707069320002702e+01 -7.679291445898410728e+00
7.586424882685113857e+01 -4.640450698788099260e+01 -6.804446322608609421e+01 4.017562311844780965e+01 3.400289613061995908e+01 3.159392029504747512e+01 -1.973611650587443478e-01 3.184120999490192361e+01 -8.647108098491589345e+00 7.978242437140375287e+00 -3.064762017245247883e+00 1.149595643890377517e+01
4.017993859117723332e+01 -5.113671156773014559e+01 -5.021217321944168077e+01 2.688849669625925998e+01 2.165495731920345435e+01 2.751182704399256806e+01 -5.211964187052569031e-01 1.135765793997932604e+01 -1.364709687728467813e+01 -4.961885314550115389e+00 -9.218063873012308562e+00 1.053344492388924891e+01
6.190780831090227565e+01 -3.867669791876090812e+01 -4.931594357938072903e+01 4.243897345536690580e+01 3.244874768745562221e+01 3.475931025974485067e+01 -4.123428080396368323e+00 2.276614411439705066e+01 -4.756303293842238489e+00 -4.423256079824831488e+00 -2.121576403413489231e+01 8.153747424301210245e+00
1.200828491516099348e+02 -4.224193136512197100e+01 -8.732746681883980955e+01 4.265678113677242322e+01 1.689332285867591565e+01 1.892661132723014106e+01 -1.243621821539604255e+01 3.755261352124061602e+01 -2.226178677541708950e+01 -1.151670905007926571e+01 -2.783969046114192736e+01 7.580085716744342506e+00
5.731454140976596534e+01 -5.750974045048003092e+01 -7.279094594987469691e+01 5.043184467540747562e+01 4.501582780099284520e+01 4.573077431606350984e+01 1.646511579474029929e+00 3.571985538130880400e+01 -1.074318124709104616e+01 -1.286807182242482739e+01 -3.115250266040382954e+01 1.315203099537224318e+01
3.442562416203668363e+01 -8.645470587984124222e+01 -9.008792393937349630e+01 5.328890474231543806e+01 4.212031567482539174e+01 4.659366014715869397e+01 2.284305089982165526e+00 4.024610085882762434e+01 -1.020533811393900692e+01 -8.808578821385051327e+00 -2.577344550440834325e+01 1.320001032487689407e+01
4.583288719119026133e+00 -1.020562374611853897e+02 -9.768808072448581470e+01 2.653505710848283883e+01 1.464148625638095780e+01 2.778971065938416274e+01 -1.616405501996694305e+00 3.598416324709616276e+01 -1.921776359078576801e+00 -2.344019006071716316e+00 -2.225672425256767895e+01 9.337826303542028583e+00
2.852852670903728693e+01 -7.653420439799741359e+01 -7.722902757195247148e+01 3.953883217759145907e+01 1.870629662820729067e+01 2.274331956703183977e+01 -1.279555818582040061e+01 2.330292520818857582e+01 -1.492318092404188690e+01 -6.697281476864450411e+00 -1.373564295851967643e+01 2.427043258852471297e+01
4.044615889192808567e+01 -9.250272388415777414e+01 -1.099683808721616742e+02 3.788887154512498512e+01 2.923750770053692705e+01 3.749259120492003206e+01 -1.319852541290353187e+01 3.169223508543310430e+01 -7.893884233258864569e+00 5.051598233553891149e+00 -2.254814268591558957e+01 8.694915215744224213e+00
5.421294312374721613e+01 -8.134866865805295788e+01 -1.176999976451968166e+02 5.206393191789011610e+01 3.640095188458802511e+01 2.705895292891461779e+01 -3.766492085651222510e+01 3.972177770171338551e+01 -2.992146230248612149e+00 3.848155224205741298e+00 -3.398118986875998360e+01 2.199151838484196375e+01
1.750315242237549285e+01 -6.974041043513517479e+01 -6.259486208340444335e+01 3.408097909071670273e+01 1.511793778642136665e+01 1.544688582156840084e+01 -1.291629077679250415e+01 2.133914654142756007e+01 -5.493546231809175673e+00 -5.564340775776043024e+00 -1.869235420718175789e+01 1.461066707206306248e+01
6.968888165555446790e+01 -9.085602015346088933e+01 -1.240753866903191494e+02 4.292981141862792782e+01 2.181056644004547707e+01 2.809284116667570785e+01 -2.450850538332588258e+01 3.600812591148675068e+01 -1.105016812157936812e+01 9.700858036768240211e+00 -1.570760580268176199e+01 2.215722597302444541e+01
1.262105569966212215e+01 -8.471257869794261808e+01 -8.131731800979898139e+01 4.122791807853982959e+01 1.590453230919867522e+01 1.412226118445480338e+01 -2.571305931872628037e+01 2.267839814284337763e+01 -5.582876941530398263e+00 -2.184432143234320112e+00 -2.470808738007152527e+01 1.399733578078655682e+01
-7.064073037582542902e+00 -9.393530509947106566e+01 -8.006402299339660544e+01 2.834716336182797036e+01 2.127153554748850439e+01 2.295258101086267288e+01 -1.301921775083221888e+01 1.281099673332543532e+01 -1.301755773799035332e+01 -5.213602020735436327e+00 -1.662433816243918372e+01 1.064273427340686418e+01
5.487223436180907754e+01 -7.030663764775903246e+01 -7.871159135220501923e+01 4.888228605517441849e+01 1.327919492868263163e+01 1.854870994776064208e+01 -2.710422489316675865e+01 1.994925811314761788e+01 -9.351171249233139804e+00 2.329964368500012206e+00 -1.473392762237777021e+01 1.760829688868914644e+01
5.214994305052557877e+01 -6.497298960710865856e+01 -7.337670166776783276e+01 4.504928127619852773e+01 2.671347219805675799e+00 1.080758076114491040e+01 -2.723028353323879713e+01 2.358872357815749865e+01 -4.051384925178260765e+00 3.798239039160330677e+00 -2.058634755647367598e+01 1.169702321347746476e+01
5.891229043811495814e+01 -1.251997783647718165e+02 -1.276170033342671104e+02 6.783639445412536872e+01 -1.388762915080323168e+01 5.404561908883741239e+01 -2.924436470797538590e+01 3.633101091009930883e+01 -1.499792032380650397e+00 -3.109792545093894134e+00 -1.334238395684120349e+01 1.702535454693733907e+00
-2.804178083991974546e+01 -1.158004559175494563e+02 -1.019895875623078183e+02 8.299282333703132508e+00 5.171028853381942625e+00 1.881658222015444792e+01 -9.219715473027026320e+00 1.495173576838673668e+01 -1.791597961644809089e+01 -1.083375614663897935e+01 -1.583656603596278245e+01 1.806295648173948365e+01
4.640529338590918940e+01 -8.663416538086394780e+01 -1.001527029736231498e+02 4.060760645014032377e+01 1.400681481276388674e+01 2.092962046567403078e+01 -2.660610276211992797e+01 2.263520692311777083e+01 -1.108588520332155802e+01 3.360343087531579620e+00 -1.675512822089852705e+01 1.795199484520916400e+01
5.185301879450675244e+01 -8.800905157855558514e+01 -1.089976716116021009e+02 3.078673542204633051e+01 1.643238752598679042e+01 2.971344543117121262e+01 -9.235363403946523775e+00 2.929425574218633699e+01 -2.460179442985413800e+01 -1.009929047261175050e+01 -1.773237347728341717e+01 2.526113572691686215e+01
9.578913682525615059e+01 -6.387023076905790475e+01 -9.978814555157640598e+01 5.417064303050172214e+01 4.993692807282998913e+00 2.380404298050131473e+01 -3.485796341912426044e+01 2.923145725500398129e+01 -8.472575739801948558e+00 6.502304813010994167e+00 -2.474819124747087429e+01 1.825494327718590171e+01
5.132002793190684997e+01 -7.308377653745148450e+01 -9.031997166428840274e+01 4.158155239269512293e+01 2.507356255369565190e+01 2.930702184262345256e+01 -2.576476544457107209e+01 1.220564650016042663e+01 -2.098755541387977530e+01 9.891068092599379913e-01 -1.187367351659669978e+01 2.763023548537271523e+01
1.748912746324376855e+01 -6.959905190748162340e+01 -6.874027742285788634e+01 1.561700110712736844e+01 1.255545616968483813e+01 1.816117256109308187e+01 -7.823745681954115128e+00 1.426873483861263381e+01 -1.216473069641206095e+01 -7.719296296846077432e+00 -1.087084515561963549e+01 2.042459486484509057e+01
1.013089976944106354e+02 -7.773163600153208108e+01 -1.096724408903815231e+02 5.715598507793279737e+01 6.414030071185689685e+00 3.287596459388326764e+01 -2.753564455821309309e+01 2.356914886327806613e+01 -2.408046129515862077e+01 2.001766971485513302e+00 -1.325423989214061216e+01 2.577439563496719543e+01
4.158840822173462470e+01 -7.293403880845281151e+01 -8.552695953709881849e+01 3.751452334291190027e+01 1.871381112242269751e+01 2.130293903732116334e+01 -2.571612499849559441e+01 1.770212748089457477e+01 -9.541220032122703643e+00 4.353791639788382462e+00 -1.534565651524298602e+01 1.805529114841676019e+01
9.004914767721778901e+01 -7.229250314445860681e+01 -9.511398843413633131e+01 5.315939198779533115e+01 3.868591192936030154e+00 3.059960204696822217e+01 -2.624782867956064081e+01 2.253618339532417991e+01 -1.327058582906797390e+01 2.378179382371451211e+00 -1.584913052269848421e+01 1.671650677681927277e+01
9.765995379680944666e+01 -6.098639011523928843e+01 -9.948003519614292145e+01 4.646412510304583066e+01 9.999759763747890773e+00 2.129121629477065625e+01 -3.099537650558922053e+01 2.930437322642196207e+01 -1.026033441878877639e+01 3.052336828214835318e+00 -2.332589048822524447e+01 1.993953381657836132e+01
1.031031432952743074e+02 -8.038325087760730980e+01 -1.120117999808629463e+02 6.711829234661963994e+01 9.119916516318365751e+00 3.313978355966744260e+01 -3.019055487878043209e+01 2.769203459900825237e+01 -2.433599508392335764e+01 5.064716199881319492e-01 -1.751913570166122014e+01 2.653242124502563826e+01
6.525736140524234941e+01 -5.968614315535212711e+01 -8.752953381092274299e+01 2.372840371842197271e+01 1.432563198855467412e+01 2.641827778676458038e+01 -1.963833805999457027e+01 1.432293050399824885e+01 -1.542045121140971631e+01 3.690812714439370978e-01 -1.596427196584825836e+01 1.915311435663075912e+01
7.108891327250239556e+01 -8.603814358541950469e+01 -1.108122640872100249e+02 6.869718648646455961e+01 2.639864005524244206e+01 3.968871593112156404e+01 -3.292676143095854968e+01 2.474955036429999922e+01 -2.551344657050119480e+01 -9.042729537903689163e+00 -2.713399370755410445e+01 3.339498706594633859e+01
4.976915943489667882e+01 -6.406968087294400505e+01 -8.723567962852615665e+01 2.158569960355305994e+01 2.255377778869387129e+01 2.669751356960331634e+01 -2.250528376195854463e+01 1.150673237146493832e+01 -8.697067768426100187e+00 6.755816505115827653e+00 -1.334349712257194298e+01 1.796643184052416586e+01
4.923483726794292181e+01 -6.489489487248378907e+01 -7.775579213032641235e+01 3.334450249832864444e+01 1.214266191820914997e+01 2.238357416667121313e+01 -1.692001268278236736e+01 1.701739668178454679e+01 -1.723790173697723560e+01 -3.687352193864509964e+00 -1.105368483837422744e+01 2.669412720470307221e+01
2.961290131446074625e+01 -9.225691038111912690e+01 -1.048713819777077276e+02 3.690346167703997082e+01 2.244637458014506848e+01 2.079208597057555963e+01 -3.214701440867916915e+01 1.538503937220124662e+01 -1.519088975597925995e+01 5.181941798749945427e+00 -1.289864207330551871e+01 2.347266221780346385e+01
7.440785556748345186e+01 -1.161137028549515549e+02 -1.347804469599340678e+02 6.634714748706375076e+01 -9.528862689303502220e-01 5.106930897693089122e+01 -2.983756226603749795e+01 3.492348476917445765e+01 -1.474926331196105522e+01 -5.912267423704243186e+00 -1.792056989042727366e+01 1.691741795231635592e+01
1.327833813624680737e+01 -9.198910015400412021e+01 -9.924083469380883571e+01 2.553596227611000558e+01 1.709438948845631145e+01 2.072608959322483102e+01 -2.422518275787393804e+01 1.474994483829994785e+01 -1.889258889801579500e+01 -1.158885316785294251e+01 -2.616002949253770993e+01 1.986371946489131091e+01
6.161761289110921780e+01 -7.057266186347753489e+01 -8.446154147601073703e+01 3.961143277782068139e+01 1.335205970727283287e+01 2.451439026029645163e+01 -2.148464929945370727e+01 1.479974808091759186e+01 -1.554830748397526463e+01 1.813218927154292004e+00 -1.178561670902881175e+01 1.841926338402764429e+01
-1.753990575721891787e+01 -1.101174330028977124e+02 -1.130722308545827275e+02 -1.699023697643875508e-02 -3.361364884187270974e+00 3.808665814074240430e+00 -3.369499866823234413e+01 3.537722651913473904e+00 -2.378875025536144250e+01 -1.410119324141761510e+01 -2.588576924407016122e+01 1.150887436209734105e+01
1.466229973490733300e+02 -5.405308712857942055e+01 -1.240352139524416373e+02 4.144725957016832751e+01 1.164992323968092336e+01 2.773644700453487388e+01 -2.656185752076226692e+01 3.825578914150892729e+01 -2.381501544206782839e+01 -3.711202959195863293e+00 -2.598775140049444943e+01 3.193784541545701927e+01
1.336110902435868297e+02 -4.963028605579594910e+01 -9.321131745497021370e+01 3.839546135634762436e+01 -1.877742010060772770e+01 4.495080986924182298e+01 -1.934309733053418512e+01 2.128671926733528963e+01 -1.743109195921485366e+01 -9.100123742249516923e+00 -1.482280782962828880e+01 1.719986121191160677e+01
6.671453515107000953e+01 -7.506582657233930433e+01 -1.203746207967610076e+02 2.389513920120581503e+01 2.366341094392544164e+01 2.944830283910296487e+01 -1.851184041464130203e+01 3.850301962884485363e+01 -1.431309308137440972e+01 -9.692042598283089561e+00 -2.855600412474933592e+01 2.932508466872312169e+01
8.534309927415910124e+01 -7.767681858547658180e+01 -1.126860261434943453e+02 3.865231390805693934e+01 1.162414257738642576e+01 3.154600189387610953e+01 -1.674656882102681266e+01 2.834244227671183580e+01 -2.696066751997227229e+01 -8.472176546561541954e+00 -2.034751155408907408e+01 2.835420531209150496e+01
7.871143972039189407e+01 -7.714639848877818906e+01 -1.059517595391318423e+02 3.852308097422277910e+01 8.123460927011253219e+00 3.074474966570195988e+01 -1.428181704874112512e+01 2.920671565786699730e+01 -2.108092026784543904e+01 -6.756637797031990189e+00 -2.374995402723197202e+01 1.966454225853212634e+01
1.309003999594773404e+02 -5.738778193877483602e+01 -1.030194457423731649e+02 4.437229205013511546e+01 -1.290753241919502159e+01 3.823422616266812213e+01 -1.968712043110789267e+01 3.048498832052118246e+01 -1.951552042968901191e+01 -9.943842341009975883e+00 -1.775575702163720848e+01 2.425084871403759479e+01
4.779120032049104339e+01 -6.109938044280805514e+01 -7.095032597747660930e+01 1.839952142580014538e+01 9.760378041124056381e+00 2.013458878436499688e+01 -6.088146311103088237e+00 1.898219580637424997e+01 -1.062069991452855966e+01 -5.769220855471028031e+00 -1.467265479384888316e+01 1.274870389981494156e+01
1.537623156954425596e+01 -7.347975722884321215e+01 -7.506040356768436084e+01 6.254761771266248438e+00 1.105069184794044546e+01 1.574775181937908819e+01 -1.017164894723108759e+01 1.187487987754897745e+01 -8.221322544256473464e+00 -3.544700455091350122e+00 -1.146950094350249216e+01 1.418493046144070036e+01
4.088853617805109053e+01 -6.288375395625247677e+01 -7.442043817056452326e+01 1.191021112918131131e+01 9.180398266603541302e+00 2.209686234946768124e+01 -3.587361545849970801e-01 2.204217436900516347e+01 -1.483758542969579963e+01 -1.366477683279747168e+01 -1.682172612542786538e+01 1.784596790595725224e+01
1.585600866314929824e+01 -9.900611549642545128e+01 -1.040239142683091131e+02 1.873349524281054101e+01 1.237053212229146126e+01 3.032739253944690461e+01 -3.503532400331776042e+00 2.330209235431734527e+01 -2.015180844107757707e+01 -1.143395613008947542e+01 -2.135847023221337082e+01 1.611768577201449659e+01
1.093184402825452821e+02 -5.824842456504948984e+01 -1.035882503545579993e+02 3.778909728108361321e+01 1.091991539358740937e+01 2.622355390405170539e+01 -2.050883545270471586e+01 3.210819496592414168e+01 -1.941622528742537668e+01 -6.902125065995795339e+00 -2.143623483395892748e+01 2.602899840779395646e+01
7.355110300324976436e+01 -6.938656043197420331e+01 -9.978139705106798374e+01 3.344939157340782288e+01 1.589979250267485611e+01 3.552290572683528325e+01 -1.707636472265051353e+01 1.698383709525408136e+01 -3.115775556256050649e+01 -1.299109080224368640e+01 -1.792463191516390708e+01 2.855352846571523173e+01
1.590328861926961324e+00 -8.234434576727191768e+01 -8.051527000560855640e+01 -2.554275871622448957e+00 6.865874181491171235e+00 1.919634342335718102e+01 -1.844514134398265170e+00 1.445099455005428268e+01 -9.217190959905572356e+00 -8.045150375804340115e+00 -1.682205270340050163e+01 8.696630812721728887e+00
5.750981355465906830e+01 -5.868087044896924453e+01 -8.664571432154201602e+01 8.030925447680589357e+00 6.260932726740763954e+00 2.596881019997466211e+01 -3.664021619138240204e+00 2.662187220305059299e+01 -1.215643480469447191e+01 -9.079059380731905549e+00 -2.009548093426752402e+01 2.013158292641463021e+01
3.302246798808702266e+01 -7.986142828420315709e+01 -9.908077214805838651e+01 4.512062734055223068e+00 1.478876677245523119e+01 3.175698162265368296e+01 -3.513188934768962213e+00 1.828930370774371639e+01 -1.591519915566545862e+01 -7.130326464306300238e-01 -1.023333020979903196e+01 1.990233828052341991e+01
3.707635136222914696e+01 -9.330875968590881087e+01 -1.063645577418616028e+02 2.056496941370996367e+01 5.017445384213157666e+00 2.831973298667940142e+01 3.499239208962619863e+00 2.496001133480739043e+01 -3.663677999788535544e+01 -2.190476156054209511e+01 -3.073578831180264714e+01 1.192912939743271394e+01
7.388283443866404809e+01 -5.208849969199461327e+01 -8.293963944118382869e+01 1.244187186793667976e+01 2.690234955827791818e+00 2.198556215259975488e+01 -6.625893076215492172e+00 2.639029188625061551e+01 -8.989270257232050199e+00 -7.493439806886491361e+00 -2.706610425074344306e+01 1.089703530978859192e+01
2.492831981381534945e+01 -5.738774655978102146e+01 -5.872250507882937143e+01 5.670491158566735024e+00 1.327507857753551335e+01 2.204015425048415011e+01 -2.655287764223151825e+00 4.262927507063879240e+00 -1.449300532964355526e+01 -3.080508031758448340e+00 -5.364526379018722757e+00 8.688331216434953319e+00
5.409176442309232868e+01 -5.701014261057442667e+01 -8.867224123790302315e+01 -1.789878515076861021e+00 -3.035386096807875411e+00 1.198434493572753823e+01 -1.005422280922506673e+01 2.501480744386054056e+01 -9.558554372157445300e+00 -2.530238674730465043e+00 -1.616398376021383498e+01 2.319228118371302472e+01
4.902485537310830921e+01 -6.736532373103767668e+01 -8.707058006043931186e+01 8.707535148707869155e+00 7.307234293260719049e+00 2.226862213131808588e+01 -6.697409041844886168e+00 1.319288218435819893e+01 -2.818845543793914743e+01 -1.386705185242984761e+01 -1.313040432129181845e+01 9.639385416708433851e+00
6.187846274195314322e+01 -6.514985385174891519e+01 -8.704073445505149209e+01 2.337098933432766756e+01 7.517580432913356425e+00 2.072100879694324504e+01 -1.210273608289358549e+01 1.101887088579800356e+01 -2.067599568360850171e+01 9.178259545985287815e+00 -7.832657980388828989e+00 1.314762633103793377e+01
4.304017939206154608e+01 -7.290787524248428042e+01 -8.911305486820512556e+01 2.126646227919782461e+01 5.842338232649327168e+00 1.051680701434864673e+01 -1.564992294760563141e+01 7.918540504309341088e+00 -2.723525741908772702e+01 -4.823104541996161565e+00 -3.427261250022491623e+01 -1.314535674659818376e+01
6.170748917568683112e+01 -5.060220119387703619e+01 -7.140369707213429251e+01 1.722360025188834243e+01 2.049745582353303064e+01 2.761701236716870511e+01 -2.426002052906866879e+00 1.029694253176310603e+01 -2.678287905610816466e+01 -1.049687116165065426e+01 -2.275066395561835009e+01 -5.655112739276141554e+00
4.959660324348428162e+01 -5.780636238829137596e+01 -7.746146888417004561e+01 1.007431721962026749e+01 1.560890289654814644e+01 2.475241014020656749e+01 1.103121679098122865e+00 1.349413199057398671e+01 -1.593418850440673751e+01 1.433857379602422100e+01 1.810204788716025082e+00 1.549459130760323688e+01
6.209532425584239945e+01 -5.397837820589167279e+01 -7.600530375631883828e+01 1.359374162893750571e+00 -1.330286846785189603e+01 -1.056318316428405346e+00 -1.846177972928975208e+01 -1.002208294187275683e+01 -4.290123144638168640e+01 -1.739837973897212464e+01 -2.620452824316645390e+01 -1.284408625959374639e+01
6.565621044567555487e+01 -4.808676277022595258e+01 -7.385210124909892215e+01 1.400785073836224015e+01 1.076775498994781444e+01 1.275908844844107648e+01 -1.304508169105676352e+01 1.275116093321582866e+01 -1.546205246606477068e+01 1.402981719159989638e+01 1.033837146098957049e+01 2.840366408677157040e+01
4.386910425983874973e+01 -5.345324228335337580e+01 -6.420886665039287777e+01 1.591269437322920233e+01 9.736248956247546715e+00 8.452858874734545225e+00 -8.402948436356144413e+00 6.356475557217896366e+00 -2.500020303025928570e+01 -6.046500951176104088e+00 -2.196949053437781174e+01 -1.495121494635620252e+01
3.005345405786381008e+01 -6.150815850638394267e+01 -6.764640301100480713e+01 9.968580962869104667e-01 2.741128533371273157e+00 1.705384093118394162e+01 5.715166179864265672e+00 1.135537572726561173e+01 -1.981909617019496039e+01 -5.670954058295663458e+00 -1.759049009834976474e+01 -7.334087519851070880e+00
4.134477180148137165e+01 -5.053433374465595307e+01 -5.303417323485155066e+01 1.847154411865795254e+01 5.353009122309772216e+00 9.517154813430312998e+00 -9.663694022599759847e+00 4.119832367298617015e+00 -1.083824327466973436e+01 1.103038952693840713e+01 -7.531845857501492603e+00 4.053033636588511790e+00
3.891840035020727839e+01 -5.345064367808979000e+01 -6.678295364536947432e+01 -6.055164491486339173e+00 -6.591878207955002011e+00 3.015387642102993482e+00 -8.239339060077179866e+00 1.268599568838780201e+01 -1.136961984294574624e+00 1.585208328989933335e+01 7.250553886028658468e+00 1.430056223181092356e+01
2.705713552638457386e+01 -8.163250675960560443e+01 -8.687816070187440687e+01 2.367213534588304746e+00 -1.373514810240835970e+01 2.006221885894611034e+00 -7.245197852456546350e+00 2.179855127744063736e+01 -3.055669235567834541e+00 1.661161954571392840e+01 7.221912642201166577e+00 6.906520206124356243e+00
2.182747755184177407e+01 -5.149582100845973542e+01 -4.689072166970681366e+01 1.280510797459599814e+01 1.813488585236302697e+01 2.085156543666018791e+01 2.722596655721946313e+00 7.914056833502526977e+00 -9.168254738976791884e+00 1.083384296470905817e+01 1.311281077400739647e+01 1.429299882317457637e+01
