-9.972161689640429927e+01 8.650822748441731491e+00 -7.005549443945818133e+00 4.947870294737518826e+00 -2.189807286107289030e+00 7.353499757144503768e+00 5.277073342661365629e+00 -9.639735081521783044e+00 1.360607315975458498e+01 1.792356754052377710e+00 3.917878290993734858e+00 1.205156880661806440e+01
-1.150929956146601825e+02 1.451437390990423459e+00 5.408297520794311808e+00 1.417287560003198621e+01 6.314107107105424888e+00 1.471298107427854873e+01 2.059957680332231433e+01 9.462756878127628113e+00 2.387065698829594140e+01 -9.622495552443954381e+00 -6.283571586608987403e+00 2.885205262868509646e+00
-1.113811258164121796e+02 -8.342483906678410222e+00 -1.471056285137300712e+01 6.262490998955932753e+00 -1.218416266986703356e+00 -3.167698980127480191e+00 1.368508465523365203e+01 -1.379316149605040209e+01 7.965351012057011459e-01 -1.494141571178248284e+01 -1.760248236540496336e+00 -3.483715687617677581e+00
-1.054483277604138607e+02 4.107647231727309389e-01 -1.873250898504679851e+00 1.358557716215794997e+01 -1.802878052708602574e+00 -6.209161120885378971e+00 -8.201641155235099845e+00 -1.210045992367429690e+01 2.704022866966149863e+01 2.445052077942223345e+00 6.865175943472216602e+00 6.769069506845429629e+00
4.323425693175998674e+01 -4.494977357196141554e+01 -1.608402983025541744e+01 -5.313423732153773926e+01 -8.063637059768944937e+01 -1.837431528821816329e+01 -2.509492711379157193e+00 -1.936849163860666323e+01 4.178004602936396594e+01 -2.914050182994987281e+01 -3.150953263969372742e+01 -2.922014900161263640e+00
3.014943223035155029e+01 -1.494166091244520622e+01 3.482243994302800072e+00 -2.437760208688247587e+01 -3.671716002749730734e+01 1.771877292605677834e+00 6.095015617205318037e+00 -8.109839755194691691e+00 1.094256567052612361e+01 -2.435972872293285008e+01 -8.102990819128031319e+00 1.610035723993762602e+00
6.671231896312620790e+01 -4.126741886170272267e+01 2.958445522347070522e+01 -1.425502447981799392e+01 -6.280635104683978653e+01 -4.266291709711335045e+01 1.259635181428262385e+01 3.230228864966210978e+00 3.495744424604882283e+01 -7.806405597924571893e+00 -7.140106456766078580e+00 -1.602318014304591287e+01
6.327314622335190109e+01 -1.926859378374656373e+01 2.132695387756388783e+00 -2.663556715539948527e+01 -5.066583085196889158e+01 -2.675451750401034090e+01 -1.790572036788751209e+00 -3.934293472568425543e+00 6.393624034581208093e+00 -1.468517118114913700e+01 -5.324330148167090826e+00 -8.131675780749299420e+00
5.402656554946791090e+01 -3.818412861501222721e+01 2.253215211081111136e+01 -4.742921636057936041e+01 -5.907414268968878446e+01 -2.959153873414080493e+01 1.909302890231525396e+01 -1.310114081573414424e+01 3.318283444883699218e+01 -1.702073503292579915e+01 -1.612222264053689003e+01 9.701984919887763681e+00
6.634987386567404144e+01 -1.656197761116908751e+01 2.613280822010556648e+01 -2.579563562849043734e+01 -3.799904718189253572e+01 -9.627118598302269348e+00 1.063867742662522931e+00 -3.492406114228570946e+00 2.872518883984686511e+01 -2.403536994280206507e+00 -2.824930716414594478e+00 -1.423397067705907126e+00
5.938494513273169417e+01 -2.203889309864912249e+01 -1.561641298649421028e-01 -4.727260237209765137e+01 -6.232838023822708351e+01 -3.336948291886668017e+01 -2.211298193995212813e+01 -1.488101502375172558e+01 1.426267083366764687e+01 -1.594577753729106995e+01 -1.657463550858758339e+01 -2.043020584119814842e+01
8.858569627789574952e+01 -1.857600748634697041e+01 1.089888304232364291e+01 -3.981908018406588212e+01 -4.394770312602017270e+01 -2.423458397115469865e+01 6.582123636674205081e+00 -1.910275587325488189e+01 3.015879047471862151e+01 -8.808563945810650608e+00 -8.137550809114276973e+00 8.827456608329844912e+00
9.277857757127780758e+01 1.289386799560506169e+00 1.992782241676224686e+01 -3.202770027318421597e+01 -3.226904329569131846e+01 -1.357495681153194056e+01 -2.485810669652175342e-01 -2.374598706508930945e+01 2.090000857673163281e+01 -2.200805191108898740e+01 -2.461540739135722689e+00 -5.284067738163464867e-01
6.937523596495880440e+01 -1.647251863062289345e+01 4.194662258931967358e+01 -4.854763349152424468e+01 -2.881628493648592837e+01 -8.893532142902483173e+00 3.006479627859089288e+00 -1.523966482046842685e+01 2.496517197307661107e+01 8.239490362437784654e-01 -3.424108620087868537e+00 3.596461413146400332e+00
6.318916549773899760e+01 -4.343215825959382670e+01 2.722664035724509546e+01 -3.905787109884535369e+01 -4.557762052512280349e+01 -9.251260666710411584e+00 6.930722216727669860e+00 -3.217176021212474524e+01 3.608884430764833695e+01 -2.288945590927139762e+01 -4.586979404608161559e+00 1.548490828332737124e+01
5.731536579556161826e+01 -1.192912027683931342e+01 8.347837534603351983e+00 -3.889458649255531952e+01 -3.046007287390499840e+01 -1.424173515750506880e+01 -1.574547713381794445e+01 -2.349219496211316738e+01 1.138005706800713135e+01 -2.864245655992031203e+01 -2.128331825997198834e+01 5.690679484032590274e+00
7.297454998264737469e+01 -1.696064190295859220e+01 4.242848989831379924e+01 -4.058328429323924524e+01 -5.890587635586235393e+01 -1.623288731240127802e+01 -3.421891990270314210e+00 -1.964226766416292946e+01 2.822498672984726298e+01 -4.037563813054678974e+01 -2.282555339085324420e+01 8.667200531383105755e+00
6.778515244996201261e+01 -2.244541772135513824e+01 7.136796118658195098e+01 -3.606607519909811543e+01 -4.160581563014049777e+01 -1.736282556596444593e+01 -8.826434686300601129e+00 1.645225244968369083e-01 2.717849319577701550e+01 -9.487664501206424461e+00 -1.423711713962377345e+01 4.440850410791833625e+00
6.785333562831539211e+01 1.894747025606069002e+00 6.315308681653573331e+01 -2.342046729514447989e+01 -2.515141201428620121e+01 -1.381428344939817343e+01 1.166367719803178105e+00 -9.519410295602579453e+00 1.739271713328878022e+01 -2.577812193589365108e+01 -1.850670602822346567e+01 3.009902240971052123e+01
5.728836996548641025e+01 -5.098945246692338173e+00 5.860082830733966830e+01 -1.325840766766436829e+01 -2.993275896080040255e+01 -3.149172460150168718e+01 -1.381751257241491260e+01 -2.270200081010620607e+01 8.755482936885490730e+00 -4.480943327727850090e+01 -2.467966831568259423e+01 1.334883668608719098e+01
1.210302420671865065e+01 -3.307085568136881193e+01 5.712519675134196007e+01 -1.086165320946908430e+01 -3.326658127270508203e+01 -7.077592472662302292e+00 -2.391808171591243593e+01 2.136077493300863939e+00 1.144704471893401632e+01 -3.383174455496783395e+01 -3.943732996360135079e+00 3.346727419927590486e+00
2.454538422583131307e+01 3.477938260611099253e+01 9.412769855405162645e+00 -2.573958784845726910e+01 -4.557903822881159073e+01 -1.979158079304504270e+01 -9.208119081978821896e+00 -1.835908298696573837e+01 1.169945623626325037e+01 -2.437720609954928008e+01 -1.695478394818544032e+01 -7.012392688303668464e+00
7.991350719956507476e+00 3.033629827730817397e+01 -2.846665474793141914e+00 -3.604017734687278107e+01 -3.596587668717803865e+01 -1.999627937016151691e+01 -1.780039512282696990e+01 -2.508801326643200369e+01 -5.716861737617270900e-02 -3.471549890230618018e+01 -2.117572303015931823e+01 -3.438732577373518673e+00
1.844305068661601865e+01 1.971416993068895707e+01 -2.983698551760811313e+01 -4.495794221528025503e+01 -4.347189172497560605e+01 -1.771629386118316418e+01 -1.557268838432425007e+01 -1.404098629798951059e+01 -7.241954216841713921e-01 -1.973844878151906101e+01 -1.390299487864433203e+01 -7.100525661781507125e+00
-1.420829632274472587e+01 3.900080942417950780e+01 3.490988776180034225e+00 -3.270193826920943536e+01 -2.850900082697886617e+01 -1.401084378244700446e+01 -1.015323751871878954e+01 -1.452205340563806679e+01 1.140617476553472187e+01 -9.911383990897521201e+00 -6.791681817006130828e+00 -4.351185506934658775e+00
-2.187221020126843740e+01 3.038515566994507822e+01 2.191498972597344608e+00 -2.183858148717625269e+01 -2.873349820986680925e+01 -6.250352474437435468e+00 -9.642723909619236977e+00 -1.924601663234745885e+01 4.635011618161550828e+00 -9.643598638881321961e+00 3.905697349626964687e+00 2.886475539832709103e+00
-2.684693908402501883e+00 3.546069461889789665e+01 -9.577515894002625041e-01 -2.495006479427966894e+01 -2.701387197730648637e+01 -1.934665443951023178e+01 -2.369035065956948216e+01 -2.594106554855163793e+01 -1.633417530947881335e+00 -2.095203883531878120e+01 -6.554401079109119621e+00 4.587707800730261631e+00
-7.172159361054716520e+00 3.424713842244459983e+01 -5.072255873096364276e+00 -2.098702870748212845e+01 -2.631971377795138523e+01 -1.395408901573618898e+01 -1.191336646534782417e+01 -2.205058544871378245e+01 1.510015417758837586e+01 -9.812703707407113285e+00 -2.916441591911421938e+00 7.388761279180446451e+00
-3.835560358615881427e+01 2.541141670295204946e+01 -5.184934273510668490e+00 -2.804438150443097300e+01 -4.026394361355445994e+01 -3.627754284596723267e+01 -2.808867300525689359e+01 -3.877245039472573751e+01 -1.337514602208824144e+01 -2.722997367271043956e+01 -1.700228046112074054e+01 -1.072609354181300922e+01
-1.953166994323163763e+01 4.230525573990033195e+01 -3.410594101569710546e-01 -2.217680351663235427e+01 -2.477364108264692177e+01 -1.771041551608261244e+01 -9.462775491835365926e+00 -1.640649689700767766e+01 1.640341089638617689e+01 2.040404732713976266e+00 1.088823662241047963e+01 9.747177411854059059e+00
-2.378418205694126897e+01 2.199142394916808296e+00 2.519353010412208960e+01 -7.386675188516710122e+00 -2.772715709988292332e+01 -1.393953368124742198e+01 -1.145012553885161566e+01 -5.765945363414964220e+00 1.993434493550780218e+01 -1.385566918143942061e+00 1.869125781054003177e+00 2.923156696759722006e+00
-1.085911738158255559e+02 -5.559705956040608044e+01 6.210369828503186085e+01 -2.676892001251390241e+01 -1.339646783856670886e+01 4.293309084659151509e+00 -1.606947731894073783e+01 -4.868162898479781120e+00 2.475492608999927668e+01 -3.863473067362257929e+00 1.311098728938826241e+01 9.648974538944116830e+00
-1.442174282778443626e+02 -5.978829250144300289e+01 3.887962416034125823e+01 -3.764426175301651512e+01 -5.081830034182857503e+00 1.178570228924174934e+01 -9.155615754863189792e+00 -1.686552604319722448e+01 1.726468606673346073e+01 -1.336969333379196989e+01 2.209589791257307922e+00 5.310167968054091858e+00
-1.678741283149414585e+02 -5.404934780164379760e+01 4.419611336275524849e+01 -3.098591526976188959e+01 5.682050989883977721e-01 2.536775360011571934e+01 1.208918527467498549e+01 -1.345173831302167500e+01 1.364066479883650906e+01 -1.360437946067904491e+01 1.264976229384873196e-02 1.673635817464442965e+01
-1.571086234539302495e+02 -4.839955599887032633e+01 4.858603883890177855e+01 -3.319705177948466712e+01 -1.421500132010838513e+01 1.288719773095229115e+01 1.392559358012827886e+01 -8.121656297551153258e+00 2.872710283658708619e+01 -1.886365612238592604e+01 -1.945452711639009458e+00 4.574150457733052733e+00
-1.797701519057723090e+02 -5.216592790597418627e+01 5.847993772935332402e+01 -2.048488772081928033e+01 -1.037485570061437556e+01 1.353895560080841776e+01 -1.020811578114932949e+00 -1.313868831458022512e+01 1.911716570225110701e+01 -1.248460830558847690e+01 9.278334822137601634e+00 1.327993848910660901e+01
-1.679066361379373120e+02 -4.628533975508026543e+01 5.791366906196172692e+01 -2.162280579141333448e+01 -1.123334408523878380e+01 1.507518474993465318e+01 -1.671686288602225456e+00 -1.577508472675224382e+01 3.241293024248471966e+01 -1.296051033095184479e+01 -1.526036837094259635e+00 6.804974577893087684e+00
-1.776435037920275590e+02 -4.295033020226651388e+01 5.133363540211533405e+01 -2.574336178798369446e+01 -1.373256129453903007e+01 1.415777534004476301e+01 -6.152208684447022513e-01 -2.364350920691341429e+01 3.145849365746743231e+01 -1.896853569283613439e+01 -4.420358115036119528e+00 1.122730654254548099e+01
-1.680483553647208623e+02 -3.850358788665008092e+01 5.494182744593007328e+01 -1.186930801885465492e+01 -7.394394071962479664e+00 1.265205387731863240e+01 -7.772744174489333524e+00 -2.109369718162240304e+01 3.656857160214329383e+01 -1.671463141007106401e+01 -3.531183523017700665e+00 1.466425579443105498e+01
-1.630814979855383058e+02 -3.248071166708686519e+01 5.289839573894153091e+01 -1.813331372454113932e+01 -7.408038142928734970e+00 7.293765971837685491e+00 4.178525945637242778e+00 -1.493821966899395193e+01 3.135375590806745194e+01 -2.034018205542032831e+01 -1.189668920487504522e+01 1.134211101812394773e+01
-2.243620248373201775e+02 -7.902735453119203157e+01 3.701366561406982214e+01 -2.241382540587431293e+01 -1.642828787650243072e+01 1.887672311247315804e+01 3.391607483785481492e+00 -1.627776754815919702e+01 2.260420558779663835e+01 -1.457852219447577369e+01 -5.831465649883700308e+00 9.407763650507376951e+00
-1.079447467058213590e+02 -2.607723531986123078e+01 4.010718952541606797e+01 -1.863645411955083375e+01 -6.027979624445483964e+00 1.424725317921172874e+01 2.813011202986968051e+00 -2.261176872015742845e+01 3.018419100454852000e+01 -1.255970177051191783e+01 -5.410583790001145310e+00 5.770335436556671027e+00
-1.530393270495277989e+02 -2.671486710163105727e+01 4.793991065240069105e+01 -9.505760000643284968e+00 -1.327905835496208553e+01 7.102676111148255700e+00 2.570054898118971476e+00 -2.112666228403232083e+01 3.278195424791634593e+01 -8.036196500470973447e+00 -1.999221426321718198e+01 1.183470142313349349e+01
-8.741062564572035853e+01 -3.120406998140291677e+01 3.975355415217181587e+01 -1.886137657985450033e+01 -7.708111575518804770e+00 1.182276759837830582e+01 8.532196339558090870e+00 -2.497798532040008723e+01 2.632318467332203937e+01 -8.500222019307177135e+00 -7.207990169777654721e+00 1.110005832189850317e+01
-1.220369044150321542e+02 -3.745645920531752893e+01 4.236174869955078037e+01 -1.016216505146998017e+01 -7.751587363708885903e+00 1.117732928749133769e+01 -4.070409704032982745e+00 -1.797387763498552715e+01 3.851309422455666720e+01 -9.818503002289695303e+00 -2.326392761624072847e+01 1.529162815033132361e+01
-1.470932162648718702e+02 -3.229986778416596849e+01 5.523115565668720706e+01 -1.439961008496924322e+01 -7.895678590954297249e+00 1.598667837320308482e+00 1.532621631080161695e+00 -1.295170194474572867e+01 3.946629638505648074e+01 -9.184292112969661304e+00 -2.417460629437340458e+01 -8.574672154000029245e-01
-1.014536598528227103e+02 -5.862056020884806173e+01 2.230857165823025667e+01 -6.809244649323538567e+01 -5.848692826361724428e+01 -3.063080034228104154e+01 -3.890500505490352623e+01 -3.176490706408621634e+01 1.809348930833120050e+01 -2.365631781981343451e+01 -4.529303619148002724e+01 -8.388659291447318367e+00
-7.252800159179626860e+01 -4.851147819509826320e+01 5.594950255095210423e+01 -4.334451190477449956e+01 -2.488023882128208086e+01 2.756195114375299404e+00 -2.944940068406199885e+01 -1.694399293322377176e+01 4.265353505836630887e+01 -1.161522910917161866e+01 -1.105199196239950155e+01 1.606687442173772240e+01
4.665929257764432236e+00 -6.276353199015910711e+00 6.073454561167409338e+01 -3.019087627479526503e+01 -2.213746519500742238e+01 9.129386125392882079e+00 -1.913661076342305023e+01 -2.906194096685482009e+01 1.725779843879186970e+01 -2.427469589027418095e+01 -1.391573277366393135e+01 8.741223947032601416e-01
8.991930947467599822e+01 3.101421926756767178e+01 3.699563020728874108e+01 -1.246459731770692514e+01 -2.903736454022509150e+01 -1.555366730102172923e+01 -1.622562618832447612e+01 -5.703812926670413397e+00 1.998339587985118371e+01 -1.916745937963426627e+01 -1.029695686360472706e+01 1.471702718293334655e+01
6.806774423917750028e+01 2.414007615943513940e+01 2.016580529417624490e+01 -3.959187219869757524e+00 -5.298067975782579708e+01 -3.483323609459304748e+01 -2.750441752586010224e+01 -2.833749478538891609e+01 4.587295445830653406e+00 -1.055524138410059010e+01 -4.258539434660085554e+00 3.774838405517852102e+00
9.894287752312914108e+01 3.580257208228856314e+01 2.365856283451597974e+01 6.934127070949304361e+00 -5.340883286450850420e+01 -2.245075607506838367e+01 2.428908040169238447e+00 -1.819682690912008383e+01 8.371495669084797697e+00 -3.642934289487373078e+00 -1.471570551470412269e+01 1.989991997260989010e+01
6.698002518538721972e+01 3.907048358154526113e+01 2.637712142123770676e+01 -1.287294810315751104e+00 -6.152394556957150940e+01 -4.392398813015187642e+01 -1.982994213229384428e+01 -2.348399048801369560e+01 3.834666103692432770e+00 -7.296134158542894710e+00 -3.720176408305757576e+00 9.723118146224441816e+00
8.556263460438192681e+01 4.519763013003974095e+01 3.287985163817731404e+01 1.773354487722380668e+01 -5.988475070038668235e+01 -3.895087018310677252e+01 -1.801651467507408899e+00 -1.390963418725141842e+01 5.487450020325105982e+00 -7.290653174681134274e+00 -7.592509242275088610e+00 1.548155798617670165e+01
7.096268756755091545e+01 5.911670618305683433e+01 3.694346095266729435e+01 1.921213757360071739e+01 -6.019890870407688510e+01 -5.551172996110326352e+01 -1.132578957837137956e+01 -1.539336441428927316e+01 7.785573589211689516e+00 -7.500899848575743434e+00 -2.412184543887792643e+01 1.984950158754630323e+01
6.500236673838236356e+01 1.605704222582320284e+01 -2.445093417984649964e+00 -7.951840821187850850e+00 -3.242611464495084306e+01 -2.159189618935353394e+01 -1.116025651873571078e+01 -2.087608978936341231e+01 -3.366194770402545444e+00 -1.010983480494502906e+01 -1.087790071675406978e+01 -1.963179415015360973e+00
6.269090433076247848e+01 3.136266762980553224e+01 1.797616196875915051e+01 8.460875676432612735e+00 -4.643007416321707126e+01 -2.950099205128254098e+01 -2.887566292543645829e+00 2.185146276763238138e+00 2.843871563300593319e+00 -1.578307139565658090e+01 -3.339571032149940777e+01 3.983046684398327208e+00
6.310995684986828280e+01 5.688532839304561861e+01 1.309709614811061940e+01 4.555021707139804477e+00 -2.537910550221403128e+01 -1.177439594754821428e+01 6.835308326992279859e+00 1.394998737207043860e+01 1.778816449299637981e+01 1.407613049292598006e+00 -3.771411333773412622e+01 -7.619342081035690661e+00
7.090300334250902381e+01 5.329148956614857013e+01 1.487331541043622352e+01 1.420560818685783389e+01 -1.259271420904503991e+01 2.577105319477812184e+00 2.275983953229995915e+00 -7.565840723725587580e+00 2.664604797771199518e+00 -1.891096716678896072e+01 -3.517196387924583689e+01 -7.448486208174557310e-01
2.154801969236704551e+01 5.689873383674975571e+01 2.582704267316780999e+01 3.577405845471970380e+00 -4.350921749043747866e+01 1.474961518303086638e+00 -9.525018536081098830e+00 -2.454591495744184115e+01 -2.239081578549643181e-01 -2.285106943339917152e+01 -2.233297345814141721e+01 -1.016676630542961135e+01
-4.340610022370454146e+01 -4.334100226970798531e+01 3.739354408654379824e+01 1.186429054068905842e+01 -3.886205572514107587e+01 7.302680290894889126e+00 7.965634435781494549e-01 -4.908026254491207396e+01 6.744362478904258218e+00 -2.191476672564899175e+01 -1.267370843087038779e+01 -1.172742918981617777e+01
-1.565228747139125787e+01 -8.194423293711281531e+01 5.425424976996075088e+01 -4.352148287900982737e+00 -2.899973215610298638e+01 2.585911351389197677e+01 4.638282545946397661e+00 -2.247868367615665974e+01 2.695824625849674661e+01 -1.139871393365241481e+01 -1.229190782906017354e+00 -4.718255654923222409e+00
-6.948460694622556844e+01 -9.837095146867224571e+01 5.038198491585727368e+01 9.436859113944823463e+00 -1.815966264871435598e+01 1.924133152371227595e+01 1.864743325836649701e+00 -3.167122586069909573e+01 3.017915112681183132e+01 -1.367766674405208782e+01 -4.748366989710527619e+00 -6.613237257507473821e-01
-9.854909885729107089e+01 -8.511844794733657693e+01 3.862644175294839499e+01 6.520101022362839061e+00 -1.721105793144596419e+01 2.323662547661907496e+01 -3.471859914810724757e+00 -1.308934712770253306e+01 1.343231581583509282e+01 -7.151236086218643706e+00 -1.074243088229981424e+01 1.175661496639430759e+00
-4.391042338003710910e+01 -7.875135702045892572e+01 4.477907962384200857e+01 5.791990261137309748e-01 -2.022609286203542922e+01 1.846927177074336868e+01 -2.767002182750807115e+00 -1.713818268308683557e+01 2.319209596431268139e+01 -3.180508348162839560e+00 -8.363070765936326367e+00 -1.577099935504409522e+00
-1.639093487180790589e+02 -1.187589394440990134e+02 2.569402014366669107e+01 -4.730237079604785677e+00 -2.316025673749391345e+01 1.378541256898370904e+01 -1.821295132786782744e+01 -3.585513776865748525e+01 2.066099211207085951e+00 -6.790017385405421102e+00 -9.936516392491693495e+00 -1.342419290612310023e+00
-8.535726438928692517e+01 -1.135605450913593160e+02 4.839572694015794241e+01 7.576973869801961747e-01 2.528119910445856711e+00 1.312709874054279524e+01 5.400151938371987370e+00 -2.755609024451965894e+01 2.543956575008259691e+01 -1.659829899514699392e+01 -4.324650446451561159e-02 -7.056546341449396742e+00
-8.584389416372791004e+01 -7.883776760200038325e+01 5.630741432519315026e+01 1.154767332699149307e+01 -2.394009171329074093e+01 1.636472516533995503e+01 -1.273979793497638013e+01 -2.398040869455977031e+01 2.982449139336976174e+01 9.745071208418938369e+00 -7.588257436084854035e+00 -2.419836898384887469e+00
-9.907140716174023964e+01 -1.317114568808802062e+02 4.174310762689310650e+01 4.046033505212939474e+00 -1.036814339221102621e+01 3.005933376660146195e+01 -2.275204665200835308e+00 -4.623543131427253172e+01 2.865847861148138875e+01 -4.375312615853665932e+00 1.172804571228422432e+01 -4.808126767576044180e+00
-3.149530927701042771e+01 -9.047937976690110418e+01 4.731678545400374958e+01 -3.890586834888481782e+00 -1.578040178240933145e+01 2.694139485296523162e+01 -4.624619279658218618e-01 -2.894294680909542450e+01 1.906635443651118678e+01 2.685269151028346180e+00 1.720595892983210806e+00 -3.563042536840462127e+00
-1.048005685087786958e+02 -1.089706623891008235e+02 4.065156439751820727e+01 1.260259225564211327e+01 -8.940174443038705121e+00 2.083755408978747425e+01 3.862236263173339346e+00 -3.673888361614887543e+01 2.265304576424853877e+01 1.563734323412815375e+00 2.168451881391140645e+00 -2.416549451178043650e+00
-1.109532469509148029e+02 -9.794732384901242028e+01 2.987558008322175596e+01 7.304415213695980569e+00 -3.653219765298011623e+00 3.448039941759307681e+01 -1.373425111008078048e+01 -3.102101926860269288e+01 1.826102392650353323e+01 7.358611750699024512e+00 -1.660904314433746976e+00 1.640095862730992060e+00
-9.160757170884832590e+01 -1.068606760699795046e+02 3.921290037254692606e+01 6.658490379625916944e+00 -7.933383365859925540e+00 3.579842401513133154e+01 -7.714568100224006741e+00 -3.724128344207560559e+01 1.997723414468387304e+01 -1.914527506543022284e+00 3.935476029777891682e+00 4.060250309991342732e+00
-6.521245110462723460e+01 -9.844722128990822796e+01 3.957442166227335179e+01 2.511061085481877786e+00 -1.268530584290402174e+01 2.943456940308605496e+01 1.638843503401283819e+00 -4.496248803903070268e+01 3.306824220920085367e+01 -4.932269737269820986e+00 8.092288628856907806e+00 -5.010520933629187823e-01
-8.789847462359530539e+01 -1.254919814705653636e+02 3.388749573642551383e+01 6.342970546694612466e+00 -5.711656774101300016e+00 1.902717223468786756e+01 5.144861864654078687e+00 -4.604770743028336000e+01 3.672949873625169204e+01 -2.578110997970279428e+00 3.609514746063211987e+00 4.402411536687448113e+00
-7.116958852303444871e+01 -8.801080584503762338e+01 3.981752503675924970e+01 2.132114833100906992e+00 -1.578904753970808272e+01 2.971643059630773465e+01 -6.825032076941967674e+00 -2.849484029501395810e+01 2.230615324356942963e+01 1.110986604442584458e+00 -9.346604858362637103e-01 2.178582325704438993e+00
-3.603056278894948150e+01 -1.024826552696877116e+02 5.550097200135690656e+01 -1.222365477731246042e+00 -1.394104483478489698e+01 2.072424329499260409e+01 3.090618541213474124e+00 -3.786494411031514318e+01 3.665940728946544169e+01 -1.416215335694977817e+01 3.889701887667571967e+00 8.909833680234531539e-02
-5.970906322693927848e+01 -9.298303083595362750e+01 5.454257733274103259e+01 9.232943934667929398e+00 -1.230787213172667194e+01 1.259823038947616780e+01 -6.621870131429344219e+00 -3.111232539042723744e+01 3.741675686609507068e+01 -1.419402283531646880e+00 -6.684665189627979842e+00 -1.983133222191909573e+00
-1.045258587698664172e+02 -1.076203477371888937e+02 5.420549261539115093e+01 1.502917993693798060e+01 -1.302587326689409331e+01 9.679494949551934013e+00 -1.207787113718631344e+00 -2.704332744881169504e+01 3.203493481985558589e+01 -1.606347907363737804e+01 -4.012445728013369073e-01 8.275120045304273475e+00
-1.201662305009188572e+02 -9.734196229555922741e+01 3.503005799378776430e+01 1.101424188145422889e+01 -1.243107643727019607e+01 2.145533134780497875e+01 -2.815925558198752121e+00 -2.041419691347934062e+01 1.771249992386896110e+01 -6.166087972874736423e+00 -8.755410546495919988e+00 7.532010421375694875e+00
-6.137142830061459620e+01 -1.021469188611110042e+02 5.134435289488981624e+01 7.235169329833281537e+00 -7.444840085437152588e+00 1.207085127169623107e+01 -5.773139655778609658e+00 -3.070595700106225223e+01 3.669569522046401744e+01 -2.621737254314118193e+00 -9.525931168232968815e+00 7.685914255420205343e+00
-3.594318156296559152e+01 -9.171035441551558165e+01 5.972781136954925074e+01 -7.101996979051302894e+00 -2.121734157337857951e+01 2.124411698445882379e+01 1.061001005807425734e+00 -2.335787038202472843e+01 2.986166447036095661e+01 -1.330678789429233078e+01 -2.389307616333828044e+00 8.122104014499862856e+00
-8.176844012400454176e+01 -1.017949080247413178e+02 5.412713473142559906e+01 1.121050096410812991e+01 -1.193680337757635002e+01 1.845093912603155673e+01 -1.580371827125500594e+01 -2.139477410608258623e+01 3.561927609068477807e+01 -4.556869086928712065e+00 -5.725488614988671898e+00 2.074250541091055666e+00
-1.297412665382294676e+02 -1.181634545017860773e+02 2.823338363785669713e+01 3.887560839570619375e+00 -3.705272099608163394e+00 1.972531903586352797e+01 -2.456942330653876283e+01 -1.451311312170630785e+01 3.415467826340474033e+01 -7.235793186208182348e+00 -1.709285325171923375e+01 1.298760001184824731e+01
-2.429681718677333890e+01 -9.787229725722374951e+01 5.698662344313987660e+01 -2.250920676718678237e+01 -4.179358375212785859e+00 2.626346367122484438e+01 -1.085333982224663174e+01 -1.799145780347439683e+01 3.745613407423848429e+01 -1.949843608425635466e+01 -6.628498259369388634e+00 9.217089540133560632e+00
-7.257774646767492754e+01 -9.161071611185570873e+01 3.358088713706428052e+01 -1.349104339297976018e+01 -1.651795631013990828e+01 2.609114522612377840e+01 -1.217350227267167284e+01 -2.165704774760313711e+01 2.330705747201822220e+01 -8.073465871499047708e+00 -1.079278255945391329e+01 2.632019510079664393e+00
-5.985585922786681579e+01 -6.570533067012392792e+01 3.030422389073308409e+01 -5.611994439742502117e+00 -1.374380346745996384e+01 1.536281853038010503e+01 -2.578896995000072856e+00 -2.304936686071476259e+01 3.016332202883788227e+01 -3.939342424090068739e+00 -5.589638847221934270e+00 -4.900311928747411727e+00
