-7.398492722564355972e+01 3.005014183431477903e+01 -1.975887990502062053e+01 2.676575952223357291e+01 -2.170621568743118956e+01 8.273440665965804186e+00 3.549781961253715146e-01 3.497756103184930687e+00 1.312651523884624538e+01 -1.222476367473720416e+01 3.693172783575767948e+00 -8.245341507860499686e-01
-9.057540722551473777e+01 2.299928224403314658e+01 -1.699806444910733916e+01 2.377505482072300325e+01 -1.355474408350248439e+01 1.772843032140906416e+01 -5.000386896319718666e+00 -4.028673983080210519e+00 -3.185945591946583999e-01 -1.910783098284503723e+01 4.307905674916645999e+00 -8.553092874113433552e+00
-1.085499535098582271e+02 2.720072712941650650e+01 6.416057837568067690e-01 1.065189628471920358e+01 -1.818217431566852937e+01 2.111745175892779613e+01 -1.148061678634150873e+01 1.254126509400153244e+00 6.120279494365395756e+00 2.338041351846707361e+00 2.321610595468215266e+01 -6.376530880134152923e+00
-7.268900260324373619e+01 -2.176065096011550182e+01 -6.645285390278105275e+00 -6.761268098180062136e-01 -4.284514867292889306e+01 -1.151060855940880856e+01 -3.026755552862584864e+01 1.724857068170357444e+00 -6.063965657445448798e+00 -2.162695755782807794e+01 2.933424398094874164e+01 1.986605346398810035e+00
-9.899224833004373636e+01 -5.347942153696956069e+01 7.468044002403283699e+00 1.566699538722768281e+01 -1.647419557891654840e+00 -2.134479702933222534e+00 -1.136168897705424996e+01 2.105655134598526956e+01 8.812171704518133808e+00 -1.336068907472270340e+01 2.353365682176649898e+01 -1.684897811396070644e+00
-1.876572309224100081e+02 -8.845722304848561635e+01 1.685126798117160618e+01 1.365490256495364996e+01 -9.940461893786290304e+00 -1.354371535610560251e+01 -1.760501825613309634e+01 -2.398890098258317227e+00 -7.261590878829341733e+00 -1.871424796028772164e+01 2.419798270046716482e+01 1.480403785724621279e+00
-1.350956274178522563e+02 -6.286078911669287095e+01 3.321374295149546896e+01 9.849261744808437413e+00 -9.637141441401283259e+00 -5.724351476328866539e+00 -7.803251568427850060e+00 1.575376321873686258e+01 9.431602596001834371e+00 -9.876435045907705046e+00 2.220264931956566556e+01 -1.126487754638905514e+01
-1.274761183793786330e+02 -4.787160692317370803e+01 4.952018123977865116e+01 9.250503368108343949e+00 -1.910090766711216403e+01 2.060419657876756405e-01 5.081006802609676853e+00 1.853911358267534837e+01 3.698821937526266534e+00 -3.007278502916405927e+01 1.672129737702014296e+01 -3.142727836008907261e-02
-1.583532089612114930e+02 -5.783272463500696858e+01 6.426595868276098145e+01 1.366817906622529932e+01 -1.829349818290313223e+01 -1.221986284347922158e+01 -1.315113067807167901e+01 9.057045282450403079e+00 1.326652115442685087e+01 -2.505071223504863553e+01 2.659118578253163534e+01 -2.045585003692367287e+00
-1.103602849353145530e+02 -5.183954657097292085e+01 4.654807512515864687e+01 -3.666882493917950736e+00 -8.876428359048725625e+00 2.834547545631308729e+00 -1.853532134236594686e+00 1.243761451873210078e+01 4.398193946777809060e+00 -1.958433435280793589e+01 1.898738024294833693e+01 -7.658556628174390646e+00
-1.400215564349865929e+02 -6.597749457014614904e+01 5.044034044105474379e+01 7.928251446176546757e+00 -1.273646257089848888e+01 9.668969631202009030e-01 -1.311388113635848729e+00 7.519340394342296285e+00 1.086019689962648016e+01 -2.702079619269504462e+01 2.070125602838692203e+01 -1.023299911524286454e+00
-1.357536982864103265e+02 -5.316404096410015967e+01 5.763977704545958147e+01 5.467744312283294050e+00 -2.012209117779173084e+01 -7.447988416998806649e+00 2.334528174600499106e+00 2.225352477681040853e+01 2.295637258414213733e+00 -2.789773734312622011e+01 1.687660549091278028e+01 2.406843137955328338e+00
-1.467270038945937074e+02 -6.892747270537883253e+01 6.068384604441595798e+01 1.882860220795571582e+00 -1.559140632116955594e+01 -4.145201929245656558e-01 -6.529166564206740908e+00 1.387554656767202488e+01 1.559705862470060289e+01 -3.642981421980874757e+01 2.505869218942891052e+01 -1.701209117866923304e+00
-1.057829307286687310e+02 -6.482666538602124717e+01 5.185003570167381781e+01 6.769849202129706534e+00 -1.777705862793511926e+01 1.135245379490295026e+00 6.336382152744873153e+00 1.984485461345703916e+00 7.173489876514899777e+00 -2.518218517792825395e+01 1.857044381347447626e+01 1.805709590126669983e+00
-1.168505699434995933e+02 -7.685578413314317459e+01 4.894330308371853278e+01 1.577212249160385937e+01 -2.199094812578045577e+01 1.040468697786254992e+01 1.183582228595964025e+01 1.221056022946095165e+00 6.038513669388661853e+00 -1.419981068994446893e+01 2.452053966964753329e+01 -9.511666418490328567e+00
-1.220491174784574184e+02 -8.429958477008516127e+01 5.659916382025420489e+01 3.992870731497882275e+01 -2.097179514235214981e+01 8.708334822153713795e-01 -1.416703337417938613e+01 -1.273850189213300865e+01 -2.614847871531784662e-01 -3.430751211118820976e+01 3.137624483613893744e+01 4.065121756086400140e+00
-5.130124402292773667e+00 -5.016531753959956319e-01 7.498812619305500959e+01 3.340840973959070936e+01 -4.285116338066525543e+01 -6.870033848187160785e+00 -2.514725331680483578e+01 -7.478624409172321741e+00 -5.169053404321995338e+00 -3.337723087868369731e+01 2.620100286686406577e+01 -7.970570225758437655e-01
3.730353203093226000e+01 6.541065984711124770e+00 3.158972213036654608e+01 5.903331598246384093e-01 -3.646296153802784090e+01 1.404310812980627876e+00 -2.671737299823471545e+01 -8.379310288140818130e+00 -1.596144636963644281e+00 -2.451655857959042351e+01 1.689142573328717845e+01 -7.157055841935946461e-01
4.025226442655578296e+01 2.109464363000800091e+01 4.235854946048535652e+01 1.891699793564901810e+01 -2.573046825406393268e+01 2.576740746391545933e+00 -2.312516843419313872e+01 -1.363470062070388789e+00 -1.227501909824219695e+01 -2.623818661320400736e+01 2.889614246898934624e+01 3.182163088554498920e+00
3.564778421014673881e+01 1.433175352022976767e+01 2.633853832330697031e+01 8.296864029664121176e+00 -3.823276490002873373e+01 -1.781649085245391717e+01 -2.166126910433368735e+01 -8.085713940710471448e+00 -1.067434142268337816e+01 -2.465154657747756062e+01 1.520595123632944912e+01 -5.455020345884465272e+00
-5.612212427630161926e+00 2.957073548001557839e+01 6.324450255951251165e+01 4.329680787635957273e+01 -2.632055441681435681e+01 -2.532317330191709814e+01 -2.893837477732909136e+01 -1.067368426540892479e+01 -8.776118980264641323e+00 -3.405455210371652441e+01 1.859331476277925788e+01 -5.615233632140866682e+00
-4.249412383906434343e+01 -1.367430116886606317e+00 7.609554563574710073e+01 3.108399116035270637e+01 -4.079751124171340138e+01 -1.910818813820013418e+01 -1.526314592731172937e+01 1.092669206970861895e+00 -1.298189857547049719e+01 -2.675869089982137083e+01 1.327329897541997994e+01 -2.086294644630800832e+01
-6.817707492265425628e+01 2.199134901140281784e+01 6.952434449311266462e+01 2.245686503666312106e+01 -3.756339772260524512e+01 -1.948602787558196381e+00 -5.546579869381313088e+00 -1.122351816988525108e+01 -7.450060510826258309e+00 -3.825039147622919700e+01 1.534622542128083467e-01 -7.893531244235585831e+00
-5.248151830446516897e+01 4.285987544928441473e+00 4.933603977984817845e+01 3.558470660509100014e+01 -4.238906431692655019e+01 -1.604775022549707941e+01 -1.868915017768753017e+01 -7.450708817922675031e+00 -2.036948475014097149e+00 -2.135016772092799897e+01 1.086727357061551125e+01 3.722986940024700875e+00
-3.798296257522674324e+01 5.040967969492719192e+01 3.997851566178208316e+01 3.738428803501651032e+01 -2.560110070487284872e+01 4.640381490938262132e+00 -2.523126354135175120e+01 -1.268966933447015322e+01 3.431530274152179150e+00 -2.064272529121059918e+01 1.368316499073424097e+01 -2.715909061692456383e+00
-5.415638835846891652e+01 3.716228543370542070e+01 1.619685067977231085e+01 2.600245523839011952e+01 -1.866692283443647682e+01 6.929991862501367450e+00 -1.797692030506329175e+01 -7.518600866057107979e-01 1.036981152825228847e+01 -1.951489410324032647e+01 1.842218380348631968e+01 7.225093003227846644e+00
-3.869217549944001178e+01 3.869048106346583893e+01 4.948049527927397939e+00 2.838388593837283480e+01 -3.720318918805917008e+01 -3.291317634352160404e+00 -2.273991100706844293e+01 -1.103499064726136325e+01 -4.350322122692280580e+00 -2.959615362202566402e+01 8.216806581736997295e-01 -8.244426655416649652e+00
-5.043494437816252685e+01 3.516656879380247602e+01 1.539174872554586138e+01 3.808165737085641211e+01 -2.812237084800670317e+01 9.240933550377132377e+00 -1.285314230441161953e+01 -1.090854901892935480e+01 -5.311953878649839922e+00 -2.955859696201589770e+01 -1.188749571582108544e+01 -1.845269187889916651e+01
-5.573055619292784968e+01 -1.278297552279402893e+01 2.806935482945593918e+01 4.312211082349865165e+01 -4.496159420172070043e+01 3.293054574840212467e+01 -2.744021802092509787e+00 -4.058367891326343235e-01 1.125091519591670419e+00 -1.248477837501023124e+01 2.119633397249429230e+00 -1.004184956021776820e+01
-1.200498140186602143e+02 -5.041491519444217317e+01 6.038097788938308952e+01 1.208271167895191844e+01 -6.924086550939973961e+01 2.662577047428535337e+01 -1.504688389402557291e+01 -3.423552009734462054e+00 -7.207939038151653932e+00 -1.400385953947263573e+01 -1.277909932789092196e+01 -7.766425195221124511e+00
-1.471787561488674783e+02 -6.012746053653516043e+01 6.726515817580099110e+01 1.819525462953998840e+01 -6.226103244373257439e+01 2.777802786933961698e+01 1.022515341014519841e+01 1.823286134568862238e+00 1.901258090102345477e+01 -2.618501659774008772e+01 1.660694794205879887e+01 1.757430317699781419e+00
-1.388598719505242514e+02 -7.730332897448636231e+01 7.144608024966493076e+01 2.408101285538110048e+01 -3.876071754373629119e+01 1.278699606702524250e+01 1.970194508805118483e+00 -6.668004968255162090e+00 8.108974990531361726e+00 -2.297377929132966301e+01 1.594941296866429781e+01 4.985779923731724850e+00
-1.061783161505317423e+02 -6.362145906888396496e+01 5.315732703875403331e+01 2.153743079318157072e+01 -4.206188350190888059e+01 1.405851115813673502e+01 3.031756898830475944e+00 -4.256755140666165893e+00 2.045846961824152288e+01 -2.550761756929031776e+01 2.157093127847855740e+01 -1.275652644550278048e+00
-1.364961750087636574e+02 -8.019268407936193910e+01 4.125648276593201302e+01 1.508948713590162072e+01 -4.632150976364387418e+01 2.434807304748583867e+00 -7.621685149709841234e+00 7.108188240253378254e+00 1.520358080946802204e+01 -2.176767942980034576e+01 1.255211202539673110e+01 -7.169028339464171395e+00
-1.155536930560803057e+02 -6.602435697323406316e+01 4.803457739661089931e+01 2.823163056248768044e+01 -3.107319063728782993e+01 1.390281790659147276e+01 -7.177134479485202334e+00 4.650275048969929159e+00 2.218288160686740618e+00 -3.479056706986489189e+01 2.373164538609475827e+01 1.788659007818640845e+00
-9.089149123417283249e+01 -6.353043304386270762e+01 2.124736046913059084e+01 -1.205443941060655000e+00 -7.263331563152752324e+01 -2.577128559349684522e+01 -3.990374104777852438e+01 -7.954829422367895475e+00 -5.355405972994580210e-01 -4.214557325430534718e+01 5.556769338071190667e+00 -1.072054044065221845e+01
-1.598136953741298383e+00 3.361758601102224020e+01 6.550858980941501386e+01 3.746332657987932180e+01 -4.208146073305135815e+01 -6.309495029639344388e+00 -3.413643056157403066e+01 -1.351820575000828306e-02 9.448819490138138377e-02 -2.507559376142699392e+01 1.295261459281201688e+01 -1.645361164531561338e+00
2.846096106503926304e+00 2.639546915055369425e+01 4.836326842215718358e+01 6.896791529606646876e+00 -5.282861002060959521e+01 -1.351396744897599334e+01 -3.814444878437811326e+01 8.332476503378330790e+00 -2.080924145966771022e+01 -2.375580852590693581e+01 1.129367029985718851e+01 -1.282146649231580327e+01
7.493278025534420905e+00 3.555228273660872418e+01 5.067890604377309671e+01 8.355861103279821123e+00 -4.692337104831459271e+01 -1.300829077895155983e+01 -3.125913485073555975e+01 1.694995392134610768e+01 -1.165589896985249752e+01 -1.321377748778136230e+01 1.870623128539398294e+01 -1.016179135595711713e+01
9.952209952154856154e+00 3.063514922170631394e+01 5.680916058977395977e+01 9.524276635253709600e+00 -4.095961083694672311e+01 -6.602642905989035249e+00 -2.603229259503691395e+01 2.522332347338704750e+01 7.883241853439622915e+00 -1.760052911728153546e+01 2.380834691369091871e+01 4.241042542977103480e+00
4.783806208023548834e+00 3.649229608164931449e+01 4.297585682927469009e+01 6.658090622205785181e+00 -5.213024822683834714e+01 -3.507406868225394447e+01 -3.658674009683216610e+01 1.355847280917986808e+01 -1.824708762404144835e+01 -4.618598158879261284e+00 2.489346553444581644e+01 -3.187974643957776966e+00
-2.224689964593753455e+00 1.831666529569699264e+01 4.194134583851908360e+01 1.060881133315739433e+01 -3.476263589717429170e+01 -2.727859013391461218e+01 -2.476186199583131398e+01 1.775381609562333551e+01 -1.282977978664949070e+01 -1.480785511556866929e+01 1.358039218701385309e+01 -1.487287607218306462e+01
1.092117115841485386e+01 4.364196487406921676e+01 3.125328612120960514e+01 1.120983592400427398e+01 -2.371666006484269928e+01 -8.328903197128701308e+00 -1.382469648008079588e+01 1.786457815212352784e+01 6.573294014214816627e-01 -1.002575921207427001e+01 1.114918991540504756e+01 -6.869815369003340777e+00
2.142642226879230094e+01 3.147868428334689739e+01 2.450617587984013568e+01 7.491488930045828276e+00 -2.161909535257523629e+01 -2.032985375859260557e+01 -1.191962337520980597e+01 2.540604962261733135e+01 -1.383159614105098889e+01 -2.509726979771961197e+01 1.622827556886941025e+01 -9.746883686863252905e+00
1.377310570317643545e+01 4.204577450866676713e+01 2.176706697120442158e+01 2.039231695126701105e+00 -4.186179127553477741e+01 -2.314451402851180006e+01 -3.044038742408625353e+01 6.291919787592192392e+00 -1.495845292720044739e+01 -2.221591934099260257e+01 8.201839733556438361e+00 -2.264087104262976169e+01
2.655746056215805595e+01 4.785969298902015368e+01 5.837683682013238062e+00 4.721229173063553830e+00 -2.433381616502342126e+01 2.043605352104651551e+00 -2.529892674484668191e+01 1.146751176629907221e+01 1.117765301484217044e+00 -3.444994204685272621e+01 1.453032209892698035e+01 -7.916949235460610801e+00
3.078350142574887371e+01 4.972969868546346106e+01 2.721807664047751540e+00 2.781514018927524035e+00 -2.352713005727834528e+01 9.257879822856104113e+00 -2.298412540885464495e+01 -5.414683643099501786e+00 -6.178600950454969265e+00 -3.490694288473899576e+01 3.605088757462033389e+00 4.247399700223792429e+00
2.318216443414014805e+01 6.367419873328715596e+01 1.434288793677987073e+01 1.852620404325663017e+01 -1.957070650895001762e+01 4.784680696935924793e+00 -2.739100346587520107e+01 -7.276082891794859009e+00 -8.309434495962152667e+00 -2.942441289828383688e+01 4.951879819679558814e+00 -1.181721204742490627e+01
2.437832306898515711e+01 8.903248716098102022e+01 2.458969244529414766e+01 5.782861325640684669e+00 -8.875531889912288364e+00 1.144671106752166700e+01 -3.533283288246472864e+01 -8.617720013769950782e+00 -1.682262044191650574e+01 -2.894717846195949207e+01 1.417856900012340660e+01 -7.486177942801063523e+00
2.298639071307241721e+01 7.608574556386909649e+01 2.887234553065822951e+01 1.501820933463551810e+01 -4.218664466876904662e+00 1.248323684503257880e+01 -1.950526559471632737e+01 -1.038611004050980835e+00 -2.038973327418995041e+01 -2.822670239134533077e+01 2.102262555635702057e+01 -6.249752716764039207e+00
3.473030691440899176e+01 4.894078867929575694e+01 5.824900556595656198e+00 1.645646947092816781e+00 -2.670830905069994898e+01 4.122000228642797026e-01 -2.818789586798173019e+01 -8.634962614038807160e+00 -4.483855725093516043e+00 -2.063244632834352288e+01 1.332549794662261888e+01 -8.736842933126926170e+00
3.445419773670143115e+01 8.229336521754046885e+01 1.971711754572779540e+01 1.488711708926334865e+01 -9.993514303085870409e+00 7.011461002875466697e+00 -1.735193025631272690e+01 -9.430379896339502466e-02 -6.351659572233795181e+00 -2.929043833942150243e+01 1.409593137603875235e+01 -9.409516451874180731e+00
9.294188301753354864e+00 9.965812733868375517e+01 5.463060354953748288e+01 2.064637139810056965e+01 -1.359324465893220335e+01 8.192119305322641765e+00 -3.074525234068352830e+01 -2.510304280165103208e+00 -2.388943512860418394e+01 -3.661205898082957333e+01 1.310415947627507549e+01 -1.288456372736609445e+01
4.012419691753687800e+01 6.737583031723104909e+01 9.162081909656537348e+00 6.122092922970487905e+00 -1.236712929090583302e+01 3.449641501481070183e+00 -2.910710950578221201e+01 -6.641086428284432408e+00 -1.190767671928342786e+01 -3.074376177204501914e+01 2.908640008933550902e+00 -1.507014601781283858e+01
3.208596475803264525e+01 8.485936625850121118e+01 4.048800408959682784e+01 2.342917435735001419e+01 -1.220485705467281790e+01 8.185597605747064520e+00 -2.390774221922797693e+01 1.143821879283789977e+00 -1.961890345756969012e+01 -5.602225767693896685e+00 1.141492570459342204e+01 -1.659272986620232615e+01
4.257506501129454080e+01 4.338364426536219298e+01 1.051864718032206447e+01 2.218850060262466428e+01 -2.287098029572404556e+01 4.304497339979489468e-01 -2.460380656426390544e+01 3.733695583659095263e+00 -5.333640056345962499e+00 -2.803590685756261536e+01 2.055419995758120422e+01 -5.533887981710190473e+00
1.022713728574748160e+01 8.464047291726126332e+01 4.719873882623554096e+01 3.016169135224609477e+01 -5.234387539999860728e+00 8.642440354706913297e+00 -3.348569190371514992e+01 -1.526616121478771460e+00 -1.313132941582160029e+01 -3.019211186789204859e+01 1.173947578709888262e+01 -2.363722568440264737e+01
2.022493467596890682e+01 9.257496296973204153e+01 3.922671400611202586e+01 2.074093460346723106e+01 -5.314579926314334735e+00 -1.849116785538558849e+00 -2.771469375097528953e+01 -6.268389658716284174e+00 -1.452113414978383332e+01 -2.710825932232923563e+01 3.102867986634627151e+00 -2.334963083705207865e+01
4.330332358743723375e+01 7.761523547174155624e+01 1.922310500592650584e+01 9.768303311214797446e+00 -7.232858487060630281e+00 1.692095812585865033e+01 -2.517768895948886509e+01 -5.310426846475976070e+00 -5.305755936729893207e+00 -1.951315675719221332e+01 9.620112257608216311e+00 -1.225087687658673197e+01
4.343808174015188683e+01 5.357036898850503803e+01 6.656202354723609105e+00 9.351626906505865477e+00 -2.594105275687484635e+01 9.368430595111572501e+00 -2.309873730887517951e+01 -1.298678647693765242e+01 -8.298663468883309413e-01 -1.546144095060499524e+01 9.828752274954808854e+00 -1.346208370507589436e+01
3.012125761631661902e+01 7.804243768105922641e+01 2.919341356653512065e+01 2.278352434339830523e+01 -1.794598963803986535e+01 1.499195686331540500e+01 -1.827592319398959830e+01 -1.062573757652030437e+01 -1.750436312845808029e+00 -2.786305700377354455e+01 5.984095049753803686e+00 -1.850618383255591226e+01
1.425017223009837330e+01 9.364861642732918767e+01 4.169054843425064405e+01 3.517552166581178597e+01 -1.117536127347850794e+01 7.420165570965001400e+00 -2.008413778754552581e+01 -1.636954044498102334e+00 -1.061202573955276840e+01 -3.567069758921168443e+01 4.435886333263495906e+00 -2.783554645920368031e+01
2.703244791708494432e+01 1.704183970031250794e+01 2.742216026189523603e+01 4.144826700450201429e+01 -3.468553947713903085e+01 1.293496346523574658e+01 -1.971379803514033568e+01 -9.595602934255856198e+00 -5.310362990250618864e+00 -2.121395427764520747e+01 2.914742647794029029e+00 -7.351378683533173586e+00
2.603869429363115273e+01 2.535443038506979718e+01 2.085215028254925329e+01 2.473409819752713901e+01 -3.661214399778363315e+01 -2.492989436768422884e+00 -1.375944083115906480e+01 8.000239600968523490e+00 -1.764416697793402022e+01 -1.389452156413242889e+01 2.971030591416113964e+01 -9.424729018605697561e+00
1.778193681183039132e+01 4.909457698966140526e+01 4.956764915469290145e+01 2.893099899048939605e+01 -3.377688720533613775e+01 -1.909905712974427017e+00 -1.222839358447312819e+01 1.460370847660632343e+01 -1.967320506485406639e+01 -3.577124434476115056e+01 2.116076742808761679e+01 -6.974673627017294208e+00
-4.943707787913345086e+00 5.982642434936532538e+01 7.436606042474804212e+01 3.627749587100100115e+01 -3.728096160563205785e+01 -1.442632980629646156e+01 -1.998186456748507212e+01 1.482418519366266985e+01 -2.778753776612125037e+01 -3.698866077089566318e+01 2.100506710233670660e+01 -1.610751040509742893e+01
2.629161063280020016e+01 2.497459233812686819e+01 3.439905889635670633e+01 3.815643769964848531e+01 -2.853585273503368569e+01 -3.222486635531395471e+00 -1.597361711085386915e+01 6.986669039574492146e+00 -2.215749015784108522e+01 -3.483327160948644519e+01 2.458008487116909890e+01 -1.683682053740395901e+01
2.186183170182150803e+01 1.781109148284458499e+01 3.156032150558997174e+01 2.706667946656846979e+01 -3.764766316372515575e+01 -1.729778413693583872e+01 -1.187629696869179163e+01 1.207710546056974010e+01 -2.282952302025655555e+01 -1.837594369464004274e+01 2.406329002644920223e+01 -5.173791574568324059e+00
1.792796531956435047e+01 1.923272554257865963e+01 4.392183412742735271e+01 3.009841265209968242e+01 -3.469689223976676118e+01 1.592203423845339305e+00 -8.680332545155970081e+00 -5.514394740328425470e+00 -1.637296034881739715e+01 -2.329669146652538814e+01 1.767723704818772035e+01 -1.263039739310502441e+01
-1.743748922643435506e-01 3.834010351624810653e+01 7.111574025117013775e+01 7.094199779055995236e+01 -2.740426558234831234e+01 -3.329775991601458429e+01 -2.709374085281188727e+01 6.709056360340607483e+00 -2.365462453464022374e+01 -2.074820353884620516e+01 1.585792698323505334e+01 -1.769320418175782805e+01
1.372394169989701851e+01 2.129514699327342697e+01 4.413326183779129508e+01 4.369227505613451967e+01 -1.977052516074159172e+01 -8.085762858684251597e+00 -2.012641995087302149e+01 1.515993739949116659e+01 -2.668012900327370929e+01 -3.208412532981509457e+01 2.580187405954291435e+01 -1.611738225997408946e+01
2.285246498054706166e+01 1.752514184729283286e+01 1.616139932366140286e+01 2.480450117575072966e+01 -3.873784515957657959e+01 -1.454600017672006373e+01 -1.877708842740608119e+01 9.801285875543662485e+00 -1.856548300675189722e+01 -2.808323082714406027e+01 2.723566910135704688e+01 -1.057443805374409784e+01
1.885426938271587005e+01 4.447601876716342417e+01 3.785785668907274726e+01 4.224048629995223081e+01 -2.463560783264004428e+01 -1.266849308647064554e+01 -8.020395618962636419e+00 2.975140302722927732e+00 -1.944782028609263591e+01 -2.871987438801060932e+01 1.178493310398244986e+01 -1.141756368112346465e+01
6.865325062218378349e+00 7.391033149490760934e+01 4.766442534234013806e+01 5.591461260536745215e+01 -2.452006908236239013e+01 -1.880321514496356983e+01 -2.090832818644890168e+01 2.124566157766739072e-01 -1.847787018470869214e+01 -3.020296263362429556e+01 -1.569661546796563112e+00 -1.543433415460192393e+01
4.537630218718196318e+01 5.641180230964972964e+01 1.280628926548155988e+01 3.205946889403308830e+01 -2.251178978198665348e+01 -1.645868735999601373e+00 -1.046795689839476040e+01 -4.310490806663902497e-03 -1.585496902309935408e+01 -2.454068579825104734e+01 1.186098864750968040e+01 -5.854713622575543397e+00
4.560208906648530558e+01 4.441723485829291462e+01 -1.453801169140366500e+00 1.487000062282444901e+01 -1.437539433555184942e+01 -1.206586210203359322e+01 -1.712767743110363483e+01 -7.231781801412524580e-01 -9.112493649835258225e+00 -1.855229170182633069e+01 1.481124569500357069e+01 -8.823975480986506525e+00
2.382484376778351987e+01 7.862947298647097227e+01 2.171386127242471531e+01 4.118247280969909241e+01 -8.066732891376769743e+00 6.297790979886432439e+00 -1.245607638365462222e+01 -2.287549959539507682e-01 -1.109094537878925379e+01 -2.887797263026988759e+01 7.563668086025803206e+00 -1.902968857148111326e+01
9.816592072242016798e+00 8.827722938585671386e+01 5.679870266316327587e+01 5.454768962234408036e+01 -1.655967063427264208e+01 -4.081326875147750499e+00 -2.509463845150543193e+01 -8.551156569746206415e+00 -1.350159977743635764e+01 -3.378333554837259101e+01 9.074229715495103932e+00 -1.430047770478784663e+01
3.797776488767615888e+01 6.349930454464291074e+01 6.783915517432795639e+00 1.705010524923306292e+01 -1.454160099325794064e+01 1.625474659589745574e+00 -1.857637129377704355e+01 -6.620065486545758660e+00 -1.054891042232678267e+01 -2.655079777549975972e+01 7.788789518316459048e-01 -1.820932630011868980e+01
2.083789644427182353e+01 7.908913160386919117e+01 3.402532195054129716e+01 3.804068801216617146e+01 -8.113753640560691593e+00 1.871863063113870140e+01 -1.323899979718303932e+01 4.493498673974714919e+00 3.783371613434466374e-02 -2.428025615432364503e+01 1.018108405541581263e+01 -2.275811165307977646e+01
1.900286453552586607e+01 7.069515199275861050e+01 1.324022315756523227e+01 3.715069128249895414e+01 -4.034570112596245650e+00 9.179966462947433570e+00 -8.367667425898391187e+00 6.481936954815385121e+00 8.067949378756353873e-01 -1.660158677592951904e+01 1.177370060277884178e+01 -1.671951170521300867e+01
1.657502735896377999e+01 6.785147384963936190e+01 -2.682137654193097021e+00 3.883696436334474811e+01 -1.418476964145169816e+01 1.187526065961064248e+01 -7.555037089011852558e+00 -1.151405092695910426e+01 1.567012267379908952e+00 -2.801122630984803408e+01 4.677471019667192031e-01 -1.018182279628877218e+01
-2.169750394835397245e+01 7.599312322827086064e+01 2.253023435702397492e+01 5.426009393974413797e+01 -3.369455715294612297e+00 1.758046467534215651e+01 -7.537303630815285871e+00 7.661502540031873032e+00 3.284752444675949512e+00 -2.453653375847988727e+01 -3.750118301547269439e+00 -1.532266769906222947e+01
-2.930539337243886422e+01 5.760528751939846615e+01 -3.874907231465480884e-01 3.089360097006786177e+01 -1.368589715778249172e+01 4.214100980464207780e+00 3.089722906472721853e+00 1.036539703953545999e+00 2.676041335159557999e+00 -1.517082526070029935e+01 -1.765094444785053618e-01 -1.438146682253823982e+01
-4.075927785255156266e+01 5.158576093091204484e+01 1.079869429120939905e+01 3.673591113564570776e+01 -1.864019415707980443e+01 1.824302149549365382e+01 3.365192872756463061e+00 -6.055399345327760585e+00 -9.625813843293693495e-01 -1.523083472744908207e+01 -1.753346005676378994e+00 -1.086211599243242354e+01
-6.461546667641972874e+01 4.901019626546364805e+01 9.684560242487110671e+00 3.485353053733625472e+01 -1.460122379636612955e+01 2.730653083493108113e+01 1.568861731973595219e+01 3.525420226225681297e+00 4.835079893052716571e+00 -1.427299031034621635e+01 1.343606872222501281e+01 -2.700144421129698102e+00
-7.476010511936229364e+01 4.093443482390776467e+01 -3.930043458243683840e+00 2.065733697703483074e+01 -3.249880881845209046e+01 -1.165394473223946292e+00 -4.592138442949090127e+00 -7.731526627545442842e+00 -1.596179332411386653e+00 -2.131256702797372782e+01 -7.065321427092011497e+00 -1.785157185981232075e+01
-8.144920156428088376e+01 3.200986767775582109e+01 -5.865907697150595901e+00 4.002270672761200387e+01 -1.537950835601354527e+01 1.375339748071476720e+01 -5.286932523900755854e-01 -5.447143033193057704e+00 7.994837117699116646e+00 -1.907702458994331707e+01 5.835831783318973010e+00 -1.195041815449630729e+00
-9.195014225899748794e+01 3.562635621177629730e+01 -1.556611856388015269e+01 3.609929085308182550e+01 -1.561254046741132306e+01 1.297556809850137505e+01 1.449297120087249979e+00 -8.208374522714626309e+00 8.379857108481461481e+00 -2.126866222067941692e+01 -8.892009502450838099e+00 -1.448571059020196827e+01
-7.660174444282027650e+01 4.544389321613650168e+01 -8.204633996100810123e+00 3.099709006875880135e+01 -1.084165372574027586e+01 1.542094504108829334e+01 -5.536896615907955344e+00 -9.868239885002884293e+00 5.446464871876113278e-01 -1.746458336903694786e+01 -6.819196343552100803e-01 -1.244284165293104394e+01
-8.634044174491477008e+01 3.699700473100004672e+01 -1.062219067538474704e+01 3.570405796978242563e+01 -1.161806263538384343e+01 2.002071525552923958e+01 -2.136572902433469423e+00 -1.324609735057810411e+01 -7.893910248113433781e+00 -1.756061223786119641e+01 5.726125912679749241e+00 5.217760872658848470e+00
-7.571959904238491390e+01 2.676422916652334649e+01 -1.542966147704622948e+01 2.188631651631519759e+01 -1.230335532115551089e+01 1.194771077550885785e+01 -1.024841640222168060e+00 -8.998580038559362393e+00 6.070198329975092122e+00 -1.696408426940418224e+01 1.026432002721250569e+01 -2.805221064451108859e+00
-1.108649367486194706e+02 1.581188640333449946e+01 -2.145355087192847066e+01 1.490142308904630930e+01 -2.739269520912048250e+01 3.563714426878916264e+00 4.850366916663695349e-01 3.357665397321941914e+00 8.843441596993374176e+00 -8.330920630260546744e+00 5.993345865756745994e+00 -1.376609611488244900e+00
-1.083375050304300942e+02 2.215208119113382423e+01 -1.080723809431735027e+01 2.831433780733683392e+01 -1.055554292957660323e+01 1.598283826665023000e+01 4.012797130598722561e-01 1.320759076624782224e+01 1.928831402666698125e+01 -1.086397329372161025e+01 6.320486338846508900e+00 -8.944847114784469255e+00
-8.761985371325863525e+01 3.001960287167432639e+01 -2.559214285498600816e+01 1.913795116133757546e+01 -2.526984744730944143e+01 9.635254976309568509e-01 -2.137711709837861740e+00 -1.499530767144152854e+01 5.868888923986970152e-01 -1.322989190627572142e+01 1.131040102314315732e+01 2.667239179855885656e+00
