-1.131208768648704392e+02 1.385079826894353161e+01 -3.199782685614417943e+01 2.176976303851664341e+01 -1.417488407632877667e+01 2.209004413251104637e+01 2.680561942427861499e+00 1.008638614339532857e+01 2.375693611998833177e+01 -5.090455769969404187e+00 1.964644703846796148e+01 8.352223660580326836e+00
-9.358867381501151783e+01 2.711811500821678678e+01 -1.830581274927878610e+01 2.518090928015790553e+01 -2.354170650653137642e+01 2.181644307297001539e-01 2.090837691484455529e+00 -7.411584017050817152e+00 9.252177719612284079e+00 -1.012880988742159438e+01 5.250425159900849792e+00 -1.220967103272416665e+01
-9.770408285026103101e+01 2.287523180764503650e+01 -2.360906456295981215e+01 1.359258517944053146e+01 -2.967670003108205634e+01 3.101301425332696482e+00 -9.253022004742518902e+00 -1.586688685159730383e+01 1.144709843020708995e+00 -8.287533033115551007e+00 1.802103933897479493e+01 1.335029064799126708e+01
-1.110442190432785594e+02 -1.139739171958885189e+00 -4.034907385573178829e+01 2.421538729236445420e+01 -2.104238265284145371e+01 1.372849186737225224e+01 3.848311169368860973e+00 -2.498176708440538185e-01 5.811114467089858238e+00 -1.062802950988771400e+01 3.535388638083845070e+00 4.034370886927898248e+00
-1.249300134222173710e+02 -9.375555267212618560e+00 -1.739887243030192820e+01 2.479254687142485380e+01 -2.599326654244357115e+01 4.965471309920337362e+00 -7.622526515584873152e-01 3.201318139223374715e-02 2.243595278928774661e+01 -2.506145332890096000e+00 1.157685026082035584e+01 1.179787823106283895e+01
-1.088526939518862378e+02 -2.956105108049050045e+01 3.374913325469184855e+01 2.790747757810077001e+00 -3.821388671795219949e+01 2.102745088118244965e+01 -1.631366989577729854e+00 5.179754834760112558e+00 9.006785563906948511e+00 -1.206183236804700520e+01 1.619798773540252768e+01 -3.068009218282543138e+00
-1.921711886336771329e+02 -4.926350971263929068e+01 6.250174997692499801e+01 -1.792793456898646198e+01 -2.897244726126356795e+01 1.576204745252075057e+01 4.586596481778175693e+00 -5.860187707810069924e+00 -3.385793185604691224e+00 -1.429993495373559220e+01 9.036134219206726215e+00 -1.839325480413200875e+00
-1.320487108868960604e+02 -3.427655112157625439e+01 5.381566382203378396e+01 -2.015021292100090022e+01 -1.839558580513653041e+01 1.781173534266410385e+01 5.035744969990592068e+00 -1.168980898014635272e+01 2.907270930534876285e+00 2.141050230577885571e+00 5.997018733839134086e+00 -1.349632980666272530e+01
-1.989839331448011990e+02 -2.204629927041242965e+01 7.544258916214110400e+01 -1.244356448097575552e+01 -1.942152975585322849e+01 7.450284714505011507e+00 6.346550003353681468e+00 -2.617631419871035980e+00 7.250484306659561895e+00 -2.050293434307483409e+01 1.407830672355751567e+01 -7.446313305164591334e+00
-1.910139036267029269e+02 -1.871834267060800983e+01 6.922745426229487009e+01 -2.460661671318374744e+01 -2.994475627577840626e+01 1.035235713171421601e+01 1.936537205605002043e+01 -9.104173504504419867e+00 -1.461605875347352201e+00 -1.283955825828535424e+01 1.795997297984929375e+01 -1.637905178988540555e+01
-2.191008128155699524e+02 -1.690246167275881062e+00 8.287100605467689718e+01 -3.388353630858257759e+01 -2.633550034350930957e+01 7.189055348105627630e+00 1.291467608595459282e+01 -6.256400161557996498e+00 -1.292187572028596021e+00 -1.073463613520844362e+01 2.205406454496011293e+01 -4.878717815024639748e+00
-1.626139373846077092e+02 -1.300527415471717418e+01 6.283404651162542365e+01 -3.153273931585084000e+01 -1.434853199489879749e+01 1.778198744182961377e+01 4.789771280476545989e+00 -9.820527631303523464e+00 9.934483334996356163e+00 -1.013981342122643525e+01 1.788826404079208743e+01 -1.185411052766424334e+01
-2.582395584050926800e+02 -6.504533310065339435e+01 3.236794849315743505e+01 -3.198915359973315020e+01 -2.364664558155617868e+01 -2.760274411202989775e+00 3.571949843114769152e+00 -6.983118996066722595e+00 3.663854785436375217e+00 -1.485186261456380130e+01 1.563179005862022564e+01 -9.889698784521582908e+00
-1.622374393128025645e+02 -2.144794401696556996e+00 4.895621023508553549e+01 -3.121689886425061644e+01 -4.139774845082683008e+00 1.049904557671872496e+01 6.188704706185728988e+00 -7.307803718580425212e+00 4.815195311365751074e+00 -5.878006821677855598e+00 1.147280440826481041e+01 -7.309392560401807515e+00
-1.774790237173007768e+02 -1.817151619421734665e+01 5.480301048686498433e+01 -2.518014703823290290e+01 -1.302601378906989460e+01 1.412665971501758122e+01 1.142565425808830248e-01 -5.407458984311276140e+00 4.053662977791539390e+00 -1.274480842172023820e+01 1.309426949874118762e+01 -6.378012179950158789e+00
-2.025448820536961989e+02 -1.621999420919143020e+01 6.354631609923210078e+01 -1.968416438028140192e+01 -3.055468832794772283e+01 1.187819131782961790e+01 -8.559061568048256241e-01 -6.746363798683002955e+00 -7.624882437396784951e-01 -1.586458629878358728e+01 1.770293007066780433e+01 -2.212935900003317080e+00
-1.633404077321340537e+02 -1.571057534069967510e+01 5.382876136962885028e+01 -1.144997229570521924e+01 -2.369348859548863118e+01 2.194601310753816037e+01 1.494131011510950735e+00 -5.020716240698329891e+00 6.911793906588499681e+00 -1.479653944013872291e+01 1.309483368234628387e+01 -2.527154005527339820e+00
-1.543028559243532527e+02 -1.556592797282559815e+01 3.646979003584347367e+01 -1.254173198326547833e+01 -3.257098226838560606e+01 2.737274699894275543e+01 -8.300352417583145126e+00 -1.159052509939973419e+01 8.458141613324020369e+00 -2.196913348307830205e+01 1.315590647007277347e+01 -1.033774396090854086e+00
-1.885356948736293248e+02 -2.051909230583828503e+01 3.550050471099062577e+01 -7.512831141724197082e+00 -3.743074413901206299e+01 1.481810560780032837e+01 -2.530950281682475378e+00 -8.186992450694246415e+00 1.470345966516182212e+00 -2.496214654205317629e+01 1.352559126944017720e+01 -9.083959953391767428e+00
-1.659352391367236237e+02 -6.219962767900948819e+00 6.363030793420973907e+01 -8.914893728815288521e-01 -2.741561215796451734e+01 2.032319511746579721e+01 -1.072109912605196058e+01 -4.442277531735182805e+00 8.243002681020799471e+00 -1.037709363731509171e+01 1.421428646509800942e+01 7.754537909512144722e+00
-1.514680897462741882e+02 -6.296222227008011707e+00 3.526948495594804456e+01 -1.072149793617722580e+01 -2.421178018173853985e+01 1.926479149560222481e+01 -1.523475743812246108e+01 -6.009221248607923727e+00 1.362275068909602460e+01 -1.716096134036617116e+01 1.285092526875893348e+01 4.308956666729724105e+00
-1.514127102069191437e+02 -1.181980669123134575e+01 2.238072314546658248e+01 -1.815838227564519514e+01 -3.815516730789886424e+01 1.744288783816884347e+01 -2.185056905221400925e+01 -2.904236981639922277e+00 1.035649092081498779e+01 -2.128468287180151819e+01 6.729853043070512797e+00 -8.953039501755887031e+00
-1.212098877473764276e+02 -2.064384137369223282e+01 1.277191072795493199e+01 -6.736316204137568597e+00 -3.523200744067769818e+01 2.167744099104228539e+01 -1.750809643800856463e+01 -1.835450145587831372e+00 3.179441703266010943e+00 -1.926366085466327860e+01 1.352395831866785869e+01 -7.820807538695920158e+00
-1.089831572603802528e+02 4.942240044545338051e+00 2.428072167859914643e+01 1.249086910798344441e+01 -1.914181132675680885e+01 3.635326349177416461e+01 -1.841673542726837098e+01 -1.418106876193672328e+01 5.755892341870511686e+00 -2.806927663267273942e+01 1.656609406111897442e+00 1.978970749263400108e+00
-1.308440098236275446e+02 -1.035168994514310326e+00 1.539554298462924908e+00 -5.951636638372153065e-01 -1.147860407920782322e+01 4.759184288600167179e+01 4.914153877231504097e-01 1.037168053820655089e+01 2.617294290004092261e+01 -7.993777220168655440e+00 9.205828548176292259e+00 -5.799225491693324130e+00
-1.391993100170128059e+02 3.405294648501932642e+01 -2.414244195383113833e+01 2.972741083613144752e+01 -3.394430002821452774e+01 -9.412149111649721789e+00 1.696141768140281059e+01 -1.886184643256317983e+01 1.220702190290598921e+01 -3.210234492070426882e+01 2.701870909338921578e+01 -4.478304515912338246e+00
-1.095655933729775029e+02 -2.691593900244367532e+01 1.578798522223833167e+01 4.067799386554048269e+00 -4.671950738281147153e+01 1.261731779115595842e+01 1.817022200007026100e+01 -2.695753528330133708e+00 1.964951063641626661e+01 -1.112866012293005902e+01 1.393442871533397209e+01 -4.825372657572938984e+00
-1.685781448225351937e+02 -3.939903911173536244e+01 3.318528862638874699e+01 -2.468648478835563154e+00 -4.860361640335386824e+01 1.769226870061073154e+00 6.648316991287670064e+00 5.783473326491765043e+00 -3.667661443954179923e-01 -2.234917260891169377e+01 2.569464238770314068e+01 -2.452900583797651635e+00
3.464184015703868624e+01 1.884688400673684328e+01 1.117842389608930631e+01 -8.299072932874052455e+00 -7.019895672858356761e+01 -3.125706430575320383e+01 -1.479107960687353263e+01 -1.227462159497122229e+00 -1.847314671227508143e+00 -2.595736086347415750e+01 9.768375652651819507e+00 -1.514405021714986432e+01
4.668495394007113219e+01 2.957338713208999792e+01 -1.513775985107458766e+01 -3.622297958078161173e+01 -6.041661281524770999e+01 -2.160269101579229911e+01 -1.511745418293555687e+01 1.968181252635235801e+00 -1.504510514084544859e+01 -1.690413181890375327e+01 -1.973953853641823297e+00 -7.956899383397662007e+00
6.783618951810377951e+01 3.295879750550400189e+01 -6.777528624741576024e+00 -3.755374286473916356e+01 -4.559890021479423439e+01 3.475959262829989571e-01 -6.075177127750396977e+00 -5.724611458486686288e+00 -9.043302172503445036e+00 -4.597541558843063036e+00 -2.463118059220686717e+00 -1.268591571418518349e+01
7.309333691505086961e+01 3.466699720880117752e+01 -1.844757245180632221e+00 -1.452844032481606718e+01 -2.126269334295108848e+01 5.472396992036205887e-01 -4.753844361455502820e+00 1.460184749768662726e+01 9.618829102818924781e+00 -1.346619079778368366e+00 1.247875277582099329e+01 -5.777496555472406925e+00
7.113353115986998887e+01 4.147291786115700063e+01 -2.107716192136827971e+01 -2.266285236959084060e+01 -6.057406506405916957e+01 -2.116267558562834239e+01 -1.775121963586072837e+01 3.786067847122505103e+00 3.502493263339501173e+00 -1.684808081339989627e+01 -4.948734944857104523e+00 -6.646487436560647666e+00
7.287826059894521791e+01 6.932628118524897332e+01 1.332524863992969699e+01 -2.581505387767016657e+01 -8.150786209228508028e+01 -1.273473839917894068e+01 -1.059319032841938579e+01 1.959269164553249709e+01 1.262968625465809858e+01 -2.013899386860524388e+01 6.373104653116147489e+00 -2.095390998458834986e+01
8.825732277933717285e+01 6.192295193137935883e+01 -8.937819135559871953e+00 -1.600869291615111933e+01 -5.920175359100248613e+01 -5.977327457663339061e+00 -7.385141607265788721e+00 2.009029863884957123e+01 6.575781739846961571e+00 -1.400510032406127081e+01 1.376221395127189417e+01 -1.421304786213165627e+01
7.464484603558980780e+01 8.088799846290315543e+01 -3.941828603100576700e-01 -2.401318829238993757e+01 -7.653467276670581043e+01 -1.616132457239642761e+01 -8.132655012353898982e+00 2.420795265070928792e+01 5.933918328133945153e+00 -2.048506809740300483e+01 6.661705535698616565e-01 -1.916189749463399394e+01
9.180190592599340960e+01 6.545450108358458863e+01 -2.629029318308342056e+01 -4.738582564984309187e+00 -4.377355924254304398e+01 -4.279576014933205386e+00 -1.462632488082524773e+01 4.662527932919456219e+00 7.598113606528606567e+00 -2.459468985302603983e+01 2.598010482082915296e+00 -1.317820365367141022e+01
6.756851588947625942e+01 8.300477312590405177e+01 5.269486380734900166e-02 1.686635245207081191e+00 -4.381918845775078353e+01 5.834655185895863738e+00 -6.509033166081307442e+00 1.016002567907530185e+01 2.363513465334236230e+01 -1.365333385160316659e+00 2.072938590278823057e+01 -1.027685319058962854e+01
4.108227920952208478e+01 8.150737881051482248e+01 1.031627241496137382e+00 2.128873216242263311e+01 -4.267525939116321609e+01 -8.848961970542817967e-01 2.559465174492800976e-01 5.980394733300170351e+00 7.606934261019663523e+00 -1.530920223009649916e+01 4.857156601279872810e+00 -1.102929447181275435e+01
2.088382863361101727e+01 5.471146123179802601e+01 -1.969304636623660443e+01 4.875015898134548387e+00 -2.928616373794011807e+01 -9.980922353225759380e+00 -1.637091986867286408e+01 -6.287515853438295110e+00 -4.199096345824439247e+00 -2.264753070336936247e+01 -1.194498415699566962e+01 -1.907718299367309456e+01
2.102019571851667479e+01 7.409999238040859382e+01 -1.963988367878349095e+01 9.512938730349345118e-01 -4.394227670085829374e+01 -7.203453935308949951e+00 -6.112321547341608152e+00 -1.393051270393461394e+01 4.157969905594005589e+00 -1.413400689343025896e+01 8.641449663395533998e-01 -7.876794838427045420e+00
4.784109699776174729e+00 8.600981636177826317e+01 -4.668335304514487305e+00 4.506568671158110106e+00 -4.697779686623368889e+01 -1.078543227010062644e+01 -8.888868739321768686e+00 -9.540518247597153945e-01 1.968051940757344198e+01 -1.643985002585473421e+00 1.153604438627275997e+01 -6.769803913149618602e+00
-2.352572024750767810e+01 6.359172117815977288e+01 -7.682200332143538368e+00 9.262959661319715821e+00 -4.471622223906797444e+01 -3.159531391833823477e+00 3.634629197001082446e-03 -3.890150035434984499e+00 3.930642987116403031e+00 -1.035521079412950485e+01 1.586560026888249908e+01 -8.178420913257539837e+00
-4.538131430860465798e+01 4.987167838266951492e+01 -1.655984611092817360e+01 1.135434756329711092e+01 -4.101129490893796969e+01 -1.093405930976816265e+01 1.449670665112313017e+00 -7.304840370769855262e+00 -4.422309230051231665e+00 -1.275010289845740452e+01 3.109434431987432745e+00 -5.919696465854817902e+00
-5.544822943027520523e+01 3.113219681930633698e+01 -2.182444389975769283e+01 2.527304853576947608e+01 -2.838588398206571028e+01 3.340738430163778805e-01 7.686238340945876324e+00 1.295638102006844150e+01 2.427893523031632839e+01 -8.216484962611197318e+00 -3.395869797571444693e-01 -9.133959936083297038e+00
-4.792579486191551297e+01 5.322486330703601709e+01 -1.992692494536022707e+01 1.339079106234453675e+01 -3.817268382959329642e+01 2.258479466574345729e+00 -8.413254126285076850e+00 -4.933848437560496514e+00 1.379116467196791440e+01 -3.140259640416670273e+00 1.650087386991810234e+01 -1.110589337197529947e+00
-6.469542354664882566e+01 4.487980652686394478e+01 -1.596610747085774129e+01 1.866361262277754918e+01 -3.262480834162030874e+01 -8.542458460894518879e+00 -1.523656028417526898e+01 -6.474916922990183288e+00 1.216898880882868905e+00 -8.573449446216107717e+00 2.303542151795306836e+01 1.719481110069742691e+00
-7.776436516777854990e+01 3.945560084333936857e+01 2.691975093912785333e+00 2.258456277357528563e+01 -2.446231276636638086e+01 6.127908465663510995e+00 -1.099710547491004320e+01 -1.574237295953255966e+01 5.695132965047371432e-01 -9.543551047131826337e-01 2.344786122141125517e+01 9.673588018729667226e+00
-6.651639766245122587e+01 -1.427085305874394372e+01 -2.316485916051436078e+01 4.172582024417871516e+00 -6.270078545579274021e+01 -1.074348254703804884e+01 -3.769115199564272700e+01 -1.670659160511640096e+01 -1.506481697487894067e+01 -2.896912436320049267e+01 1.475200997509448797e+01 1.187334903678406661e+00
-5.677630912141124497e+01 -3.384411552377028443e+01 -1.296455788478902349e+01 2.537835083431051686e+01 -2.229789822848094261e+01 8.160017134264565541e+00 -2.086863161401680244e+01 -1.907439228876468462e+01 -5.926091123589668719e+00 -9.188258158094990691e+00 2.069341094037084616e+01 -6.000029048552620203e+00
-7.156752929604070346e+01 -4.243806339401245964e+01 -1.429366721333750689e+01 2.406914559496714645e+01 -5.693577564328502660e+01 -2.173186518730421923e+01 -2.952906682236435643e+01 -6.642871708520273089e+00 8.024465014799657681e+00 -1.308598032560546720e+01 1.512065479206344065e+01 -2.467501155050051853e+00
-4.663885606032252440e+01 -1.063935783988430250e+00 -9.814502726325684989e+00 4.636384825619292371e+01 -1.081985925463623488e+01 -4.723577827761474168e+00 -9.421755445245718619e+00 -1.634675369932901079e+00 1.224469533670772670e+01 4.490134653536303588e+00 2.556480717000734870e+01 1.657937037213014442e+00
4.622380449210729125e+01 2.145175729874337378e+01 -5.561285791125436972e+00 2.363510020738430484e+01 -2.620277570914251086e+01 -9.541209553111194452e+00 -1.348770891361372293e+01 6.607891831691405926e-01 -1.114491060743582906e+01 -3.950066681418411552e+00 1.145950567773136441e+01 -2.234546177094732400e+01
3.395589559146035441e+01 1.726558363901016691e+01 2.145363700822233710e+01 2.325979067132937672e+01 -2.430967061912839711e+01 -8.437481712849503879e+00 -8.508509021600225708e+00 9.890756589673189936e+00 -1.544041512219201095e+01 -1.698579790673226242e+01 1.650767862416061149e+01 -2.148508696414222641e+01
2.016602456210419447e+01 2.395320159055624032e+01 3.837389442386304239e+01 4.118773333206217302e+01 -3.290763843658747856e+00 -1.854124538318073334e+01 -2.330885634832561237e+01 1.605725419214593330e+01 -1.766493132180119829e+01 -2.696252316356377854e+00 2.266589258282952812e+01 -1.735205481740297984e+01
2.583293506862757738e+01 2.686207575750821519e+01 3.996985999956218905e+01 3.078355521643735671e+01 -1.957418930085752606e+01 -1.472045023008917575e+01 -2.153642802329005690e+01 1.465029094158536793e+01 -2.116672389499510842e+01 -1.447665481164633761e+01 1.949322340022945355e+01 -1.289984352769734777e+01
4.491642042034271753e+00 2.584416426496845531e+01 3.636179632645412596e+01 3.603381299785687730e+01 -3.865420562810062677e+01 -4.027659217828659877e+01 -4.420263992501575956e+01 1.462615517868656845e+01 -1.105985978643948719e+01 -1.647709422919329825e+01 2.179616885699063999e+01 -3.641570997010620658e+01
1.593980207065369825e+01 1.745218414334291168e+01 2.458045739307947031e+01 2.620066930247487136e+01 -3.679991038878673493e+01 -2.678275324631821164e+01 -3.612631867130927787e+01 1.405152041750545067e+01 -1.327670005039261270e+01 -2.966214049205612469e+01 2.252146223307117623e+01 -3.133776943986465113e+01
1.872156725110483677e+01 2.641298299174231090e+01 4.173502161720983139e+01 3.502729194332042795e+01 -2.800302459452255732e+01 -1.292574682541403419e+01 -1.958863124350122575e+01 3.106074380641798882e+01 -1.172926566426304440e+00 -2.117938003619408249e+01 1.704507105550679213e+01 -1.526134157596233365e+01
1.969370520173131212e+01 1.630784397986531786e+01 3.435213750225796048e+01 2.016605962670436725e+01 -2.628176815325574367e+01 -6.196077279337673716e+00 -7.298234077526442931e+00 1.691777492993978171e+01 -1.397738070829535495e+01 -1.706156560402731515e+01 1.329961333404767743e+01 -2.268928753196008330e+01
1.176987819416744330e+01 3.346214923716155454e+01 3.856219686080896025e+01 3.162872395740404130e+01 -2.439408804748730475e+01 -2.620315688552091871e+01 -2.551566075018593338e+01 2.433190717179820695e+01 -1.894063292182552871e+01 -1.346368045552495651e+01 2.573943037557583580e+01 -1.890713028749919999e+01
1.794288784434274930e+01 3.163834482606346654e+01 4.481791777438979096e+01 2.560660466893146392e+01 -8.515847978794084838e+00 -5.835715489573050974e+00 -1.194701776318183661e+01 1.624881924594995652e+01 -1.957254687326037157e+01 -1.924770703066132427e+01 2.415998008887845572e+01 -1.896736851616757491e+01
1.080006806765378968e+01 4.014626214251779857e+01 5.136745839054511009e+01 4.626493018289939130e+01 -3.389174686664037495e+01 -4.762277241387192106e+00 -8.244022416784261509e+00 1.436696663726612400e+01 -2.300254696613416172e+01 -2.966701857850783597e+01 2.398854990974158241e+01 -2.530715886306293072e+01
2.539332290100161771e+01 5.336572917878110900e+01 2.627018286159261606e+01 2.153515799270623532e+01 -2.287773543510300556e+01 -6.966511188709596958e+00 -1.495592936297641451e+01 -2.298272126739947296e+00 -1.730825298701960335e+01 -2.953643167244651480e+01 7.209563036250536072e+00 -2.315938040343437265e+01
4.019267304824103348e+01 8.151799510441556151e+01 2.938064378008866129e+01 2.984347411748545653e+01 -8.717022411050422193e+00 4.336487800658085590e+00 -1.798995367763564346e+01 1.403423217334391460e+00 -3.979549856905661542e+00 -2.691718459796673812e+01 1.124366328771318990e+01 -1.434352969953770440e+01
5.577157829098150899e+01 7.345012457036484932e+01 1.748528603505700829e+01 2.793015025826112918e+01 -1.706498510473540975e+01 8.254583635461756330e+00 -2.562478094074992185e+01 -7.712985668526341598e+00 1.649878076533735971e+00 -2.176148063076661998e+01 1.087804888871988673e+01 -8.347871623668505769e-01
5.285547424079942402e+01 5.282003288810014396e+01 4.501514536555615287e-01 1.366474262131013973e+01 -1.332450441353580572e+01 8.303530586750614617e+00 -1.064020592952071453e+01 -9.210011587036663894e-01 4.977301727524966246e+00 -9.461917745502042010e+00 3.211805440556556590e-01 -7.185633192281932757e+00
4.241323330547895409e+01 9.165202196512686328e+01 2.557590415266741957e+01 2.233092976994070256e+01 -1.098408744722379637e+01 1.363755708124400456e+01 -1.459463005089790322e+01 4.657438080355780219e-01 -1.635890064171757530e+00 -1.519070421249053737e+01 5.628918626737341668e+00 -1.006980495794543096e+01
1.723223203377157020e+01 4.099346414880027822e+01 6.331547195453675414e+01 5.738209042687668671e+01 -4.478573069595312006e+01 3.561625810705447925e+00 -1.806290932026014984e+00 -2.667725180680696084e+00 -1.114742827978294670e+01 -2.129810506523276104e+01 1.194129364947283634e+01 -1.475309060586192800e+01
1.820783973666788569e+01 4.092329850588458839e+01 1.535475681923942304e+01 1.825625253220265876e+01 -3.637796009064847169e+01 -1.375413079797570504e+01 -2.157957486459647356e+01 -2.889984545791730142e+00 -2.937417778109187694e+01 -3.559024581981553581e+01 -5.905360500133598478e-01 -3.050714022479893117e+01
2.849353770836183131e+01 2.338716904938716823e+01 2.373573205928420293e+01 5.092989103160537923e+01 -1.158938802076051466e+01 -7.266646925339086849e+00 -1.179852666861984822e+01 2.562682424882373766e+01 -1.601413865128919767e+01 -3.136800493045793559e+01 1.616818869077274812e+01 -1.753750269497531633e+01
1.391155561977888411e+01 6.762853944274823448e+01 4.944518235910790338e+01 5.115247012044824260e+01 -1.406386176757257012e+01 -2.025601995558344193e+00 -1.337640604233867059e+01 1.899875393617666219e+01 -9.652379321778123966e+00 -3.692611219077284090e+01 2.060794414398734276e+01 -1.027044390583915145e+01
8.568928784132969767e+00 4.806048352491889375e+01 2.723300598466766331e+01 4.845878849938699062e+01 -1.288096420034123213e+01 -4.637804663836525343e+00 -9.450596135346748028e+00 7.535068858585088236e+00 -1.177343719489315710e+01 -2.416581647723364767e+01 8.251202813417236825e+00 -1.062951873100050193e+01
-2.299071653430591944e+00 4.105408145175654511e+01 6.094000298218493761e+00 4.784449170374530524e+01 -4.389080749228360112e+00 2.353333980923460356e+00 -1.256678591910848652e+01 -9.907231850013413776e-01 -1.854121446555447417e+00 -1.957885965185669619e+01 4.445328411276715741e+00 -1.291186027915179935e+01
-1.867543067750191454e+01 5.180793502433890296e+01 8.939507417727812211e+00 5.290940597456235395e+01 -3.658023193047103661e+00 1.003185843264568788e+01 -6.259417842933276965e+00 9.834857045349165716e-01 8.156161507069567662e+00 -1.492045315217091961e+01 -8.124063310958864470e-01 -1.014212824165141846e+01
-2.629064767947692616e+01 4.919596282057206338e+01 -1.855359598668099297e+00 3.106482258805528929e+01 -1.095189323465453413e+01 1.460048211294375164e+01 2.479849262106525565e+00 -5.576301739168133542e-01 -1.125099804376411328e+00 -2.241768134017258518e+01 8.110934726473049139e+00 5.476953467891671146e+00
-4.320688776519784824e+01 4.674490517478794516e+01 -1.968940393449899018e+00 2.494139344031881933e+01 -2.515650576178461151e+01 9.662100831670537460e+00 -4.310996406959709759e+00 -2.393232243734721543e+00 3.866477328229652954e+00 -2.535729843000508055e+01 -3.120732760555312790e+00 -1.105815747366449031e+01
-5.375396033389545636e+01 5.151356558811975361e+01 1.530088275983108304e+01 3.298211485790674402e+01 -1.286903505913065615e+01 1.993001726923209915e+01 -8.353915890824451296e+00 -3.789670976834550675e+00 8.571589729086769305e-01 -2.731647828088086527e+01 -4.266390437009502712e+00 -1.123644974341080349e+01
-7.224652870067532717e+01 4.161885376751073551e+01 1.127984566551438128e+01 4.405393122645879345e+01 -3.549445419977575789e+00 1.117413564074192145e+01 -3.528235369195297455e+00 -1.930021503255129334e-01 -2.876236936494306562e+00 -2.999260382599805297e+01 -1.875730179777030937e+00 -8.370316190515566745e+00
-8.041223960471006649e+01 3.939740248172540760e+01 7.748853476995633649e+00 2.763309533904813975e+01 -1.524359470125271621e+01 8.324035430888066855e+00 -5.629837699537960205e+00 -8.912046401975390886e-01 1.117185629407030767e+01 -2.163170528161111861e+01 -8.697945457196528452e+00 -1.987791191208389563e+01
-8.629306808601404555e+01 2.078679282168354092e+01 -1.040051376844733255e+01 2.381822730328715920e+01 -1.836140746145228775e+01 1.748015386526844495e+01 8.343090449636729744e-01 -8.660770866407517588e+00 -3.174506969823463365e+00 -1.052603365814452552e+01 7.452130907294858275e+00 -2.128357824497834727e+00
-8.010834685170064517e+01 3.790842823977737197e+01 7.682124705770082551e-02 2.873544212443155743e+01 -2.214824586539294415e+01 1.660173963404348996e+01 3.097967293574475534e+00 -4.875294720592536102e+00 -1.990361212529576207e+00 -3.202183714402617909e+01 8.346301845112952478e+00 4.559927680852299048e+00
-9.562725028060900456e+01 2.822925998227410815e+01 -7.262600065438513219e+00 2.635279869946085540e+01 -1.720097640608869227e+01 2.840622973090921377e+00 -1.075371251738134681e+01 -6.143846493340335613e+00 1.596453363011446491e+01 -4.990445945347339318e+00 1.900197927643927809e+00 -7.128159292160519023e+00
-9.244041297173322391e+01 1.946967715528701603e+01 -2.354281696756618913e+01 1.824398463530556214e+01 -1.479762155185581740e+01 1.020183825476870609e+01 -9.800194074841567016e+00 -3.131448562519672851e+00 7.640739410384400188e+00 -1.398103950598707534e+01 2.501650165844819362e+00 -4.925262504170969891e+00
-1.011251698990426746e+02 2.059553888777256958e+01 -3.141341876791109655e+01 1.805150254711641722e+01 -2.348235812064800143e+01 5.592801824624866747e+00 4.354242569495168524e+00 -1.917734407270156982e+00 8.395215187565681081e-01 -9.271177490216189199e+00 7.568525599059182873e+00 1.591935027793879520e+00
