-8.808611868738984185e+01 -3.573556555582011907e+00 -2.201364725136566136e+01 -1.858133028050891511e+01 3.607285518866730101e+00 -4.131639891804571363e+00 1.554859763471538514e+01 6.287762012715709226e+00 8.563501498534350276e+00 -1.180160882427466618e+01 -1.220809201880640416e+01 8.108217679393893818e+00
-1.003541074336786352e+02 -2.060327996654282234e+00 -2.668942784468539742e+01 -1.219459416852539846e+01 -1.228676746027638877e+00 -1.709556611907915524e+01 5.709755200385119522e+00 -1.044589706980939781e+01 -4.625244883602301016e+00 -2.185518461820297631e+01 -2.082302100088750052e+01 1.444879244878171320e+00
-1.455604216770970822e+02 -1.472382011334143925e+01 -2.415516159636032612e+00 -1.172544370998209651e+01 -5.418557029026280958e+01 -3.286182896855716251e+01 3.230539402272026450e+01 1.401719988307410958e+01 1.115937601279671298e+01 5.566083238617043349e-01 2.947804621933604707e+00 8.992981916541982201e+00
-2.089227177031486917e+02 -4.480703964024121433e+01 -8.405881354458761834e+00 -1.762604225039954642e+01 -8.815074976103548465e+01 -6.452310441622103099e+01 1.593597914436923624e+01 1.823418125447311411e+01 1.748405123253332505e+01 3.925688454239352421e+00 -1.122519738898410502e+01 8.383389671691263700e-01
-2.032927400033522360e+02 -5.130555340853544521e+01 -2.875743912417700443e+01 -3.085412081342437673e+01 -9.555116322150618657e+01 -7.551002492558467338e+01 1.943298130433872561e+00 2.052100539265179435e+01 1.741538037037640763e+01 1.660155478346632307e+01 -4.028223264731774833e+00 1.667577177263490640e-01
-1.729142674961433102e+02 -4.146599185285791123e+01 -2.222359115062799262e+01 -3.129134109924770257e+01 -7.159424981439480007e+01 -3.771569730225218109e+01 8.855265325748938210e+00 3.460429363266729119e+00 1.273591093343531000e+01 3.002977161908638948e+00 3.083097985901774418e+00 5.278981987276463173e+00
-1.308102944655101396e+02 -3.324098024579905797e+01 -1.750686559241590601e+01 -3.444239352156355238e+01 -6.540393255306975107e+01 -3.166918171702412366e+01 2.664236539124296499e+01 1.052098783253042136e+01 6.223203431020325915e+00 8.928478198166505564e+00 4.815700337708225476e+00 6.167065072330492725e+00
-1.302425792714539057e+02 -3.416638252549501686e+01 -1.643706003859027831e+01 -3.258007914793164161e+01 -4.260010154585965125e+01 -3.028872810651973779e+01 2.110000450038469211e+01 8.614818471941982025e+00 3.883809835884711514e+00 -4.371016554002089549e+00 -2.210637028806889948e-01 -7.226289392376477494e+00
-1.390428177778233589e+02 -1.954942402914148403e+01 -1.739798533252869461e+01 -2.220188526260906059e+01 -2.198232941865310863e+01 -9.593434710165279711e+00 2.822701884072991163e+01 1.715637851762768662e+01 1.742287359800812840e+00 -2.119467559686490432e+01 3.631353601090193450e+00 -1.790320477212556050e+00
-1.663711784477090418e+02 1.128914410085821274e+01 -1.466345248959073722e+01 -1.956678200288697411e+01 -2.492593108831818327e+01 8.064001459135505812e+00 2.972739801382045854e+00 1.414478232977536010e+01 -9.204363584554357658e+00 -1.799177318553077853e+01 3.033250566195888176e+00 -1.412318922193674631e+01
-1.921349017068583862e+02 3.619566466401616367e+01 1.171823668514021932e+01 -3.077607486704839346e+01 -6.537842113806135558e+01 -1.549878355906310112e+01 3.187154482522911003e+00 -1.389472430454433827e+01 -5.023536542413267192e+00 5.293616453328712446e+00 2.002610137776017041e+01 7.308574593421019117e+00
-2.198948604685126895e+02 2.660458779092054371e+01 1.598826067395918749e+01 -4.300083024738551529e+01 -9.673185281488517262e+01 -4.428472097677801145e+01 -1.385585003326120201e+01 -3.356188861531821033e+01 -1.356544517391465199e+01 8.447002309868526737e+00 1.653615604562676822e+01 4.221928091829434848e+00
-1.917078627900338574e+02 3.422949891647184728e+01 2.892265290883516826e+01 -2.234272779105318207e+01 -6.477038799300133576e+01 -1.251307692141218020e+01 2.372936888987864812e+00 -1.900452325419625765e+01 -6.838227028355413628e-01 7.593216936027388897e+00 1.235500306885994526e+01 1.915401640649416493e+01
-1.913952883551062882e+02 3.657449361828268763e+01 3.896342838435424483e+01 -2.773804636599160034e+01 -6.839932211656369532e+01 -4.251991290120540867e+01 3.070656128871116497e+00 -1.924497818996126242e+01 -8.908335335039533120e+00 -8.866835196111978235e+00 1.363715652372608922e+01 2.044166646159364120e+01
-7.282793563819640781e+01 5.645930898570247791e+01 1.598458478048019415e+01 -4.550496124764150352e+01 -6.732409479256779150e+01 -4.854762407239843469e+01 -2.548454541987362987e+01 -2.978968496136114652e+01 -2.353418268643353173e+01 -2.140647023585221831e+01 -1.386014726870058311e+01 -8.794308159719353313e+00
-1.558733103007580212e+01 5.590074520058636409e+01 3.296975967681380126e+01 -4.909960778020143835e+01 -1.017745289790491938e+02 -6.645477790724234524e+01 -1.409732936258777158e+01 4.799402455626344377e+00 -5.157320417684031710e+00 -2.575589881416562932e+01 -8.232532134138153879e+00 5.829080941483510969e+00
-1.783635913268047801e+01 1.749298527120679125e+01 1.444490882674465126e+01 -4.110833090772197806e+01 -9.857085489099735298e+01 -6.059831967689400045e+01 -1.925614180918108076e+01 1.525480397152550793e+00 -1.047326478050498366e+01 -2.306938210472182504e+01 -6.529516052127221748e+00 6.930104682317761444e-02
-9.026682357798144762e-01 -1.383563057743392477e+01 4.380797209986914353e+00 -2.788461911530115600e+01 -7.600838935847068001e+01 -4.090390569942123733e+01 -8.829869290846781738e+00 4.146408002641519985e+00 -7.931630363129877459e+00 -2.758034435681982899e+01 -9.657764194739057118e+00 7.475004297288982968e-01
6.509242766422454807e+00 -2.617219573256575060e+01 -1.868543187840211672e+01 -1.809550247270522405e+01 -8.912481254328864111e+01 -4.281409861431907871e+01 -8.976522523451347269e+00 1.399462681823146504e+01 -1.482524052590212449e+01 -3.152749336078976938e+01 -2.165113072531602256e+01 1.291927861710682635e+00
5.650372066552044714e+00 -3.839491859490588865e+01 -2.507012694874632075e+01 -1.986860244149403698e+01 -8.617694667141756781e+01 -4.359714168168359549e+01 -8.762324789534464031e+00 1.540895249660401589e+01 -1.840160674915490802e+01 -3.423838825741870551e+01 -1.979215861093760509e+01 -4.938741480332422107e+00
2.242315320347000984e+00 -4.392716481646040450e+01 -4.167481403044867960e+01 -6.003282993287315961e+00 -8.100017954738356707e+01 -3.437263009660637891e+01 -1.593501101241343498e+01 1.370180057854149602e+01 -2.501308304323106313e+01 -4.023485802031780167e+01 -1.384918676545851746e+01 -7.739528209168113904e+00
-4.296449612050287747e+00 -5.930481251235207196e+01 -5.290032073538928614e+01 -9.362313221259958240e+00 -7.994411834934638250e+01 -2.642968207061933583e+01 -1.378487832999843832e+01 2.101017678862042715e+01 -9.427859482002672209e+00 -3.525149183335559400e+01 -1.320485444238757111e+01 -1.018783512230095489e+01
-7.247517270503779585e+00 -7.141400687559064409e+01 -6.363276225582117718e+01 -1.121072441308569623e+01 -8.545611557777384348e+01 -2.801681258250238216e+01 -3.253522530677405911e+01 1.455109482934037635e+00 -1.621717092707586261e+01 -5.539883896171599531e+01 -2.370650227344682293e+01 -2.584251816053516393e+01
7.644877977087221055e+00 -5.951374815192254175e+01 -4.920252751241586253e+01 7.550459454497595146e+00 -7.051279854366038080e+01 -1.577615874323327105e+01 -2.044803656572026540e+01 1.931846946340063820e+00 1.239091024511361550e+00 -4.604948058264302091e+01 -1.966677165882910572e+01 -2.397734932238239125e+01
-6.999301978203433805e+00 -5.872090905149391915e+01 -6.032844810014839254e+01 -1.292121286528193025e+01 -7.973227618790855331e+01 -2.301162270879587268e+01 -2.833683721406244871e+01 -3.275193321719716000e-01 6.602924102426434017e-01 -3.718102384381620595e+01 -1.726708212234484918e+01 -1.867671096904412664e+01
-5.067265910766337811e+00 -3.727393096198006361e+01 -4.984330904294940012e+01 -4.066219139647943237e+00 -7.186083714124981725e+01 -2.466218227461411416e+01 -2.383255575744294674e+01 1.820023301999376120e+00 1.115236703336129409e+01 -2.594124108858289901e+01 -2.158503527139705369e+01 -2.156959829911680515e+01
-2.180702566040169543e+00 -3.706735827724274657e+01 -4.583163225497447257e+01 -4.314915351915109554e+00 -8.290032435560624435e+01 -3.098135271404719049e+01 -3.303783108470024388e+01 2.314096810895704515e+00 9.209021875928984358e+00 -3.410583156651300385e+01 -3.072494317630446048e+01 -2.798349458638438847e+01
1.900687542634263849e+01 -2.668627763804379782e+01 -4.823664276510007198e+01 -7.567091582815248074e+00 -9.179300960607633897e+01 -4.172178933884775631e+01 -4.392704729469556924e+01 -6.239777494569926475e+00 -1.798769728179488325e+00 -2.936496763887691230e+01 -2.946933840124317783e+01 -2.237260233409391574e+01
4.429066264527116914e+01 -3.187674025637340591e+01 -5.432803858739291059e+01 -3.454197092796414736e+00 -6.138247019002970717e+01 -1.391960751314049993e+01 -2.146055092366257355e+01 3.556791612708257055e+00 -5.253074470651433181e+00 -2.648859841053030806e+01 -1.871860065803214113e+01 -1.111530096268467460e+01
3.752552784768857919e+01 -4.869294435637242913e+01 -6.057728663681354675e+01 -2.685048822752981579e+01 -6.870622843739567998e+01 -1.515998695055355050e+01 -1.048421308549184516e+01 -1.648753003715994536e+00 -5.207020059303227200e+00 -2.852940554321670419e+01 -1.623953740864851625e+01 -1.232781742539833658e+01
4.211921678403743385e+01 -3.967887485950320325e+01 -5.495062929207777103e+01 -2.214363061167910018e+01 -6.567036181506186665e+01 -2.963136678114127420e+01 -9.300064941474243341e+00 -4.668046975479727578e+00 -1.642086961194073780e+01 -3.117729063457906946e+01 -2.542942391777832967e+01 -9.332577672253734136e+00
4.011424659828099948e+01 -5.092239062300628660e+01 -5.819895437829620732e+01 -5.741791573463591369e+00 -5.332448052327340804e+01 -2.501509031790980941e+01 -6.344838588432248017e+00 -1.519059752904330152e+00 -1.135661794335636188e+01 -2.455745918614018564e+01 -3.053303780996815320e+01 9.957863020924190067e+00
7.427282881194369857e+00 -4.408045335360719719e+01 -6.761523159755438428e+01 -2.546534268246209365e+01 -4.292710957203134114e+01 -3.913000221059218120e+01 -2.111420345814141086e+01 -1.230912703280191867e+00 -4.419089723337181752e+00 -2.841488270502530966e+01 -3.169916943793127473e+01 1.676296307937241892e+01
-1.376973890769301647e+02 -4.302033182810539813e+00 -3.816587455736471668e+01 -2.537443998264698664e+01 -5.001930623952713972e+01 -4.483061199917556650e+01 -2.473750528572104201e+00 3.845312489618322616e+00 1.484859366181599682e+01 -2.539871323841760997e+01 -5.864891346333029887e+00 2.646673809029301161e+00
-1.891453386900670637e+02 -2.404944131374175953e-02 -4.735559509220679786e+01 -2.680567086872676441e+01 -5.539368457925128553e+01 -6.290845510127651607e+01 -6.160657180392975718e+00 -1.056760040805606593e+01 1.172465342402363042e+01 -1.787296218840319284e+01 6.505196248438791073e+00 1.430647494163253342e+01
-2.088813369518280751e+02 1.205082279062045103e+01 -2.764590712872924527e+01 -1.735090250644397969e+01 -5.073919100404540927e+01 -6.360930013658288829e+01 1.385219277851967057e+01 -1.951577141459649312e+01 9.495480519326790159e+00 -2.575061193088169276e+00 9.270066964749196003e+00 8.532960610552473568e+00
-1.816595677681266068e+02 -1.939115352256295388e-01 -2.605542095291471583e+01 -1.029948030564291805e+01 -5.383901757530255594e+01 -5.228775864337362833e+01 2.392420669727924576e+01 -1.834661641394696119e+01 2.074245862145998487e+01 -9.583003718592747688e+00 9.975370663050650677e+00 9.294110046325245733e+00
-1.491977863344479545e+02 -1.427247543303652222e+00 -2.572290197876876050e+01 -1.390320427877460929e+01 -7.422483707990431867e+01 -5.528425816256483927e+01 1.892259099663246147e+01 -2.891271487373315185e+00 6.993987194698225274e+00 -4.780077707018236310e+00 1.517930342072472527e+01 1.370523490566733216e+01
-1.432906429190075244e+02 -5.377970933938356346e+00 -2.790635890227823523e+01 -2.429754900041628929e+01 -8.001226351944160342e+01 -6.073087427997361232e+01 4.229537325222974431e+00 -5.262285683374319234e+00 -1.126342976806369833e+01 1.026913265267464404e+00 1.986328780496190305e+01 9.647932648923843502e+00
-1.111364554848097441e+02 -2.752333370830595705e+00 -1.590279450310748643e+01 -3.003690850962251346e+01 -5.558435841589371762e+01 -5.629146364474750897e+01 6.426546919253903312e+00 -1.196166565190334197e+01 6.491331714397121644e+00 -2.630516262178900888e+00 1.895623270686720474e+01 6.959016038271829352e+00
-1.182400626344959562e+02 -3.991172818153893243e+00 -2.888833154028666428e+01 -4.678451863007929035e+01 -5.986183137241399521e+01 -5.349956320073812321e+01 1.346000430040321305e+01 -1.280350566201296836e+01 6.048755183731270080e+00 -1.828782418918425634e+00 1.692110029652939929e+01 4.229151160498293649e+00
-1.116297732314361753e+02 -1.141583791558564265e+00 -3.764903302374140992e+01 -5.015594690021083579e+01 -3.611162076664867726e+01 -4.296554190058589029e+01 3.081256163463155673e+01 -6.363522724899814520e+00 1.398794934041995219e+01 -2.662911681273565279e+01 1.931244946243380944e+00 9.658159594815909799e+00
-1.042550202727257158e+02 3.712758197506548008e+00 -2.581615980927758613e+01 -4.050903272892899309e+01 -3.104873889497504535e+01 -4.137181257978389226e+01 4.353072162789541721e+01 9.149921658401485303e+00 3.252369592088048478e+01 -2.172251369086008310e+01 -2.053720148876681861e+00 9.187980869408378659e-01
-1.195353908633104822e+02 1.562047423519609879e+01 -5.578192691992529539e+00 -2.249743577198132272e+01 -3.851574406912521198e+01 -2.961004738361418731e+01 2.875130322618391432e+01 4.934546308909319556e+00 2.361065231660998620e+01 -9.670543466471759331e+00 -4.766397881651273316e+00 -5.391935974500837503e+00
-2.372371757017243965e+02 1.768717383444747782e+01 4.512664591852998797e+01 -1.591950849409292346e+01 -5.274820681671479861e+01 -2.875737516665749638e+01 -8.334910696390377183e+00 -3.149543442023304163e+00 1.428284811094194851e+01 -3.033077164412944882e+01 -1.780824815486501222e+01 -6.254242342640505825e-01
-2.102777954132516811e+02 4.219839266308660797e+01 4.565302132032842053e+01 -3.259504608149324412e+01 -6.698887736801873416e+01 -4.824847120966863656e+01 -3.006098173520447503e+01 -8.891405861364972907e+00 1.699002880767971035e+01 -2.755541643905802474e+01 -1.165918867096702982e+01 5.191629565808040248e+00
-2.022712961433685166e+02 5.208733461751967297e+01 1.228663699294206069e+01 -3.893591682012787913e+01 -6.370981750504144259e+01 -5.107565557250504185e+01 -4.169752356403185445e+01 -1.516434146795236515e+01 1.427283290235968316e+01 -2.516286833030115488e+01 -7.237076163634027282e+00 1.246774013261322978e+01
-2.014002752047516083e+02 5.277809096365459141e+01 1.484691302148812753e+01 -1.644548883962594488e+01 -3.083358880361329213e+01 -2.988245769193010304e+01 -2.406237541401019797e+01 -4.593727911047989387e+00 5.125975085945839282e+00 -2.057329874203961140e+01 -1.378571908241642241e+01 -3.415121333844949092e+00
-9.725918030458097974e+01 6.620790390275186610e+01 2.029381354643933832e+01 -3.724874122568873247e+01 -4.197102815722776370e+01 -3.578750443512615220e+01 -3.824224841986294621e+01 -2.996781639715170087e+01 -1.438911521190894938e+01 -3.496503420356427227e+01 -1.782479731010942103e+01 -1.511493563460580836e+00
-2.878704907434734395e+01 6.123446046392959374e+01 4.070950324079971949e+01 -3.454937855382380718e+01 -7.654415130395361189e+01 -4.502524233993179337e+01 -3.789902782538871406e+01 -1.612154141122760365e+01 -3.001835782016960863e+01 -2.598166843045439123e+01 -4.316934182757805161e+00 -1.628484291624954849e+01
-3.928210376809025206e+01 3.967548898333592433e+01 4.217782374930647649e+01 -4.830572052103727287e+01 -9.121315791352938618e+01 -3.244945873801854219e+01 -4.954272116462026077e+01 -1.060768490587548385e+01 -2.602424401519640895e+01 -3.768230908114048106e+01 -1.696129491316820115e-01 -2.330506667534783105e+01
-3.097552257705380896e+01 3.839764463792104721e+01 5.367089000035191049e+01 -4.523675205916627817e+01 -8.661636289034566971e+01 -3.135976156431246054e+01 -4.604642153160332896e+01 -9.800520696207151161e+00 -2.225809043770387774e+01 -4.130476820280119910e+01 6.331081697739682213e+00 -1.833876306530931188e+01
-1.936778175056649332e+01 4.242991559666374002e+01 5.898217509890227461e+01 -5.742752152909642405e+01 -1.020351949825565896e+02 -2.280758954445073527e+01 -2.770438275034036479e+01 -1.252302538775154872e+01 -2.645634227299289165e+01 -3.052254164406116388e+01 8.144449870468307040e+00 -1.949145804748264865e+01
1.128189506466696024e+01 5.734213402664156689e+01 7.365562273828419393e+01 -5.676567629761294853e+01 -1.082235120974287668e+02 -2.689433532520168768e+01 -7.236898556997489962e+00 -1.429972992074923965e+01 -4.147644983543618480e+01 -2.397120772575770786e+01 9.712437993247052148e+00 -1.458410810805727387e+01
5.585185143874016944e+01 4.503646797796643142e+01 4.937700240545108699e+01 -4.345712083119812519e+01 -8.522824154344630188e+01 -2.978486883499315141e+01 -2.983194162241089487e+01 -1.846006746453656433e+01 -4.091811040540049760e+01 -2.405694062321875037e+01 8.318705786169310556e+00 -2.428379458984399974e+01
6.794010551680301546e+01 7.238837254241015273e+01 5.493749373901832200e+01 -3.979233563625885495e+01 -6.776798669484524851e+01 -2.705776887518706530e+01 -3.285317389110517183e+01 -3.707926788883260372e+01 -3.682079202528743167e+01 -2.989823266833371918e+01 -3.349177518106248641e+00 -1.462269461174045304e+01
-1.334011467109393223e+00 9.123550261568243513e+01 3.178599155934286102e+01 -3.399682848029758730e+01 -3.755508428508083085e+01 -4.373429384397607578e+01 -1.795265473313505211e+01 -5.151461308599087374e+01 -2.861854352862920692e+01 -2.147597333527059504e+01 -4.403098890549530076e+00 -2.631997606565261805e+01
-1.217080018484272159e+02 7.584603801706155934e+01 7.121172543519821829e+01 -3.992694631891854584e+01 -4.927364502531376189e+01 -5.233104561658099385e+01 5.705900520755124994e-02 -5.247954810026497796e+01 -2.233122086198258671e+01 -2.551687531610134840e+01 1.396840564866836587e+01 -8.364592727728814125e+00
-1.548996138145939483e+02 4.596442146762272785e+01 8.841544148586032748e+01 -2.662808830290158824e+01 -8.622391914524281731e+01 -6.384523742180404327e+01 -3.939689894401469417e+01 -5.273865146476288146e+01 -2.274980478040367515e+01 -3.028872789514232267e+01 9.831829000481752345e+00 -2.345049167998780959e+01
-7.111817571249125081e+01 6.726172316183740918e+01 6.607810463090112307e+01 -2.080524300396104564e+01 -5.070402820449010051e+01 -5.519753396338121121e+01 -3.978158801490980068e+01 -3.615421263517087169e+01 -1.978790625652601420e+01 -1.697561202568403615e+01 8.481314089347973706e+00 -1.109399322929273701e+01
-4.714363340969441651e+01 5.258179713111034914e+01 5.911409705481474219e+01 -1.963171487652977731e+01 -5.268345088052318204e+01 -5.796877917661015545e+01 -4.336037497808432306e+01 -4.973089547753407658e+01 -2.009673915716529535e+01 -1.053716198911267732e+01 -1.101632651482031378e+00 -1.778659465678155627e+01
-3.700788796066186137e+01 3.476338571723543680e+01 4.660638419559695933e+01 -2.359187695811324659e+01 -4.641127554530065424e+01 -4.085164279230839668e+01 -2.255596597941334380e+01 -3.392909338760535576e+01 -1.019832430540447099e+01 -1.234566570282787445e+01 -1.148667112041316507e+01 -2.396771751597032107e+01
-2.395949313399109215e+01 3.661169063606890717e+01 4.113170167799459875e+01 -3.512091293758135180e+01 -5.518393050337068928e+01 -4.762751749870960083e+01 -2.568800141304411255e+01 -3.002033987276832150e+01 -5.182454889516799668e+00 -2.366987596571655317e+01 -6.354386588938600866e+00 -1.726102664348862703e+01
-2.005294043535785065e+01 4.277706652136265575e+01 2.748458885852733147e+01 -3.231477140571148254e+01 -4.705640204811655281e+01 -4.773061450030744624e+01 -3.354027790219434024e+01 -4.484313194127180680e+01 -1.457437887046772040e+01 -1.909541368716931231e+01 -9.668522116150008117e+00 -1.792858421957922133e+01
-2.142308505757753778e+01 4.498019606859293162e+01 3.280821138999904463e+01 -3.071054378818118380e+01 -4.208171455148551843e+01 -3.288629326375119177e+01 -2.732187375952430131e+01 -4.625094640923519762e+01 -2.030550590855322923e+01 -2.191000244739552727e+01 3.917485007516009254e+00 -7.969987817795445295e-01
-2.554502316240525772e+01 4.363532202248524072e+01 2.965867531295420179e+01 -3.200064245261823714e+01 -3.460552108394894333e+01 -2.490447491037038574e+01 -3.119908655464810110e+01 -2.547114556235574767e+01 -3.000934731865226190e+00 -8.695419295629292833e+00 9.057479439155583734e+00 7.849194086198259868e+00
-2.115328001851181128e+01 3.624432550533345676e+01 2.015020587869575053e+01 -3.104020453544718805e+01 -3.814882508718904575e+01 -3.329365584930821598e+01 -3.323647693589260399e+01 -3.078609075804771322e+01 -1.625232000683250533e+01 -1.557198310288142018e+01 4.797204020201783159e+00 4.618217718777814618e+00
-3.548947447227209295e+01 3.363623688081579388e+01 1.300191121296617780e+01 -1.903914517817107566e+01 -2.420171921749199129e+01 -4.044078641132099960e+01 -3.624974381692697989e+01 -4.201720621030365521e+01 -2.287900194927328101e+01 -3.127480173595289870e+01 -2.132397468212117175e+01 -1.725157941094520808e+01
-3.739284355920212022e+01 4.380478499107689316e+01 1.572995195696260495e+01 -1.228551167330543770e+01 -1.259442315687247671e+01 -3.335192854239404170e+01 -2.371821950697947656e+01 -3.700349978065591472e+01 -2.815165537146918950e+01 -1.828835811769664232e+01 -8.896000005779914233e+00 -5.777751053850810337e+00
-4.893711797324046131e+01 1.727304872889322596e+01 -1.031556970862652411e+00 -5.493816549970733654e+00 -2.314739264085192616e+01 -3.755894371256074749e+01 -2.448103135373431272e+01 -4.175286026222916291e+01 -2.857950021941241658e+01 -1.906919988887178263e+01 -3.910829602624314560e+00 -8.129272634972771527e+00
-6.034318222747808846e+01 1.456301183359219564e+01 -9.253711628043227222e+00 -2.530796056769100488e+01 -1.328881196066268977e+01 -2.220417069761058926e+01 -2.772097621279558055e+01 -2.304940618155728060e+01 -1.105385921088339707e+01 -1.782083136280130020e+01 -1.149340458556836531e+01 -2.976599488634755986e+00
-8.224595613034583153e+01 -5.497603243982961629e+00 -8.243522077986625618e+00 -9.466523522734997087e+00 -2.129830663467143026e+01 -1.028809711549285311e+01 -8.278665101976445229e+00 -8.891890180567248336e+00 1.505411362218623150e+00 -2.122946851053419515e+00 8.183121118928072590e+00 7.762966244914508707e+00
-9.689624975645625682e+01 -1.700768506051700513e+01 -9.281697986748705276e+00 -1.850379345058811964e+01 -1.821054185302143935e+01 -9.505514012853868877e+00 -6.466005020280256588e+00 -1.867427709773131284e+01 -5.178502787596093171e-01 -1.228379006645184290e+01 -9.490177172526294669e+00 -3.195752338193577291e+00
-8.500236446381560995e+01 5.059052167877604589e+00 -1.029332305815897186e+01 -1.746043275391276950e+01 -1.120208683087823509e+01 -7.252326313622551091e+00 -3.758944984255735200e+00 -2.300310520177435336e+01 -8.517514431813824061e+00 -2.520234758652851959e+00 -3.895011559894876463e+00 -1.003709344443841189e+01
-6.700809534631170550e+01 1.092452070988427870e+01 -9.702796555018746716e+00 -8.444701216064535387e+00 -6.586252219380599904e+00 2.557230684614876903e+00 6.048315774758545871e-01 -1.684953094494911596e+01 -2.863757327353695370e+00 -8.394788890049827756e+00 -4.216455500474858287e-01 -3.234190838170253990e+00
-8.451419981400265158e+01 -3.549161856550620442e+00 -1.373259174682141293e+01 -1.062735720948867879e+01 -2.659473825057712304e+01 -9.969378863048834916e+00 1.507884959086599252e+00 -9.961933664279980505e-01 -3.296401063379555296e+00 -1.178312193745567171e+01 2.283168148625870586e+00 -4.110189788683023870e+00
-9.536404275626860283e+01 -3.535894108640069256e+00 -1.369393016248239370e+01 -9.483515445247704179e+00 -1.073812029111192956e+01 -5.911233237129200901e+00 -9.810724057511730933e+00 -1.180237926654631053e+01 -1.054463887859848370e+01 -1.635644592233642314e+01 -5.453608677130779903e+00 -1.881119688601705420e+00
-8.431858782554539289e+01 3.361228788120480093e+00 -1.052267570592483992e+01 -2.331059506214634780e+01 -1.353815209605279080e+01 -7.327632307433912473e+00 4.916924895332636325e+00 -1.474828468741412602e-01 -4.877274667290981469e+00 -6.723488903369991831e+00 1.955743512511245674e+00 -6.119673589286589888e+00
-8.709070394454522557e+01 -7.852300018683528116e+00 -2.996540135193522136e+00 -6.291540104904779440e+00 -8.638736335689383594e+00 -1.452067989637998835e+01 5.120462933412349926e+00 -8.509876414140874701e+00 -8.285014235915793890e+00 -7.449147478317893700e+00 5.753090084621565126e+00 8.080775337228679689e+00
-1.076666179196172095e+02 -5.611210989002108462e+00 -6.051737978468483270e+00 2.152898950843636694e+00 -1.163452580619761534e+01 -2.762879580988320072e+01 -2.711261179213065642e+00 -6.067099895007574517e+00 -5.103604400883088310e+00 -2.056204077743278624e+00 -2.823226774169904196e+00 1.155283870026730053e+00
-2.119223020610660342e+02 6.250715439479394320e+01 -3.515377212965920251e+01 1.437109916715469993e+01 -1.625280357135511267e+01 -4.374735302206033793e+00 -9.119577690285771254e+00 -4.568098240386237130e+00 4.992402998670647740e+00 -4.629203095429902604e+00 8.546808486859118759e+00 2.186041007135968606e+00
-2.710668008575958083e+02 6.737806970854762767e+01 -2.265912705979421560e+01 1.280149622709943102e+01 -1.421268109258071988e+01 8.630818337917665062e+00 -5.705442104476071918e+00 -1.909078720573339272e+00 1.047361098975380678e+01 -1.052879345497979280e+01 -1.969243657101824141e+00 -2.052064829128583678e-01
-2.198322353000693568e+02 3.858053061457845700e+01 -1.176994138743569174e+01 -6.668135019219032955e+00 -5.204380098618387507e+01 -1.105942913428184582e+01 -1.542790746176971339e+01 7.140068876082163563e+00 -3.528506772416069026e+00 -2.014744118578076737e+01 -1.583360267335345206e+01 -1.265707405832869625e+01
-1.968073933109164386e+02 2.612434367742645591e+01 -1.139268757552524036e+01 -2.803156268167561027e+00 -4.200531150244934508e+01 -6.365739739814848974e+00 -8.025506259346073534e+00 1.326105954562233791e+01 -1.478388941844393045e+01 -2.690616687889384906e+01 -1.002217098216344127e+01 -6.680135855061656969e+00
-1.886535910031030596e+02 2.565722217752013634e+01 6.003592467662432597e+00 2.648226450397137910e+01 -3.188705836936615867e+01 -1.097803000630309533e+01 -4.561411696362524637e+00 -4.150921571079845940e+00 -1.191348623468762113e+01 -3.361835049830559541e+01 1.006516414088231670e+01 1.000806430471981301e+01
-1.959438988861855364e+02 2.848377131375276150e+01 -1.177623237321526073e+00 3.269298255448621404e+01 -2.669754297399301279e+01 -1.906553272296244828e+01 1.065163932001750524e+00 1.321043622175765897e+01 -4.982581443882043715e+00 -4.161536575626642076e+01 5.652480545954402302e+00 9.909890259459398720e+00
-1.703517509041107587e+02 1.347582406723847193e+01 -5.100766009430094172e+00 1.673521346996778902e+01 -1.437555463826401159e+01 -3.918025448590530857e+01 -1.523872187213625651e+01 1.088446295472102321e+01 -9.361341805785546200e+00 -4.510983005223488362e+01 1.789093857251749853e+01 2.393709093481125372e+00
-1.328859652974263099e+02 -1.640662915010574485e+00 7.799202337973808241e+00 1.970566872598386254e+01 -8.304199334772459640e-01 -3.085151313494541370e+01 -5.122647794788352194e+00 1.751255967983690454e+01 -1.290431063106601250e+01 -4.877660210505160876e+01 3.018788551561515732e+01 8.331411089939575021e+00
-1.795854626690979501e+02 -5.339347985373470351e+01 4.547697919221764806e+01 2.311719795313923953e+01 -4.433930720930440827e+00 -6.808833933606786104e+01 2.738171251019244856e+00 2.970225769558540563e+00 -1.009499653682048859e+00 -1.734053825605985821e+01 8.173045839199645002e+00 -3.284256032393015889e+00
-1.690190550731172721e+02 -6.066524542022631294e+01 3.435634963952897181e+01 2.414741596317702133e+01 2.435880869964645701e+00 -5.810998197762047823e+01 -4.494005962795299958e-01 -4.725690885169393951e+00 -1.983803578812497692e+00 -2.260652787058420543e+01 3.484169692859939715e-02 -1.264718461023484153e+01
-1.376155216811395121e+02 -7.148739845844684737e+01 3.948050435008384262e+00 -1.015321900279154477e+00 -1.988542576080312374e+00 -4.728300149695273547e+01 -2.135630767711112554e+01 -1.191380329877827826e+01 1.447251560157610584e+00 -3.362471522617978081e+01 3.186516595799902873e+00 1.180032155281898021e+01
-1.349481746090751813e+02 -6.828347544333726660e+01 1.346518864044569952e+01 1.531403692357192625e+01 6.645278520878238560e+00 -3.486861738039011271e+01 -1.480757622572484600e+01 -5.569550689518425024e+00 1.291270589675180425e+01 -3.819116583070592696e+01 9.814397032286990452e+00 4.147364899148167083e+00
-1.197440897721309199e+02 -5.748282769782981916e+01 1.511788916131715155e+01 1.576824537825607919e+01 1.613178412387584260e+01 -1.329188619784475733e+01 -1.922980316534898293e+01 -5.427476060463938268e-01 1.461501547733520212e+01 -4.103646228588297618e+01 1.007768351959571618e+01 7.660733737126586007e-01
-1.084790560741827647e+02 -5.620549581291484742e+01 1.221303306062344873e+01 1.314289356522942853e+01 1.413485449624220180e+01 -1.441086286094863667e-01 -1.476540602254629064e+01 8.985253888776963294e+00 1.174618006557302330e+01 -3.304017570969617168e+01 1.472006863276102706e+01 1.075715907996676002e+01
-9.502080391065121034e+01 -4.931844935840095445e+01 2.299257084713860877e+01 1.284622462227597950e+01 5.363877851134311037e+00 -9.248125593598233607e+00 -1.614878124586575225e+01 2.377507185426258829e+01 2.228456527704668844e+01 -4.169305368014209989e+01 1.509182129419420804e+01 2.209373445116252554e+01
-1.010008166751839269e+02 -4.922928879886717368e+01 1.243101707988419236e+01 4.227759719827210105e+00 -1.234157006846018234e+01 -2.180194427879221308e+01 -2.573973630553807368e+01 7.501669960903098122e+00 1.680187364349167822e+01 -3.597325624321808846e+01 5.480962722906963513e+00 2.439058984521544460e+01
