-9.717810508185299057e+01 3.188669635094922850e+00 -8.604718427601579123e+00 -4.918407873705471722e+00 -1.476580136145773769e+00 -4.737214076798929696e+00 1.127398056404680826e+00 -1.896655940460578549e+01 -9.956181087916121442e+00 -1.026422561626654151e+01 -1.496052404012186798e+01 -8.896811492307314495e+00
-9.613824382100952448e+01 1.126168762619452046e+01 -8.246563688264954450e+00 -3.990985163220927667e+00 -5.082681570854491682e+00 -1.998554961718935985e+01 9.457801366182998493e+00 -2.043759534686283175e+01 2.753034592112199586e-01 -7.762835001364109644e+00 -1.545433168611371499e+01 -7.453270512146799032e-01
-9.220774137804042425e+01 2.252607449182001886e+01 -1.587425335647929980e+00 -9.529433762035720790e+00 -1.336791249273878712e-01 -2.627153265877699795e+01 -2.392800764071629338e+00 -2.432457775027457814e+01 9.221737895507792215e-01 -1.592158139025130836e+01 -1.127030668557336313e+01 4.489776639954507154e+00
-1.026259327289042744e+02 8.760134710369460009e+00 -1.219799278310685864e+01 -2.049878471720010964e+01 -9.328709240833250149e+00 -2.450614094003042354e+01 -1.312010443556350303e+01 -3.001763854631080619e+01 3.990653791064128431e+00 -2.035788401209872944e+01 -1.248775947678273646e+01 -5.118715157222086809e+00
-9.840528473883378524e+01 3.480628618922270157e+00 -1.803728208055754578e+01 -9.517687737439079143e+00 -2.082738777016122000e+01 -2.272362510029459770e+01 -3.338932443924466753e+00 -1.797397691366582961e+01 7.147776446997326616e+00 -7.431831043138373616e+00 1.348033448984157001e+00 8.780689648107694367e+00
-1.063368849949206947e+02 3.456382636007520048e+00 -7.399027034269522574e+00 5.271367534992772441e+00 -1.193849846104391688e+01 -1.646885845248434421e+01 9.403174637251771273e+00 -1.580766570726132247e+00 7.662345407428438060e-01 -1.237438368430141544e+01 9.419368993938782353e+00 5.153831104370333094e+00
-9.414235414647414757e+01 -4.390721696612526870e+00 -2.665251983549329395e+01 -9.877688669594041571e+00 -1.446842846375297675e+01 -8.925076642175190145e+00 1.006366098304639323e+01 -7.241000587318529469e+00 1.016315437994509985e+01 9.720120806738439256e+00 8.096926079575080593e+00 -4.345631763796576896e-01
-1.002369660660573345e+02 -5.430628675177130660e+00 -2.531017397247092049e+01 -1.144766066606364063e+01 2.371786363925111552e+00 -1.115959718364373465e+01 -7.819518474965686750e+00 -1.248407589407491791e+01 -9.889600667452412841e-01 -5.855477093361832530e+00 -2.143156868279262550e+00 -3.463465337431318680e+00
-9.379553227418053041e+01 3.436637007522078680e+00 -2.755158116754201458e+01 -1.663605947221667236e+01 -6.512834270875781151e+00 -1.029561318242374313e+01 -5.733057265222729626e+00 -5.882944719660240906e+00 3.527823008625753598e+00 -5.220709079561000721e+00 -7.835960401691785648e+00 2.159333424738743012e-01
-1.024620473221470149e+02 5.606728213163856278e-01 -2.013341636432582504e+01 -1.464632838571753837e+01 5.083703948177509258e-01 -1.409210619535504350e+01 -7.451111799499752664e+00 -1.529997948406177244e+01 1.006724227651525538e+01 -3.533625644895073581e+00 -8.750110855242283492e-01 -3.880285662292064508e+00
-9.656924185430766272e+01 -3.165816308956040381e-01 -1.064252913499050734e+01 -4.165158841105923493e+00 -6.373035071382586736e+00 -9.568829085478178342e+00 -8.377722190952658465e+00 -1.363421442596918354e+01 7.169843060635053611e+00 -3.255181454613494729e+00 -4.617914732201839456e+00 3.576141184436193221e+00
-1.048285369435878209e+02 -9.966843676930775331e+00 -4.418101813486478235e+00 -9.980754048613739826e+00 -1.532606405490565926e+00 -1.364745072541170501e+01 -7.898657912946996262e+00 -9.321077065216371693e+00 2.227272650516952446e+00 -8.742893849744000079e+00 -8.845547750921337382e+00 -4.166354228130431991e+00
-9.377135120090166254e+01 -1.569368029746234861e+01 -1.514699179305877408e+01 -1.965678914708090375e+01 -1.577263615230904925e+01 -2.792627746287278256e+01 -3.611891442067063807e+00 -6.102466413459631589e+00 9.196980765154874504e+00 -2.455900314793260542e+00 7.570243284467400358e+00 4.025542253013851379e+00
-1.103649328441934188e+02 -1.006903461077824957e+01 -2.213271700596661162e+01 -8.939978975232861558e+00 -7.785516205684912538e-01 -5.653565655224176645e+00 -2.857765173908468626e+00 -6.071156391512007033e+00 3.634125524222923787e+00 -9.511413496102203879e+00 -2.458880911803841052e+00 -9.731798807888636382e-01
-9.351094991428968228e+01 -2.177599128653550054e+01 -1.634315890535224369e+01 -4.875031089983783872e+00 -1.584497007531161650e+01 -7.367385015468893350e+00 -1.243712437600078502e+01 -4.205971330858686130e+00 4.908433693584420610e+00 -9.654904700930939665e-01 5.460541430605395874e+00 -1.318624627143553951e+01
-9.244647235349944481e+01 -9.454891900967831830e+00 -1.680277207083412705e+01 -9.285526874174021117e+00 -1.773114050511030726e+01 -1.958383656322599364e+01 -6.633376415635324541e+00 -1.074521954571783056e+01 -5.773546135391584677e+00 -7.438537770869640298e+00 -1.250058705787369462e+01 -1.000509369367149759e+01
-1.101313693627100463e+02 -1.505114633455180950e+01 -1.580256985990088836e+01 -1.863686239180233528e+01 -8.604124578299154891e+00 -5.103140604314697626e+00 6.682976706329899486e-01 -7.031669835429859461e+00 6.072543985114943865e+00 -7.582318557225212530e+00 -4.504482452391833647e+00 6.691985700856546870e+00
-9.974135211339441298e+01 -1.770386530110895862e+00 -7.463029684187787005e+00 -1.559023307063305985e+01 -1.553683532028640846e+00 -6.714899265497559000e+00 -3.277288874832974486e+00 -8.361117936682596508e+00 -9.849712025301714746e+00 -1.553517882818098883e+01 3.540118419658568882e+00 -3.870623976983939230e+00
-8.832793674893935076e+01 9.559206298993291995e+00 -5.636931677583904232e+00 -1.866696126733501870e+01 3.284907164523117373e+00 -9.931476494592462956e+00 -3.033605555514586882e+00 4.611229768263070738e+00 1.577125773003837050e+00 -2.088942509425741889e+01 2.109163900154652715e+00 -1.234734412686565186e+01
-9.647096118034961876e+01 -5.080579237716695840e-01 -1.235749963803944240e+01 -2.098944738024725609e+01 2.970800065844617421e+00 -6.145183478086822859e+00 -1.473192036531873761e+01 4.736725459536388905e-01 9.736816109076649184e+00 -8.634092620826583797e+00 3.969691574847524329e+00 -8.160935422392039840e+00
-1.102155473449272023e+02 -7.834473839419904273e+00 -1.026056309173194769e+01 -3.224336138851848688e+01 -7.998679214198270770e+00 -5.690870431254861472e+00 -1.808243136721213062e+01 -1.166311013184152090e+00 -3.268441723309727820e+00 -3.634705227801362515e+00 3.446155982572492338e+00 -2.107484819863950776e+01
-1.044684384290823118e+02 -3.246404446044164782e+00 4.244941069091842323e+00 -1.371844477842197740e+01 -1.023563433156714275e+00 -5.459048333765879057e+00 -1.343073973736433402e+01 -8.188478400170220439e+00 -7.072751666296538176e+00 -7.574686397808569893e-01 1.053485447740008851e+01 -4.089280642955760214e+00
-1.089990803911136652e+02 6.459101604987816714e+00 -7.274744525421141361e+00 -1.163981303924438393e+01 3.767855773201010727e+00 -7.448641987218686644e+00 1.404706595862793250e+01 6.897899291206043948e+00 1.477865123643196021e+01 -6.220337327516396009e+00 -6.154116867194480811e+00 1.515708896482973245e+01
-1.433057405209453634e+02 6.352425266707128593e+00 1.634896964965141919e+01 -3.476569920102849665e+01 2.673162345392145056e+01 -4.731734346958948834e+01 1.636055993785402052e+01 8.259797825678088401e+00 1.012447063302074035e+01 -5.765557514653180782e+00 -1.118094933341316022e+01 1.377093947169247379e+01
-1.222066630340105746e+02 7.387623175699468803e+00 -5.952268141703472182e+00 -3.488385680665730604e+01 1.724139051808803913e+01 -3.722395156235640457e+01 1.973269154512789392e+00 -1.542698267532180267e+01 7.416097533172056444e+00 3.917392828454214992e+00 -4.870046640477309730e+00 7.348467539934205206e+00
-1.083218653401612812e+02 1.820557928819611604e+01 -8.394915401219389395e+00 -2.569134839085483790e+01 2.058078169747781772e+01 -3.212828484826732023e+01 3.939242151941923176e+00 -4.459484616755876374e+00 -1.042555715905755687e+00 -8.185220686629872233e+00 4.717023005182078066e+00 -1.567338029720835024e-01
-1.034278946211379662e+02 9.894495249440476314e+00 -1.044700675894508990e+01 -2.183541394607532027e+01 -1.525086327923446916e+01 -2.809273692635945707e+01 2.816346377574354687e+00 -1.498973727711257453e+01 -5.140457659820758529e+00 -4.380480161096928171e+00 4.893154643174308926e-01 2.669658678541959596e+00
-1.117518196427119790e+02 1.135408807430159328e+01 -8.155564841901590256e+00 -2.652366841838583156e+01 -1.131149729793460956e+00 -1.108246649421962715e+01 1.763574262974188400e+01 -5.116791612207011397e+00 3.375606073320215561e+00 -1.739049031132753331e-01 1.086952325618008919e+00 6.669538838634887057e+00
-1.057688634523003515e+02 3.503123613982376483e+00 -1.914507544943246131e+01 -1.703748727264981255e+01 3.414714208317915389e+00 -1.228187084704394749e+01 1.051015435205058424e+01 -2.052858828390229462e+01 -3.225999330494456530e+00 8.778222255049417555e+00 1.009695206543704415e+01 -8.359809110597829829e+00
-1.033723469760710287e+02 -9.465881400405907753e-01 -2.630769553561257013e+01 -2.770431173576813233e+00 5.070156210299528787e+00 -2.003574909420486705e+01 -3.838249887132825222e-01 -5.684967644845446699e+00 1.631125732567287656e+00 -1.809598927308733174e-01 -7.699956373060815373e+00 -8.145671346352832742e+00
-1.027290680388330060e+02 -9.666952862240222544e+00 -2.678674564891714738e+01 -8.281794914892905979e+00 -7.253136753223625277e+00 -2.734746575491790210e+01 3.283859984392540010e+00 -1.126705223171503079e+01 7.752827013085357599e+00 -1.541484809764413555e+01 -9.559011812998257085e+00 -2.927998543291528755e+00
-1.441076357199848417e+02 -2.755390156559647608e+01 -4.758998925161364468e+00 1.485755843807648269e+01 1.312335105685335890e+01 -3.855194766399385031e+01 -7.348866503884380563e+00 2.542018933253078927e+00 6.859137079993016251e-01 -1.071555058403756711e+01 -4.285445127068159721e+00 1.451557394092647257e+01
-2.256518162441045092e+02 -2.784593935553606769e+01 1.503358950390579096e+01 1.519027575654370388e+01 -6.407420390825894430e+00 -3.378911486418473942e+01 -3.793416868379998252e+00 7.520045064661872836e+00 -1.456735884471750353e+01 -1.454266393470136620e+01 1.375427377990663658e+01 2.134918352776019645e+01
-2.575392014982788851e+02 -4.188079940000019974e+01 1.539469628054583694e+01 1.354860505502610835e+01 -1.603058241743018897e+01 -3.580897857241460969e+01 -1.114055623932286565e+01 7.110659462116103668e+00 -2.405748541204849644e+01 -1.561355411436254670e+01 1.897946840840900862e+01 2.115879932377805162e+01
-2.594934442999664270e+02 -4.220035444575323424e+01 1.645503342428286686e+01 1.294610652889277169e+01 -5.680536086052404343e+00 -3.419155474080449153e+01 -1.708843275349196134e+01 1.069206424038179470e+01 -4.913276733466242163e+00 2.368257107402540917e+00 2.186239409898034936e+01 1.421039253301112915e+01
-2.536703486050824949e+02 -1.618685081344354160e+01 1.474426820371925118e+01 1.096220325579893462e+01 3.584523777541734013e+00 -2.206113415165643943e+01 -8.651749033702166969e+00 4.832560226638817014e+00 -8.937882307629751111e+00 -9.036881675803808633e+00 1.243138352609773634e+01 3.152963846953037219e+00
-2.681876282284166564e+02 -1.762299652756794899e+01 6.991662513263527501e+00 2.297538856905138704e+00 2.596636514286227992e+00 2.000194165900583521e+00 -8.724765491590650512e+00 -8.836716803800209519e+00 -9.741600664218498906e+00 -2.873096525821153158e+00 7.473037955760853279e+00 1.154749604046006617e+01
-2.892485439366836317e+02 -4.107841185957615693e+01 -3.483930310061969404e+00 7.881212349648856197e+00 -4.266537125575496248e+00 -1.333612715140237981e+01 -2.902440521989981903e+01 8.258474248234140447e+00 -3.974915726893968326e-02 4.657279091784432001e-01 9.069545814673677597e+00 1.647813375823119131e+01
-2.777626019824701871e+02 -2.804477590729084113e+01 -2.531884020878073294e+00 -8.060876873697548906e-01 1.133549546431472521e+01 -8.176536451166850128e+00 -1.661658370475752378e+01 1.874442502101300434e+01 -2.641717548265348992e+00 -4.978523407566701309e+00 5.245978412640308619e+00 2.930225422966633353e+00
-2.642313859460891763e+02 5.460174163978738227e-01 -1.576731256404536019e+01 1.027792307097143265e+01 8.528164567452916955e+00 -1.741940173937841507e+01 -1.415207766064072636e+01 1.982530405069344681e+01 -2.040118315235480040e+00 6.052406049058864923e+00 1.243059251685966338e+01 -1.367609341336806494e+01
-2.463514174229339915e+02 1.510807442445049631e+01 5.978007457442926054e+00 3.547170143557117683e+00 -1.742193920301963628e+00 -8.291007730416183108e+00 -1.559458932530231046e+01 2.364801306478526755e+01 4.722999185217378049e+00 -3.018287177038352809e+00 -6.339875151195658809e+00 -3.882271654157787300e+00
-2.724031607108140065e+02 -1.798322088194339807e+00 -1.453335400543020128e+00 -2.018231737638791046e+01 -6.747687151964031571e+00 -2.184150227381258347e+01 -1.828543118792649835e+01 3.911375554234075480e+01 1.633521368710380006e+00 -5.987382279413446362e+00 -1.879657956626975768e+00 -3.460572295446958435e+00
-2.380594288623173611e+02 1.304781955269166716e+01 1.700160784874679365e+01 -6.029256309963425764e+00 -1.388053653229290774e+01 -1.370575942912130962e+01 -1.392036939235642912e+01 3.356249473411985207e+01 -2.212225337258267643e+00 -7.718558952788204586e+00 5.136915010827500794e-01 -1.129197751271387329e+00
-2.437798895020546865e+02 -2.480165178276777382e+01 9.094863294939916187e+00 -2.175146352008932027e+01 -3.933799035390835197e+00 -1.964158599779502623e+01 -2.394042573168933075e+01 3.061936726818951371e+01 -2.681222993729023507e+00 -1.185244592034274902e+01 9.073291601556505270e+00 -4.736121451391285042e+00
-2.465342436171689826e+02 -8.435840373456692021e+01 -2.198814011652437728e+01 -4.022616714936292226e+01 -1.532176450532486456e+01 -2.857114411023614053e+01 -4.566557664039510911e+01 1.737511136250708432e+01 -1.876481531747979403e+01 -2.644800274258956918e+01 1.379255292402111976e+01 -8.101230456272693559e+00
-2.135710620578925045e+02 -5.877796960339786381e+01 8.424306559546348439e-01 -2.197506225844102090e+01 2.417127256540889224e+00 -2.197017491560567493e+01 -4.364204595945263776e+01 1.844135107697609044e+01 -7.849751581180610671e+00 -3.153321041275354375e+01 2.033421890387941033e+01 -5.788953818230262449e+00
-1.736981172422189275e+02 -7.598572538635530726e-01 6.466096659144510816e+00 -9.767272572608380443e+00 6.994372099924382802e+00 -3.622461627944995044e+00 -1.156479389216886844e+01 1.532534358498616101e+01 -2.445780685896980167e+00 -1.561544062583635295e+01 4.609648923901964679e+00 -9.521064616125677560e+00
-2.030108683939908474e+02 -1.021148436212514099e+01 -3.753878699240773109e+00 -2.550752791003795750e+01 -9.427224774135060770e+00 -5.011709813454549689e+00 -1.223210061294367712e+01 1.145729817770142311e+01 -1.436565355775410424e+01 -1.743025539819125669e+01 -2.993697793564590093e+00 -1.803566756201273336e+01
-2.118574298383584846e+02 -7.095837563163337691e+00 2.358506310497009650e+00 -3.138849859749880622e+01 -7.394570040795633403e+00 1.957060590667705569e+01 -1.389664286370307922e+00 1.215787077587066101e+01 2.029509034094725273e-01 5.632058529442469652e-01 1.008626555990271534e+01 -1.742761058304888877e+01
-2.035668848806167830e+02 5.587306089641812967e+00 5.875066940149993755e+00 -2.155425645422536718e+01 9.699876254228184891e+00 8.799601758020616060e+00 9.646600482342488903e+00 1.241096613936421633e+01 -2.670139481726208075e-01 -7.307715214556392169e+00 1.621866595826006119e+01 7.440060717720410111e+00
-2.157721342089755012e+02 2.175461270330741215e+00 1.077951636636865906e+01 -1.443250928592084037e+01 1.037474965328909882e+01 1.155765314134242061e+01 -4.515360023728630878e+00 1.941744400463228004e+01 -4.185990736346754559e+00 -1.701408010196904996e+01 9.586396246628467566e+00 -1.086630992668209839e+00
-2.024221959996228577e+02 -2.638077500723039925e+00 -7.048965843089387562e+00 -2.991599326809624415e+01 7.442683026615762643e+00 -3.151467307230974679e+00 -1.854774572603052007e+01 2.126652958966819895e+01 -9.950860453216437973e-01 -1.687515397852619969e+01 1.458947850559055404e+01 -6.424045936763034703e+00
-1.052350225192614630e+02 -7.569632835811570715e+01 -4.565100895903495370e+01 -1.773225218546011916e+01 -2.978143186609887749e+01 -2.650742322786350869e+01 -3.704294842926122300e+01 -1.245280143857718613e+01 -2.526229926740767340e+01 -1.596611468638148779e+01 8.406708795435509529e+00 8.117765969829665806e+00
-9.585739753345700365e+01 -9.078113209006167494e+01 -5.726117253397989515e+01 -2.548395710828022231e+01 -4.738784534523517067e+01 -3.953393857406767609e+01 -4.957715859761719202e+01 -2.007781143990269612e+01 -3.183965440840430716e+01 -9.533978440738245297e+00 -4.649000133625669662e+00 1.016301808799858541e+01
-8.723406446991387497e+01 -4.691997157631360693e+01 -4.270862223976075711e+01 -1.750761868710451097e+01 -2.322510607644081659e+01 -2.539775972030867734e+01 -2.987600678387583031e+01 -1.831917524819238707e+01 -2.898393673301737294e+01 -1.129566380358619426e+01 1.650644698607942829e+00 -2.776170641994972321e+00
7.157183735229244448e+00 1.756870433377304508e+01 -2.420362917615069165e+01 -2.257563562039369032e+01 -2.257479140654662331e+01 -2.922482214989260640e+01 -3.989218273617417765e+01 -1.937527754606468733e+01 -2.637592395861038597e+01 -3.481245442144746249e+01 -2.111556027649730716e+00 -5.017987748664873848e-01
7.293858564977611536e+01 3.747817483470745259e+01 -4.949275707581762163e+01 -5.273302079185498314e+01 -5.294260053207917593e+01 -1.886263141712338864e+01 -3.882515014987325230e+01 -2.310786481939218362e+01 -4.746805786261474225e+01 -3.445366688909743402e+01 7.924638508487705124e+00 -2.887146869457164478e+00
1.057684280601848172e+02 3.149102428187049085e+01 -6.525892740624971111e+01 -3.853183540653074601e+01 -7.573536241241163225e+01 -3.710344499529544038e+00 -3.928364183674049315e+01 -2.199630448423923923e+01 -4.270957466540434666e+01 -3.245542000532706339e+01 1.741537300644331765e+00 1.689315899158058354e+00
1.126110266751442737e+02 3.177051838039221110e+01 -5.274660495514921621e+01 -5.430062787880950026e+01 -8.298166292918644160e+01 -1.032842335273327450e+01 -2.606814068091581760e+01 -2.069982865687433105e+01 -4.306169274488428300e+01 -2.615825976884513437e+01 -9.644998482403849493e+00 -4.237031559779411261e+00
1.248472496561359151e+02 3.300710642861752575e+01 -4.257843892404039110e+01 -4.665717135534212900e+01 -7.490267491858067217e+01 -4.382501013098982767e+00 -1.780743828893209013e+01 -1.046061181886183888e+01 -1.914778924739484722e+01 -2.248139562917765488e+01 -6.786770347989191876e+00 -6.989036696503537982e+00
1.172986994027733800e+02 4.996952684472667983e+01 -5.448255159659182567e+01 -4.182364051178454645e+01 -7.550542039775874059e+01 -6.897768372540106441e+00 -1.292327504729054155e+01 -2.023532730355275788e+01 -1.559237894428299498e+01 -8.550577139218425771e+00 -9.502356215689193419e+00 -1.060041230427875192e+01
1.085738330989043448e+02 5.585946030544761243e+01 -6.326575979993450005e+01 -4.164656430773310092e+01 -7.256419949065829655e+01 -1.677460611617113528e+01 -1.517313554830548483e+01 -2.572210962473810270e+01 -2.827944396860185350e+01 -2.043675867885375652e+01 4.180235403893164836e+00 -2.117790715021060421e+01
1.009244008173768634e+02 3.180605474394678112e+01 -6.013611089302780499e+01 -3.645947687141101312e+01 -7.911700928403635658e+01 -2.239583041148836173e+01 -1.490252395224920079e+01 -2.630447865199815993e+01 -3.252398016698967353e+01 -1.561241897793373035e+01 -2.531655621020093783e+00 -1.706659046696196924e+01
1.100472145529533634e+02 3.464574066844087952e+01 -5.802765287712202280e+01 -3.656224503042004415e+01 -8.671728540558990517e+01 -9.019938329817417610e+00 -2.070846507837705275e+01 -3.230161651061128936e+01 -4.040924325220932900e+01 -1.039046031473757914e+01 -3.284335864968223717e+00 -1.655486190230474053e-01
1.115487149517574039e+02 2.638395860680897442e+01 -6.657114526986853775e+01 -3.249394849726436973e+01 -7.216441448729784724e+01 4.711726484706481699e+00 -3.581307504059095237e+01 -3.190023388134501303e+01 -4.520988266909749598e+01 -6.086579303082827686e+00 2.196441280473661273e+00 3.551765455769194446e+00
1.160207090810606019e+02 1.980041523703287965e+01 -6.170693091606810299e+01 -2.826581027895322507e+01 -6.588634598467986336e+01 4.344843675300347208e+00 -5.099202096185859290e+01 -2.991489130597051371e+01 -3.613469059738898181e+01 -8.980635782306340964e-01 1.191192568844788724e+01 -4.048629236953499522e+00
1.034293915031586835e+02 -3.301507217793854032e+00 -5.801012163585980375e+01 -1.231530000302827332e-02 -5.199425211094467159e+01 -5.157906548153694537e+00 -6.474776190479110483e+01 -3.714785768371835672e+01 -2.285478421564693008e+01 2.930886918079496972e+00 1.320937901778489731e+01 -2.473664529171655246e+01
8.310724536784670136e+01 6.576822951842584253e+00 -6.063126620602037065e+01 3.380825872148893740e+00 -5.418839602296053215e+01 -2.209125337104878639e+01 -8.010552670506136508e+01 -3.929407464819283291e+01 -2.685053882103261813e+01 -6.177122323653776448e+00 6.190452102940180446e+00 -2.107214208019434665e+01
4.970067834043623378e+01 -2.836665429793298721e+00 -3.454314698180881749e+01 2.353212698358145971e+01 -6.600893352557687876e+01 -5.383041527701674056e+01 -4.901854705612163343e+01 -8.701160858478900195e+00 -4.433673949043115670e+01 -2.549032341132682689e+01 -6.014123269682637662e+00 1.950650563236403734e+00
-6.139063499905341814e+01 -2.478262643533910392e+01 1.249303365582598069e+01 -1.072544325906297225e+00 -5.734402393584879576e+01 -5.545140030115277341e+01 -2.650241978505438922e+01 -1.866389309312274136e+01 -4.741412849031546983e+01 -3.118201719701013985e+01 -1.763736769927684023e-01 -4.540912895118463410e+00
-1.172491065515290813e+02 -2.091480462518509054e+00 2.949334053457405957e+01 -7.833091736976950159e+00 -6.805463251837785776e+01 -4.410343458049392495e+01 -3.198586975688631284e+01 -1.106636250488286422e+01 -3.121276005521202279e+01 -2.432598647470333475e+01 3.788393604679651361e+00 5.374370129095898285e+00
-1.582513067850407822e+02 8.414268441305789992e+00 2.715317435232825005e+01 -2.977645272659165698e+01 -6.500265592169409956e+01 -5.161645399809673052e+01 -3.952965543078500588e+01 -1.538951465457260426e+01 -3.034353047787388391e+01 -2.838315656085095640e+01 -6.966205723258163118e-01 -1.052725295801288929e+01
-1.553764530338641237e+02 2.180816633912578340e+01 1.807270981437476109e+01 -4.357907421376404500e+01 -5.952862274535038267e+01 -3.874049681414812341e+01 -3.825743773273033810e+01 -2.495568264410427517e+01 -2.356682037380983985e+01 -1.219062898606079770e+01 -5.796554754257558173e+00 -8.045643068621185279e+00
-1.777992727323914437e+02 2.310752123689948334e+01 1.369298436651535233e+01 -3.678746295308246772e+01 -4.685992669607535532e+01 -2.628651076206690362e+01 -2.398085464814588263e+01 -2.853951502176333577e+01 -2.261351996752947713e+01 -6.685855652928711201e+00 -6.920577976821968846e-01 -1.191879761199572396e-01
-1.956770758891238700e+02 2.805842772404542984e+01 2.205667046084853666e+01 -4.954893082409513028e+01 -5.217463500681222399e+01 -2.433126440135119140e+01 -4.176193660155783505e+01 -3.214771689423307777e+01 -3.271316871961064976e+01 -2.449139730495688383e+01 -3.334114873678470925e-01 1.122108471122093221e+01
-2.026399398496682238e+02 2.741284411166051171e+01 9.437048886466307351e+00 -5.813400765917724300e+01 -5.665610467588408028e+01 -2.523461365357463038e+01 -3.191655612250357876e+01 -2.742811624471698195e+01 -2.787323152804697202e+01 -2.352580149820406064e+01 1.168356589404414869e+01 6.662537100683279867e+00
-1.992019197064542482e+02 3.260216522726291544e+01 1.280990837478150723e+01 -4.497947344578260243e+01 -5.628518373238072314e+01 -2.843638277063817910e+01 -3.189378571993844247e+01 -1.767445444795122711e+01 -2.413934059574267010e+01 -5.958633493236102474e+00 2.255333119864501867e+01 1.847700323994055438e+01
-2.185791762909432236e+02 2.660350162338793467e+01 4.117100686372723750e+00 -4.365249631794787888e+01 -4.461674973660875310e+01 -2.422953768392087426e+01 -2.506433221329850269e+01 -1.717790920383369979e+01 -3.805521155409404344e+01 -1.658631972785738284e+01 1.335787884890959454e+01 1.007565321384003809e+01
-2.173518594903551389e+02 3.791894168515285912e+01 1.036325914885166632e+01 -5.234796587500846954e+01 -4.074377405262731600e+01 -1.927088824454492055e+01 -2.533233571178645605e+01 -2.087708727340399406e+01 -3.976231993937490472e+01 -9.713711320630380897e+00 1.490067032672302716e+01 2.672117033324947322e+00
-1.989608200709547532e+02 5.881493583960978810e+01 8.029895303911425586e+00 -4.136197512446688762e+01 -3.205960669706389865e+01 -2.242969128589302130e+01 -4.477877227654047942e+01 -2.707667669033131830e+01 -3.016272688912145483e+01 1.131356004790692094e+00 1.205737642265638954e+01 4.611412744635335237e+00
-2.166865602703871332e+02 6.430809382928175921e+01 -2.758716605787587817e+00 -4.871161516564937699e+01 -2.941557628750838660e+01 -3.091124980918389298e+01 -4.773838105415370592e+01 -2.831856427553196554e+01 -2.013821410734464479e+01 4.482964606346333092e+00 1.895482208393191481e+00 -1.527726985722140940e+00
-2.042192579345997956e+02 5.960940685964948216e+01 -9.519678635456495286e+00 -5.062628344918110912e+01 -2.933718085233360995e+01 -5.129851482448917466e+01 -5.204916371895720317e+01 -2.264928419441471874e+01 -1.065928728594131236e+01 1.609435952154350957e+01 1.077882966675836940e+01 9.545359353925906731e+00
-1.728642103845795930e+02 7.478035902038995175e+01 -1.185945906321423493e+01 -3.712321959506265046e+01 -1.661922647534844799e+01 -3.895175814457961394e+01 -3.470547216244902700e+01 -1.196316821436010081e+01 -5.451401869887196661e+00 -3.402066194589586923e-01 8.214137526030636849e+00 1.161760743671730367e+01
-1.949312900375435902e+02 7.090485394721562784e+01 -8.947210861304750296e+00 -3.438535104015815591e+01 -1.354763560618117779e+01 -3.080106268720521001e+01 -5.171503008978615412e+01 -2.315858346728020933e+01 -2.613784312103133090e+01 -2.031353855947743270e+01 3.570262217871407628e+00 1.431233612439221581e+01
-1.847468729152318474e+02 7.568672304335950685e+01 -1.214887454841357517e+01 -4.305477023709067907e+01 -1.252503642446872956e+00 -1.522517419191547994e+01 -4.531251340011482398e+01 -1.799916598247963861e+01 -1.207997297018600769e+01 -9.182100515666192564e+00 -1.017073159971811869e+01 1.516006943345942481e+01
-1.666201042986095899e+02 7.146363328957416172e+01 -3.935179469015646525e+00 -3.521587572540235556e+01 8.088290193008098594e-01 -1.688711371325420885e+01 -4.623773505805984740e+01 -3.979126343592034232e+01 -2.952038048975997597e+01 -3.121875516197903266e+01 -1.187751408149903121e+01 1.677479142058085415e+01
-1.774220038841830274e+02 7.453508664456563793e+01 -2.169643471773974142e+01 -4.640298894546621966e+01 -9.371210868046304654e+00 -2.317130183802919063e+01 -3.311202081371040151e+01 -3.431194577387609002e+01 -2.787889775548971372e+01 -2.939146999763706347e+01 -1.296538771945775004e+01 2.680584777665912455e+01
-1.899820595222621478e+02 8.252081892091452175e+01 -3.105747148511970579e+01 -4.435865961420485348e+01 -5.589750133417474842e+00 -2.024025578941756720e+01 -2.952561785365431746e+01 -2.846955025609051404e+01 -2.822851960112607728e+01 -2.147708949916192367e+01 -1.315919578607724238e+00 3.471466207364512968e+01
-2.171467763806077755e+02 7.939760754558614053e+01 -2.339906857776388449e+01 -5.236073930741942206e+01 -4.366763998639227928e+00 -1.940556509516215300e+01 -4.334376115308294430e+01 -1.898823412655107035e+01 -2.788756739506547788e+01 -1.791972651535808225e+01 1.195126974190394620e+01 2.785304664106718064e+01
-2.224056789756127728e+02 7.855811809355381570e+01 -5.893552891312013209e+00 -4.490387355561971106e+01 1.314406658632817759e+01 3.749823983751063849e+00 -2.757865073355099739e+01 -6.812228405086181660e+00 -3.801825567016003049e+00 -1.437148346213873928e+01 -8.911428008623740737e-01 2.605617860029728661e+01
-2.303653663403705991e+02 6.620400945890574462e+01 -1.900400734843070261e+00 -3.996897371971295598e+01 -3.213667116499632659e+00 -3.838840376049846626e+00 -2.789493078811706539e+01 2.111983609546402851e-01 5.161143822045588525e-02 -2.785660850903055152e+00 6.488763486745535047e+00 2.487547231140362669e+01
-2.666187302574364821e+02 4.883860174953761657e+01 1.681214623877783509e+01 -2.318163183056078225e+01 -3.023768789741211549e+00 -1.745425239939921980e+01 -2.122534418107690612e+01 7.027868974302025507e+00 -3.582858638472365964e-01 -6.701289293008334091e+00 2.015203176568751697e+00 1.238847307497617223e+01
-2.495652265175906450e+02 5.402492137579405096e+01 1.390957486490427542e+01 -1.746787138711879450e+01 7.767171215736794476e-01 -2.015986222941750583e+01 -1.878388467530125894e+01 1.078995908169663487e+01 -1.081476276750183274e+01 8.835474482038712551e+00 4.539223799591968422e+00 6.114569264423272976e+00
-2.652374269990623361e+02 3.236256212838135582e+01 2.605116334725499883e+01 -3.477178252959399529e+00 -1.441448203686322671e+01 -3.364129245236627241e+01 -1.264643533959362287e+01 7.874514215311129384e+00 -4.520142411260868798e+00 -2.362684730602310879e+00 1.244437724742126861e+01 5.763933908044299059e+00
-2.256702332801214084e+02 9.185927418224830276e+00 1.283845862949249295e+01 -1.304937024690777037e+01 -1.327414972554240791e+01 -4.001559842886635465e+01 -3.129421660708400665e+01 1.850947752770113697e+00 2.373764623136215501e+00 9.936676207090425095e+00 2.462309242849265800e+01 -2.660423751037477302e-03
-1.849995611009650247e+02 -1.552509072943554003e+01 -8.725557366024697004e+00 -2.135985018928499457e+01 -2.123178391926069963e+01 -3.368325116714397893e+01 -4.228644079020266133e+01 -1.988651362745548212e+01 -9.427562061566472806e+00 5.082280193769010523e+00 1.316567843486222422e+01 -2.035008933774616224e+00
-1.512603692661536741e+02 -7.058154271912369104e+00 -9.362020082058180037e+00 -3.657259786268436130e+01 -2.554675066667005012e+01 -3.081138571751766619e+01 -3.757310276173218710e+01 -3.015780030759020036e+01 -1.563753690347453329e+01 -5.627479639186638849e-02 1.435483458045525573e+00 3.487759771118053909e+00
-1.534516637781231339e+02 -5.080824365977731460e+00 -8.300767985110152125e+00 -3.941489430814981176e+01 -4.962167738318868260e+01 -4.602946742334418673e+01 -2.939608845115557045e+01 -2.578140273871555621e+01 -7.808013830326348881e+00 1.246814175426248106e+01 1.554765486266746777e+01 -3.215401421067644705e+00
-1.438520881680011598e+02 3.029310067666341588e+00 6.234730820532996542e-02 -3.266746797324215379e+01 -4.221808947984678895e+01 -2.759696265081093713e+01 -1.686058987973983392e+01 -3.314157452526524139e+01 -1.070046164747874151e+01 1.084402871804805102e+01 1.253179797887229086e+01 1.591135206733145679e+00
-1.385129255007163920e+02 3.369291112841052893e+01 5.347852246883100236e+00 -2.865193887421735397e+01 -4.185735407030866639e+01 -5.097358603900045182e+01 -3.163428165504540956e+01 -3.063253147960025657e+01 -1.732612280985897968e+01 1.081403765582856380e+01 7.403004757489646259e+00 -1.145872025803781469e+01
-1.399271446680085660e+02 5.261478322211624459e+01 1.534603251634342413e+01 -1.961455892458242545e+01 -1.381159222130467512e+01 -4.287300042258770105e+01 -2.997920536625238697e+01 -3.057664801176985137e+01 -1.077531306251194287e+01 2.688217636061250637e+00 2.138754637108384316e+00 1.835579968968614750e-02
-1.404116849152013913e+02 5.573390457496137174e+01 5.866885462648154359e+00 -1.912863553297985320e+01 -1.480542256347972341e+01 -5.304786639847147001e+01 -3.131116586656343515e+01 -2.290620196167311917e+01 -1.680329899745969868e+01 6.820622712367594431e+00 2.227774478980359163e+01 1.361034515306752191e+01
-1.410072482564357301e+02 5.555438953623455234e+01 1.675888989239298077e+00 -2.513487778416677543e+01 -1.347082765334892507e+01 -5.433976694688877984e+01 -3.034078847279229052e+01 -1.975146410186144408e+01 -1.303700522978256160e+01 2.009382000179396943e+00 1.159599338747410791e+01 1.291203351327663995e+01
-1.299818408296987400e+02 5.537308039659599501e+01 9.476056283177783257e+00 -2.534633905908929918e+01 -1.066548186315488778e+01 -5.192741471235797235e+01 -1.083837056592387071e+01 -6.957511661120410196e+00 -8.584403081925973567e+00 4.158027460731929636e+00 8.273364590633040194e+00 1.104468076282372380e+01
-1.709074487119762580e+02 -1.816001631048872866e+01 6.718710120889338100e+01 -3.692693859019226466e+01 -3.992135713899801175e+01 -3.234584917846845542e+01 -2.411713498463872440e+01 5.992788643809205951e-01 -7.024306680555100435e+00 1.264736851113439897e+01 1.829786955307708496e+01 3.150344095643135667e+00
-2.769170859282810966e+02 -2.133253411470026961e+01 7.511766413935609421e+01 -8.530816893238124976e+00 -2.875586728408636361e+01 -4.697343846823832791e+01 -1.400029682878421511e+01 -6.656200794035525448e+00 3.387736079730740091e+00 2.187165565010416923e+00 9.322083640403423743e+00 -5.226497336320899301e+00
-2.627277797490106650e+02 -7.232388880123841624e+00 3.710322682805295358e+01 -1.997225914419790271e+01 -2.888995575858819720e+01 -5.237283992647458319e+01 -1.300822700667871246e+01 -1.413783796056409336e+01 4.102589928067056135e+00 -8.103131920311650305e-01 -7.445184990258684188e-01 -5.678108383184626184e+00
-1.900448845754651188e+02 7.975302699683663121e+00 3.107401687563238823e+01 -2.322425797919041912e+01 -1.688798315210548040e+01 -4.425728348733500184e+01 -2.106988587631448695e-01 -1.431049866908095147e+01 1.803707206139755925e+01 1.342135124812778812e+01 1.409683594202457613e+01 -1.140511637246826915e+00
-1.662643340258963178e+02 1.884858988305856187e+01 2.456485497102755744e+01 -2.463424396634982827e+01 -1.442476996670676925e+01 -3.019510595966556110e+01 2.308491961949252769e+00 -1.218320285529156877e+01 2.266106128989508406e+01 1.624023104332030343e+01 2.188568246648530646e+01 1.024723138620506191e+01
-1.686727141591194936e+02 -1.161185558404839835e+00 1.143682145043027276e+01 -4.521384551870690416e+01 -1.044912181771863402e+01 -3.640907103750660667e+01 -1.084937920348618690e+00 -1.815833433272987563e+01 1.499947502882075767e+01 2.088688866047907933e+00 1.463480236285825598e+01 1.359185074060545162e+01
-1.487094577321776114e+02 6.490891564833720651e+00 1.303457220373690184e+01 -4.203905793235524868e+01 6.620908985680604708e-01 -3.264065371760867151e+01 -1.204980038148794286e+01 -2.075480058573418773e+01 1.184632605856062249e+01 -3.321475896091108382e+00 6.356840726835157440e+00 7.632553794919193280e+00
-1.356714499786905321e+02 1.110636688224731472e+01 -4.139341563163263515e+00 -4.314651827431745801e+01 1.524978345362425713e+01 -3.572532325844908030e+01 -5.913483076666588900e+00 -1.763843493766650994e+01 1.606141402509852156e+01 5.441146945474333307e+00 -4.673000858627442966e+00 6.828069884156530378e+00
-1.355436641775483508e+02 7.226947101798072204e+00 -7.027055159668732287e+00 -3.619751503988626951e+01 6.014514545790160760e+00 -3.856005574166090355e+01 -7.302020497637089491e+00 -9.228561370803159747e+00 1.415054620726955648e+01 7.259217258806437201e+00 -2.745314408634066616e+00 1.608757792168943013e+01
-1.274205365151961189e+02 -1.278630751921468356e+00 -7.557253733637995019e+00 -2.102525279423998938e+01 5.879277852146431727e+00 -5.163595643934743862e+01 -1.607486387898007152e+01 1.271798883738954000e+00 1.409288428206554400e+01 -9.045892322290255194e+00 -5.249875358377798840e+00 9.945093570357105506e+00
-1.130670248331381629e+02 -4.176923146415020049e+00 -1.500102540351782698e+00 -7.403676918845180310e+00 -1.074360538877668914e+00 -4.137916270689627396e+01 -1.070636849105043353e+01 -9.387672597277440190e+00 1.200885315900885608e+01 -9.977623584807354007e+00 -8.373759822112617712e+00 1.436147598127646496e+01
-1.044526061234356007e+02 -4.272625952542290051e+00 -5.323556904504913589e+00 -1.224002793971282754e+00 9.393568712119995112e+00 -4.042976968126508552e+01 -9.903744743941931716e+00 -3.899544771886312766e+00 1.426751608142793870e+01 1.162671272033155567e+00 -8.485033710951480401e+00 -1.379254311292981150e-01
-9.373346158786739579e+01 1.141873894498324660e+01 -7.137750640104915334e+00 -6.810647844063845824e+00 5.543709040606558780e+00 -3.795636210327688786e+01 -1.194114236502161575e+01 -2.161203289301877994e+00 1.512183259758402620e+01 -1.135683737898128598e+01 -1.397463828483106241e+01 -1.311841623518660072e+00
-1.045833170008785658e+02 -1.123488004915336802e+01 -1.254583379101022445e+01 6.446099088875591576e+00 6.394469458924357141e+00 -3.012024944068569710e+01 -2.065798906536079826e+01 -7.301106482410787635e+00 7.169049180299653656e+00 -1.444762965641288233e+01 -4.784133115819522608e+00 1.016459690903295243e+00
-9.288165166082771407e+01 -9.831190966566094147e+00 -1.662162933374958484e+01 1.945539891495720752e+01 9.719298423862186453e+00 -3.933675767035018822e+01 -2.324751815424159318e+01 -7.979711179742459137e-01 1.903502034525369524e+01 -2.638342818684498070e+01 -1.077145887235794675e+01 1.131425691936034639e+01
