-6.513049654800606447e+01 1.522613310231023043e+01 -6.009181949705406645e+00 -2.288392001171483514e+01 2.002643313491566701e+01 -9.006208870878479544e+00 2.233953452172647047e+01 1.000109847690204212e+01 1.014530060432086600e+01 -5.162709675623312400e+00 2.414772360310803734e+01 9.417034427856663115e-01
-5.605988402751881239e+01 1.826295732874246625e+01 -7.775184047190437653e+00 -3.485412204287278826e+01 2.756574491460591503e+01 -7.058243587110777817e+00 2.997182079744061411e+01 -3.231252497837065363e+00 1.591797725921970041e+01 -5.522032622787091505e+00 1.573546814753298229e+01 -1.165847651637666615e+01
-6.826357046057560751e+01 1.661177211161184886e+01 -1.373100231844387942e+01 -1.949625755664806093e+01 3.974024524905112088e+01 -5.504039640781619447e+00 1.944474932246219723e+01 -1.028732244490713477e+01 1.108300890663470994e+01 -1.055384620152193698e+01 -6.510732746100660329e-01 -1.483573787754649587e+01
-5.846079084950602578e+01 2.343937685654063330e+01 -2.488552577522908393e+01 -3.827182291688176008e+01 2.774978643136051915e+01 -1.418769646414667918e+01 2.810163838365728850e+01 -9.148606063662205301e+00 2.244923152571506009e+01 -7.720515446610372479e+00 1.692440622277979401e+01 -1.446107730531651647e+00
-5.979154716109610490e+01 1.270343798182723560e+01 -2.709334645150392795e+00 -1.967559734936383720e+01 3.414841275863793157e+01 -8.271588995381037535e+00 2.313115607117875427e+01 -1.266724318974207186e+01 1.605430204883824885e+01 -3.403908587015475717e+00 1.489090085116819928e+01 -3.297516284338067205e+00
-6.066460930700233689e+01 2.010581204490402030e+01 -1.052306761735537499e-01 -1.964313330265295576e+01 3.445064063621892103e+01 -1.291167087411222347e+01 1.937694550572444641e+01 -9.870320008965087766e-01 2.774597247611650630e+01 -8.620012786959454942e+00 1.932196824318915063e+01 -1.388580735413623923e+00
-5.850863745560396012e+01 1.611136358996231621e+01 -4.836562369036993658e+00 -3.042472584818240833e+01 3.181194425316451557e+01 -6.621429772798716584e+00 1.640480332226852767e+01 -2.063763921420571279e+01 1.040004672362251448e+01 -1.954220466301937975e+01 1.106782897886125738e+01 -1.516231406252286362e+00
-6.721893370680928115e+01 2.994370171576539263e+01 -5.562802949432091637e+00 -3.537681909778798683e+01 2.989825299725826824e+01 -1.132201043380463545e+01 2.062555376355930292e+01 4.661570280238700903e+00 2.667647709908996134e+01 -1.018832904378470339e+01 7.052212221963714001e+00 -1.154874381721592158e+01
-6.087447774278605550e+01 1.607932768435209070e+01 -6.084359994308689679e+00 -2.499543034163004407e+01 3.119882704433294407e+01 -8.152040432227787292e-01 2.767640947661922013e+01 -9.541537940831831932e+00 2.684896174932825375e+01 -9.062682108120647229e+00 9.913063234992195660e+00 -1.129591258134172804e+01
-7.990926517159880405e+01 1.046250619329536136e+01 -1.081373658040304164e+01 -2.900192853548865202e+01 3.941384284497364376e+01 9.248294973249386430e+00 4.149443661587627474e+01 1.309385316587668946e+01 3.449488621602974092e+01 -4.988575365508139292e+00 2.131191101175160796e+01 -5.120733640118769081e+00
-3.536441718850910831e+01 -2.850580025564495656e+01 -2.681285289905828506e+01 -4.369422210074105806e+01 2.135956494270514483e-01 -1.533325437852422013e+01 1.741249186333885746e+01 -3.741619095648893278e+01 -5.537212632362502163e+00 1.717776411754599497e+00 -6.812507977773016421e+00 -2.130677767890701091e+01
-7.533327729576993192e+01 -4.512283567580038834e+01 5.352640191960982463e+01 -2.196013098766389504e+01 1.121953071392052337e+01 -8.340947463325509403e+00 2.625121516649109665e+01 -2.400233235981706770e+01 1.477614442846522103e+00 -1.429626580743229014e-01 -1.361403035291184338e-01 -9.535564453661930173e+00
-8.496568283148712908e+01 -5.750230318093435500e+01 5.681471240104183096e+01 -2.775164351074889879e+01 7.935837184025142932e+00 1.311166808451954990e+00 3.882148983122520747e+01 -2.947921155243295388e+01 1.641096129983133523e+01 2.230840549085187163e+01 6.224526019451009695e+00 -2.615624912661408530e+01
-1.039327130535706374e+02 -5.751285112184974935e+01 6.453990527896598905e+01 -2.128928782646324436e+01 -5.689693474043870935e+00 8.211665494437180968e+00 2.470947890596903207e+01 -2.943322547870627659e+01 1.273829482487705889e+01 7.601283069216218102e+00 2.853285030282108892e+00 -1.003550225035233900e+01
-6.422575205946655785e+01 -9.853045358123536346e+01 6.880561482888813885e+01 -3.215471654193635231e+01 1.477280702010910662e+00 -3.625440745498915707e+00 3.047350082931109583e+01 -3.680879359504042725e+01 1.147781090417121597e+01 3.810261572596042257e+00 2.945759657175569757e+00 -1.532110659006588094e+01
-5.874565757042977054e+01 -9.281607759738285779e+01 7.242641005059746817e+01 -2.950932064614012518e+01 -1.833963018323696659e+01 1.390774086217187389e+01 3.624007148448524163e+01 -3.689437670422761073e+01 8.979564803828072428e+00 2.559872792790702434e+01 2.601953508625173050e+00 -1.537856564555392680e+01
-1.147980494535778746e+02 -9.915681370546201379e+01 5.161558734385654645e+01 5.898405454739658049e-01 -1.456448021395018699e+01 2.030138580864741726e+01 2.014751350873316227e+01 -3.784177877869647943e+01 -1.044356458663623854e+01 2.498598671002927318e+01 1.217744070950565671e+01 -4.985579465034632562e+00
-8.502455813595065592e+01 -1.030803660137133591e+02 7.103582047067597216e+01 -4.838098504018982560e+00 3.892643737530474546e+00 -3.233276806258640335e+00 2.195712841273299532e+01 -3.849875063731418834e+01 1.198426899291738401e+01 1.344100074815104229e+01 1.233065703877411678e+01 -1.509669396376470374e+01
-1.259394342717792625e+02 -1.063998993148256744e+02 5.727109345776234761e+01 5.815586851535221591e+00 -2.359625188603439128e+01 2.059488418351696826e+00 3.169260546494268027e+00 -3.205295873269640339e+01 -1.962976670914706290e+00 1.536569353952705086e+01 3.609968786906303961e+00 9.335104597081600453e-02
-1.166793014095718348e+02 -1.301972566876899293e+02 4.738919406897417019e+01 2.208568174556205577e+00 -1.257944613855653415e+01 8.343393883557020274e+00 9.480402819185840713e+00 -3.075773283425339244e+01 1.121064562309156187e+01 1.847795173603213215e+01 -2.360215259103863872e+00 3.477166123522550834e+00
-1.260525585091786098e+02 -1.091861211891978343e+02 5.014505158913245708e+01 2.066252129380865110e+00 -2.646467627151010049e+01 -7.123966462231802410e+00 -1.218908869788162974e+01 -3.226809642279790324e+01 -1.185691993446541082e+00 1.011986977509070762e+01 -2.274394656160770190e+00 -1.729713686032690934e+00
-4.889464152180853773e+01 -1.008003783781817049e+02 6.972534786636268223e+01 1.802634951356953952e-01 -1.713983493252478851e+01 -3.032863623981567613e+00 1.595846028787318005e+01 -1.814923792343116560e+01 9.653159440919177214e+00 9.399132167856031117e+00 -2.748343787155460571e+00 -5.163529045716941823e+00
-1.354666637071956643e+02 -1.369155527267987225e+02 5.204006922131353008e+01 1.112000453024566227e+01 -2.745537457949396298e+01 -1.328300397030350055e+01 2.310402044562932522e-01 -2.076814676739161669e+01 1.495254410462095329e+01 8.016626093506697970e-01 3.357812664025273452e+00 4.407400530596441435e-01
-9.412775336430441087e+01 -1.331103390469654073e+02 5.917753433911501304e+01 1.878954209088932714e+01 -1.509502254215904671e+01 -8.339179285752575055e+00 1.355024043692192492e+01 -2.375420790832883000e+01 1.650217377512954542e+01 1.294012595306993063e+01 5.683006019304011502e+00 2.149205961092564454e+00
-1.235405222710432298e+02 -1.186268242168577842e+02 4.533128288663286298e+01 2.854223707067287563e+01 -1.632714758757754581e+01 6.097794105216438609e+00 6.254059589081655268e+00 -1.660163613599589283e+01 8.898491383218328110e+00 1.144551746697462846e+01 -6.696285543983151456e+00 -1.685777892778741460e-01
-1.299179713599470745e+02 -1.319341376099404783e+02 3.260391863914393440e+01 2.332321767871800233e+01 -1.524074738487585279e+01 -4.747606583023951998e+00 -1.480649791288112205e+01 -2.809531951653314863e+01 1.065414995435472534e+01 1.863815206460770924e+01 -2.160028739413601961e-01 1.156232541394521007e+01
-1.275711985276426077e+02 -1.377716758061662858e+02 3.419968395388126225e+01 1.866018441095744151e+01 -1.647817729720267721e+01 -3.052878937970104900e+00 1.360014006984038915e+01 -1.237680127988350165e+01 6.661385204914821223e+00 5.300548613215310567e+00 -1.860688009848366420e+01 -1.192780208613556070e+01
-8.361498520133682177e+01 -1.285533900388566622e+02 6.281601354193576014e+01 3.912835485534193936e+01 1.151867649992856002e+01 -2.511624760197411987e+00 1.837628825867589200e+01 -2.648192413599304729e+01 9.184014182320241915e+00 -2.629293012437039501e+00 -6.996467901804807710e+00 -5.862462830431968364e+00
-7.357463286154090554e+01 -1.086123755473553842e+02 2.617617795473215381e+01 1.031890652390177365e+01 -7.669314739296765993e+00 -1.224428218961100256e+01 1.179106245916882756e+01 -2.869261473312007737e+01 9.172184443086546679e+00 -5.671729342758962567e+00 1.646310020716182265e+00 1.030012513750143555e+01
6.497442092624163834e+00 -3.834643819739490311e+01 5.467114447503215757e+01 2.677683933741775135e+01 -7.989517063740542824e+00 -1.363125078017936076e+01 6.453406770382314583e+00 -2.768133477073470061e+01 6.025794755903149280e+00 -8.395168078721646054e+00 3.652137160079989897e+00 -5.277718344996639388e+00
7.704156080380334970e+01 -3.950033197924650352e+01 9.434264904150083453e+00 3.632216777612247149e+00 2.312953599644985303e+01 -3.290769557593419137e+01 -2.154632141382179356e+01 -5.848541171374800740e+01 1.754813002122768140e+00 -1.274798876543592563e+01 7.150137668339671126e-01 -1.083602168906437768e+01
7.268263382295441488e+01 -1.592176888982347904e+01 -7.150862238554343442e+00 1.350398165995451905e+01 1.948016086295968563e+01 -1.050089749428570229e+01 -1.351633477045183440e+01 -3.008773088527148687e+01 3.972088530494794156e+00 1.001904841055671369e+01 7.063078718201127870e-01 -1.193315519096069366e+01
5.965776909817085993e+01 -3.966958093321274958e+01 -2.537821900380289719e+01 7.906692503340449818e+00 6.138702420037869700e+00 -1.893172014194005115e+01 -1.943184905201118440e+01 -2.339255385621133243e+01 -1.482404132321597601e+01 -1.601726615120845665e+01 -1.415024883005680678e+01 -1.242169478862349408e+01
8.004950336401222444e+01 -3.675975466350068643e+01 -1.843703811380609991e+01 3.364804405468849069e+01 3.488277442556677244e+01 -1.425563616456123484e+01 -7.074124999532964253e+00 -3.203166987253274556e+01 6.961644622063801080e+00 -3.334264653774734022e+00 -1.063337302660577599e+01 -1.256672685740879558e+01
7.037489962537821953e+01 -3.946237851216024239e+01 -2.219970344720838895e+01 3.559889645051546836e+01 4.047943163892753660e+01 -1.324020668897108877e+01 -7.963627007453047746e+00 -1.955700293381798716e+01 -4.164735635715333117e-01 -5.082537664478202544e+00 -2.965173651757555984e+00 -1.868143969874895660e+01
9.827862806554342967e+01 -4.807209077938924224e+01 -8.275653938851199598e+00 1.947200053511769013e+01 5.124013756645732087e+01 -3.893853044164455923e+01 7.947802500359166800e+00 -3.460103149741340900e+01 1.198281839858256248e+01 -1.022342015894540168e+01 2.028928956480205059e+01 -2.624809829774065406e+01
9.222449010194480934e+01 -3.635202491424765014e+01 -8.580657122788402091e-01 3.260713736157036635e+01 4.836835040580908185e+01 -2.731285112270026616e+01 7.705993628414070429e+00 -2.696022410053237195e+01 1.226329241385248459e+01 3.805219766346209287e+00 1.494173997486171501e+01 -2.188266760729401739e+01
1.009165315238527967e+02 -5.193224035934375848e+01 -1.740189508661697104e+01 3.323142914152256111e+01 2.884599014863196587e+01 -3.001715718397117172e+01 -2.524402360065553630e+00 -3.446835068646011280e+01 -9.061692726934413855e+00 1.559106177045816999e+00 1.024091044166169695e+01 -2.572454872730211051e+01
8.774947225567395037e+01 -3.849200964461007146e+01 -1.646119394785924328e+01 3.617960927874798926e+01 3.719103921107274857e+01 -2.099530827127607324e+01 -3.312216560474067428e+00 -3.022008665611886968e+01 -3.364600093334893849e+00 -1.556608030345993932e+00 3.893411635922164216e+00 -2.486983470484015157e+01
5.432204901473825487e+01 -5.795760827373048585e+01 -2.471987958541692976e+01 1.664021400654380756e+01 9.310987323958235251e+00 -3.108053268798768443e+01 -2.489734649899927632e+01 -4.218957479343757200e+01 -2.006135225210130102e+01 -1.152763527758687445e+01 -5.716203237241209933e+00 -3.699466025850084350e+01
7.160202428946891473e+01 -2.935372540992887735e+01 -5.122259598445387141e+00 3.881779592114556721e+01 3.857168859373147995e+01 -1.628245872746913747e+01 -9.313037456953157545e+00 -2.149095149833966900e+01 -4.075600269005503762e+00 1.202508043095035362e+01 1.020455162064099497e+01 -2.078846299902826544e+01
8.957663749040229106e+01 -4.549033589347698125e+01 -2.829202089967813549e+01 2.391561884840649554e+01 9.123637151677897350e+00 -2.270551802190610147e+01 7.380919044938264229e+00 -2.830474666209630641e+01 -1.008399388839515787e+01 -5.609460454922136741e+00 -3.249948610454650222e+00 -2.317822974081198240e+01
8.011442523718294240e+01 -3.669119574284945884e+01 -1.394849979088688130e-01 3.550449385281554271e+01 3.239339912932197763e+01 -1.775452652266698195e+01 -1.160346936034788889e+00 -3.350396620736007947e+01 -8.358678874568850503e+00 7.944714238221103564e+00 4.810032637333115701e+00 -2.964843034337885896e+01
8.810854263712602119e+01 -4.309058840713068150e+01 -3.173731198887910221e+00 2.803430862577913985e+01 3.964246582480854642e+01 -2.976874532913812033e+01 8.576364467398244429e+00 -3.596380909533884562e+01 1.241261744369442255e+00 1.591894060157013513e+00 -9.090683319191561473e-01 -3.782614187713324583e+01
7.846352040378576476e+01 -2.615259263376505317e+01 -7.866714327917593508e+00 3.402370425852299718e+01 3.455311225505643336e+01 -2.142445834404388094e+01 2.198510282953543005e+00 -2.889558242155941770e+01 -6.070113207001148758e-01 1.029762970404216205e+01 4.723883570797268838e+00 -2.849066978916242476e+01
8.821933849574557485e+01 -4.092426227288638074e+01 1.271933034617390845e+01 4.173049635835877780e+01 4.476030091141332434e+01 -3.133881201121916504e+01 1.029136719725286753e+01 -3.201111404243712855e+01 3.590629895132159355e+00 1.029776754031561836e+01 1.510301796191907364e+01 -3.312104635382108597e+01
8.855462982186135434e+01 -2.346773248853076765e+01 -1.063629287928266542e+01 3.301236014763741622e+01 2.442368097233376290e+01 -3.494542699164541943e+01 6.113265107981872504e+00 -3.443331802808998532e+01 -1.276326175420422260e+01 8.287286835549840802e+00 1.118981939630853262e+01 -3.126336539762766265e+01
7.225885278092899000e+01 -1.743519933317429604e+01 2.087758906360783584e+01 3.306326421771965585e+01 3.654181424124887201e+01 -2.548863692590412100e+01 9.010730881985642426e+00 -3.787829413628243458e+01 -2.606591518560816834e-01 9.444279819367688233e+00 4.403287920727812832e+00 -3.407418402849192773e+01
5.257769424757336907e+01 5.602928807420457069e+00 1.977526626752523242e+01 9.353760958551617932e+00 1.545422488753838763e+01 -1.749800931430374007e+01 -1.448416793857255414e+00 -3.408067919222504827e+01 -2.805454199356680611e+00 5.481017533187983126e+00 -1.464569571387488622e+01 -4.413062583786452819e+01
5.033032658908885537e+01 1.657689481300491252e+01 2.527820846302114788e+01 1.719319732087699393e+01 1.976458472273824896e+01 -1.329733208501786024e+01 1.745093555595117607e+01 -2.780772790265555727e+01 3.326488020472020857e+00 1.000990876788698580e+00 2.727918666078517074e+00 -3.860893265181071854e+01
3.920975739169803376e+01 5.824458858232564040e+00 3.648887500071063528e+01 1.402162633110675216e+01 3.805740847866506726e+01 -1.366411269630293646e+01 1.932815008584582017e+01 -5.644393201221700451e+01 7.532647336027880058e+00 1.352007162031418197e+01 4.445439453129251817e+00 -3.055903029453472897e+01
-1.436603612509280037e+00 -1.779513032387692562e+01 2.532868020563452660e+01 9.314614670384358419e+00 3.562913031893835836e+01 -1.808912159539619680e+01 1.192889480487469456e+01 -3.806044817774925804e+01 1.211645257241575813e+01 -3.557223171817266660e+00 1.469090402384416683e+00 -3.010163303597473217e+01
-1.964800196825346745e+01 -2.749439844322638038e+01 1.516709566507683427e+01 -5.830486059717663316e-01 3.026724287861499363e+01 -2.371768471781293997e+01 9.185414231260542905e+00 -4.321772740977667127e+01 8.704390133443430599e+00 -1.135436967485051518e+00 2.591774603150027723e+00 -2.161828709243790314e+01
-6.714112420284673810e+00 -4.674938313169301196e-01 1.903986190287433544e+01 9.926224828256103194e+00 2.965040084022662725e+01 -1.102438308390103217e+01 1.285659909276242274e+01 -2.319516880946439841e+01 1.529024575461953894e+01 -3.979050096140490211e+00 -1.698393264819479853e+01 -3.316037805086992307e+01
-3.273364782245512750e+00 5.812006530354409950e-01 2.770856416555320223e+01 1.231352941859571004e+01 3.865607431404914252e+01 -2.080067980917880988e+01 8.401268062137116743e+00 -4.405161803969531320e+01 7.053922744178971804e+00 -1.528690546342771661e+01 2.820895916987916863e+00 -3.224278622862372856e+01
-3.473898113247145258e-01 3.652457255128847002e-01 1.071927330167108749e+01 -5.543190412611252782e+00 2.477439326136726550e+01 -1.996169329292616368e+01 1.307911350570948628e+01 -3.317754788147495049e+01 1.197367188841303332e+01 -1.556211255670420357e+01 -4.196266305737985647e+00 -4.218946893811360610e+01
-1.405048495897703731e+01 2.276107453375783685e+00 1.435730695152166092e+01 4.713967372449470616e+00 3.967269534776997375e+01 -8.319052525124487119e+00 2.272508188746019187e+01 -3.463037365759591779e+01 -8.182547162741107827e-02 -7.023741101947919674e+00 4.153674690369697053e+00 -3.095670497264637078e+01
-2.020231910579199308e+01 -2.354231867871466211e+00 2.496159221965706010e+01 -1.815266417548347722e+00 4.602587709456084042e+01 -5.608132741484869399e+00 2.982336244317374607e+01 -2.939100755641275597e+01 1.643669577431621320e+01 -3.449919354517755110e+00 6.460523971433302037e+00 -3.619301548213170605e+01
-3.330222008842645209e+01 -3.795431459682112596e+00 1.062219988984271879e+01 8.236595895153705271e+00 5.136889765794390428e+01 -1.216065266971157577e+00 3.255274666971352815e+01 -2.313102276507056132e+01 5.703242082287476755e+00 -2.087655499642926316e+01 1.951224096133543418e+00 -2.958148631530439587e+01
-2.013491605737055323e+01 1.461299988343974832e+01 5.010503454226527431e+00 -5.563495090680168786e+00 2.865035016261409950e+01 -2.011750292963298037e+01 -9.676487950966281559e-01 -3.714092412816734168e+01 -1.538871030282737085e+00 -1.071339513049516512e+01 8.818781154138736866e+00 -2.120271003513580510e+01
-4.424496328046076599e+01 6.123265835414461122e+00 1.055731915057894454e+01 -1.776175636325977791e+01 3.535195936419229668e+01 -1.290552912321888179e+01 2.426192915776480419e+01 -2.044388555377876315e+01 1.967728802362967500e+01 -2.517764054827853926e+01 -7.139512013298785931e+00 -4.119486308622081339e+01
-5.287257418835760348e+01 3.692804292397860344e+00 1.546340346518357123e+01 1.359000027257723175e+00 3.525058333020375301e+01 -1.341074325795724320e+01 1.430599702612455104e+01 -2.451279509561993208e+01 7.225075701208623968e+00 -1.752344172141510015e+01 2.462621331916492018e+00 -3.574489721868051362e+01
-5.891007383652627283e+01 1.206201909896085489e+01 -5.019918512070022487e+00 -6.122224214393439112e+00 4.000234056375110470e+01 -3.430304117257878538e+00 2.328814078954941635e+01 -1.621121716526246814e+01 2.611888395095151250e+00 -2.284525153780268170e+01 -5.523859307203704994e+00 -2.338946192574598371e+01
-6.104049145445667079e+01 8.654777398943771516e+00 1.254918318827984081e+01 -1.410262053407231697e+01 2.816074918512485681e+01 -1.903678802892293120e+01 3.747044850377444902e+01 7.642526608344620165e+00 1.775947978515132064e+01 -1.235297670312038854e+01 1.145530177279511008e+01 -2.608200894302384043e+01
-7.048614033033007331e+01 2.391770048602064946e+01 -1.615618099551330067e+00 -1.517689441909174874e+01 2.738423855570755450e+01 -1.486895299232766021e+01 4.098439546796091015e+00 -1.113561439421543398e+01 2.028366304776341877e+01 6.456065910873901359e+00 9.781854969782729725e+00 -1.971648355630916427e+01
-6.320739928540602648e+01 7.138818428852844455e-02 -4.281146980692418502e-01 -1.576444861605943615e+01 3.566732856764927106e+01 -1.063165025843737688e+01 1.732843907656889115e+01 -2.453860056205122220e+01 5.738157015394503624e+00 -1.527807224658982577e+01 1.699801695357965414e+01 -1.151990048670304034e+01
-6.332429658656919713e+01 -1.263085031283020632e+00 -8.156069883205880444e+00 -1.034046376947329904e+01 2.798310332859952609e+01 -1.105773338515737692e+01 2.839432670946520076e+01 -8.863299818506297001e+00 8.056073815556217710e+00 -5.435801449488417703e+00 1.499907826373763342e+01 -1.910350779925763831e+01
-4.837121679530224583e+01 6.282595637734448957e+00 7.111744447507863498e+00 -1.985486754247499164e+01 4.138565805836326916e+01 -2.018180816121438426e+01 3.048901907000102440e+01 1.502797876364869722e-01 2.735615691070567124e+01 -7.757287982564520235e+00 9.166878027474261614e+00 -1.971941227824979848e+01
-6.193598351781281508e+01 3.447257943399623770e+00 2.408037402052358544e+01 -1.190539924996249610e+01 4.053329409997689936e+01 -8.308876471814135911e+00 3.670574896302035484e+01 -7.170003519713354478e+00 2.288563630775032109e+01 -1.096465823183125110e+01 1.895002545561045082e+01 -1.552517175691919427e+01
-6.168535478344320211e+01 2.166694032672544523e+01 7.048215336478140358e+00 -2.891294789579295532e+00 2.437704773442722939e+01 -1.422340769950591621e+01 1.439475546369676451e+01 -1.179132659032802621e+01 4.358781255582339753e+00 -8.155328834860673837e+00 -1.943858861797283399e+00 -8.470322994681072970e+00
