-8.852149095892416142e+01 1.336714025918391968e+01 1.942440302570703636e+01 -1.585418688431436429e+01 -9.498039604235959388e+00 8.137816309105309287e+00 -1.803687375759294298e+01 6.228753536262787271e+00 1.420146508965104992e+01 -4.651667676237578597e+00 -2.689417258113037335e+00 5.138709601181862929e+00
-8.392322968137375483e+01 -3.303075841977787519e+01 5.741276174925262410e+01 -1.755903963521978994e+01 9.080507194072529042e-01 1.040947194495168482e+01 -1.186979390519390876e+01 1.616408282259877538e+01 2.887727266525520253e+00 -5.652694690658270460e+00 1.825650716080622971e+01 9.168925601116577617e-01
-1.349295912809979257e+02 -6.718514058907973663e+01 5.647325968007993424e+01 -4.304117860908967685e+01 -2.269367456672456029e+01 -1.509927941365900139e+00 -5.450543676198396525e+00 -2.870270938234882330e+00 -6.800075809128322213e+00 5.769049335981698334e+00 3.426974838207248908e+00 -6.870859284071928030e+00
-1.109085795954326557e+02 -4.281820607458573136e+01 6.674260703374591230e+01 -4.278850543388384153e+01 2.425450693142062963e+00 1.046014267605796633e+01 -7.297660658149062840e+00 -8.552263395033836701e+00 1.138002615180700694e+01 -2.491409146467846447e-01 1.523343034449244238e+00 -4.900416976473817243e+00
-9.698753010358660731e+01 -4.382463553372956255e+01 6.472299958155285537e+01 -3.942020413786873689e+01 3.545669315078688655e+00 1.730870917726070246e+01 -1.837311534488459941e+01 7.075474796854626547e+00 1.120885547430968643e+01 -1.095238226979455476e+01 1.221667682838793567e+01 -3.865535498365247236e+00
-1.127091461676395170e+02 -2.706382910829218957e+01 6.329706044285750011e+01 -4.305773747023604869e+01 7.697316677453344802e+00 9.496312150165405086e+00 -2.559272217597323262e+00 3.809934003929207780e+00 1.300449547999249500e-02 -9.672938518179599043e+00 1.712876373896097348e+01 -9.663891597899670671e+00
-8.929056851816031326e+01 -3.510181089840955337e+01 6.154165901954787188e+01 -4.684600027630711594e+01 1.472622962615259823e+01 7.498782811316560881e+00 -7.992265057553520791e+00 2.647505886266059871e+00 7.029311698215797044e+00 -7.962644379285412910e+00 1.137106454442859160e+01 -7.343049802028728479e+00
-1.117840218106203167e+02 -3.902154246168417728e+01 7.579725559827227244e+01 -5.235907438353760313e+01 3.532281571873315151e+00 1.573896208985937051e+01 -8.454457123418833930e+00 -8.936655685432572938e-01 7.945590207836032093e+00 -6.034410742232146241e+00 1.145066783308174152e+01 -1.304306803215396471e+01
-1.253246533703371313e+02 -2.959460617081979095e+01 6.641880315311735217e+01 -4.590294748882224951e+01 6.162147287828535269e+00 1.208296876693504984e+01 -5.048023876810461275e+00 -2.156225147810594045e+00 -2.633723183409781399e+00 8.548573402928505871e+00 3.892643365653847276e-01 -1.509334913230425279e+01
-9.002614253412151868e+01 -3.588604385520945073e+01 6.250361602957954688e+01 -4.761565434175973621e+01 1.560290790382935633e+01 2.828210327185419981e+00 -3.895957265453183993e+00 4.483528594991129879e+00 -4.871180855176474367e+00 7.693677138881229283e+00 -1.584926425802258176e+00 -8.209345863419999390e+00
-1.675147659914275096e+02 -2.166560509486928510e+01 8.027109572618007860e+01 -5.166094579463735670e+01 1.572588139762093995e+00 1.279242442894228304e+01 -3.577581136036863896e+00 -9.261180403768096703e-01 -8.914798243183371440e+00 8.670352113659829385e+00 1.200266149545001770e-01 -9.329035469584310292e+00
-1.127680624125310089e+02 -3.085582504261925152e+01 6.701512052363318617e+01 -5.309035549316496372e+01 1.224539745943446434e+01 1.313919836615822234e+01 -7.667077534198782018e+00 1.928457758346688644e+00 1.616782059385195869e-01 1.118860676786154418e+00 3.900288577985211447e+00 -6.880574609445356593e+00
-1.144048674348464658e+02 -2.965722102160664519e+01 6.147929962099604495e+01 -4.105290912291485483e+01 6.495490598807931448e+00 1.252236965788178402e+01 -9.818120989483196226e+00 1.757667064261317247e+00 -2.205159802372696376e+00 5.427153835469719745e+00 4.146598146540746654e+00 -1.042940177626363329e+01
-1.992123165065488024e+02 -5.718421107157051608e+01 5.413361301514576951e+01 -4.154400052569546631e+01 7.999180003560456775e+00 2.496639759932177682e+01 -5.627715102185630869e+00 -5.756915069481173930e+00 1.819954630013706165e+00 1.113052594155683650e+01 -5.065689583901646031e+00 -2.793947916779814378e+01
-1.370390736046934421e+02 -6.154967043796412440e+01 5.714326543782274825e+01 -3.058096840175623399e+01 5.400149184933948909e+00 1.284435966262615736e+01 -1.939368278499546605e+01 1.664831780054802701e+00 8.774642910138329199e+00 1.054410298703414206e+01 -8.379255448459823619e-01 -1.320997378344177342e+01
-1.264884257867427380e+02 -8.641265965776108260e+01 3.068461126507668268e+01 -3.939194217796939768e+01 1.552638066168881892e+01 2.680043691425380104e+01 -9.171144302650898084e+00 1.250866683869080553e+01 2.798263126216627228e+01 2.587796561316122990e+01 3.330581057846408299e+01 2.035632035035507670e+01
-8.759223781663963848e+01 -5.960737639327656012e+01 3.578637729090002750e+01 -3.875099256078128462e+01 7.770588422966347331e+00 1.583568990899174977e+01 -1.422587619466892583e+01 1.252522373338759820e+00 8.218562163443458246e+00 2.208255895720797390e+00 1.654292030664976565e+01 1.444725754757497072e+01
-1.257491473148183871e+02 -8.985854783718801286e+01 6.360405998329484945e+00 -4.283410708044584680e+01 1.704262235290054051e+00 1.566198177077251863e+01 -1.499464848499074776e+01 -5.647384011471785037e+00 1.491205215571745013e+00 1.269318712501855462e+00 6.637267844903700365e+00 8.249801826252296522e+00
-1.140350656713823128e+02 -8.841707548347793022e+01 9.772194856022384357e+00 -4.823390864077238405e+01 -6.870054565540779201e+00 2.440805855555152704e+01 -8.905362331094604400e+00 -5.726139504670358704e+00 5.804442350425622621e+00 -5.116670270335676562e+00 5.521387157974565474e-01 3.706305832230509800e+00
-1.094527431099265868e+02 -7.509839175549660695e+01 4.110481882296529221e+01 -5.169865335728288613e+01 -2.027035310779379707e+00 1.723526619045774311e+01 3.158910956645868406e+00 -4.224680622750685899e+00 1.844785777497261581e+00 -1.444928368163915700e+01 9.008671327464904621e+00 6.108516028302167555e+00
-8.623642960534473900e+01 -6.843581036308012244e+01 3.321161253515169420e+01 -6.099991325731049585e+01 -3.251866439125654296e+01 -3.898829990354657937e+00 -2.992531338468155777e+00 8.971547790566032354e-01 1.070560344698009736e+01 3.750296626459173055e-01 1.276611765658013908e+01 2.000034056939190918e+01
-5.555182299959802350e+01 -6.668255904894090236e+01 3.274704913529986072e+01 -5.600271303125269640e+01 -2.248015314317236601e+01 1.925792493184520993e+01 -2.866591997783721091e+00 8.839825361610891719e+00 2.161600321162136851e+01 -7.166021133257210352e+00 -1.905722869534725916e+00 -2.869702265240789529e+00
3.402331273349260243e+01 -5.650725192713463851e-01 -3.942620329894883202e+00 -6.083918699586524070e+01 -5.121880724152913444e+01 -1.608960784234723107e+01 -3.383935729462294972e+01 8.922357823393585186e-01 4.121548191025292240e+00 -1.538225779218321065e+01 -1.052552847600845887e+01 -1.072519091123785984e+01
7.296450838113598536e+01 -9.332838488583799830e+00 6.664791428733544798e+00 -3.260546861405966013e+01 -4.306984250908384126e+01 -1.963295305121593515e+01 -1.480290428206592424e+01 1.731119828645834247e+01 -5.889803322354469906e-02 -8.126667015726217969e+00 1.322279606744101521e+01 -1.690446807684848807e+01
5.719582191385443082e+01 2.579463310560086153e-01 -2.094531494665804772e+01 -5.072192888187679216e+01 -4.355909004363982717e+01 -3.337214551782617633e+01 -2.162709318442692208e+01 1.352458646333094450e+01 -1.408624452769375646e+00 -2.369720174477642161e+00 -3.317572683004093470e+00 -2.876744055784433840e+01
7.415100495798283475e+01 -1.428213915859918615e+01 -2.257934282092705303e+01 -2.793438187589071475e+01 -2.392330420801663848e+01 -1.473808267530657901e+01 -5.111160983361990873e-01 8.009487830567778133e+00 2.124307723256965375e+01 9.267304100179755366e+00 -5.795231900022878690e+00 -2.106023841191179002e+01
8.599975807974615805e+01 -2.786522504696152591e+00 -2.161198009170719558e+01 -4.848431605949219403e+01 -4.475192580096202732e+01 -1.095878270637755669e+01 -8.261017348587584408e+00 1.023205242296918094e+01 2.557016197587837425e+01 1.937470396192924937e+00 -3.935083891159759872e+00 -2.214217264468442181e+01
1.066700299887741039e+02 1.811726033365454214e+01 -4.685578303890820528e+00 -3.860588484349303684e+01 -2.523633449790985495e+01 -1.147020183484671563e+01 -5.719532014863565550e+00 2.322708750992975979e+01 1.977847512374866312e+01 2.046614049241799194e+01 6.634852762648892011e+00 -3.053060175197853710e+01
8.614659406861434832e+01 1.414464861538634644e+01 -8.074021829591131905e+00 -4.314681042677375444e+01 -1.622443017251675101e+01 -2.043255731255782237e+01 -3.060288712372508968e+01 1.721485504706835457e+01 2.093624234832880404e+01 -5.403079411027140289e+00 2.964676053726157168e+00 -2.134883907763330058e+01
5.469979283579630192e+01 -7.414058830973560887e+00 -1.763418626763230890e+01 -4.772970276319250615e+01 -2.891039614252253287e+01 -3.062683888287844880e+01 -1.386792290399817418e+01 1.388515050786257987e+01 7.151329066230183606e+00 1.424878508144022060e+00 1.449710341209540232e-01 -3.811180404253803999e+01
7.516633645409595488e+01 1.753279996078135738e+01 -1.472040982586786839e+01 -3.087524879592059790e+01 -2.480982816009355219e+01 -2.231127227954667802e+01 -1.337986710185336392e+01 -1.246385347921597386e+00 5.174508842051159796e+00 1.290987545317564233e+01 7.419237020571456398e+00 -2.904597663933042284e+01
4.912678220378895588e+01 7.032407947820578542e+00 -9.932759238537729019e+00 -5.862125995936074219e+01 -2.614641123488724617e+01 -3.378072949414386272e+01 -1.851700776601938259e+01 5.809167956048799653e-01 8.423528685452334130e+00 2.004363675956852120e+01 1.053508601297803260e+01 -1.856265932923457029e+01
7.576957309467063340e+01 1.260429332515205303e+01 1.661805350330567776e+01 -3.227143837578191921e+01 -1.728936724823523718e+01 -7.649744028499004145e+00 -2.128218582995597075e+01 -3.281218442630545518e+00 1.425937658284680509e+01 1.793814583846980781e+01 6.738539330767196134e+00 -1.723219111461634867e+01
7.185838574192479200e+01 1.737532769420127821e+01 2.793697264681052506e+00 -4.098596486803427297e+01 -3.483524969196545840e+01 -2.187360734194056988e+01 -1.733321699962465345e+01 -1.501142213978935303e+01 8.599181742625583880e+00 2.476155680297594586e+01 -1.289498499833534240e+01 -1.547497526494408504e+01
6.565379357923103498e+01 1.289299577178469747e+01 1.535235289200815201e+00 -2.437664898984021988e+01 -2.671845382722824880e+01 -1.903947295974922227e+01 -1.506115933960285247e+01 -1.634794424578875294e+01 -7.809980873371955568e+00 2.155034442187052868e+00 -8.736631148052500961e+00 -1.222342696497358538e+01
7.072696743637109762e+01 7.699655324912720289e+01 2.857130343065003331e+01 -2.271030404801963343e+01 -2.170826486048133575e+01 3.045203649464462536e+00 -9.449482017725541638e+00 2.616443476166886661e+00 -7.376545538316046091e+00 -4.048819957982753515e+00 -1.410853319904219205e+01 -1.038305217588047569e+01
6.574927619444632398e+01 1.562948178675798161e+01 -9.638770370074039917e+00 -1.628651927990885540e+01 -1.452670352694972422e+01 -3.409375686183176768e+00 -6.140939332792854088e+00 6.070054654279215534e-01 -2.702063717261508735e+00 -5.404582188305081303e+00 -1.166688618475226491e+01 -1.787238193576791900e+01
8.849481753759778258e+01 8.895634799508428614e+01 1.328112306767128459e+01 -2.893628087214367284e+01 -1.162885788358114780e+01 1.170294706191599143e+00 -1.130444915023922015e+01 2.639284609524295888e+00 6.217203595029953789e+00 6.261019400500575038e+00 -9.149797346558687039e+00 -1.018686490943503387e+01
7.821917169243188539e+01 4.645652755000848799e+01 8.766375049749287385e+00 -6.864921766345297272e+00 -1.134396727048822662e+01 -8.843031123078930023e+00 -7.501585355599958760e+00 7.792302239765649396e+00 8.128131778797788698e+00 6.916710378640722467e+00 -4.047935264692958057e+00 -1.261691437190374643e+01
6.407870453061585181e+01 6.784513544652374151e+01 1.258249431333285262e+00 -2.450181475534703424e+01 -2.770339251695502725e+01 -1.944956197491908512e+01 -1.767287371193586765e+01 -7.960762584691924992e+00 -1.018874552787485399e+01 -1.184739383950741320e+01 -1.610506432683198952e+01 -1.855429564580538226e+01
5.739441663522511305e+01 6.256997227312723453e+01 5.576111911774027874e+00 -1.594151735011672955e+01 -2.218126540073253494e+01 -1.612691437863539079e+01 -2.240972760990064927e+01 -8.132189848168710711e+00 -1.670118388898635953e+00 -7.465098072739541735e+00 -2.052339317442295652e+01 -1.847472618708730963e+01
2.776302891678590967e+01 -2.589913990654490661e+01 1.509386275459677407e+01 -4.036409717593406299e+01 -2.130864646760554137e+01 -9.184569638524347823e+00 -3.441966887793514474e+01 -1.103595091561347807e+01 1.817835726477662917e+01 1.092416832041046604e+01 9.688441287393494861e+00 1.019787589512488601e-01
7.929100847762030924e+01 -1.684757644457854298e+01 -2.432193107225728923e+01 -1.695372152622385187e+01 -1.340282818600610781e+01 -1.502370195459928581e+01 -3.100954890395593111e+01 9.211874003903133712e+00 3.089714044797364778e+01 2.666141633995532700e+01 1.356748784346185843e+01 -5.281906737294567833e+00
8.550816628121768304e+01 -8.752475181290865436e+00 -2.041542021264391593e+01 -1.170842118021017342e+01 -9.772112212803532927e+00 -8.357653533257749956e+00 -4.661869264432188409e+00 -5.878249396106571822e+00 2.451384947026583561e+01 1.033983670982778591e+01 -6.195252111247638638e+00 -2.087953844221451760e+01
6.553146570681002459e+01 -8.247009310937537307e+00 -1.454206096527659220e+01 -2.012969733795303995e+01 -2.776843270701111521e+01 -2.401192673190124083e+01 -9.602878259023869489e+00 -6.367959053277583159e-01 1.374725554410598605e+01 5.954434635927273511e+00 -1.625551978380127949e+01 -2.073302240881960046e+01
6.803192759569375880e+01 -8.648946121075818283e+00 -2.159669361482333727e+01 -3.831944439829440086e+01 -1.382620999146741880e+01 -2.135913138045760817e+01 4.139644979864426588e+00 -8.162020744982054765e+00 1.825069388733922082e+01 1.296499675357941683e+01 -6.299071109998786611e+00 -2.810508543053767738e+00
5.891985621752391467e+01 -1.654373133410232555e+01 -3.379755160465504815e+01 -3.750264891486084196e+01 -2.492536048054842723e+01 -2.382430018088484047e+01 -5.189403245270936438e+00 -8.892558903876548015e+00 1.505018584611350718e+01 1.833021546315328010e+01 1.745805618335569243e+00 -2.175061842689861535e+01
5.651973297370673777e+01 -1.693936204469113704e+01 -3.627250460286799694e+01 -3.836028062104603009e+01 -2.024467241593168509e+01 -1.192593818996063604e+01 -1.094965901651280404e+01 -2.800180771498016696e+00 2.164159932079881798e+01 2.364412554463142158e+01 1.013817675790297912e+00 -2.415319763874026648e+01
7.914351353553018953e+01 4.898967562408412135e+00 -2.574863131257963289e+01 -1.488458004746627594e+01 5.657383122967007516e+00 -1.130666400535618621e+01 -8.299249381199150122e+00 1.128137763433365848e+01 1.757417561673219453e+01 1.046763145375351911e+01 -3.928222556815032185e+00 -1.582312762696752984e+01
5.859547563809313431e+01 -1.801887403924182252e+01 -3.123173950821269074e+01 -3.431657656552584967e+01 -2.099219267416135182e+01 -1.695940190579905149e+01 -1.270357642120288411e+01 1.015537356702570904e+01 2.323976271226763402e+01 1.451086594991171452e+01 4.999111943107740430e+00 -1.984241208896833797e+01
4.990621713917321500e+01 -2.836585555339299347e+01 -1.422389874143781263e+01 -3.016778764055159101e+01 -2.682119507023629978e+01 -1.082299728087318513e+01 -1.425628118704477032e+01 1.039661888110202170e+01 2.979089696157238620e+01 2.814647629642959714e+01 -9.290070275294795010e+00 -2.095056645091695557e+01
6.694423508265361988e+01 -1.615182579935410701e+01 -1.034289123305301672e+01 -4.109182132761243622e+01 -1.795450714980798779e+01 -1.562163087247748194e+01 -1.438956711754958739e+01 2.326679074422600912e+00 -4.629146803029393631e-01 1.523140305566906960e+01 -9.645779306482502591e+00 -9.672194750826445642e+00
2.521710951771469311e+01 -4.651561022373214627e+01 -3.142367707862901938e+01 -4.008815308927435694e+01 -3.108582496437310994e+01 -1.772218650828298792e+01 -1.869158189149384341e+01 -6.553077489952376933e-01 1.824756327561408398e+01 1.617661893324381595e+01 -1.023798422375518058e+01 -2.016727714873015387e+01
6.006752987505103647e+01 -2.565820397099567174e+01 -2.271499982373158133e+01 -3.052578449618477308e+01 -2.370035482762932588e+01 -1.435379135593374755e+01 -1.675636491706928766e+01 -2.213378364379440200e+01 1.750519754325994626e+01 9.098746390676598850e+00 -1.514316834669482503e+01 -8.736359948833662514e+00
4.173016589060748771e+01 -3.198896088533899018e+01 -1.243731009806689869e+01 -3.329720844525657952e+01 -4.211422256827756172e+01 -1.791770165454864028e+01 -1.737618252820251641e+01 -2.218719587135327842e+01 1.076239001504759685e+01 1.988084046850298847e+01 -1.658814251164157483e+01 -2.212110874895662960e+01
2.474484706239385190e+01 1.170231420788478260e+01 -7.818166225905887501e+00 -4.197865454852711764e+01 -2.039818353157408026e+01 -4.128443874410895376e+01 -2.468618989378943240e+01 6.604828912457074708e-01 -3.268117770952967405e+00 2.736769057508472436e+00 -7.919897904913694830e+00 -2.015126104345019797e+01
2.929937758155741534e+01 1.654504231598801667e+01 8.614675420539507300e+00 -7.337159767304671121e+00 -7.802909427057418412e-01 -1.893143777581311937e+01 2.354165460001107935e+00 4.932854448635737299e-02 1.011175672767754286e+01 9.584895783328182262e+00 -6.197850246521851680e+00 -1.607258726413345684e+01
-2.235650426244085054e+00 1.498068358262220912e+01 1.665241738151683748e+01 -5.224330159154941811e+00 -4.231650993267992433e+00 -1.478877659128933786e+01 -2.895666968984060219e+01 -1.785790486098115082e+01 6.131155522532745650e+00 3.165252628938793666e+00 -1.004766320293626780e+00 -2.415584215334842710e+01
6.976120051833982316e+00 -2.481910185061904173e+01 4.030732376702253816e+00 -2.460219078985496566e+01 -9.536389153088094872e+00 6.613890828057659377e+00 -2.381945364990819058e+01 -2.248309467167767917e+00 1.523298205202661926e+01 2.175271608294975678e+00 1.323804010243701512e+01 -9.714621864416407959e+00
-3.602157788386898574e+01 -6.238576921715831247e+01 1.304153916022604243e+01 -5.361212985628570493e+01 -2.804268431843533804e+01 2.567271802012283999e+00 -3.624200567736178158e+01 -1.055119496323289852e+01 1.734168228148344149e+00 -2.811001692904993909e+00 -7.610130416106963835e+00 -1.516418902963126669e+01
-6.115170077379399061e+01 -6.993605252808509931e+01 2.530566862523163962e+01 -4.614306877900190784e+01 -6.163197572648996925e+00 1.118240357547802155e+01 -1.859691787553235542e+01 -1.520651743689302648e+01 8.336160766753069495e+00 2.264964216726658375e+00 -3.954385164767031835e+00 -2.001282464641782965e+01
-6.896356021514868928e+01 -7.018873047022441369e+01 2.454734740276047589e+01 -2.976605883679464881e+01 5.499615257321008421e+00 2.798275813719964233e+01 7.533732357750704267e-01 -5.967545189562355468e+00 9.521812040685841971e-01 3.280245067252008262e+00 -5.622072337098037664e+00 -1.792344509506471439e+01
-8.428200702947611944e+01 -6.599429048927565589e+01 1.590303936590174416e+01 -6.317090271191668194e+01 -1.857048523193105538e+01 1.611678948695543667e+01 -2.108868160286679938e+01 -7.790978995030155119e+00 2.104612731674966142e+01 1.856622937482445224e+01 1.192212014977909718e+01 -6.020528476697946552e+00
-9.151043944632795046e+01 -7.633783172481869883e+01 2.621320261073989144e+01 -4.867565435091273685e+01 -7.889712931107357718e+00 4.943007550838196096e+00 -2.646971381931368228e+01 -1.038649116195390398e+01 1.253928657296919802e+01 1.548459583694427799e+01 7.379835830229909632e+00 -1.577056218351465589e+01
-9.741751100115261863e+01 -8.894232541675066273e+01 2.295780062642753450e+01 -5.069832015901245370e+01 -2.361242942978527992e+01 8.062117953263248538e+00 -2.892115449758576418e+01 -1.636007560869839494e+01 1.671684423925349350e+01 2.290194855457603751e+01 1.190316345678151144e+01 -1.560129822590745174e+00
-7.356373538640872312e+01 -8.417866806166085780e+01 8.892772173720164375e+00 -5.449506090637189004e+01 -2.750703208761346019e+01 1.705840842984555650e+01 -2.186176946892203432e+00 -1.883668524160893698e+00 1.981651242766282550e+01 3.571475322705681776e+01 2.150569538646152523e+01 8.512674161143060303e+00
-8.361340027962231147e+01 -7.180715421577306756e+01 3.304974049384748724e+01 -4.037806266153049251e+01 -8.163285972223611964e+00 1.034578364112778459e+01 -1.905498305404753268e+01 -3.733465928184741323e+00 1.797903437454077746e+01 1.652836021897585539e+01 8.937066629558238162e+00 5.257865528010405853e-01
-6.206700883551357606e+01 -4.349885943457971393e+01 4.191039383368864435e+01 -3.163366046037172552e+01 -4.080977523794051542e+00 1.225862363361981799e+01 -2.642179372309443863e+01 -6.122594015737510276e+00 2.096954528525240136e+01 2.398388624763957111e+01 1.296815983951856488e+01 -3.373266726110590863e-01
-7.829125315103843263e+01 -5.192323066190930092e+01 4.696874617103592442e+01 -2.814787389232531467e+01 -3.537128633760921126e+00 1.965411772402428525e+01 -2.155870939491676097e+01 -3.688675259746377222e+00 9.887689448945465642e+00 1.532003363946044772e+01 4.547683986345029794e+00 -8.412753413666386848e+00
-7.676989826552161844e+01 -6.503333002739142898e+01 3.777748637826154976e+01 -2.234813615782072560e+01 -3.588587485353045281e+00 1.610271137567422173e+01 -1.696361376160556489e+01 1.107269355210071415e+00 1.353241693574878823e+01 2.402114575300063493e+01 3.802278934886732742e+00 -1.776274439604761213e+01
-8.436712201218360008e+01 -4.620666294275574160e+01 3.731052532506114972e+01 -3.047636410404449947e+01 8.322215508363136394e+00 7.038306154620973309e+00 -1.555517200600453798e+01 -2.463790612206265607e+00 1.170845336692605265e+01 2.559692648656378466e+01 1.373554564428612146e+01 -5.575158238396914712e+00
-7.311994545460257200e+01 -5.140634641605477384e+01 2.766688353104756359e+01 -1.960424180228531554e+01 -4.830284354658505030e+00 2.082189455349053731e+01 -1.761750301923211737e+01 2.421115542304586032e+00 1.646499587739343085e+01 1.063183317700881148e+01 5.577711421558500859e+00 -2.507841677920493950e+00
-6.421644913936847843e+01 -6.125316951680131439e+01 1.818232220008273003e+01 -2.128881000413415947e+01 -1.379207852511987298e+01 1.132631621924477017e+01 -2.336022486946016841e+01 -1.394203553927600581e+01 6.719936683108122644e+00 1.266435406817257459e+01 1.592960970079829508e+00 -9.229979583692037082e+00
-6.601134746851469970e+01 -3.881134734864098590e+01 1.025141718496862087e+00 -1.163752122077701401e+01 -6.564414235810610343e+00 1.368439988281675568e+01 -1.579627685522663327e+01 1.746522401482770270e+00 2.529880062078751024e+01 2.820661746929115310e+01 1.558390912053832977e+01 7.385812489014533355e+00
