-6.109571268510460840e+01 2.260192854775046811e+01 1.022503883019902915e-01 -9.061515495679614673e+00 4.570460505506181903e+01 -1.576496809366103768e+01 9.228834818432314790e+00 -1.567794892606739943e+01 7.798651628188625118e+00 -1.348350454580493540e+01 1.982564687380919111e+01 -2.325294300856072915e+00
-7.863605509510466618e+01 1.587476494875675925e+01 7.256163232216177761e+00 1.449710448527802065e+00 3.991072576367182023e+01 -4.379357570668163113e+00 1.783419361693488270e+01 -1.444055263641774722e+01 1.015840936940658601e+01 4.177441375749648245e+00 1.911233473591859777e+01 -4.759353855737145977e+00
-5.152225726218631507e+01 2.377405370125174500e+01 8.462045289292650097e+00 -9.477013520677104452e+00 3.361057135557931019e+01 -1.594974992333202657e+01 8.532477362988482028e+00 -8.284764230118998540e+00 2.116365926273438447e+01 -9.290273392999385038e+00 1.801449679736785470e+01 -1.773378384675156383e+01
-5.575743804860576347e+01 1.143081333220096418e+01 7.047877771405739011e+00 -6.460180770544984519e+00 4.130724218251103252e+01 -2.374513771955263763e+01 4.512942701038205939e+00 -2.264399707174620602e+01 9.697741635976424135e+00 -1.316001555420010760e+01 1.768518025554774908e+01 -9.926893821957134989e+00
-6.806578682412816761e+01 1.622721367476112064e+01 1.623303486996016431e+01 -7.263840912729861543e+00 3.075585898177975963e+01 -1.549714692546584516e+01 2.084340235371114858e+01 -1.249201719244313757e+01 1.568091113681388293e+01 -1.392622305127353677e+01 1.753223581962346600e+01 -1.254629880440239909e+01
-7.321054988223943383e+01 1.028240241486476858e+00 -2.077368480471988299e-01 1.856810798340731594e+00 4.571175465651996461e+01 4.360410054928664181e+00 1.565940776572293558e+01 -1.468776642458738380e+01 2.220629021210901755e+01 -9.200282466250031987e+00 1.917120698368150755e+01 9.112975304590529291e+00
-6.250714148997507635e+01 2.418354931482185322e+01 -3.671158745351467800e+00 -7.332399434520784354e+00 3.250331084789878844e+01 -1.625327252241685017e+01 8.285713989843827676e+00 -1.062123250356634685e+01 7.633988611369269428e+00 -1.548255957719499776e+01 1.245046717283930882e+01 7.130970770258597824e-01
-6.084160181749397367e+01 2.233232108120944659e+01 -3.766476353599933713e+00 -7.335873810863150268e+00 3.949287191937767716e+01 -1.026535891805323431e+01 2.561153932868154826e+01 -9.130231604051701311e+00 1.374329271685471809e+01 -6.967423845741937072e+00 2.307537585305364658e+01 4.466524634683503692e+00
-5.846475424491522688e+01 8.212217856913726521e+00 -1.030886806314367377e+01 -3.626144352709845009e+01 3.173169256920829540e+01 -1.502595774759330105e+01 6.943010988927461824e+00 -1.970177684213669878e+01 8.093285305706960031e+00 -2.127367415822774888e+01 9.972583088631559178e+00 -8.199831879724246875e+00
-1.067094481048181009e+01 4.513141373157823466e+01 1.415215718828261870e+01 -9.065860698766321946e+00 3.181436478419684022e+01 -2.142548840858089321e+01 1.616994524277366096e+01 -2.680411590794824406e+01 -9.839369141997540424e-01 -2.760928847874796332e+01 8.812059275451508356e+00 -1.423557705967975906e+01
3.486983199899924557e+01 7.582609191765766354e+01 2.875343859996661422e+01 -1.001235601584716228e+01 4.677583236015041734e+01 -1.668321946778439369e+01 1.366556294368484181e+01 -3.376889197529479958e+01 -5.267563747986625522e+00 -2.019955197817558101e+01 8.589543804240964420e+00 -1.756255798358914433e+01
5.065030764309777567e+01 5.060532512285607254e+01 5.890011241585376922e+00 -6.098591629896654709e+00 1.363238872683107594e+01 -1.640534126871454390e+01 1.461894867573901635e+00 -1.836942879433163966e+01 -6.876555777758547983e+00 -2.650151658632799467e+01 -1.215753554781741741e+01 -2.192117218818929558e+01
5.239459583712629609e+01 8.048645054722538816e+01 2.527518225621670922e+01 2.011993498201176234e+00 3.210835362100028334e+01 -9.437875754418827867e+00 1.147392971423827746e+01 -1.677360321470041882e+01 -2.076079707816100850e+00 -1.783446655172502204e+01 -3.661969971441273453e-01 -1.706133608913816602e+01
4.670029866854420675e+01 1.009485586437985916e+02 4.547771368409344461e+01 -1.112491304969016825e+00 4.202826949961546177e+01 -1.470680626955000569e+01 1.328435066420384203e+01 -2.302048481790898649e+01 6.859291740585576669e+00 -1.543549478223079774e+01 4.481963918463527818e+00 -2.486584164045436651e+01
3.096203644556824486e+01 1.002101340489270740e+02 5.923777725216488932e+01 -1.978938090694388974e+00 3.740657720202022318e+01 -1.770939382560616338e+01 9.447960151943416207e+00 -1.633420106317052145e+01 1.402639416483511070e+01 -2.289568274024520633e+01 4.142524640216795007e+00 -2.086975146205297449e+01
2.085224969915234539e+01 9.249345754242990836e+01 4.824946869476266897e+01 -5.121251269084920565e+00 3.722474283920608684e+01 -1.624198332060231564e+01 1.048459008649437507e+01 -8.696752381042857749e+00 1.359843985600119964e+01 -1.052542571853693865e+01 7.865329534023707936e+00 -2.149427747213267281e+01
-9.272010955281459132e+00 6.988400582907934222e+01 3.996717778116334330e+01 -1.627676606034530460e+00 3.967581570428163218e+01 -8.270510434610944372e+00 1.024539840216353070e+01 -3.249475219156711603e+01 1.742843171738482244e+00 -3.510673939327971738e+01 3.728320303120380874e+00 -3.261281859156595431e+01
5.758409307633720609e-01 6.009262837942755198e+01 2.618459140852100120e+01 -1.924359028668921923e+01 1.348629101436315736e+01 -2.076405513481279286e+01 1.947582726598380276e+01 -1.334670244321904775e+01 5.477919384072094999e+00 -2.176635369865811498e+01 5.027235960671788462e+00 -2.155921331984691136e+01
-2.579798767280048466e+01 6.429636279319976211e+01 5.214088179506516951e+01 -8.667322192885569265e+00 3.464752490292874398e+01 -1.009008558250587306e+01 9.035092726865093127e+00 -9.576504275281049416e+00 9.639657870678034257e+00 -2.849591831859950730e+01 -4.106411466970445900e+00 -2.311655868034620909e+01
-4.537626913415935803e+01 1.858719104431285274e+01 5.494091664849210588e+01 3.787054970528383357e+00 2.946547287648672153e+01 1.208192761634449397e+01 1.223630924270065634e+01 -1.433035124652691650e+01 1.226478624634395942e+01 -2.054665986219354323e+01 7.433801144677533168e-01 -2.418313810440169220e+01
-6.480711669222296223e+01 -2.052285181347304643e+01 2.676723298939926821e+01 -3.548717916640983105e+01 3.119396958994813218e+01 1.911663961861498606e+01 1.038557722065147360e+01 -2.623628292423984476e+01 -9.993934467583928338e+00 -2.962284145331634022e+01 -2.473403447613875095e+00 -1.707022125543513269e+01
-8.646387627014837562e+01 -2.316342200308035260e+01 2.334972735182607551e+01 -2.765139524187324582e+01 3.688882410331406447e+01 7.719514801813485150e+00 1.437993685917397713e+01 -2.221086228858556311e+01 -8.931182362466348224e+00 -3.573194622790346386e+01 7.855413880552153394e-01 -2.695772084562728921e+01
-6.309671859850683973e+01 -1.817751827910374018e+01 2.220247824541699089e+01 -3.091600267800697210e+01 2.694421057480474957e+01 1.264943756180858792e+01 1.767520493886157595e+01 -7.064852467903216748e+00 8.552031586730631574e+00 -2.644598164746260949e+01 -2.824170885567174771e+00 -2.025613246847692039e+01
2.679224611949284096e+01 3.411877906822418538e+01 1.930252246352019796e+01 -1.329049150199766949e+01 3.657576114242820609e+01 -5.944262274820756531e+00 2.052236987403891177e+01 8.151150658810900396e+00 7.130027590608936094e-01 -5.059674180831661872e+00 8.036490233400138905e+00 -2.958816819277372190e+01
1.099727525871724225e+02 5.773295595934237667e+01 1.459536663918092003e+00 -4.486498147040295237e+01 1.715738694885179427e+01 -3.739072046159562035e+01 1.863729819242468722e+01 -4.167086248490161182e+00 -1.377083886679498193e+01 -1.503876625252013355e+01 2.726847552546981746e+00 -1.962845912945964599e+01
8.310849475327171376e+01 2.389957173628772225e+01 -2.505036583326410238e+01 -4.312200354776547329e+01 -1.035212820185680727e+01 -3.184367726972046242e+01 -3.625829317043979483e+00 -1.356009048625802649e+01 -2.175725451598200166e+01 -2.117253265714446542e+01 -2.241479140525959224e+01 -2.226332154208049730e+01
1.045231691143153512e+02 3.242523995176107121e+01 -1.041700127185157143e+01 -4.959658644663016958e+01 5.221196976380150012e+00 -2.524928600080973951e+01 6.153334099763744014e+00 -2.079671237287331387e+00 -1.535413358857775279e+01 -4.480177177185497683e+00 -1.033600192676337137e+01 -2.080370384677948081e+01
1.126321891207246040e+02 3.843918373189517013e+01 -2.289414986402188390e+01 -5.465979502735222439e+01 -7.027989120653558075e+00 -3.345989665703680771e+01 5.272865941314744731e+00 -9.967818385945181880e-01 -5.072682365413641037e+00 -1.539930444634224571e+01 -1.018163172728317889e+01 -1.856550844249667875e+01
8.253519073872189438e+01 7.996613844457069575e+00 -3.374028089575722333e+01 -4.479306885947276839e+01 -2.596034230303062174e+01 -2.913173473432927807e+01 -1.885623741955223975e+00 -6.442273153950838882e+00 -1.179565632419044263e+01 -1.657315303678539564e+01 -1.877681439884794301e+01 -2.238198316606546001e+01
1.250635359750220914e+02 4.692285946964184973e+01 -2.399208476664427536e+01 -4.044948246966688998e+01 -1.853669923479314363e+00 -2.488782633211038586e+01 3.046851149645555168e+01 8.592874854454622735e+00 5.239830625092618099e+00 -8.989512676775870403e+00 -3.649027296069098369e+00 -1.890886323264380664e+01
1.275335661413021171e+02 4.683462445390941298e+01 -2.033964214850672647e+01 -3.728944789015931605e+01 4.785841761644605619e+00 -3.672795306045279773e+01 2.776238143346830611e+01 6.062888051709137471e+00 1.108133597930724612e+01 -1.397786724188977026e+01 8.582241598726616516e-01 -2.517434602145318223e+01
1.288955785269741909e+02 5.692609604572220405e+01 -9.753635750303732976e-01 -6.087606783249580644e+01 8.687766553908971900e+00 -3.483082220126379980e+01 3.281536783771315413e+01 2.809187274531470102e+00 1.898421318978803640e+01 -1.921598169961738023e+01 3.167738658239432681e+00 -2.796519877374118224e+01
9.284735795924700597e+01 2.895906477057836881e+01 -1.044739430413539694e+01 -3.059271003338283634e+01 -1.438551303971042117e+01 -1.446272336467278841e+01 1.383770990624342190e+01 6.653891643289463254e+00 8.260927937619362282e+00 -8.326009043819986744e+00 -5.192957311520179253e+00 -1.062013886703767440e+01
7.420752359607615745e+01 2.448700190004612143e+00 -1.881809750048514118e+01 -1.941079126705955105e+01 -6.413331690402246821e+00 2.634545813091924593e+00 5.548405221185854330e+00 -2.165963577498071224e+00 -3.490965925671606129e+00 -9.034618832900470409e+00 -1.540760396293346091e+01 -1.480016973455723317e+01
1.507549063487658145e+02 3.606144409398530826e+01 -9.016307287980730223e+00 -3.393227269743821495e+01 1.077452229644139159e+01 -2.790812431328455290e+01 2.787476423049933771e+01 -6.554402033121025539e+00 6.098611168747703815e+00 -2.163782210110260706e+01 -2.325146107006970997e+00 -1.406406928101511156e+01
1.035147620044736243e+02 2.016642776965754535e+01 -1.947970705910741174e+01 -2.526809959249783333e+01 -1.658393306074946949e+01 -9.668338879640687722e+00 5.215722164313483233e+00 -2.124400226954633375e+00 -4.035945177043753773e-02 -1.131209561747215275e+01 -1.018728654467369310e+01 -8.453640880891327924e+00
1.271999590079346660e+02 3.507142953831681353e+01 -2.934358884057638761e+01 -3.824558810755327443e+01 -1.872375226626537525e+01 -4.424275017297763668e+01 1.173290588890963448e+01 -1.440777350676797575e+00 3.064345318754451597e+00 -2.185372340277024961e+01 -1.580414901763618296e+01 -1.270853999228357800e+01
1.322445553105907265e+02 4.454633757576162623e+01 -1.687010611749096967e+01 -3.937978305617314589e+01 -1.194690693642442980e+01 -5.250062058484255090e+01 1.782156952124991633e+01 1.118618306221073411e+01 5.390384803687772397e+00 -1.974372444986914843e+01 -8.170604045416572703e+00 -2.188151197514111601e+01
1.172790257380414403e+02 3.465617638802293499e+01 -2.684220717319632143e+01 -4.338810528857939630e+01 -1.506615294769992275e+01 -4.580367885641275194e+01 5.343029045950247191e-01 9.427881084472753415e-01 9.266630835998195259e-01 -1.736891320188061982e+01 -1.506383951075711991e+01 -2.376933733920968095e+01
1.185279548187695866e+02 4.208276264589673588e+01 -2.100313603015511177e+01 -3.980199884003128830e+01 -2.115847876600914645e+01 -3.339210033145949552e+01 1.131329217094763173e+01 -8.058921010881373803e+00 3.858023221514164103e+00 -7.169322718472884048e+00 -1.088060352191827107e+01 -2.230790220847341132e+01
1.023810408015298776e+02 2.113652977326143656e+01 -2.425715721180327122e+01 -3.302180725787407312e+01 -2.633245591412703135e+01 -2.688030346586466379e+01 -9.771005481819338145e-01 -1.267750755545310248e+00 -1.860807451764120657e+00 -1.136463345106652056e+01 -1.709712532207707270e+01 -1.014083109925566717e+01
1.382095258782367182e+02 3.777022159664956291e+01 -2.798667041964915470e+01 -4.280819987052616682e+01 -4.562577856181928126e+00 -4.646946131439815986e+01 1.424833514276057223e+01 -1.480579670284317473e+00 5.849869340776843174e+00 -2.292939776173254884e+01 -4.507797876285482008e-01 -3.077088171627816138e+01
1.213274260692022324e+02 2.511142192576464538e+01 -2.889479024488475645e+01 -5.408687557456493522e+01 -1.738869099962122888e+01 -4.775126255502775763e+01 7.444453374275310509e+00 -1.541697245807607430e+01 -9.961863619266231318e-01 -2.499024352032072471e+01 -1.245492173344159248e+01 -3.303869519188828008e+01
1.121983544019854975e+02 3.526858695455351267e+01 -1.880963616127348814e+01 -2.736301892139366032e+01 -1.964569209545208395e+01 -2.109949072104753043e+01 1.089665188197410473e+01 9.688703513257379996e+00 5.136817137030861069e+00 -1.380512910460882026e+01 -7.916541968259625861e+00 -1.371794215178182341e+01
1.141476035282583439e+02 4.342624172673231442e+01 -1.469464496844388002e+01 -2.749788744758580350e+01 -1.407102622938909420e+01 -2.535702100691052152e+01 1.863789164674725995e+01 6.845525984447054846e+00 4.413103555067180217e+00 -1.789979747621899264e+01 -5.769676361673525378e+00 -7.349584924937611063e+00
1.309464455932133262e+02 4.181314843115389124e+01 -1.004590028593634443e+01 -2.927261356441638895e+01 6.976188725959696413e+00 -3.696505116467996288e+01 2.809679714074805545e+01 7.013889443039520444e+00 2.626297457464463747e-01 -2.114186177422805102e+01 4.163400923051650437e+00 -1.452519867035843859e+01
8.955464863521649477e+01 2.431412962377712716e+01 -1.246222466723376598e+01 -1.776554585393791186e+01 -8.775989940813179402e+00 -6.969700106091305081e+00 1.146709373015805511e+01 -5.272109026122704378e-01 -1.425827189012369800e+01 -1.278694950430173094e+01 -1.125807821667951014e+00 9.167185706801181055e+00
9.364224248581743382e+01 2.313321730123658782e+01 -1.625438189336433226e+01 -2.682466328224573004e+01 -1.508254068161139116e+01 -1.377392206472126546e+01 1.429816976893533464e+01 -8.830413180329003353e+00 -1.131588747328215483e+01 -1.601504646237167506e+01 -8.733446471523057753e+00 -1.291889252139642430e+01
1.009629593178511584e+02 3.400052504745130477e+01 4.182275771443227264e+00 -8.431545346273118469e+00 -9.532454161960618677e+00 -1.831049945883869157e+01 1.255437790095736084e+01 -1.519891497617207143e+01 -8.457287132302743871e+00 -1.185667607899766196e+01 -4.680884194854822766e+00 -1.233833163106017139e+01
7.972502404446763080e+01 4.969272544800511326e+01 2.293741269780650072e+01 -8.078369487766375201e+00 1.182151822359856830e+01 -2.437932394168580430e+01 1.072795793557441257e+01 -2.017789659082497522e+01 -1.285390098659598657e+01 -1.870719540311466034e+01 1.350923429050535418e+00 -1.671158632065017002e+01
6.329263892874612907e+01 4.977860916336385344e+01 1.492526142139014489e+01 -2.039881236118095131e+00 2.009801461208763129e+01 -1.803942814050919452e+01 6.244857055422097236e-01 -1.911929572537425770e+01 -1.263103330866739071e+01 -2.432871487518095321e+01 -1.192490568969722275e+01 -2.043401623060266914e+01
3.926370110175259498e+01 3.400967857774548975e+01 1.921211985915491738e+01 -2.237194247915088852e+01 -1.017753993271923640e+01 -2.227044299067291888e+01 -4.091976851010795890e+00 -3.450263068706217950e+01 -4.128854912362600160e+00 -3.822833626733441292e+01 -2.275001180682320978e+01 -3.175384160120238874e+01
5.276903046493582394e+01 4.723689728554582246e+01 1.376841620187743942e+01 -5.773779243471143019e+00 2.597190404466394931e+00 -2.108446352891972708e+01 4.982703652962108265e+00 -2.083038893393270286e+01 -4.037989596765574341e+00 -1.773387225343292428e+01 -5.535619416088582767e+00 -1.481770489743516350e+01
5.873718413007144790e+01 6.397762451703185604e+01 2.830622823193141357e+01 -1.156311351924998299e+01 6.958455089250534797e+00 -3.052159664429049712e+01 1.217454407805111138e+01 -1.227067183461302591e+01 1.119856089571936053e+01 -1.449367549049682857e+01 8.313424247267255041e+00 -2.052267714287381750e+01
4.076731459431532301e+01 6.785347697659888411e+01 2.751047699033000882e+01 6.038736251213653539e+00 2.772876347739519076e+01 -2.066612552271457659e+01 7.103732306474118907e+00 -1.946669819077910546e+01 -8.677709264648097331e+00 -2.749925665933131214e+01 2.227162879915649540e+00 -1.239630823367620849e+01
4.025853641886617140e+01 4.951798595282657800e+01 2.531067072106315408e+01 -1.657611681302378770e+01 3.325831988856846522e+01 -2.460376871088771722e+01 2.120086051387540493e+01 -2.236006029729451328e+01 1.295626912677894538e+00 -2.702496333709846965e+01 1.212905103359649850e+00 -2.694644433291691143e+01
3.621389107576614208e+01 4.969192418173486203e+01 8.355754721653219974e+00 -3.846707290953259584e+00 1.624605789826768998e+01 -2.444049268396182839e+01 5.152972957001976440e+00 -1.005657564128795656e+01 9.886787074522866980e-01 -8.446606532098611453e+00 9.551512463121817120e+00 -8.970387692214099928e+00
3.879394715319246245e+01 5.605943345189088234e+01 2.464449329331298699e+01 -1.601194681409918275e+00 3.435270650900743306e+01 -1.786672286878276594e+01 1.735643736449498675e+01 -9.399504674154993467e+00 4.135885483131195528e+00 -1.686627086349036020e+01 1.311243107503535299e+01 -1.457878229373988077e+01
2.274706739605356987e+01 6.591009382779031966e+01 4.888471724105789917e+01 7.853720798972251949e+00 5.120425600975627844e+01 -2.849797983146104485e+01 1.710688232135933617e+01 -1.924218488287122852e+01 1.316786807376084312e+01 -3.011943449524654426e+01 2.988261767649812661e+00 -3.258939580369928990e+01
1.323950396693187770e+01 6.365974187186364475e+01 3.251048641800714734e+01 8.110246746081521962e+00 2.718094955522540346e+01 -1.229878707973898244e+01 1.574588710207409115e+01 -7.555342456891610325e+00 1.651945018178541558e+00 -2.560830672901627025e+01 -6.633250816582808795e+00 -2.873682836879470415e+01
1.242021090076118739e+01 4.582031511090714559e+01 1.694442486946570980e+01 -1.800464609634052238e+01 1.180685313165452044e+01 -3.922473791889186856e+01 5.496285074200184972e+00 -2.577345976824358686e+01 -4.001044029757669929e-01 -2.513698650004999280e+01 4.368703201803878500e+00 -2.160633354623266200e+01
-4.404033118381969203e+00 5.513849593024579576e+01 2.456800540092957519e+01 -1.146538936193812397e+01 1.855103150366411313e+01 -2.831584572375072639e+01 3.941479319457565023e+00 -1.567584867041540164e+01 5.126405982548353890e+00 -2.115902922134561237e+01 7.166177523676604544e-01 -1.195932440153015186e+01
-1.443308310148328566e+01 -1.410571997956692059e+01 5.609573514796515781e+01 -1.722678082504005914e+01 4.139690781979584955e+00 -1.987633955117594553e+01 -1.312503935539258393e+01 -5.155217578239857801e+01 1.242018313103621807e+01 -1.821142891370833183e+01 -4.145676791837653141e+00 -1.687694408314014893e+01
1.935028444845609030e+01 1.420764526716322607e+01 2.573734462870579875e+01 -3.018523363105366997e+01 9.785948601422070681e+00 -1.174154547032915019e+01 4.034192907056304733e+00 -2.487038330343153447e+01 1.306278000941616391e+01 -1.673355779442432123e+01 -1.358247759002751409e-01 -1.235309379218593762e+01
7.742114908455246791e+01 4.741788387965057439e+01 1.306657721101718117e+01 7.573519336737708940e+00 1.714033004540492300e+01 -1.894395894771840716e+01 -7.765360459739768295e+00 -2.528350708482301457e+01 9.152144539340039131e-01 -5.017291751062301408e+00 8.628006839533746586e+00 -1.370424107103463562e+01
8.542124921882665944e+01 3.713690641368187073e+01 2.205996876074471658e+01 1.381171117085421329e+01 9.126247420150480849e+00 -2.998653952795196176e+01 -7.690711260288283224e-01 -1.874646154611847493e+01 -5.458833507726271961e+00 -1.165724923383887557e+01 5.953298201413161905e+00 -1.070452656749662879e+01
8.894244845875630290e+01 3.289949819347340565e+01 4.661394750158931011e+00 2.382320977129633199e+00 1.268364115728330788e+01 -1.939834328030534039e+01 -1.539901203700466681e+01 -2.022753309707696445e+01 -1.222996407543914366e+00 -6.118561655830063728e+00 -6.599141877337340922e+00 -7.354291705268349411e+00
9.773431067724811783e+01 3.277642569293965380e+01 1.372832684466772646e+00 -3.500209942229155047e+00 1.376574843540403492e+01 -1.823802034878428202e+01 -1.417971082817847162e+01 -2.425240345276317910e+01 6.701533285106409110e-01 -9.744791241226524292e+00 -4.134377262156670341e+00 -1.002736041780943310e+01
8.949190710033451523e+01 3.216957369497648500e+01 6.701541373799792645e+00 1.844320695588050896e-01 9.010259407083520244e+00 -1.904960682905455371e+01 -8.524154746179101849e+00 -2.451083153453005536e+01 -4.439542224238089752e+00 -9.610167750682716559e+00 -6.258586132942607350e-01 -1.454188468314214333e+01
7.695260730788528747e+01 2.468842779913640584e+01 1.321735341679898923e+01 8.712566570167339819e+00 -1.248074567004970215e+00 -2.109966297646859346e+01 -1.694516314894393716e+01 -1.810182263443088857e+01 -3.047199629876344851e+00 -7.992424151814257804e+00 -6.674078948198076233e+00 -1.627512312231321800e+01
7.976610826776865792e+01 2.291114781291314628e+01 -9.481147442187585206e-01 -2.138332328269445970e+00 4.512618812726648443e+00 -2.796274502496669356e+01 -2.272627310724876537e+01 -2.475320257713571692e+01 -3.585963875023817415e+00 -1.741276896751781678e+01 -4.342066149307027167e+00 -1.923307113166852744e+01
7.031519089293428237e+01 2.055821837770196225e+01 -1.280162076333994703e+00 -9.722647498015899004e+00 -8.630075446981233966e+00 -4.077565142448035118e+01 -2.762765409802591421e+01 -2.995656454051866646e+01 -1.824288757521948412e+01 -2.474177015448828598e+01 -1.222052509403491882e+01 -2.359083149344734665e+01
7.382314609267641003e+01 3.301945934828165718e+01 2.581931273907055413e+01 2.302107097824103388e+00 7.623138889306204646e-01 -3.839302284499068918e+01 -2.434347021143576484e+01 -3.423474338389939930e+01 8.644267584268909843e-01 -2.337662002412736229e+01 -4.025268329398513423e+00 -2.611115399575508178e+01
7.866509418845822665e+01 3.655388864176043739e+01 2.459998489402730115e+01 1.328054070842355827e+01 1.404190484493411262e+01 -4.539705313166037115e+01 -2.501854813255095777e+01 -3.635743691157626500e+01 4.771925155282128461e-01 -1.714838814025987901e+01 -1.427458215546532116e+01 -1.918308413897507947e+01
8.982228291296632960e+01 2.049037974186655831e+01 2.940780957217512537e+01 2.384578301709483927e+00 2.746287180361164815e+01 -5.776092434613100579e+01 -1.149345014686993949e+01 -4.240966048033138946e+01 -4.054250830458212995e+00 -2.902328732240195563e+01 8.537460882740425916e+00 -3.035326869571853337e+01
7.917653489286018953e+01 3.199375227030566293e+01 2.937237517882074656e+01 1.983292251845464094e+00 1.503064393421787059e+01 -5.634622525621818312e+01 -1.038568849200414057e+01 -4.272457079362025922e+01 -6.094330218810258160e+00 -1.620610566969829236e+01 -4.310521425463504031e+00 -3.364343344859983631e+01
6.434966951940491242e+01 3.117189212447041058e+01 3.180745814292744811e+01 8.759948146764706678e+00 7.131559807454082467e+00 -5.800169729562112053e+01 -2.351601018708387159e+01 -4.352443899073713851e+01 -9.957141907196856323e+00 -2.026742566026064907e+01 -1.105128920935688619e+01 -3.652517589388247643e+01
6.014981930930759546e+01 2.737166524739983942e+01 3.089519076905756734e+01 1.845091419552635870e+01 6.889460186309800172e+00 -5.244887136060903998e+01 -1.974018682293119298e+01 -3.815161665926909507e+01 -9.713446089059635469e+00 -1.933202612126051534e+01 -8.857014257686685710e+00 -3.071151762786493933e+01
7.404872140233197797e+01 2.578346216145803993e+01 2.474230486656531980e+01 8.805205261712906406e+00 1.572285422943444289e+01 -4.698961516539515060e+01 -7.247530484016587948e+00 -3.625866982545239381e+01 -5.020201798427305739e+00 -1.861159629757763057e+01 -4.441441518924856169e+00 -2.087403659992194704e+01
8.396232921629025725e+01 2.088651136286659593e+01 2.840044641225790301e+01 2.353341258384892498e+00 2.036285083504536431e+01 -3.679281292016413119e+01 -1.217640118462306908e+00 -2.970552239615323487e+01 9.046583473324343316e+00 -2.110334958482594203e+01 -7.905614834012594239e-01 -2.013891863339076949e+01
6.896236886772956609e+01 3.445364087320831459e+01 3.439790097516505796e+01 2.083550203566228376e+01 1.556917798543594067e+01 -3.788528553702406043e+01 -8.927991958198344236e+00 -1.913366914183374945e+01 7.003634158401368381e+00 -1.230728107315031750e+01 2.763206354393278996e+00 -2.207685110119012961e+01
6.911300640744596535e+01 3.401852573003569091e+01 4.524849613661791636e+01 2.198546279970256023e+01 3.014427870148620059e+01 -3.792774948707415206e+01 -1.780709660787169968e+00 -3.703429029671467987e+01 1.342866509005891018e+01 -7.833938019371840866e+00 6.847320811065197077e+00 -1.856117967873102970e+01
5.125942160757369948e+01 4.718660957717416693e+01 5.266306910062996849e+01 2.247104517968209336e+01 1.717891470737555437e+01 -2.618599864052411164e+01 -4.943612945194592712e+00 -2.245536817672215335e+01 1.099782143454524430e+01 -1.179639876415561872e+01 -4.963497913779980841e+00 -1.616793289167253533e+01
6.036455559464407372e+01 4.756813538242548844e+01 2.087806921716492781e+01 -6.453890430016894220e-01 2.918873347751053871e+01 -1.447916382671466096e+01 8.321332275011723567e+00 -2.289064915829802516e+01 4.243547261790137526e+00 -1.509413201624174405e+01 4.047427172903558912e+00 -2.250353733443852988e+01
5.199550925004057689e+01 3.434482304179094569e+01 1.873009365720760400e+01 -1.301765519366490587e+01 1.134886072483168995e+01 -1.985875157957278958e+01 6.222638951308918642e+00 -2.887445244274816858e+01 -1.200749395141066156e+00 -1.526583251777028849e+01 -7.958546263080250593e-01 -3.002454547117428518e+01
3.502861720883946361e+01 3.160835729181725284e+01 1.089071589323880218e+01 -3.528899612269967179e+00 1.021836040866939577e+01 -2.700393534084493297e+01 2.222549277796320055e+00 -2.438129418762579803e+01 -2.531351446259565208e+00 -1.912454473527507659e+01 -5.598224177801863988e+00 -2.324609424211508824e+01
2.329947842204470732e+01 3.964261162015307605e+01 3.834617014427302450e+01 -5.197031939489828112e+00 2.832169108636657029e+01 -2.655804159617327542e+01 1.631646992470953705e+01 -2.768197820673163534e+01 1.343061155112942018e+01 -2.209097524423354386e+01 3.574791689764975189e+00 -3.435928714605466894e+01
-1.137273823877450241e+01 4.003815115267214964e+01 2.533237630743786895e+01 2.137741797608409300e+01 5.501374263791670671e+01 -1.049334206624415344e+01 8.819161800546437391e+00 -1.441818281812667024e+01 2.145907020546888866e+00 -2.102831745306880507e+01 -5.764394177451226398e-01 -2.451830229516620818e+01
-5.884590395752921310e+00 3.773517652286956547e+01 3.430762379309044263e+01 1.051552969399634208e+01 5.572996987457794660e+01 -2.752009170247831094e+01 6.512537778051036952e+00 -2.496744468781159654e+01 1.149821020194339738e+01 -2.107977174930829989e+01 4.229733280750874513e+00 -3.374779582139183276e+01
-2.362940680435023566e+01 3.783958340442350732e+01 3.036732848402278506e+01 -3.360930585884022825e+00 3.941815975588839649e+01 -2.269326047994567830e+01 1.218178353045536610e+01 -1.890859781732249090e+01 -8.211921671412056867e-01 -3.806518961252705679e+01 -1.325591216144834839e+01 -3.366927941538551039e+01
-3.193496728721391520e+01 4.331765599920895227e+01 2.216810645810996050e+01 -9.980451340476850675e+00 3.060637822980159939e+01 -2.866161291838896474e+01 -1.692997411718094591e+00 -3.909929038501490339e+01 -6.807663676002821518e+00 -2.197639869387546696e+01 7.974314250843436369e+00 -2.826062918789686762e+01
-2.913931479338073416e+01 3.119994314500475951e+01 1.696005581968831066e+01 -2.475186572415646680e+01 2.067145928614583283e+01 -4.471322625048414068e+01 -3.863472849854598934e+00 -3.888626902759519055e+01 -9.135563898555556506e-01 -3.375072813462153931e+01 -1.109090227241537718e+01 -3.497839132487240477e+01
-3.837234928212588159e+01 2.092093744736440897e+01 1.258650566673554039e+01 -2.050742021932953207e+01 1.685508164309644741e+01 -3.112217452270937201e+01 1.269558394564772819e+00 -3.197324203022584044e+01 -5.624977315014385582e-01 -2.573112102587426975e+01 -5.553279854931943760e+00 -2.440103932141080634e+01
-3.197002814221069400e+01 3.888922256877050643e+01 6.517836330345282647e+00 -7.341959237025276863e+00 1.820529129410771674e+01 -2.541867919658925956e+01 2.091484435571957512e+00 -3.287117423146148099e+01 -4.813898518695827633e+00 -1.922580978194999091e+01 -4.281048577136072897e-01 -1.527395273991796110e+01
-3.143672960024344221e+01 2.074745274098110670e+01 -1.784011595043730747e-01 -1.610635830249033873e+01 2.504766394276740726e+01 -2.068970309179652389e+01 1.746416304442734102e+00 -2.079434270062044021e+01 5.649177526054106835e+00 -2.272949253258467195e+01 7.918876819775636733e+00 -2.101928190026029952e+01
-3.548162341564368205e+01 1.645949963997939491e+01 2.135845135229470770e+01 -1.601637382099745111e+01 2.637879892642791546e+01 -3.044895463089715193e+01 1.782786837518028733e+01 -3.659178707754544035e+01 1.434597107635061430e+00 -2.378349004077683659e+01 1.365835667839343515e+01 -1.879330846836136715e+01
-4.245587992207916272e+01 2.776844949463790257e+01 1.009847048930324043e+01 -2.508721671962187427e-01 2.702728972404935348e+01 -1.781949216061503449e+01 4.636926636509146604e+00 -2.469568384311671494e+01 9.443242160138870744e+00 -1.457363498038152017e+01 6.967679357586790800e+00 -2.535603098095440089e+01
-2.807125082219947387e+01 1.227971621622508813e+01 6.601444276771887942e+00 -1.906340147016751629e+01 3.245374044031532890e+01 -2.154233476365235589e+01 2.176338435712825259e+01 -1.792086711836458690e+01 1.185414842693709048e+01 -2.025767334996789515e+01 4.468203297256089890e+00 -3.104321664866009556e+01
-4.131780837705778708e+01 1.151030368723952613e+01 9.421719315538689798e+00 -8.464772700061340416e+00 2.342527724998268468e+01 -1.969170545894593971e+01 9.341159062616203101e+00 -2.893141306628203679e+01 3.114881765495693067e+00 -2.546997390548296636e+01 8.215900603006090819e+00 -1.009551658494807036e+01
-5.518412872640888622e+01 -9.228052708269721904e+00 -1.311811407601823198e+01 -3.064779105355549049e+01 2.888328136252934186e+01 -2.056083664686553192e+01 7.808424682342741896e+00 -3.158263443824135308e+01 5.402424271614151507e+00 -2.163690028000680954e+01 4.888807697554401699e+00 -2.442029919263072912e+01
