-8.181857181109046451e+01 2.243061857481855981e+01 -4.125284404139014782e+01 7.926651230318149111e-02 -3.631155836897844580e+01 -5.454317034243264750e+00 -1.301583852291591192e+01 -2.417865900726287709e+00 5.912102662521431240e-01 -2.334194250042323304e+01 7.445889256797365796e+00 -2.486755716409415840e+00
-7.014734978018495326e+01 2.894022704804196167e+01 -3.733107415731437584e+01 -2.689446604731875468e+00 -2.476639671034698509e+01 1.469186626812831875e+01 1.547594890471671292e+01 2.325082498884480131e+01 3.168223802849319171e+01 9.967331894995461461e-01 -3.477287601474843726e+00 -1.644786324139768396e+01
-9.378428586764485431e+01 2.024855246333016723e+01 1.324957235193491556e+01 2.814226864695909214e+01 -1.283380040218086648e+01 3.513651289812212752e+01 -9.690791818545541503e+00 8.661418523933503977e-01 2.293154116380298646e+01 -1.883985847744643038e+01 9.945400775052018361e+00 -3.472809674857660234e+00
-1.132852165212244131e+02 1.059068149759870892e+01 -2.344955191981478038e+01 1.273379044370873991e+01 -3.472099617897198698e+01 -6.902006506905374650e+00 -9.232150337952329977e+00 -5.036378070587920419e+00 -2.636886203717181409e-02 -1.675834552686554346e+01 6.370881622429825697e+00 1.014717103037049384e+01
5.445434508480079039e+00 4.347653034753685830e+01 -4.695625688502735784e+01 -2.131415421407019117e+00 -3.445233926489390797e+01 -3.083254613415824963e+00 -1.916182940098018150e+01 -1.262182964758116377e+01 -1.071551459726527433e+01 -2.226133476957883772e+01 -5.301991337045175001e+00 -4.475826600957013568e+00
4.028186913889496168e+01 -4.007375850704229414e+00 -5.287833320123593239e+01 -4.455010975644114524e+01 -6.721320591128738897e+01 -2.547547022178436649e+01 -1.504037580787998785e+01 1.576804380456080068e+01 -4.038503613144396098e+00 -2.555065805517658717e+01 4.139407397078260331e+00 -2.222265645483625818e+01
6.453790242397758448e+01 4.180907272450571810e+00 -4.216414477143663930e+01 -3.214041280747450458e+01 -4.748426377814686816e+01 -5.970819280186150380e-01 -5.092412362215164023e+00 3.140527728818938158e+01 1.102654248067681664e+01 -1.459368729800570819e+01 8.442429865720766813e+00 -1.323015829659451015e+01
7.016729238068447216e+01 -8.231965070439823506e+00 -4.344072863493124004e+01 -3.392981127545795061e+01 -5.390426225701332896e+01 -2.062358989029732470e+00 9.335305001039685635e+00 2.181253371422919329e+01 1.704862733782338324e+01 -7.809582531690137941e+00 2.050542020656802578e-01 -1.361513989232018851e+01
7.877937493571725724e+01 7.526302973617533532e+00 -1.779824697901589303e+01 -3.217881519022389369e+01 -3.402199265015496366e+01 5.030984188342407570e+00 3.735076472745236575e+00 2.724241105367533322e+01 1.503198642674707664e+01 -1.559789492616458162e+00 8.213532188181012827e+00 -1.050181300625429515e+01
6.537053705036629481e+01 2.714784050568920470e+00 -2.804653064428593723e+01 -2.930576793174320116e+01 -3.086972684628351260e+01 -4.652194015716355491e-01 -1.471720832889116792e+01 5.480057073443274973e+00 -1.750838511304263712e+00 -1.284501422080574429e+01 -1.098147994513507797e+01 -1.571421337217576308e+01
7.172513747556536146e+01 2.433584345287675887e+01 -2.094078606616564286e+01 -3.490550024685362018e+01 -4.331195547320110961e+01 -5.190655273365913480e+00 -2.041554186355537581e+01 6.125589103324586837e+00 9.064071873644888200e+00 -1.268416005987103290e+01 3.773593533542742851e-01 -8.445733442635306787e+00
7.995821698537969269e+01 7.263556320951025214e+01 -1.619859738067995991e+01 -3.990476475185661798e+01 -6.713882714040047972e+01 -6.373739949730728327e+00 -7.008872584326103272e+00 1.584832523337313681e+01 8.445050402900204034e+00 -2.340012189679323740e+01 1.092681637711721621e+01 -1.046905972534315588e+01
7.700995476087567226e+01 4.794849802917389781e+01 -7.672021967862900027e+00 -3.094742579610340982e+01 -5.184313272726957678e+01 1.806259023979444933e+00 -1.099552273459372209e+01 5.335917401985943442e+00 2.144850734751680932e+01 -1.590963024062595821e+01 2.457656508944430662e+00 -7.412776439451063126e+00
5.803909073074250102e+01 2.555867196108494710e+01 -1.758518363686963326e+01 -2.932468038146043909e+01 -5.054976968556579209e+01 -4.607911437801062604e+00 -1.624398315304216567e+01 5.140573525611546124e+00 1.257409168489794382e+01 -1.818559871270521455e+01 9.903174137897920559e+00 -1.592033661649668552e+01
3.170359371994319986e+01 7.886044108392948715e+01 9.348792710404728368e+00 -3.113052521995854960e+01 -6.256045264891390900e+01 -6.949608620609541987e-01 -1.674868500559296791e+01 7.582114567488197565e+00 2.513195582229649006e+01 -2.624855108477681043e+01 -9.613128790819507330e+00 -1.959010061868121966e+01
-3.916482284438794981e+00 5.407132557422624330e+01 -1.289081235399089209e+01 -1.720884091182302811e+01 -4.993384348000722639e+01 -2.652828475523625329e+00 -2.200611081020058180e+01 3.543025435202991957e+00 1.831096529937798323e+01 -2.676711813276035201e+01 6.055895783615518724e+00 -9.975122602126925031e+00
7.835312973710438555e+00 5.804441334980443656e+01 -1.854584887446531027e+01 1.568499298633275352e+01 -3.261116693564861180e+01 1.873108322154359850e+00 6.344424830334981280e+00 1.248535054369346398e+01 6.773020678697541541e+00 -7.043431795557905772e+00 9.306292013755820491e+00 -7.362415706412159366e+00
-2.221128251028777356e+01 4.593982347599170879e+01 -2.492261733685429448e+01 4.939246140177818489e+00 -4.587217984929925052e+01 -1.168901036358067991e+01 -1.673016691164487213e+01 -1.107890800248213736e+01 -5.585264986851621316e+00 -2.248778030671735451e+01 -1.575920459261025197e+00 -1.038323793377526627e+01
-1.436463853945032909e+01 7.171290344246571635e+01 -1.750093613737197984e+01 7.661690752409224814e-01 -4.549609551234203764e+01 -1.674098365670636213e+01 -5.514250257632459906e+00 -1.012225080294002044e+00 9.209849554991198062e+00 -1.911976140211669772e+01 -5.295355862784825618e+00 -1.809661675013432358e+01
-2.818869291100256547e+01 5.362667113459930590e+01 -1.771493908101490433e+01 -5.630561250833372000e+00 -5.129915394519952088e+01 -1.283444100860656256e+01 -2.678393830304538170e+01 -9.064502011688619021e+00 1.563160528246714254e-01 -3.804369607604031955e+01 -2.251424021703827805e+01 -1.972661472578478481e+01
-2.097455490705571890e+01 6.031671016811745289e+01 -1.087408201281970221e+01 4.997571816615876017e+00 -5.378395686669098552e+01 -2.218096158577024823e+01 -1.596830430606398998e+01 -8.071673147489807576e+00 1.280635054099262682e+01 -8.255345149623607881e+00 4.115897395403354864e+00 -7.642064429547842153e+00
-2.969861885804539980e+01 7.120180024544353614e+01 -1.269340325455655361e+01 7.917850906948800116e+00 -4.861097697110791671e+01 -8.489081313782325111e+00 -3.070497510889595993e+00 -2.220237104682912577e+00 2.118404663670878918e+01 -6.370947886796984427e+00 -1.981034008258544699e+00 -1.028338138855787420e+01
-4.761815849791086919e+01 5.285630895860460043e+01 -1.139960056863754900e+01 1.604854426440455484e+01 -3.986039875678270050e+01 -1.007262276252368594e+01 -1.892414931311978776e+01 -1.131638110475269343e+01 1.019495299468580285e+01 -9.771663375265276841e+00 9.428660130139942197e+00 -1.002573847907852667e+01
3.060537603123893291e+01 1.298697833779655753e+01 -3.336477180252850161e+01 -3.258107758770390916e+01 -1.467160972074400149e+01 2.090933243524484908e+01 -1.683725795729642982e+01 -1.545453665588880376e+01 1.386027594044880473e+01 -2.174210721218974030e+01 9.566708721771226109e+00 4.683753838679685089e+00
-3.662578498642517388e+01 1.495137268461429514e+01 -3.022574913042120670e+01 -5.002715372960405205e+01 -1.240963014171057921e+01 2.075058348851221979e+01 -7.568755978005823337e+00 -4.317009607484497735e+01 1.518361087417774868e+01 -3.120587235523135305e+01 1.266138184065976269e+01 1.783386213932368491e+01
-6.098286970495462356e+01 -1.765462575986781246e+01 -2.231877922502927802e+01 -4.747293124852620849e+01 -3.810391652719229683e+01 1.449051331234493567e+01 -1.653024438310273325e+01 -5.222920179571402599e+01 -7.648330690002080878e-02 -1.397091385706668731e+01 3.336439403360920153e+01 2.876749649562485089e+01
-7.317433517434344026e+01 -4.688757318193968615e+01 -2.794624878910638088e+01 -3.437117860803526526e+01 -3.990982841694273020e+01 2.110250839985506133e+01 -2.276809743720661317e+01 -2.476345213851597649e+01 4.261034125198999156e+00 -1.862767889212536687e+01 2.954472580184117092e+01 1.067364005857326603e+01
-1.116148145936654146e+02 -4.647616077477358942e+01 1.050470424219216703e+01 -1.324005353369437543e+01 -1.635260578977432999e+01 2.851371241756805119e+01 8.586251877743251271e+00 -1.806940046129895094e+01 4.735988230988441572e+00 -8.746408428716927475e+00 2.620952822477974919e+01 6.944230944021343888e+00
-9.929061785532175577e+01 -1.461858977268014570e+01 2.258377418789127233e+01 -1.751991786225848102e+01 -2.968092777729106757e+01 3.138921386891380649e+01 6.935095432812095950e+00 -9.228352668565662498e+00 2.130974907955540587e+01 -1.209009586339313813e+01 4.193387718203976533e+01 2.352164545636749438e+01
-4.627082922191671344e+01 -7.120261485042219896e+00 1.345105323265525854e+01 1.770966581315970956e+01 -1.203507611434925906e+01 3.831087924581321147e+01 -1.886162884711265519e+01 -1.351623048025229679e+01 1.169080188446517621e+00 -2.280453941176152455e+01 2.215388687505609155e+01 -8.917796748575259613e+00
-7.262101402484827872e+01 -9.931089600426177277e-01 -7.930989894086942549e+00 5.747105707705505218e+00 -3.308046560542631198e+01 1.730255401622630274e+01 -2.603792099652804382e+01 -1.863856552222743090e+01 -1.666212237305099109e+01 -4.159214848463538772e+01 1.544180974766158787e+00 -1.749968030766699201e+01
-9.373182042398876490e+01 -1.131689767617191977e+00 -1.141166224556504361e+01 2.244234899563729613e+01 -5.378665881764304046e+00 2.942480728859779759e+01 -5.704375302784966628e+00 1.465575857344104005e+00 1.935302320427157241e+01 2.949519133871461918e+00 2.717696267770300977e+01 4.701167029011791065e+00
1.118850630458958406e+01 5.313908184902973630e+01 1.772595964087560105e+01 1.052463953153026743e+01 -1.644248249387020167e+01 2.953325798132924263e+01 -2.263551080202039856e+01 1.886041214379045039e+00 4.453501611703474250e-01 -2.323756689196905256e+01 2.748247589117366374e+01 -1.142239911401145491e+01
3.210347109370740526e+01 8.439990807642229242e+01 4.562286970797865848e+01 1.405519076502396913e+01 -6.523848246103959525e+00 1.668826273513146674e+01 -2.290634211992909997e+01 5.140181767590711104e+00 -7.707733193029666197e+00 -2.463843102967261700e+01 1.179746224123719145e+01 -1.711696885303416238e+01
2.397665055538034551e+01 7.938584769709815703e+01 3.663391172807659757e+01 1.015699549224145848e+01 -7.284085855272159904e+00 1.222189828129119427e+01 -3.558126043210972256e+01 -9.949936435770901255e+00 -7.046267737596596525e-01 -3.881408781833137311e+01 1.117930286769496817e+01 -2.540400820709584728e+00
1.672216386590445225e+01 8.732695971258596046e+01 3.507756696877373770e+01 1.018808097766280341e+01 -7.651755339045775983e-01 1.676134116116909212e+01 -4.162395988177454598e+01 -1.498950011713648678e+01 -1.522433272812540750e+01 -3.889002264686068600e+01 2.203082284359197018e+01 -7.965767316197799985e+00
2.640071186556039606e+01 7.588028837979958041e+01 2.053728326323408027e+01 -2.839263373485463315e+00 -1.369700991629434661e+01 6.519636073053305836e+00 -3.922921245562459092e+01 -5.105757131757966860e+00 -1.271687128414898815e+01 -3.999196757191614893e+01 1.246326896450639055e+01 -1.171425311984232565e+01
5.422705570519658735e+00 8.914022081149575172e+01 3.413069055022599230e+01 5.735387201109292121e+00 -1.720971132464965336e+01 3.153905086951568748e+01 -3.000495376134430359e+01 -6.321443731871954519e+00 5.053698794692545349e+00 -4.236800442071454142e+01 2.265402124501598280e+01 -4.814347612726662895e+00
1.932931542161407634e+01 2.869292350301302008e+01 -2.011988638423926545e+01 -2.731538434657090164e+01 -3.343825662139737176e+01 1.228223229116693460e+01 -2.663278954480425043e+01 9.530201928152555180e-01 -1.514437062988743321e+01 -3.465745989009848671e+01 9.459964266538396505e-01 -1.645495835191551492e+01
4.561654744335243095e+01 3.698335577809352515e+01 -1.803076504053024465e+01 -3.540508259955230130e+01 -7.461936853562432859e+00 2.793772927831937380e+01 -2.609582661163119255e+01 1.516436651998978036e+01 -3.124652678321515609e+00 -2.843855414178755936e+01 1.691170440880415171e+01 -3.808473987617142065e+00
4.271149636868063482e+01 5.029683468370093635e+01 -1.221720409034460886e+01 -4.196428979768013789e+01 -2.296530094765387275e+01 3.644048335630655799e+01 -2.411833374327404300e+01 1.175998465831433215e+01 -5.285094356760718703e+00 -3.188041614954584801e+01 1.048317719003537718e+01 -1.577244876908368632e+01
2.620859996914900591e+01 2.138832742665944409e+01 -1.858106657067424905e+01 -5.798715772368328203e+01 -3.523052094411070101e+01 1.746079251325756232e+01 -3.339771177929201684e+01 -2.684400386072025579e+00 -8.627182307856319454e+00 -4.230579866617007667e+01 -5.222808001571975112e+00 -3.710625533347086957e+01
3.709235101367904264e+01 5.099410936326964361e+01 -5.509560679275726791e-01 -4.766593921412487589e+01 -1.715106349773736127e+01 3.330004226521553079e+01 -8.613378974133565791e+00 3.393682128642675622e+01 9.862704268717958911e-01 -4.295232185151871107e+01 1.412736894568296009e+01 -6.763292296295489336e+00
4.866730263426324399e+01 4.592921938346425748e+01 -1.577612162985082733e+01 -3.890658002562402373e+01 -8.832047618599949246e+00 2.986701029661075069e+01 -1.034504178818082742e+01 2.527429887687247856e+01 8.639711459235366320e+00 -3.637278787713258055e+01 1.533950371082239172e+01 -5.066728492335419887e+00
5.334988213663629608e+01 3.585307363717704732e+01 -1.880908205141844292e+01 -3.800259408127918448e+01 -1.902475098686571542e+01 3.191923828827830079e+01 -2.236927123617940438e+01 1.555637247306225213e+01 3.820377874889230529e+00 -3.454625068547221645e+01 1.358015255410667166e+01 3.333268557482108818e+00
5.651103566865014471e+01 5.026522217553325333e+01 -9.366219601132510064e+00 -1.706977808448827005e+01 -1.171996983748469567e+01 3.812461130218109417e+01 -1.703726078329992077e+01 2.634548485191058376e+01 5.255857481056113834e+00 -3.374682276241863832e+01 1.474067861765782439e+01 -2.419203719073017567e+00
4.112919380307005213e+01 5.161880636141385281e+01 -7.635065751153344848e+00 -1.931154028771455344e+01 -6.099638376776082005e+00 4.009714766903355354e+01 -1.721708994610976617e+01 3.006853825628682841e+01 1.062194345221497116e+01 -3.478550460896488516e+01 2.536550848190490814e+00 -2.669778092888832788e+01
4.017788205230960585e+01 5.449288985045257050e+01 -1.798140425027917999e+01 -2.185004596359080153e+01 -1.142391561125718091e+01 2.969999215731881037e+01 -1.478110541927251020e+01 2.346274938129563026e+01 -3.475124840151033734e+00 -3.996931941047071035e+01 -5.633067954533089505e+00 -1.596970101532121866e+01
4.763182518701130164e+01 4.229995420388019056e+01 -6.331618677721101207e+00 -8.529821713556057006e+00 -9.229916482443766057e+00 1.745268631589020814e+01 -1.964951536240665675e+01 1.975360618244687316e+01 -6.085233227025801384e+00 -4.140696031503861718e+01 -2.639944695640072947e+00 -1.678206596852697174e+01
3.987386631837372875e+01 7.077403542369572165e+01 5.730669238791321618e+00 1.620169775686911962e+01 -8.416313402761559814e+00 1.441959983131519429e+01 -2.112799091093820891e+01 1.877921975014068323e+01 1.452615205768482376e+01 -3.178286400959530056e+01 1.526147095801267461e+01 -1.126989022579138222e+01
2.259308937311050869e+01 6.163407032575614153e+01 5.998079897130802474e-01 1.795627549356444419e+01 -4.958938074570619747e+00 3.583952495093173241e+01 -1.136206782501073764e+00 7.359565115701588667e+00 5.640326789033160537e+00 -2.298975668692884966e+01 -2.791526462152020827e-01 -2.137533827239013462e+01
-1.531964532505496912e+01 5.923540987484234677e+01 -1.197410264418806847e+01 2.262849588514625054e+01 5.748051501812547315e+00 2.863888952244612085e+01 -4.431772446459783410e+00 9.221570015777704299e+00 -3.847025085728526861e+00 -4.083365276401227817e+01 -2.128843166949733856e+00 -2.508072258307641889e+01
-3.236967935217744241e+01 4.478498535855445084e+01 -7.400486597747480744e+00 2.077037111620082754e+01 -1.125295421108678795e+01 2.639972202886339403e+01 -7.399826952787512901e+00 -2.957311001424270280e+00 6.596672576540516530e-01 -2.665624261644937576e+01 -3.932662443790748696e-01 -1.910724228732965457e+01
-3.858272728973432208e+01 4.266335061427595576e+01 -7.549354846020220222e+00 3.018737825722724111e+01 -3.313820352011680903e+00 3.234830648064275493e+01 5.877773292956630868e+00 6.759773208698245384e+00 4.049894958329334216e+00 -2.125857027418079781e+01 2.293479188559154558e+00 -1.062232818779707344e+01
-3.970328708560381870e+01 4.473520046201502964e+01 -9.687501256248193471e+00 2.675298108421934984e+01 -1.072998907930146473e+01 2.078953233461377437e+01 1.226956818859070708e+00 -6.942141877582146847e+00 1.910294840734812372e+00 -2.690052199087540430e+01 -7.941624653721115479e+00 -9.807649785596616709e+00
-6.159478888707576516e+01 3.588068926391798641e+01 -1.022366364462666866e+01 3.620354740765034052e+01 -1.943962727300214510e+01 8.216345311825190123e+00 -1.593140257062691667e+01 -7.472337649266747484e+00 1.316544017596002014e+01 -1.461113492301369732e+01 6.447288459355115187e+00 -5.851379102406927935e+00
-7.027340456140014169e+01 3.757191370051204160e+01 -2.500906423902022624e+01 1.398178630180270510e+01 -2.085326415061823013e+01 6.756822185644637990e+00 -2.932075156144681838e+00 -4.380534427654925622e+00 5.489353302427003811e+00 -1.795772449237821178e+01 -7.531914907880395305e+00 -1.226960674752316294e+01
-7.705297633569624338e+01 3.271016871121580749e+01 -2.262251391714995918e+01 2.904035896258845639e+01 -1.270947028864640771e+01 2.239756464088981858e+01 2.966964552087086648e+00 -8.715496087537516701e+00 7.809528972686926807e+00 -1.350023942743861483e+01 2.109195417558928476e+00 2.747400552477672342e-01
-7.806449046064150821e+01 2.019586910507458555e+01 -2.597218077590158103e+01 1.855977621496587204e+01 -2.536609550172190097e+01 1.340040353973630260e+01 6.640654211281399100e+00 2.655355553687296144e+00 9.065983402614341102e+00 -8.988337783296721284e+00 2.195619751421980403e+00 -3.911087378902749379e+00
-9.232973376091473483e+01 2.828438913384654541e+01 -1.597735435582316299e+01 2.482176432890159390e+01 -2.573929828624089922e+01 4.670684168682154969e+00 -1.154725753032784752e+01 -1.117599410195607490e+01 5.873073799293152319e+00 -2.322238179310009087e+01 -7.513657280011361017e+00 -1.344844189726271466e+01
-1.032659907006376159e+02 2.120725208226602376e+01 -2.319511076152019058e+01 2.975212686161926001e+01 -1.030277247884062319e+01 1.356899566334953633e+01 8.998395469454214535e-01 3.435077530924691480e+00 1.635561267270706765e+01 -1.160491901850862817e+01 -2.349437264940614334e+00 -5.139098407204050645e+00
-8.965723409217086726e+01 3.193297853422500410e+01 -2.942917586778780148e+01 1.628468569312363812e+01 -1.778028991493668087e+01 2.236725185021659712e+01 7.814965803239862119e+00 7.516937744890514139e+00 1.107194441272613616e+01 -4.981355798642120192e+00 1.239778960122630203e+01 -4.960363086206441174e+00
