-1.132070228281533275e+02 2.247802877950691780e+01 -1.326380514973027047e+01 2.813918206768542163e+01 -1.647692956368200257e+01 8.513116353632531386e+00 2.070273597933786291e+00 1.657711883964979194e+01 2.149434058863757002e+01 -1.223022281596038141e+01 1.410484559010307670e+00 1.144612700881475265e+00
-9.773771591920753110e+01 1.004528530123699781e+01 -1.863131186627134284e+01 2.542466304234222818e+01 -2.619896415596721084e+01 1.062093333428818021e+01 9.643939512499567712e+00 5.905447172390511312e+00 1.427571985507027463e+01 -1.203982683348257154e+01 4.441936850095929756e+00 3.672125458765800765e+00
-1.205783300838712222e+02 1.259267192658809797e+01 -3.332193866796951909e+01 1.425546122193461684e+01 -3.606615953645217587e+01 -2.803766942173751442e+00 -1.931600605771343737e+00 -1.547635873953175700e+00 6.038333165407186343e+00 -1.356363109296890812e+01 2.009433981293555860e+01 1.987544915900000220e+01
-1.150058808821619607e+02 2.415785739525725262e+01 -2.292567860077892306e+01 1.710862500531261787e+01 -2.050328401751715290e+01 5.962115523765893599e+00 1.132067951707039777e+00 4.924865455992700980e+00 8.860795908032162771e+00 -1.038510853185254490e+00 3.788435003644231358e+00 -1.364713024091855686e+01
-7.684186386128956769e+01 -5.232024510009934959e-01 6.496357065438947309e+00 1.063685783865221524e+01 -4.772394964544488971e+01 1.251770940832951773e+01 1.291784277937177761e+00 -1.385427697878503928e+01 5.449664505683228910e+00 -1.498763731920827169e+01 1.419154873515654636e+01 -1.086762825809167055e+01
-4.134651319750783216e+01 -1.813856050053697655e-01 -2.115895366800915411e+01 -1.011605160977345541e+01 -4.364059494027054598e+01 1.460094043974375211e+01 -1.200376953596222585e+01 2.536081327639366112e+00 1.715344776024555173e+01 -1.455597725079297433e+01 1.629465156403311710e+01 5.195876769757575175e+00
-4.857587798134657930e+01 -5.319368480427660195e+00 -2.323532325310778646e+01 -4.586329794808547078e+00 -3.720343495643290765e+01 1.729592805616655227e+01 5.881998761723773228e+00 9.715855607234312075e+00 7.992558282870768416e+00 -1.871553517278130130e+01 -1.252195511527246063e+00 -2.422495318516418905e+01
1.985181070468668452e+01 4.744697046230098181e+01 -1.039559616087955662e+00 2.134195557176079916e+01 -3.198995945239099115e+01 1.052293366541179687e+01 -4.501583257815634731e+00 -3.604286267584268177e+00 -2.773000984983074346e+00 -2.377118573113529010e+01 -3.353047431908566800e+00 -1.706808921102507526e+01
6.278622376771279079e+01 6.182607446827271502e+01 -1.238862956833722606e+01 -1.190057866537627440e+01 -6.934641859406369235e+01 -1.878548107363732100e+01 -1.422317417088836145e+01 1.291959630231896083e+00 1.386405241062735527e+01 -1.929792460307324120e+01 2.897609616947259603e+00 -2.198130469819523114e+01
7.750683258037841483e+01 6.444660343301940486e+01 -1.955396295056441502e+01 -1.115758770046499038e+01 -6.285187178406976471e+01 -2.047637515572000666e+01 -1.939178800076037135e+01 -2.460680896160607034e+00 5.279128584682883485e+00 -8.105311994938983133e+00 1.343021199089357509e+01 -1.567406324190358369e+01
7.318215357445825475e+01 5.258470998454408374e+01 -1.646936333215522907e+01 -1.672370708125443528e+01 -4.566293498430452757e+01 -1.307854056611527405e+01 -1.525445800981835909e+01 -5.214468269083071483e+00 4.808962518595840230e+00 -2.569635153135716443e+00 8.102366580678911134e+00 -1.048327815679496844e+01
9.540001964219028707e+01 9.404026983535575823e+01 -1.082946695829574679e+01 -1.479101745356263820e+01 -6.175336652727916942e+01 -7.479326319732426676e+00 -3.803170328965207680e+00 3.857051636172327935e+00 1.920358311677066609e+01 -5.251509515500794478e+00 1.606041469884822348e+01 -1.519043802782439379e+01
8.903152171390317449e+01 6.567832640280018097e+01 -2.043516191295865525e+01 -2.602166914374903328e+01 -6.359895699976339500e+01 -2.095736140345248089e+01 -1.711082686073952885e+01 3.774797643067161479e-01 5.641184000932872422e+00 -9.083144166318781743e+00 1.076459605848396617e+00 -2.187896988499685591e+01
8.194780969147356586e+01 7.787614364103362163e+01 -2.042602698304267506e+01 -2.999401024652932080e+01 -8.138794455015285223e+01 -3.255361378974213693e+01 -9.599920076160998406e+00 -2.686038953484165770e+00 1.063735572484210401e+01 -1.608191755291915825e+01 -4.599985326427970533e-01 -3.274390082420153192e+01
1.015136670924082694e+02 6.420778098385760302e+01 -2.562308104192807434e+01 -9.773975487147071206e+00 -4.308858353680770392e+01 -6.164253638182865203e+00 3.701253159477930765e+00 -3.576386741162902450e+00 5.702014044818136007e+00 -9.689631602318209858e+00 7.430230167111205652e+00 -1.511005303482757789e+01
8.863069013554090247e+01 7.059849011037115929e+01 -1.747657106045527087e+01 -1.456927806508818257e+00 -3.795707461013257955e+01 5.595482497924201937e+00 -3.577486692003182256e+00 -5.259131407104362665e+00 2.321671227621011724e+01 -5.611514587947993071e+00 7.380820427215565971e+00 -5.072363959169583048e+00
7.169684425769317215e+01 7.500749809279207625e+01 -1.177010057944546162e+01 -8.044474184711589260e+00 -6.989453474616573203e+01 -1.386720178009815285e+01 -6.040324270294947340e+00 -1.438444983731055515e+01 3.550590420834267569e-01 -2.186751419221870307e+01 4.264635598440209563e+00 1.941792443320797368e+00
6.528861321125602046e+01 4.417022801488988648e+01 -1.499425202669908685e+01 1.403169765622365173e+00 -3.724902868923490473e+01 -7.590168627912699861e+00 -2.875834414092921065e+01 -2.024624441616023063e+01 -5.977452872851017673e+00 -1.713170781928805297e+01 7.863725207362704417e+00 -1.682475239398973255e+00
3.543117367741486845e+01 7.674101642264008660e+01 8.670476259938247665e+00 -3.211136358925442913e+00 -4.998728900021103527e+01 9.797690216110906292e+00 -1.580287612249994034e+01 -8.914691356326899907e+00 5.908951698290156429e+00 -3.040471074053589007e+01 2.367992918332955554e+00 7.839885982248578244e+00
3.479907144603897606e-01 6.926104254989547826e+01 -1.587898834437980611e+01 6.278587116306664662e+00 -5.222671801503051370e+01 -1.621915017233536105e+01 -1.896720361829493129e+01 -9.517807081253918611e+00 -5.064898883881703284e+00 -3.862345145951358205e+01 -2.311310477008188258e+01 -1.350137842803126986e+01
1.534567846714760719e+01 7.880818514520731810e+01 4.468235257857211096e+00 1.386676825599042218e+01 -3.179628525965430441e+01 1.430112636547917049e+01 7.934612246529422208e+00 6.565569335048579980e+00 8.115643518918751909e+00 -5.643846883462099839e+00 4.037985629828073186e+00 3.873485159842515735e+00
1.710589337375143515e+00 7.703974660848356848e+01 8.068445235122323478e-02 2.456179785701298002e+01 -3.108794327469259144e+01 1.234930446834192352e+01 4.920796470015644353e+00 1.494807273450825758e+00 7.283213835535153002e+00 -2.146084251875361559e+01 -4.109400578427950812e+00 -1.082181376007617146e+01
-3.819711319969023577e+01 4.695676959946662521e+01 -3.220596585407902523e+01 5.838599485175675952e+00 -3.712259826245403360e+01 -1.276531687465497455e+01 -2.065969143677822117e+01 -1.621228667656816214e+01 -7.154812791807617423e+00 -3.822174896668886390e+01 -2.199008415577658937e+01 -2.745053509551868487e+01
-3.350830464741193282e+01 5.433997681957698234e+01 -8.748317371336142401e+00 1.262984067803698451e+01 -3.044777671250514572e+01 7.377990713803788125e+00 -1.079996566604065222e+01 -1.476650715985665130e+01 -4.018903909291990928e+00 -2.356353293687602957e+01 -6.873015038285270606e-01 -8.781502756400328735e+00
-9.953766366364220630e+01 -1.682735043322047375e+01 -6.987158018682388061e+00 9.327747438700453309e-01 -4.083912403527034485e+01 3.288601906478982073e+01 -2.593873563694967910e+00 -9.100876912896104898e+00 1.338189020031011367e+01 -2.976203562920516177e+01 -4.551400306944819008e+00 8.721001818547498008e-01
-1.025840753736738975e+02 -3.671750077643516619e+01 7.002840453325111625e+00 -1.933526311130243514e+01 -6.671543836987750353e+01 2.157127880668780584e+00 -1.314377930743039968e+01 -2.436158332387405423e+01 -6.661498870993808552e+00 -2.111606059777838595e+01 1.025284447969047896e+01 -1.685676186050753245e+01
-6.428782089243597397e+01 -4.720925122432227283e+00 4.598757327650824323e+01 2.665642980909090554e+01 -3.655199273984376873e+01 1.712884453816119645e+01 -1.667256235834883782e+01 -1.609458232750547779e+01 4.192626124241506602e+00 -1.475632988967949899e+01 1.065744319608435475e+01 -1.477604785889366745e+01
1.363037236653328854e+01 5.521120005782401563e+01 4.100833762552921513e+01 5.876286567670613081e+00 -3.615291635746596910e+01 9.011627235787027956e+00 -2.951203243703471557e+01 -1.179551105974720926e+01 -2.150331092549636480e+01 -2.114717459118953968e+01 1.217015417874835848e+01 4.287391153996366278e+00
9.565122793200226070e+00 7.023001179026806540e+01 5.105469659027069440e+01 1.794883092089620646e+01 -1.826547113688130608e+01 1.180230620534861785e+01 -2.163975913603578505e+01 -2.037285856812365736e+01 -2.190268105722573821e+01 -1.150127862095653697e+01 8.127870282344417774e+00 -1.222883590334037152e+01
1.381032124260711313e+01 3.522653432077300550e+01 2.357686507329033887e+01 -3.282098576141735613e+00 -3.436268707799345634e+01 1.207737513327029255e+01 -2.836877488473868780e+01 -2.101882950897580571e+01 -1.935143469255465476e+01 -2.706520478640486260e+01 -2.522744784210818825e+00 -2.087498123243785741e+01
-1.613005092918858452e+01 3.205722199658671911e+01 7.359458372407303273e+01 4.143848008208357214e+01 -3.948955320374354017e+01 1.538448536903443653e+01 -1.073853740779022914e+01 -1.579054326803388797e+01 -7.518266685671362026e+00 -6.236603125052330832e+00 9.432285149019914883e+00 -1.134521562260838934e+01
-5.365343384769213131e+00 5.949215442335626136e+01 4.433971300496355639e+01 2.748438585632558073e+01 -2.353251523751395524e+01 9.881546796883320383e+00 -1.664019432275516408e+01 -1.958816018606056986e+01 -1.278352471336477336e+01 -2.489470980506717268e+01 2.538304920968772471e+00 -1.816504786181639375e+01
1.272311516381146212e+01 7.084250380821397641e+01 3.012053385518826332e+01 2.613293124088739461e+01 -1.222542515107714856e+01 4.547293670122454223e+00 -2.588929592493079213e+01 -4.353795055054893837e+00 -1.526797558015477563e+01 -3.068684542720490782e+01 -9.913109048449171290e-01 -2.195162066577012183e+01
1.972791893749663217e+01 8.319788558197720363e+01 4.341295533707776144e+01 7.296270849432410444e+00 4.373577617467246270e+00 2.082900396138276733e+01 -3.934463375804019591e+01 5.956777255001338034e+00 -4.905220426619673724e+00 -4.049101376595710633e+01 1.315649076657187777e+01 -1.610028153303538545e+01
3.214341127031516976e+01 1.097106709544302419e+02 5.026203220265143301e+01 1.824361251584701904e+01 -8.743452734415916083e+00 2.011809780387981306e+01 -3.525439760273600598e+01 -5.939133914499322486e+00 -3.132023510276894740e+00 -3.102836632112500936e+01 1.702934983947719161e+01 -1.067997092826442085e+01
4.288423988161356704e+01 4.687645580704113968e+01 6.155801778524924828e+00 -3.221631223286534951e+00 -1.909113347200285205e+01 8.645611415097384622e+00 -3.441322667102573973e+01 -2.577806577679000455e+00 -3.743565870542627572e+00 -2.973539715978921549e+01 8.952287835752347434e+00 -1.335125439928942725e+01
1.792497464013351305e+01 9.615713235305776152e+01 4.564259527946624218e+01 1.321494532156886237e+01 -6.475757487595392270e+00 1.168236573318742977e+01 -1.733708052804660582e+01 1.470266072940269808e+01 5.081118755902106265e+00 -3.403627356072198040e+01 9.197154368258146917e+00 -9.896967427737537903e+00
1.795333585610843485e+01 9.131451557435411814e+01 4.110706518370034956e+01 1.284404308921421745e+01 -8.523303463658370660e+00 1.489439919546339119e+01 -2.511015399339213872e+01 -5.909790593694628669e+00 -8.614882303258648122e+00 -2.737335213432661973e+01 1.383636752185852359e+01 -1.472564680450221353e+01
9.437852744695186757e+00 8.871659368288555925e+01 4.565611895270264142e+01 1.952760111387472719e+01 -2.590423953430644133e+01 8.359491538894776141e+00 -3.419251527165090465e+01 -1.298485518682593920e+01 -1.741871733504190445e+00 -3.768132866078688892e+01 2.928041611503332753e+00 -1.323803456731729078e+01
1.769629641939468812e+01 4.684542578551948822e+01 3.194541543822055374e+01 5.831630384554202351e+00 -1.628343826128838501e+01 5.339778675636830840e+00 -2.304756057851417950e+01 8.006382129047459273e+00 -1.410066088275091012e+01 -3.354034389822221840e+01 1.482926635899060130e+01 -2.555346519290593932e+01
1.541819264857196359e+01 5.552970890186825415e+01 6.470828045363722936e+01 3.696159733562190297e+01 -2.366499917482655491e+01 -1.685537292875009996e+01 -2.316912811733550370e+01 1.441330785171625273e+01 -1.656131894313693920e+01 -6.382303793980735662e+00 1.679554364837797920e+01 -2.101130744086754731e+01
1.353643503239634072e+01 4.665695788206902250e+01 4.694714773785898387e+01 2.751073754559126172e+01 -2.166442312525119007e+01 -2.299791171360929098e+01 -2.091900721000508057e+01 7.992557860080601095e+00 -1.587827977382981359e+01 -1.045499722263249964e+01 2.761262084298835617e+01 -1.689165302218827236e+01
3.191483524617307221e+00 3.465959490535217924e+01 4.169148806341922864e+01 1.859739756809647560e+01 -3.407384306548655672e+01 -2.123276099415996043e+01 -3.036904007435097697e+01 6.231557829073894439e+00 -1.045173065255559841e+01 -1.754259247144022993e+01 1.692017995984985035e+01 -1.480814953757561270e+01
1.482401977406395233e+01 9.312935337802562330e+00 2.522318816920317275e+01 7.670174062080270971e+00 -3.356936581834607125e+01 -1.001945823465846885e+01 -1.904754028773682251e+01 1.095987664753612911e+01 3.686840581264076988e-01 -1.089173567052091585e+01 2.860775199267859037e+01 -1.811363261376845912e+01
2.208959520066172999e+01 3.337718312105140228e+01 1.901956920060336742e+01 1.700706232400554541e+01 -9.198891379924180711e+00 -7.342842930729347017e+00 -1.664793978104915695e+01 1.326813823866798181e+01 -1.529575889126753019e+00 -6.203262856764200084e-01 2.226954797500051342e+01 -1.292393020678061255e+01
3.141329811131642913e+01 2.517034878685461408e+01 2.118298609365739793e+01 2.095407413568904076e+01 -2.251815599843981985e+01 -8.088239697887260604e+00 -1.949966136645539194e+01 2.086217058314910133e+01 9.261365332452649035e-01 -1.968770319883713427e+01 2.682844364899787237e+01 -1.213783771293534741e+01
1.103270876951204649e+01 4.102328290452088311e+01 2.951446392718526823e+01 2.324209983281590652e+01 -3.134669672397801321e+01 -1.913357209047408602e+01 -3.208599314237038413e+01 6.863974614102359872e+00 5.543925211084307136e+00 -1.382144157921270278e+01 5.412761874245985538e+00 -1.436933677788272590e+01
2.262674728052738615e+00 3.313451224380681026e+01 3.230877141146123677e+01 6.781251389973227184e+00 -3.254603062976896410e+01 -1.428449682215815386e+01 -2.273568668918959190e+01 9.337500297623257950e+00 -4.258918266518238127e+00 -1.650153834192560254e+01 1.942870032655352475e+01 -2.679110079801818500e+01
1.157715145585585503e+01 5.235882648180480459e+01 2.553958947805411484e+01 1.651057217098941265e+01 -2.036001691684113979e+01 -3.479966316673781979e+00 -8.623006113595458544e+00 4.866798639869375442e+00 -2.971004473061012341e+00 -8.547086848204541454e+00 2.222379772522192098e+01 -6.631923721989021914e+00
7.131847385892736924e+00 5.558438128999191008e+01 3.967090658910154843e+01 1.811260693112051712e+01 -1.698444663818690259e+01 1.326226593066137660e+00 -2.593625961536451285e+01 -2.154181208485699273e-01 3.262371116053552011e+00 -7.790131982171847547e+00 1.594709435195857061e+01 -1.719418126795075352e+01
4.221408158309584380e+00 2.639881123042908229e+01 1.122978747082837359e+01 1.467725659320380771e+01 -2.127620281825599946e+01 6.898851724590953083e-01 -1.619315865230500151e+01 9.305624437819517425e+00 2.789366456376475512e+00 -1.421763353717024714e+01 1.379013101842652489e+01 -1.419056439301979644e+01
7.299397750267555551e-03 3.786432566098723385e+01 3.196834419430336638e+01 4.958547165132235079e+01 -8.111422204441637973e+00 7.136176740333182167e+00 -1.504464236173936165e+01 -8.402919127128964050e+00 -1.323510666112366341e+00 -2.557452470919893273e+01 -7.220284482959082872e-01 -1.928232966517686719e+01
-2.920239223732987455e+01 1.179975666272376955e+01 3.770797767527261612e+01 3.640544316306052508e+01 -2.633636382085320804e+01 4.176228464307506272e+00 -2.251174051361852335e+00 -9.104789918020804507e+00 -3.741557235396225423e+00 -1.106987705349561679e+01 8.978582860321264292e+00 -1.001757532614538349e+01
-1.043235734755807016e+02 -3.779364042156494463e+01 3.681267798021227833e+01 5.903663680934834623e+00 -5.054943850254974791e+01 1.808800249380436043e+01 -1.095131339303840612e+01 -1.149430994097976466e+01 -5.097719654748503082e+00 -2.603947518362548408e+01 -1.865342628014144744e+00 -1.310464867109776321e+01
-1.101795268562803614e+02 -3.564686188980656567e+01 5.916579413869128246e+01 1.475193972149594046e+01 -4.177423741793651857e+01 2.342930691408078658e+01 -1.007895501682359551e+01 -2.156552105430446176e+01 8.390732692512983704e+00 -1.642465787041347269e+01 -3.453270019477043373e+00 -2.212298546995187820e+01
-1.058602116254610621e+02 -5.071630542391516627e+01 4.238905073577734584e+01 -6.042570663726318791e-01 -3.990262835632668015e+01 3.069312526265984786e+01 4.259542765784134488e+00 -3.993307554400742809e+00 1.071444541610861023e+01 -3.303615914404459630e+01 2.318804575610285745e+00 -1.694455089644679191e+01
-1.503138761072811462e+02 -6.873488218565118757e+01 5.175814033087715416e+01 9.039755878194826622e+00 -3.091116292298721646e+01 2.550190805621456036e+01 -4.654340699459559971e+00 -2.687548726051866765e+01 -1.581964828978915349e+01 -4.252727026293686663e+01 -7.313783240128913121e+00 -8.167874113964638028e+00
-1.461700739333086005e+02 -5.694709905412810258e+01 4.109969697089933760e+01 1.455919672566634659e+01 -2.211920108766556226e+01 3.451164525564848873e+01 1.211096493095370796e+01 1.436495458187199148e+00 1.665054778765225052e+01 -1.306235187281562560e+01 1.171090110409924989e+01 4.993256440318349476e+00
-1.405598758568255562e+02 -6.063379775838491526e+01 4.649698230056306869e+01 -1.742197873587560064e+00 -4.135113739008322398e+01 2.207018605041604786e+01 -3.739570400854551391e+00 -6.935282183498029163e+00 1.972039730524295464e+01 -1.501227296392302257e+01 4.896668633886681832e+00 2.497460855638911070e+00
-1.335902406493264607e+02 -5.598071113807844768e+01 5.881529342503246482e+01 1.001479909672723245e+01 -4.758717790474313603e+01 1.975012689040772074e+01 1.435800533580606775e-01 -4.135859847293160030e+00 1.667664353181497461e+01 -1.794816861879981218e+01 1.097948758210113596e+01 -4.341891135687118819e+00
-1.753569884123571114e+02 -6.669698124622672708e+01 5.386784999638439331e+01 -9.221826292705010530e+00 -4.054063515726987532e+01 2.345874462844431108e+01 -4.409304532739902527e+00 -1.400531963799199708e+01 1.099429757584499079e+01 -7.020399096321312093e+00 8.867360035421258502e+00 5.975625619099471209e+00
-1.721078851821595777e+02 -8.319946489434391879e+01 3.695731639100431209e+01 -2.105158843410178005e+00 -4.702908163018079080e+01 2.541616868218326175e+01 -1.164469947366109093e+00 -4.976911369487782899e+00 2.783706881247631770e+01 -1.174809707297145422e+01 1.069798768339065909e+01 -1.131652695880177362e+01
-1.552840530550701033e+02 -6.118761251864719952e+01 3.956037487176413947e+01 3.241439627866373741e+00 -4.235669984337814498e+01 2.852690953096762883e+01 7.471880916596433941e+00 -4.050297482380623038e+00 1.674946676256909228e+01 -1.411695033623926498e+01 1.445307693294533991e+01 -3.040627449082842659e+00
-1.860644660126877170e+02 -8.548216481518329601e+01 3.208590036877004792e+01 -7.095891634598652686e+00 -4.203206192615466819e+01 3.081531033626003335e+01 2.888829156896414396e+00 -5.243535956706891099e+00 2.113991731091312687e+01 -1.574444537837067770e+01 1.110931030939867270e+01 -3.365133350558600966e+00
-1.397807842828176206e+02 -5.935539854516368052e+01 5.850473708250251548e+01 3.629240301289794246e+00 -4.486420984546478508e+01 3.592751460135360730e+01 4.121404824737378902e+00 -7.600406133765484462e+00 1.670046794993060502e+01 -7.653467220066930921e+00 1.699227885720846842e+01 -1.092905113600234568e+00
-1.682461569584372114e+02 -7.124620316955000021e+01 4.762347108269830187e+01 6.351053926732577182e+00 -5.769563799638734025e+01 2.393258815675901019e+01 4.063142637569761462e+00 -4.285466466412840347e+00 1.586449189363816537e+01 -3.923816394031746313e+01 -1.196043351476146377e+00 -1.299428818846109301e+01
-1.239229148869199832e+02 -5.089501876305853756e+01 4.704883999122705518e+01 1.031646654246353556e+01 -4.905062232961353885e+01 2.162637112565710140e+01 6.937135325490380922e+00 -2.095519523003249951e+00 1.208340292484806433e+01 -5.333491073943523730e+00 1.703835332559238580e+01 -1.576179074021507276e+01
-1.426984159188214676e+02 -7.198747042422178311e+01 4.077933383741206086e+01 2.123410039432987872e+01 -4.295365342524982566e+01 1.798636007646154766e+01 -6.293063919335892820e+00 6.864150387155815380e+00 3.248724326905546178e+01 -4.720388971192425842e+00 2.403093669173071589e+01 6.816570145470006281e+00
-9.069937997522428930e+01 -1.362190493110365352e+01 6.753202962441999091e+01 2.368715383198507851e+01 -4.406916087399567772e+01 1.285797038447909557e+01 -6.002996909862856612e+00 -1.726508695824297668e+00 9.369931408981773124e-01 -1.967311976766772119e+01 9.682666219445060563e+00 -8.692748570241890960e+00
-6.656930054721854617e+01 -2.042181826982056947e+01 2.190699753820699769e+01 9.178974518642224467e+00 -4.704433270597181860e+01 1.819131241858799086e+01 -1.132866810332293994e+01 -8.356725534897417873e+00 8.328937159620332764e+00 -6.660383711516504768e+00 1.737935547139148085e+01 -1.131101386094274019e+01
-1.074107572629210239e+02 -3.166299743579352821e+01 8.250343952679743964e+00 1.654507260550108327e+01 -4.311344572104233919e+01 1.316278350253529439e+01 -1.180714568593731428e+01 -1.828475459464076636e+00 7.874304994077649944e+00 -1.571838176216050087e+01 8.531115850843635329e+00 -2.852691209160370178e+01
-9.406706734672079051e+01 1.782911463774707883e+00 2.216916736085248019e+01 2.871200197946605570e+01 -3.098005275107927758e+01 1.170218802112395551e+01 -2.329589428438836052e+01 -5.870154067775337658e+00 2.138138721759555771e+00 -2.272733307316134699e+01 1.106051670824283306e+01 -6.458423789511535063e+00
-8.863706819519211422e+01 2.552161874345659776e-01 -4.223313207722002360e+00 6.131065007663387689e+00 -4.455625870789465637e+01 9.282285690491876906e+00 -1.311242395653190584e+01 -1.723346631119602179e+00 7.651279745857467951e+00 -4.797346500863241658e+00 2.101582536853940297e+01 -8.574241817308667635e-01
-1.120698147592153617e+02 -7.898557230572389010e+00 -4.244719527061814546e+00 2.197998305062798252e+01 -3.209056048675825679e+01 1.455400637633126948e+01 2.514238932533713333e-01 -1.311051062172408876e+01 -9.089842688077606425e+00 -2.497546750158636542e+01 1.177559990605015194e+01 -2.945231174180840128e-02
-1.003907734417525148e+02 8.090323788644844250e-01 -6.948561479330884971e+00 2.170636220534345640e+01 -3.285436893707696271e+01 1.002665538610811424e+01 -4.945284621633058819e+00 -1.319325156709106039e+01 -2.742071969345855287e+00 -2.913526137525706616e+01 3.200411747666366935e+00 4.726971475028195258e+00
-1.143180916072850835e+02 9.453092968930475237e+00 -1.786488374377166721e+01 1.980802615406004463e+01 -2.209302427723304874e+01 7.064714890672683545e+00 -2.001075522720505706e-01 7.690695311387562683e+00 1.472388526109878981e+01 -1.376197007454412002e+01 9.566979542304686390e+00 -2.829154454140991426e+00
-1.111627389875254721e+02 4.465698033979580650e+00 -1.769726020471807004e+01 2.406885781987497808e+01 -1.441500557001282345e+01 1.780627244131652986e+01 5.954443896016704763e+00 1.133605060076693505e+01 8.847445576036347958e+00 -1.568996718224950726e+01 7.966925678016274048e+00 5.561193961805431130e+00
