-1.108357521340030445e+02 3.971466233652203304e+00 -2.930944911580989753e+01 2.116461263479286714e+01 -1.490929243790740166e+01 1.742492458022970681e+01 8.054857808666762153e+00 1.045790665518138951e+01 -2.859610863044213858e+00 -1.092883295433077429e+01 1.332501259027786311e+01 -1.852969994623354655e+00
-9.484443703390414271e+01 4.565964707467141892e+00 -3.000317766313223089e+01 2.154464757161568400e+01 -2.421206434857738898e+01 9.356952000645611278e+00 1.294761530633836699e-01 -6.825137438217354635e-01 2.221843562957991125e+00 -1.540401667070991820e+01 1.708171279450657920e+01 8.383488712907023466e-01
-5.731336427837510428e+01 4.102763540314047930e+01 -2.168814783819264402e+00 1.488851357681779319e+01 -1.596888059985371733e+01 1.416893246530441353e+01 -7.565792005205273618e+00 -7.244268305434012234e+00 -9.155412994211118871e+00 -2.145780983736838721e+01 -1.251019778601794918e+00 -1.022479036249099593e+01
6.461740151062100423e+00 9.768996570993591888e+01 3.094484119673995082e+01 1.668507759691047099e+01 -1.331275161802150997e+01 -4.131735662132870246e+00 -1.786539223045866720e+01 -4.593576272288673046e+00 -6.774771648281968872e+00 -2.421413312031610587e+01 6.737322832683609874e-01 -5.631979948046042850e+00
-4.629057554227524740e-01 8.406131994143336783e+01 2.379774652082742747e+01 2.439000348080865166e+01 -2.491345295728179465e+01 2.701974870912564164e+00 -1.415288699436267095e+01 -1.285302046470326331e+01 4.060906197105264681e+00 -2.030435601860863670e+01 -5.500265405127599649e+00 -4.439519304353082063e+00
-7.101227522102343315e+00 6.774998009407053701e+01 -6.918318834265551942e+00 8.053042238415915932e+00 -6.196764182900344586e+00 -7.009332915068795522e+00 -1.424627020855153425e+01 -9.863879334774711793e+00 1.693197134088429756e+00 -2.378485440446890209e+01 6.111525096901918586e-01 -1.520764940689709022e+01
-5.511203449518042419e+01 6.888096353388172588e+01 2.788992954763632071e+01 2.504375745116345442e+01 1.158589817572277880e+01 9.874508648803288935e+00 9.316004954464332855e+00 2.507149760965738050e+00 -3.915187307707990616e+00 -1.722864509193309601e+01 1.614005852672204000e+01 -4.381051560584946714e+00
-7.582914965519096029e+01 6.477965156650034828e+01 1.935699822347070054e+01 1.540090624670449770e+01 8.303626622293604598e+00 2.682261804743056199e+00 1.490372237547995482e+01 -2.332058918497410538e+00 -8.488752932891594938e+00 -2.747119932173186996e+01 1.302403318777495045e+01 2.639396163912493432e+00
-9.173745463949927625e+01 5.312556871363615585e+01 1.432732007582745481e+01 1.862420584246448030e+01 -1.920997049829681114e+00 -1.315429838341783508e+01 4.506862578156658472e+00 -1.803786044510487585e+01 -5.593772950346414419e+00 -2.722552170853361631e+01 1.294487689176579082e+00 -9.936652563791518844e+00
-9.696692422675945977e+01 5.245737268270119102e+01 2.514308430249204918e+01 2.543796087486274615e+01 1.402701608732109051e+01 1.349211560038888358e+01 1.982176637877320857e+01 2.492961070290393266e+00 6.609599752460804112e-01 -2.804790185990575679e+01 1.121267497035430161e+01 -4.284305159101423399e+00
-8.272299804066864226e+01 5.311017014196601593e+01 2.001670304749267970e+01 1.739854530436350188e+01 -4.680012878992699576e+00 1.027239312720662490e+00 1.414353533232300641e+01 -1.339723161487806635e+01 1.248510042352034333e+00 -2.614799881325494368e+01 1.764143626422532529e+00 -1.797204544113061786e+01
-6.678531995083629624e+01 4.578696625955905120e+01 1.903981778089941201e+01 1.476174776280968892e+01 -1.378736957622913195e+01 -6.540561984456225275e+00 5.224228736514176852e+00 -7.638273099301147617e+00 -2.242966759964648560e-02 -3.527309574487902211e+01 1.019095621941949403e+01 -1.455167481310599520e+01
-4.683775467896064271e+01 5.470528251360314442e+01 1.810465897533063639e+01 1.738291042377921158e+01 -1.093495274475430179e+01 -1.399864369803229280e+01 9.479833175154080749e+00 -1.298274831520513040e+00 -1.109024866998927017e+01 -3.113460550410212946e+01 1.074776102790475818e+01 3.683635455019993898e+00
-2.986997467561860375e+01 6.273564387154156208e+01 1.808268978639497959e+01 7.921513084081457379e+00 -2.231132929125542574e+01 1.275505925407851926e+01 1.518428339349872758e+01 7.090513096113468805e+00 1.561639262617383039e+01 -2.157294238210379334e+01 2.869469477936295476e+01 4.825454263837277935e+00
4.878161735359253903e+00 4.561594190612645860e+01 7.769978469865963078e+00 -1.581119629907094648e+01 -3.628891345404672109e+01 -1.058325669862276897e+01 -1.529347648130328885e+01 -2.821734175740393535e+00 2.736452763637931440e+00 -2.415761054299413502e+01 -2.104440877809118149e+00 -1.614697537488696355e+01
2.893262980278949570e+01 8.332719091611107842e+01 1.294457382235719223e+01 -3.659910361593442474e+01 -5.051011513112044327e+01 -2.877328175168019442e+01 -1.796609634190648563e+01 2.303930825988519260e+01 3.947029462592648308e+00 -2.612516489043442292e+01 2.469154967084873586e+00 -1.093308949235366256e+01
4.673740882466850621e+01 9.112883759595260358e+01 1.149603134309947805e+01 -4.323544143136177809e+01 -5.837480384142047996e+01 -1.388288973383349401e+01 2.342702605482354983e+00 1.923894263986009889e+01 -1.278736468055652331e-01 -1.005816253758725054e+01 1.332151300660635229e+01 -1.133769049947876084e+01
4.763834797169271695e+01 5.402779264020164618e+01 -1.857634479442301867e+01 -3.881213261871681652e+01 -5.527931967819066017e+01 -2.409936980191942268e+01 -1.689459820610660046e+01 4.320355747652905976e+00 -4.657378542756902107e+00 -1.501237842686564683e+01 -4.222925589620818876e+00 -1.597588239243200547e+01
6.916632590411265369e+01 5.031042075659129864e+01 -2.818691717612609438e+01 -1.575610994576404167e+01 -2.298507132797104546e+01 -8.718253703295554047e+00 -1.786004824135503810e+01 1.304071582175594912e+01 -5.444438555173890748e+00 -2.094656317495000764e+01 7.589407828659802568e+00 -1.100651948012732717e+01
3.950369895569203038e+01 6.714001261461467607e+01 -3.343333213144981997e+00 -2.423611636793135560e+01 -4.836497088460910732e+01 -4.075747324009640238e+00 2.704193296850359474e+00 2.402095492552458467e+01 3.328983730446191203e+01 2.069258329573311883e+01 2.386171506322472169e+01 -1.099224369719896899e+01
4.326396553373666620e+01 8.374336354054911169e+01 1.412103246075287588e+00 -3.222677192889076991e+01 -6.499295616727440006e+01 -1.536615858206855556e+01 -1.637257915573599476e+01 2.030760859370266758e+01 5.415666974835590786e+00 -4.935706012555651334e+00 1.197897223823390611e+01 -3.602857097131622766e+01
5.163564528571264134e+01 5.122195663125096132e+01 -4.256110717311611502e+00 -3.075634327913502375e+01 -5.125117239693426541e+01 -8.247495898606493014e+00 -1.652611790285752846e+01 2.001417278940569844e+01 5.422691366784175848e+00 -1.913067998593772501e+01 1.488385432777330486e+01 -1.866147948765701514e+01
5.466788938487238170e+01 6.935889986960850706e+01 -4.649518600977192939e+00 -2.936131972385347666e+01 -5.324385423659555272e+01 -1.589308149149344551e+01 -2.281019392900491383e+01 2.422062990897765289e+01 7.809341622966338825e+00 -2.414157559123058405e+01 1.152301183701905174e+01 -1.968534025770766149e+01
4.389628483122877611e+01 2.812370236054087513e+01 -2.390452208788472532e+01 -2.369118050672584275e+01 -3.076426701442305500e+01 -7.926791481910769654e+00 -2.664187889644124851e+01 -4.032508594510764155e-01 -9.335999354626620672e+00 -1.809584310603761992e+01 6.418472708928729675e-02 -6.426691693900130176e+00
4.295036382275436893e+01 5.469461535311116052e+01 -5.500254391601796300e+00 -1.452735987920048011e+01 -3.118748474164052098e+01 -1.165906991661372238e+01 -2.146308825772810636e+01 1.564251678842264326e+01 1.965735622503090418e+00 -2.567066328341216064e+00 1.701590465335383584e+01 -1.654760231074413213e+01
1.421164612984584252e+01 8.126295808581143376e+01 1.534814737062371215e+01 -3.537214286072990888e+01 -7.255978458586044155e+01 -3.281252065801233186e+01 -1.832736043316087660e+01 1.397382346672974407e+01 -5.185317455497582273e+00 -3.564533913018946976e+01 -1.902523430709823771e+00 -1.294106596682093802e+01
2.711684263871551082e+01 7.457258893476026174e+01 1.011911366453157335e+01 -1.904806232300938262e+01 -5.112983988170515204e+01 -3.510595740072394477e+01 -7.083249216998237507e+00 7.927358742952540283e+00 -6.636708077487046609e+00 -2.038983856419115170e+01 2.550064310233097764e+00 -1.864291749165214185e+01
3.743624598340584697e+01 3.909517638354794400e+01 1.260571337531919767e+01 -6.538424233716304101e+00 -4.422334096196316011e+01 -1.140549706250134321e+01 -1.174105348375224089e+01 -2.268111197316724503e-01 1.994164258326379446e+00 -6.024194036604463065e+00 6.123065095822989079e+00 -2.274240684133742363e+01
1.612790200249309081e+01 7.274794527545608958e+01 1.151602072137625221e+01 2.196646433651278585e+01 -3.879657988138056623e+01 -1.658023901728833405e+00 -1.124092262821052302e+01 -6.830405705434305474e+00 2.772959719529676903e+00 -8.253757026651436846e+00 1.666034900857539824e+01 -4.776970959864911492e+00
1.824381707483839676e+01 7.001553078607098257e+01 -1.546891261277306739e+01 -4.801352112319698939e-01 -3.517331104606962811e+01 -2.781413661047841934e+00 -1.186357338362686775e+01 -7.420650022182498695e+00 1.503124055073065435e+01 -4.912871202156688710e+00 1.066046509609661896e+01 7.552305774355785317e+00
5.138380020278843219e-02 7.493263554174244234e+01 -5.720313907876464654e+00 7.573955372183777790e+00 -4.679965679737914286e+01 -1.558919794222590838e+01 -2.128882414084679908e+01 -1.738668871718281039e+01 -1.062636070803742339e+00 -9.917333801545925809e+00 8.611531597244148628e+00 1.255618582539463457e+00
5.592355821694868112e+00 7.593697541300230114e+01 -2.441056285522108737e+00 1.433515847141129562e+01 -3.490054478314196018e+01 -3.494770835108658602e+00 -1.814306518466088392e+01 -6.741969275974851961e+00 8.383534776393172905e+00 -6.053320573196430132e+00 1.765177303000253062e+01 1.701242294340742944e+01
-4.731400163224250832e+00 7.890877473537531728e+01 8.496583375863480114e-01 3.192770654325808621e+01 -2.760808205235369428e+01 4.421526423384210425e+00 -3.851572704330932240e+00 -1.047057770379943520e+00 3.527431633666050281e+00 -1.905621148791521335e+01 4.395620546311636900e+00 1.594655370521817161e+00
-3.228643700425200791e+01 6.664961911227130997e+01 4.974648638060237715e+00 2.369512908952096808e+01 -2.868953397598122024e+01 5.181649342097411015e+00 1.518663935574736001e+00 3.400240568359559123e+00 1.068652961363254406e+01 -1.330017981505710978e+01 5.141875426068178712e+00 -9.612124241444558237e+00
-3.330107252984873156e+01 4.704114002068450873e+01 1.961968006803332543e+01 2.499113900757203766e+01 -3.495453704887165713e+01 1.010928500470353164e+01 6.364469550482474425e+00 -1.103726795504733360e+01 4.037559293114775016e+00 -6.947001573673897923e+00 5.770133133683709836e+00 -2.929951752429920564e+00
-6.794089695207011914e+01 -2.838243609903993825e+00 4.906796572413744428e+01 1.362979639320373515e+01 -5.500510788474177559e+01 1.518389934898271143e+01 -5.204869617765178980e+00 -1.028854265068495977e+01 1.010687252721170992e+01 -2.436682623510636958e+01 8.015023784910848548e+00 5.331784671562342481e+00
-3.613645474423914550e+01 2.567065091729908488e+01 3.653793388741608084e+01 2.018784719153590501e+01 -3.748924542398754767e+01 1.636422276878721505e+01 -1.052096027701398029e+01 -1.684897861437316458e+00 6.305144041987138515e+00 -2.190033224539051204e+01 5.961149893481008988e+00 -2.425000837537326426e+00
2.608946273380962566e+01 2.545704254127332078e+01 1.630850934378000971e+01 6.155275930878643109e-01 -4.271475455751458128e+01 -4.455632717126453812e+00 2.230675823025218385e+00 -4.528089681061734595e+00 -2.136402003276398176e+01 -1.028636550142916128e+01 1.677108831061075023e+01 -1.783092817748668324e+01
2.767375495918700778e+01 9.187922238222105520e+00 -1.896446845868517084e+00 -2.500248162287920906e+01 -2.464804240504643218e+01 -1.420620723912216388e+00 -1.392755348307006003e+01 4.838234783873549105e+00 -9.292878472173756066e+00 -1.182739990387215911e+01 6.601372879774247693e-03 -4.978049329302333348e+00
1.258758048127101148e+01 5.491867887396810488e+01 3.040993157396628632e+01 -3.967959217986090525e+00 -9.327891085982013664e+00 5.648267196584459526e+00 -1.594202850953595529e+01 4.991637221885380171e+00 -1.928131254738917555e+00 -1.052943471675098941e+00 1.549073319950090166e+01 3.652214436564063416e+00
1.097451408478116797e+01 5.070803790932527022e+01 3.163225989888061207e+01 -1.352227774929052728e+01 -2.084538517782114297e+01 -3.678970011263971607e+00 -2.317203151268333539e+00 1.301467553440211944e+01 -1.626845304383001078e+01 -6.947486621677814611e+00 1.414823888003686037e+01 8.454276754401786054e-01
1.507681229910101006e+00 3.804725164557700623e+01 2.070803571715832447e+01 -1.584710236771061531e+01 -1.701093319996660114e+01 -1.437605053460458748e+01 -1.830300960979304392e+01 1.211408655933752776e+01 -5.708135674861924969e-02 -7.158595975418897694e+00 1.519726332621632281e+01 7.238943727704899800e+00
-8.855026313127348780e-01 3.541824594416353023e+01 5.575711741780907005e+00 -2.905776215860782941e+01 -2.930457817717602609e+01 -7.280175062702069155e+00 -2.026992157251881821e+01 6.546290578315355546e+00 -1.333697376214956343e+01 -1.600952228671513566e+01 1.354152861926098517e+01 -1.947561531838615423e+01
1.215925496799347805e+00 2.127724717963544165e+01 2.223756010030687946e+01 -2.243484042709723170e+01 -2.414048605366381040e+01 -8.137026468889663633e+00 8.708007212030368649e-01 2.364463707603100318e+01 -1.011389667685127947e+01 -9.005272110327240398e+00 1.906135571469447498e+01 3.036658907872997304e+00
6.438395341052673970e+00 2.441443361928830313e+01 2.490969769377981891e+01 -2.103123620525018467e+01 -1.508262918711484701e+01 2.861596161770223468e-01 -1.786098801568272165e-01 3.118527072401745315e+01 -8.611845305639965531e+00 -1.614178863936668762e+01 2.927116704213576881e+01 -7.247022542659232514e+00
1.056564063117676255e+01 7.946401992178658169e+00 1.125107272940617342e+01 -5.816944826314541572e+00 -1.791979858655556512e+01 6.666551171709422796e+00 -1.309098006487044685e+01 2.590435724585610444e+01 1.676799836709230718e-02 -2.417917114227834219e+01 3.138817075979016380e+00 -1.146767465541338815e+01
6.261711616482473985e+00 3.470318003757297731e+01 1.349377620129236988e+01 -1.283699759200004564e+01 -2.462818994590934096e+01 7.747296697230135365e+00 1.986532992465897207e+00 2.013444756049101869e+01 3.841843107994167728e+00 -1.414151697471233149e+01 1.824273742265765463e+01 -1.033536686546464267e+01
-8.712402261543644499e+00 3.097848820083263277e+01 3.347384564201385615e+01 7.171145812635851158e+00 6.820267729381193078e-01 9.192783220170376524e+00 4.394397760204586056e+00 2.475197547131553932e+01 -2.940346404118141965e+00 -1.450190946669316006e+01 1.122247665924255244e+01 -1.700573748744311686e+01
-2.190850019274143357e+00 4.742746553515745234e+01 2.350098625438762667e+01 2.673641470093892636e+01 -9.960466852014061345e+00 1.218845477033748814e+01 1.844245901609602001e+01 2.972190727984420633e+01 -2.424478494957645669e+00 -3.158692251626285596e+01 3.679714323936221554e+00 6.293199462657703691e-01
1.108474080454771382e+01 5.065120726279491237e+01 2.897802034296497187e+00 1.135033872206502181e+01 -4.881426262133349070e+00 1.206108270954588235e+01 4.427082536685682079e+00 2.005882069566194303e+01 -2.396666577214201510e+01 -4.001864667210824678e+01 9.267557804073740968e+00 -1.089444943802953780e+01
-6.766487831002505615e-01 3.114069678665549645e+01 -7.310930080345271698e+00 1.931559437654428280e+01 -2.077790682339225814e+00 1.759307152952816011e+01 9.597161444137812580e+00 2.837612976684670230e+01 -3.803583909630162907e+00 -3.860527462161681456e+01 1.089925306795440108e+01 1.390706458346106178e+00
-4.123180264567245956e+00 4.237792040468562504e+01 -1.817656921283768412e+01 2.580229028397465640e+01 -4.797923785823710929e+00 1.324483556795919093e+01 8.784305568967697653e+00 1.991303632936939039e+01 -8.634705955473195971e+00 -3.981550767908789368e+01 1.395914138670775451e+01 -4.444816785208494991e+00
-3.300305813414154699e+01 3.806839947274421121e+01 -1.218595941855473086e+01 1.288769925715478415e+01 -3.155816822164178603e+01 1.071552987712770744e+01 6.175487530191028362e+00 3.631607969493667376e+00 -7.615121265591604960e+00 -3.317960402671594977e+01 -6.195337671043091632e+00 -1.576739145152181010e+01
-2.594113205359483842e+01 4.878034507229722294e+01 -6.239402123532219235e+00 3.570259134318219907e+01 -1.272361571515987322e+01 1.424899110018411896e+01 5.400563296146881243e+00 1.092321032298477412e+01 3.857142425657745122e+00 -2.171348931391964854e+01 -1.646645231399625819e+00 -9.666913927905081749e+00
-4.437256357329290779e+01 4.964315755361938187e+01 5.305378684653268451e+00 3.955775984236886700e+01 -1.998228601946606631e+01 5.859340283850131392e+00 3.462655945510113575e+00 1.447837649348991462e+01 2.074776438239074849e+01 -1.597116865234545457e+01 7.881212866243604509e+00 -7.574056901641903927e+00
-6.419360563436082145e+01 4.336978949988787235e+01 -8.546637453722329525e+00 3.466875200156034253e+01 -1.495540330552694286e+01 1.280502441045111794e+01 -4.733238397941476272e+00 -2.353098720968147095e+00 -3.792613260237645889e+00 -2.289714763186210433e+01 1.031174723297262297e+01 2.167393573588984879e-01
-7.096842772781462827e+01 3.325082834556461364e+01 -1.974426079486639907e+01 2.569161910282162609e+01 -1.337300113454124073e+01 1.405417287777062363e+01 2.841259647438564961e+00 -2.340034622516538043e+00 -5.948415383754086960e+00 -2.424663824011090796e+01 6.682397297561095684e-01 -2.279960358194673020e+00
-7.297946910022712075e+01 2.533330084063203103e+01 -1.476950549984102423e+01 3.205809441313546415e+01 -1.280519706024646531e+01 1.351469377208913158e+01 2.039011002612997281e+00 -5.089901415633470094e+00 -6.097905490099821080e+00 -2.618228359387622106e+01 -7.546093274820573349e-01 -9.009333851981722319e+00
-8.990039705870336206e+01 1.519798896551451861e+01 -1.209611142367071324e+01 2.896288924481591209e+01 -2.142485268190083758e+01 6.956978343049462055e+00 -9.771607328086201250e+00 -5.562061627470235692e+00 4.873777803023790156e+00 -1.869697555797300481e+01 2.727875958552845148e+00 -1.478928411053237824e+01
-9.418606699222266343e+01 3.183672514639169648e+01 -1.863690368203207370e+01 2.857895125190428587e+01 -1.757698442103574976e+01 1.229431365199106452e+01 8.932496117225280585e+00 -2.168040721675086768e+00 -2.984919046270705589e+00 -2.094564273794816600e+01 3.496283187884075438e+00 -7.351686358772996144e+00
-8.160030161305570573e+01 3.572897725969442462e+01 -2.059107232608580773e+01 1.422055135795481817e+01 -2.648814886809671520e+01 2.245240503103746121e+00 -8.197141198313239840e+00 -4.609249668452527260e+00 -1.128344785975388120e-01 -1.441189977809418110e+01 8.765446238406699564e+00 -3.560072788655509690e+00
-8.964384413012601271e+01 2.156768640151101835e+01 -1.690485219882605961e+01 3.197508130741474019e+01 -8.706474720442397341e+00 9.097237020540854147e+00 -3.758425437688156290e+00 1.700703083595655585e+00 1.182063172597660028e+01 -1.368516897905561081e+01 -2.766792793729677680e+00 -1.386023208806967233e+01
