-8.341046986076867142e+01 -6.724616664593320969e+00 -2.767490996657617330e+01 -1.442970751223121084e+01 -4.915402381110176577e+00 -4.815499020282307363e+00 2.280151093268331763e+00 -1.018108032954490305e+01 5.947976243007937480e-01 -1.271909350999159827e+01 -5.426478836137173190e+00 -5.731617427047297042e+00
-8.551397254992612318e+01 -4.551988984738793320e+00 -1.730948101449087773e+01 -1.066516397774894287e+01 -1.531332453467882360e+01 -5.974542847396933087e-01 -2.603473838960133069e+00 -4.933096760322912111e+00 -2.024603413349872483e+00 -1.067637068338371620e+01 -1.152697622487180595e+01 -5.411473282558262099e+00
-8.528233096670439295e+01 -4.303032494810139497e+00 -1.525308562996468709e+01 -3.298226218429979539e+00 6.374557565888599342e+00 6.579803433688326209e+00 7.207389729388411936e+00 -1.177763403681557719e+01 5.922686811235691184e-01 -9.674279597900310890e+00 -1.627127281554272287e+01 -1.148334870551280673e+01
-8.624104142494252301e+01 -3.313017878687686490e+00 -7.449774181226693770e+00 -4.641590639780816652e+00 1.816737892755574180e+00 1.670496205967298309e+00 2.334109411854435656e+00 -9.430675001726359641e-01 -7.349483697082632716e-01 -8.968583999737852253e+00 -8.925510042316217252e+00 -6.847122720088572478e+00
-1.120987052373529593e+02 -1.939706672928387832e+01 -1.241438445294349435e+01 -8.168005941781899537e+00 -5.304062295843448460e+00 -9.891328741783700806e+00 2.559694894246462571e+00 -2.290738434168231308e-01 -1.128005230484640364e+01 -1.081075902194741012e+01 -6.339789754338209349e+00 -1.265818594255286200e+00
-9.839206790844124839e+01 -1.274461699459207864e+01 -7.443272069917799882e+00 -5.506466144435583132e+00 -1.108520964222143945e+01 -1.817565512118088122e+01 4.979574120084616418e+00 -5.108767441456662617e+00 -1.255562703118450685e+01 -1.051474683189516313e+01 3.140050359809961833e+00 6.807434735437141171e-01
-8.513951028130770737e+01 -1.233749305068500313e+01 -1.035642780870980495e+01 -1.039561513239190838e+01 -7.155740466593629279e+00 -7.923552893486197846e+00 1.644282780129498178e+01 -1.190693409948878845e+00 -2.079333880129874856e+00 -5.029963729302533437e+00 -3.743860228030635451e+00 -2.108894363736864896e+00
-1.051753337696233217e+02 -1.222729627625553839e+01 -1.464608101342619939e+01 -1.332258713276580053e+01 -2.346382028013462673e+01 -1.929894957551809842e-01 1.573644299410522862e+01 1.283738313338214709e+01 3.290254235596747456e+00 -5.553686560679008011e+00 -2.304130699974814789e+00 -5.379511918482848820e-01
-1.148719728855386961e+02 -7.133241574086639503e+00 -4.297720655813776602e+00 -1.368652470211107364e+01 -2.118120328010530784e+01 -1.799154698887724280e+01 -3.216392522304148294e+00 1.023484026870387531e+00 -4.226881864539260292e+00 -8.667216914749388934e+00 -6.862071759857903075e+00 -5.531895031489423076e+00
-1.063855124161129879e+02 -1.415674042773578378e+01 -2.034768524319592586e+01 -1.481405095363833979e+01 -3.362900484766968123e+00 -6.941887175178839797e+00 -1.881223949417247132e+00 2.551679755575076758e+00 -8.002895318702387684e-01 1.326824302335195771e+00 -2.331974466820039282e-01 -1.111432076262821056e+01
-1.017768245018421567e+02 -3.771288897265648643e+00 -2.159403344918804635e+01 -1.572255612682996251e+01 -3.155874525091950211e+00 -9.378491673395832340e-01 -2.057943885807071993e-01 -3.289831802522007465e+00 4.001856697759525794e+00 -1.325125645416795672e+00 -1.138614528114543489e+01 -1.338394958549951941e+00
-9.240104529878405515e+01 -3.445206728592685064e+00 -1.583530249849244598e+01 -3.295084273984821976e+01 -2.088846288270102747e+01 -7.408385557104573138e+00 -3.995569593359018068e+00 -7.205245879853409363e+00 -9.705005250462813038e+00 -8.045189265119500277e+00 -5.609041028682716146e+00 -1.649945171983701897e+01
-8.209430649712584227e+01 -2.952199029338460790e+00 -1.302214812918059295e+01 -2.317291890687883438e+01 -1.119930897116109492e+01 9.639978777487820949e+00 1.270601458362180125e+01 1.055752422733863938e+01 6.959250933582829646e+00 -9.373499934802134170e-01 5.253240166182792104e-01 -4.142483109514846440e+00
-8.624564595557225744e+01 -7.813111333277028336e+00 -5.474589346598659034e+00 -3.489680060361823877e+00 -2.393819196009103578e+01 -2.017121197064982852e+01 1.299353637336298384e+01 -7.952504767297840615e+00 4.429586462449231377e+00 6.321419214962426203e+00 -7.062641699165268960e+00 3.830763005811034017e+00
-1.040669677691198274e+02 -2.892357182365654111e+01 -2.734801344251746258e+01 -1.668865186646294063e+01 -2.372135752168232159e+01 -1.103038163012933737e+01 1.867894193086664245e+01 -5.702507855928612202e+00 -3.130792962463730511e+00 4.918695265107100312e+00 -6.434161416583039639e+00 -5.152540598118932280e+00
-9.086027655864270969e+01 9.005945603863148019e-01 -7.968447003301067255e+00 -8.552980684380587562e+00 -1.161009123591479053e+01 -7.695745881406188538e+00 1.819987560553831685e+01 1.396414619024289649e+00 1.226648059060305052e+01 3.530422339194153381e+00 -6.466786130087166740e+00 -9.646420108772677082e+00
-9.241870613321322026e+01 4.154089879222421899e+00 -2.004175368755908515e+00 -1.364357936585660624e+01 -1.014857173734396767e+01 -4.940618686576058849e+00 2.331902578249658120e+01 2.935666589903096924e+00 4.867349774266969575e+00 4.408023269888900586e+00 5.805647015820072809e+00 2.184481179536007289e+00
-9.957834248990977244e+01 4.662627945439010158e-01 -1.626156216336510596e+01 -2.096308741004690290e+01 1.011812281414119941e+00 5.443512389108544625e+00 1.448860945583978044e+01 -6.285094996817880419e-01 1.689520242451610699e+01 9.141304378244695883e+00 -4.364090762252380351e+00 -8.663485905579179303e+00
-1.029024904697202487e+02 7.154659696008468517e-01 -2.123754859911795023e+01 -1.566735074129341143e+01 2.420818945033921477e+00 -1.614617214922488841e+01 -2.584502522101413291e+00 -1.446241615674035685e+01 -2.165505784676681422e+00 -4.607756714964242661e+00 -8.601609966504586424e+00 -4.631955842686160452e+00
-1.162558549933674783e+02 -8.036160247700372850e+00 -2.523780259064457709e+01 -1.966347072914869187e+01 5.694163073118039264e+00 -7.546882250411704796e+00 1.335424249325847335e+01 -3.057056767025275512e+00 -2.203595066964463722e+00 -8.710916065155593913e+00 -3.117974879904105379e+00 -2.535621484048733443e-01
-1.095834423589000011e+02 -8.203168233223733452e+00 -1.176107629309533209e+01 -8.972647157354401770e+00 -9.369141568581362378e+00 2.035895518392282444e+00 2.825714515464832743e+01 7.598359558497129740e+00 1.841621598667764914e+01 2.879595836794998753e+00 -4.361034086101389207e+00 -5.681218010810201946e+00
-1.094952342203700653e+02 -1.506412591823857738e+01 -2.524794427337563718e+01 -2.466718145841222665e+01 -7.267990565028626726e+00 4.670574460598157174e+00 1.665677274406420949e+01 6.781956918542253021e+00 1.402438078073028294e+01 6.688688972140022670e+00 6.321918041069800598e-01 -2.349871218250404237e+00
-1.074662621235022471e+02 4.659868809761730901e+00 -1.388415152859373336e+01 -1.889470830229943488e+01 -4.327310378408146363e+00 -1.811477187397463950e+01 -5.527346145933204724e+00 -9.315869894489784642e+00 8.700276522166468851e+00 -9.220693254107285242e+00 -1.254596577456919348e+01 -4.594799943687458921e+00
-1.065399412644414952e+02 -5.524485343868246190e+00 -2.679960478808616031e+01 -1.470304418983499417e+01 -3.384415911193047855e+00 -2.005783346188118799e+01 3.451157466320889711e+00 -3.854668676454262588e+00 4.028674512901991633e+00 -1.003315366472045334e+00 -8.361825142425475477e+00 5.756255074243969538e+00
-9.787845068076900645e+01 8.560426431640495437e-01 -2.012291340236061643e+01 -1.262868044800586809e+01 -5.013551513073196020e+00 -1.143475567236685109e+01 1.514822336941496062e+01 -1.361614398383204527e+00 8.052319772425775568e+00 -3.495707682500585278e+00 -1.840779232725946901e+00 3.359501343321978251e+00
-9.712994606555517407e+01 1.391761251167671798e+00 -1.250072303558475184e+01 -5.235642241651452089e+00 6.590459969693490017e+00 -8.558390970387163676e+00 8.344560275770844804e-01 -5.526040794437420800e+00 1.397217329257052754e+01 -5.934436955579798223e+00 3.305608880474752098e+00 3.396497752716685081e+00
-9.677546257331925972e+01 -4.251900203825817570e+00 -1.392386664930288021e+01 -1.237108880278110590e+01 -6.056237527695072842e+00 -1.318338066528427355e+01 6.790108393658083941e+00 1.803743987945121585e+00 2.015982881290644002e+01 -8.485385108549596822e+00 -1.625052540580425253e+00 3.445524123642419667e+00
-9.465665087439953140e+01 -1.959175883440266475e+01 -3.428875715145285596e+01 -2.439077433044343834e+01 -1.038462136327118657e+01 -1.250337227894426029e+01 1.462492337736132164e+01 8.185970424973016080e+00 7.054138358368283512e+00 -8.144019500904949638e+00 8.218172187080531543e+00 1.082060297681421623e+01
-9.752243122287666210e+01 -3.582516035631968077e+00 -1.686400901062393842e+01 -7.525612031845875904e+00 4.352365939942197670e+00 -1.845510360289299001e+01 8.864813456565336480e+00 -5.202120080403684454e+00 -5.438556495850422223e+00 -2.992400194076865194e-01 5.807162501683904132e+00 1.696939187254478787e+00
-8.798648250735949716e+01 -3.899502229432008082e+00 -1.516820512248324349e+01 -1.569157025691086282e+01 4.914977538384986744e+00 2.389564717512546732e+00 4.912337079882673763e+00 -1.038373733472505123e+01 8.583275790949539186e+00 -7.537205234519933406e+00 2.847475600426517817e-01 -4.886704283510696634e-01
-1.171655735643333855e+02 -1.612421786985414229e+01 -1.578896598358853254e+01 -1.544956589392036284e+00 3.397202320180186419e+00 -4.146201251224613138e+00 -4.833803987286857229e+00 -1.177287885179779003e+00 7.912009953636427895e+00 -4.691950603364571037e+00 -4.458851450648859682e+00 6.074735181550323659e-01
-1.039491248952140836e+02 -2.195131398710234549e+01 -8.351168634100821109e+00 -5.295451286141261704e+00 -3.807574911444127075e+00 5.374494373742180642e+00 3.201387462385618665e+00 -8.435401745543009255e+00 -8.526610406527794339e+00 -7.158444191659381062e+00 -1.363764277745867126e+01 -1.124692989787916098e+01
-8.932571973241797991e+01 -1.049019756012294025e+01 -2.396593120045208281e+01 -1.927510694143848013e+01 -1.590636824531730609e+00 1.312146438721650821e+00 1.055589143857663714e+01 5.460289935375540971e+00 -1.473341412450055454e+00 -1.122233643068944531e+01 5.258587459851977286e+00 7.727712788075022488e+00
-9.368268313215462229e+01 2.822634940359618039e+00 -1.642581815234751730e+01 -1.179872317960043659e+01 -8.123761746771894110e+00 5.668142634984620898e+00 1.115277034001210410e+01 1.729674025006041660e+01 7.381867464886310515e+00 6.732954603048904474e+00 1.290697418312076827e+01 -5.229612534458538686e-01
-1.110371580687714186e+02 -6.561672915174402654e+00 -2.786725977382469921e+01 1.918956413937918271e+00 2.864382492814440351e+00 1.475962956498277912e+00 1.478475563579714880e+01 1.412463668563236396e+01 6.597452194334801234e+00 -5.639881417257628371e-01 1.154095438595749989e+01 -5.359099344255982444e+00
-1.437468330237608143e+02 6.187689968312289679e+00 -2.554913247844844193e+01 -4.167087563948450146e+00 -1.554670443836912952e+01 -4.156085030188886087e+00 1.663450110272700755e+01 -9.059935034928892073e-01 2.075246448606057470e+01 -1.079939141651164825e+01 6.204727037232158793e+00 -2.419527219765643267e+01
4.513439076537394179e+00 6.126025384533295437e+01 -4.840877895424007704e+01 -1.072245488146643488e+01 -5.184970165281017174e+00 9.662005087721066143e-01 1.153328430939741445e+01 -2.293901959167081017e+01 1.322732738982317002e+01 -2.978751981288310091e+01 1.365466701378498016e+01 -1.887906395587041786e+01
1.151181746602657654e+02 2.337422948939524048e+01 -1.129253420046838698e+02 -5.344176804336796494e+01 -3.943180926894767424e+01 -1.277061474854745526e+01 -1.051133732786746044e+01 -4.624865882710808762e+01 1.321292764701208045e+00 -5.215287652811981900e+01 7.510615048680016059e+00 -1.806015020408232985e+01
1.171273105490780040e+02 7.327752944305219174e-01 -1.112489885180228413e+02 -5.989171065532764260e+01 -5.403786604809657490e+01 -7.141940117012934408e+00 -9.900945702474750476e+00 -4.619602653031292760e+01 -7.141534387911361303e-01 -5.305811696941225364e+01 7.487555621410663775e+00 -1.907463664186882824e+01
1.206133702728556329e+02 -9.296053268335203512e+00 -9.518018727329646822e+01 -5.911617799046108956e+01 -5.392851401688201918e+01 -1.126239662942789188e+01 -7.661809378528358749e+00 -4.176344600785657235e+01 -5.334231012516228887e+00 -4.769200630825578457e+01 7.765691452503078906e+00 -1.569657734457503828e+01
1.249572485493713430e+02 4.090081006236160555e+00 -9.268767843081360525e+01 -5.750499486972098850e+01 -4.562146483623092763e+01 -1.269306355331859315e+01 5.913037618642700277e-01 -4.067850407360444365e+01 -8.621118498051931311e+00 -4.376796466525054541e+01 9.215101343719190652e+00 -1.196263973574784600e+01
1.381190719108346343e+02 1.063901665422152121e+01 -1.054851253501694259e+02 -5.358456990910949003e+01 -5.092136027180023206e+01 -6.391925986696378459e-01 7.724816546800559180e+00 -4.131109880628094544e+01 -3.155464224633908188e+00 -4.460241736294541681e+01 1.358190485960106209e+01 -1.634012366520801862e+01
1.466223445566869259e+02 1.532865215041998930e+01 -9.835555933647705729e+01 -5.481494999932851897e+01 -3.932293206187176793e+01 -1.595085578881912269e+00 2.111541281869544306e+01 -3.108352869975301047e+01 -4.064711349638082893e+00 -3.019759519421835847e+01 1.239373999545784422e+01 -1.661690901049649227e+01
1.465719340514522742e+02 2.146341203124227803e+01 -9.639167374111690378e+01 -6.232385069688066892e+01 -4.123822052376103642e+01 -4.753240024627399585e+00 8.654189109872319818e+00 -3.871876158757045516e+01 -2.869062660332321713e+00 -3.159040913969791475e+01 7.720655839721732860e+00 -1.817335303085836529e+01
1.373194562642761412e+02 3.256064843180401880e+01 -1.142550485870514478e+02 -7.735414435552486623e+01 -3.288484476304486748e+01 -2.540803236603879967e+01 -1.180625578063678560e+01 -5.369131612032440870e+01 -1.308300675010339198e+01 -2.787510169376482594e+01 -4.573160002806721636e+00 -2.432049269821671089e+01
1.180721512964734643e+02 5.990019081834488901e+01 -1.056376554083813915e+02 -7.116058803949417211e+01 -2.846709886267739265e+01 -4.475859358068772664e+00 -4.332948379409327977e+00 -2.735189480810859308e+01 -4.327629835013946291e+01 -7.170032096496609775e+00 -1.647684204622362358e+01 2.593697435525827544e+00
6.019303384752125652e+01 5.157883615856813719e+01 -9.458024027102621289e+01 -8.214467896701557947e+01 -3.605925606647032566e+01 -1.129239040139540862e+01 -1.388030183061923850e+01 -1.496837061793875634e+01 -5.623945242442475489e+01 -6.714274047533241863e+00 -2.850362760647382387e+01 1.552422998674712318e+01
6.561848561168538652e+01 6.410919710002382033e+01 -8.604502646070497462e+01 -8.746887567055142654e+01 -2.918414359989272455e+01 -2.837686653541703130e+00 -2.193369484141725501e+00 -2.299571554763194570e+01 -3.643772582765087975e+01 -1.126382526051646948e+01 -1.834854629305006313e+01 9.284106456697193366e+00
5.455866896473316530e+01 4.498084368995942839e+01 -7.622594075546508918e+01 -7.943712838970415646e+01 -2.520081992880233202e+01 -5.144361764113838831e+00 1.125495911566397389e+01 -1.880961453381044635e+01 -1.468220109322996514e+01 4.318068971613612028e+00 -4.550835727818762777e+00 1.557142785738568236e+01
6.627560761067203998e+01 4.142381552064567529e+01 -7.990086185623795245e+01 -5.335628411523462944e+01 -2.730904762338063563e+01 -8.744263281106110952e+00 7.528394984132377843e+00 -2.796134958192448750e+01 -8.661019721374643154e+00 1.074199615125294160e+00 -7.505714454137229374e+00 4.812953365710816556e+00
7.842786709855072047e+01 3.475157358777667582e+01 -9.055043064581269618e+01 -6.497331207447385282e+01 -1.511064226968566260e+01 -5.160454937630789551e+00 1.482202666780770706e+01 -2.112978399864107359e+01 -1.220549131075332205e+01 -2.045084016592100440e+01 -7.090688078677985118e+00 7.348229393704738044e+00
6.981149083627045115e+01 4.133091529436454437e+01 -8.334733767957486350e+01 -6.917940630852361039e+01 -1.641548689702431574e+01 -1.219480677120115786e+01 3.303592107739640404e+00 -2.016110464398684599e+01 -1.849031312683096928e+01 -2.228777846981779476e+01 9.662201461500583566e-01 2.044302347679892762e+01
3.032965266326263531e+01 2.264597032337051630e+01 -5.901137187200757239e+01 -6.605278061979856830e+01 -1.386162478777004026e+01 -1.853754370938538543e+01 5.942609530849450872e-01 -8.743930413954396741e+00 -2.928184644598276520e+01 -1.885177623024367932e+01 5.499005244209191900e+00 5.269101513410837434e+00
-6.614693676437627801e+01 -6.808651726298123208e+01 -7.388335886465739577e+01 -3.500349965410611475e+01 2.216096285529770427e+01 -5.766972648200194129e+01 -3.552245651645074531e+01 2.839274534662243354e+01 -1.167127424618447051e+01 1.236992745991096498e+01 -1.348251755221733816e+01 1.019325046436076576e+01
-6.853494308726723716e+01 -6.710181010335102769e+01 -7.669698553383695128e+01 -4.111983724442568189e+01 2.237720028845188480e+01 -5.980205627200275842e+01 -3.464375654010915184e+01 3.671232677245903631e+01 -4.959729044498323525e+00 8.725110529006737892e+00 -2.593939846000686344e+01 3.321424814507494272e+00
-4.092219449909737250e+01 -3.988865323555026521e+01 -4.888185319091800807e+01 -3.154191352489485922e+01 8.930895571903239016e+00 -5.796916660393131338e+01 -2.812063745251888491e+01 1.352165730224147211e+01 -1.573946749299797609e+01 2.507239542722254910e-01 -2.724340136172599358e+01 -2.351203160788040591e+01
-4.775457663947419462e+01 -4.843891299093181857e+01 -4.244460635821265271e+01 -1.992695925308475324e+01 4.862550790455269834e+00 -4.748367952639078027e+01 -2.087201448902325041e+01 1.073974212616962554e+01 -1.020427762735759636e+00 -3.655948245844244937e+00 -1.317273788830481251e+01 -9.140677397467378285e+00
-2.547696442632308589e+01 -2.817405695729246418e+01 -4.501153602348439620e+01 -1.454774614662506949e+01 1.095626498199691312e+01 -5.862540478770615948e+01 -1.938675860098259918e+01 -1.427722286647762928e+01 -2.587127572153371347e+01 -1.886146647965743739e+01 -2.631610874347401108e+01 -1.495841233632087786e+01
2.950838790390395516e+01 -1.393443638461364742e+01 -7.418427184959294607e+01 -2.913136847146886765e+01 -3.183522521012779105e+00 -7.549395045960307016e+01 -8.450303966400166900e+00 -1.080132292258891979e+01 -2.510711966764676006e+01 -2.513705843779057147e+01 -1.692246067353917738e+01 -2.559699995006102569e+01
3.743957392740140477e+01 -3.611650127713571834e+01 -9.399194530093812716e+01 -1.657495183918234005e+01 -5.406004763741888652e+00 -8.056805500305219425e+01 -9.224128796137719632e+00 -1.447872789563185059e+01 -2.084860800432595340e+01 -2.106299499556179455e+01 -2.749411055932088388e+01 -2.676668129548856001e+01
4.476212697457309986e+01 -5.117160146797691311e+01 -1.086768568552954122e+02 -1.543909615205311781e+01 -1.192623657096442891e+01 -7.782416949572973408e+01 -3.221947398048993882e+00 -1.588792986829062137e+01 -2.163312489286663975e+01 -2.107548984609365661e+01 -1.362024891776908042e+01 -3.226179586782510000e+01
5.993403675336114134e+01 -4.789178960312990796e+01 -1.117889646556856462e+02 -7.682978813084810454e+00 -1.303057845721463437e+01 -6.868030403172599563e+01 9.412469862859744296e+00 -2.040159508042839320e+01 -1.420934091345569428e+01 -2.503029954954299541e+01 -4.010400895877415550e+00 -3.369872525556601772e+01
6.805605764113956013e+01 -4.204994593866821617e+01 -1.118027790925639238e+02 -1.817083363387892092e+01 -2.083860672289851479e+01 -5.909005548585152212e+01 7.281799304787625715e+00 -2.886490625331775561e+01 -1.387848679634146265e+01 -2.170313037888474383e+01 -4.513088935330689111e-01 -3.830810777551992174e+01
8.156652103208220694e+01 -2.317236766581357799e+01 -1.040361191476156648e+02 -2.243127690663636997e+01 -1.725167465348834384e+01 -6.727931560938378652e+01 6.353526403046227955e+00 -2.386204818394194405e+01 -7.410801832833540104e-01 -1.723590189835852726e+01 3.825627088208944926e+00 -3.265203623072335404e+01
7.734976689415060491e+01 -1.937211951481841510e+01 -7.160699538498511174e+01 1.587604806451455186e+00 -5.334056253018689908e+00 -4.478875938120165756e+01 8.150424385300794938e+00 -3.530184856419712958e+01 -1.906597886675704956e+00 -1.782578523281649296e+01 -6.948307854763902114e+00 -2.344534317455622130e+01
6.201636246605420411e+01 -2.562820810319328757e+01 -8.123870973262064865e+01 -6.212718593429902292e-01 -1.420534018014995681e+01 -5.117685645315769705e+01 1.023720793400488915e+01 -4.296100236540879536e+01 -9.832149810340455431e+00 -1.502140985979716703e+01 -1.603591156430871578e+01 -2.826168603468386920e+01
4.431522292355170123e+01 -3.598092778549944626e+01 -7.620891759363593110e+01 -2.003744098189139322e+01 -8.691988735564052604e+00 -3.272471515437260337e+01 1.769660706148158624e+00 -2.181238221855765502e+01 -9.997649609845213448e+00 -1.903011218821530548e+01 -1.316766243423824356e+01 -2.364768710686337272e+01
6.287297457913474830e+01 -2.868486076569886123e+01 -6.846563548578896530e+01 -2.805083853750869594e+01 -2.828950115060124659e+01 -3.155797943123547000e+01 -4.853772124525711718e+00 -2.009158129444749363e+01 -1.657024663393079678e+01 -2.249591744431272389e+01 -1.400400939845474113e+01 -2.660312188255779731e+01
4.875686651125964488e+01 -2.281835092743369131e+01 -7.145172574327503412e+01 -2.884572898046916123e+01 -1.215272906313736456e+01 -2.813259407370220799e+01 -9.409021684385898254e+00 -2.376672420252092621e+01 2.036901231936987244e-01 -2.275851504678166037e+01 -1.774816714273670826e+01 -1.775732348915209968e+01
4.920937474597395322e+01 -1.994980190021511035e+01 -7.084742921368146540e+01 -2.845745989643815577e+01 -7.331319092877397026e+00 -9.983401484654146785e+00 1.918023453852975013e-01 -8.135326677375882554e+00 -3.663171431621723428e+00 -2.456176815429025240e+01 -1.554383702779160004e+01 -1.194294613039139463e+01
4.178341003705181578e+01 -1.723145496465092918e+01 -7.357677312461319730e+01 -3.618401535181348549e+01 -1.008359090248561962e+00 -1.706778704869312335e+01 -9.279998622028541533e+00 -1.203680772186890024e+01 -2.976376274580668113e+00 -1.142559269558000068e+01 -1.958154655702661984e+01 -2.209916489265390638e+01
4.187764838703363779e+01 -5.371750929684814935e+00 -6.250932201603019678e+01 -4.217070955902008222e+01 -1.889455899738084454e+01 -3.511033464712920704e+01 -1.876393738192848915e+01 -2.364813621775519081e+01 -5.111584653299649617e+00 -5.409898061412357961e+00 -1.422352977180896794e+01 -1.935440119041643925e+01
1.005787347743892113e+01 -1.599075278804064126e+01 -6.511890966944545767e+01 -4.866396378974063452e+01 -2.247918123401609947e+01 -3.429431967194218345e+01 -3.781471701057603241e+01 -3.720571953747621308e+01 -8.819856637229994689e+00 -1.944836080250633614e+01 -3.891193898566713472e+01 -2.157668826431680742e+01
1.734173433880838111e+00 -2.287633747164453268e+01 -5.099099399208441952e+01 -1.940553709868211385e+01 -1.864595188380466340e+01 -3.044407643250866968e+01 -2.618278576693474946e+01 -2.891135820920088584e+00 8.525540704920953061e-03 -6.945099368005326568e+00 -6.007652598496767027e+00 2.786281366089533140e+00
-3.577459358069766893e+01 -2.644508441045733349e+01 -2.568542966978435516e+01 -1.036165880810913364e+01 -1.647839701468009110e+01 -3.160311086404868064e+01 -1.010094543415896950e+01 -5.709979516203652850e+00 1.863542712472074925e+00 -1.824841531692018748e+01 -1.107153554988743771e+01 1.813194140636900897e+01
-6.174683484246887133e+01 -6.079777450355177848e+01 -3.785236560915251403e+01 -1.772708484263481665e+01 -1.082244886033642217e+01 -2.050018790155443327e+01 1.115819923530413149e+00 -1.461921183196229279e+01 -9.330342628819970230e+00 -6.905744544089481352e+00 -2.987573651277257714e+00 -7.557658707063752423e-01
-7.942965170318200308e+01 -7.828153322963757432e+01 -5.288633523358581101e+01 -3.389476248983113038e+01 -1.902758154983821726e+01 -3.906657223098305565e+01 1.151204397974894356e+01 -2.909332966096904727e+00 -6.734935410190563410e+00 -1.960008834687168466e+00 -2.187692507722050550e+01 -6.954509698399106377e+00
-7.736739557185867966e+01 -6.731723406294079837e+01 -5.323659074438923966e+01 -3.362358237641662129e+01 -1.128294700649187021e+01 -3.703615779395980212e+01 9.263112148598782625e+00 4.201760904212551218e+00 6.680321735474843869e+00 -7.141794038229535069e+00 -1.435515704565979078e+01 -7.823298757821187444e+00
-8.451556179042351857e+01 -5.442151652790589367e+01 -4.171783540490416442e+01 -3.652438580037456006e+01 -3.730744350149279853e-01 -3.478795319964125099e+01 -6.053219586454460455e+00 1.772935605311347640e+00 1.026553070420793023e+00 -3.863458142275391971e+00 5.584854268015997825e+00 3.409328029080588074e+00
-1.009085946789235209e+02 -7.779849762915483780e+01 -5.111624176891656646e+01 -3.201253514072934081e+01 -1.367365608248855580e+01 -3.686297736874429631e+01 -1.139009377481726304e+01 -2.548945668282828869e+00 -7.978239171099621885e+00 -4.295601014440129539e+00 5.628508858282297744e+00 -9.083909329680898148e-01
-7.988672805742808691e+01 -6.427791364716071598e+01 -4.535544217341461604e+01 -3.768578577529387985e+01 -2.171563834383272251e+01 -4.101167928848592936e+01 -1.450309388093977603e+01 1.305788730320887225e+01 2.139453400766555102e+00 1.126534174914888720e+00 -2.366440663529040922e+00 8.654289024723027524e-01
-9.275336692456284027e+01 -5.210000851819089718e+01 -4.028607033872962262e+01 -2.453954075204330820e+01 -1.023727245612160175e+01 -3.293523674720115224e+01 2.574255814684959787e-01 4.059742427861879221e+00 -3.803344868799937828e+00 9.888080074889112225e+00 3.389483582994974320e+00 -3.966426793316554900e+00
-8.311883601203629723e+01 -5.465198446344493988e+01 -5.630155865010924288e+01 -2.848007790481499768e+01 -8.554337967117332298e+00 -2.957226912651724504e+01 9.286626004738738338e-01 1.774548292815171635e+01 7.189631301482185322e+00 1.573832735152836948e+00 9.131019035603554101e+00 5.706963248789779897e+00
-8.109438638213381978e+01 -5.986227274260262732e+01 -5.485312398875534257e+01 -3.835304540809887186e+01 -8.453077231113930168e+00 -2.718668524151185295e+01 -9.132639994828481989e+00 8.965500281123805593e+00 4.559238353539424082e+00 3.905940348215022340e+00 2.633351587158481166e+00 8.269069618309327296e+00
-5.293321222763043465e+01 -3.181277705363466879e+01 -3.816673379935069477e+01 -3.908507437343894253e+01 -2.225147511494795083e+01 -4.639881898422910922e+01 -2.385249050190857290e+01 -1.738384172155588203e+01 -9.891581991424530429e+00 2.511610043364635114e+00 -7.095448381937336180e+00 -4.941617767880559953e+00
-3.829512772816949706e+01 -1.481859004528742396e+01 -1.472812305512142927e+01 -2.362206452145418822e+01 -1.526131758859966325e+01 -3.991911116622097211e+01 -2.470290793099457716e+01 -2.848164129384300125e+01 -1.823446077070243376e+01 -1.402129651923074150e+01 -9.301507673615891036e+00 1.908496121797363720e+00
-5.267720500270208817e+01 -6.839016295236200804e+00 -1.396881705331370860e+01 -2.109233658578352077e+01 -9.345282351435468371e+00 -3.953511760829899657e+01 -7.912151667820186418e+00 -3.241751701220687210e+01 -2.182044846523498904e+01 -9.841084067817350345e+00 -1.500429690217363898e+01 -6.475084660738472664e+00
-5.573175370023470521e+01 1.894405183498101408e+01 -1.807763753935843809e+01 -1.036081421133119740e+01 -2.126269695923820890e+01 -3.970936565086168457e+01 -1.522958606815649674e+01 -2.567279163941620368e+01 -2.224914020859902664e+01 -7.294385053182119272e+00 -2.292410770118179286e+01 -1.347449496731146290e+01
-1.398546357485641067e+02 -4.177440350698674365e+01 5.933413872822072221e+01 -2.693749829986821709e+01 -4.178492856280811196e+01 -3.464542033341281524e+01 -2.107509847786005963e+01 -7.917929619548436548e+00 -2.438101214768719416e+01 -2.188277799775084276e+01 -1.463233102063518132e+01 -1.610869857181867459e+01
-1.825179466291519930e+02 -5.697951655953394834e+01 7.696886161594895270e+01 -2.211196161383453074e+01 -4.587690940355631142e+01 -4.423059975009239508e+01 -2.318751069452321190e+01 -1.035305833794608255e+01 -2.690407689559801696e+01 -2.791328721922391054e+01 -1.840352575990392836e+01 -1.997250769649906488e+01
-1.399228999957084056e+02 -2.943674933282196093e+01 5.097650140909599514e+01 -1.485735323952131282e+01 -4.217724694240678929e+01 -3.296286473851584020e+01 -2.741792013011888685e+01 -2.047608319011083466e+01 -2.073157725774049354e+01 -1.608150222359789439e+01 -9.189084211270646563e+00 -6.151304409658184369e+00
-1.550670624544020200e+02 -7.214400683934778513e-01 4.215375970786565318e+01 -7.809138760295113002e+00 -2.799476962620013509e+01 -4.683552551020319754e+01 -2.150078890860119429e+01 -2.711176538980124207e+01 -2.141500994730100516e+01 -1.509517561303555055e+01 -9.635870144519753211e+00 1.782408974408459468e+00
-1.990688354090119390e+02 1.421356287808929153e+01 3.331248732361902398e+01 -1.692301857682669919e+01 1.387083374652173129e+00 -5.958931776410265968e+01 1.538424427348217494e+00 -2.090166727332337260e+01 -1.652366950119840894e+01 -1.725599638522448132e+01 -1.134606426158885917e+01 -6.871178154511666136e+00
-1.873628692852288395e+02 8.167761382531560699e+00 2.558954643282749686e+01 -1.368702584076296702e+01 -1.070025894399922350e+01 -4.232983856812290924e+01 -1.896859334677957420e+01 -3.402840076071628062e+01 -2.393516232463391447e+01 -2.330624236426949736e+01 -1.997358389624880814e+01 5.803599843990041585e+00
-1.776373087300445377e+02 9.633615845655237209e+00 8.726396274052726554e+00 -4.575222435273056387e-01 -4.521430004694661164e+00 -4.695979613611690695e+01 -1.928282443379442412e+01 -2.999504139377328116e+01 -2.216650838969275128e+01 -2.595428612642514921e+01 -8.255744275522827635e+00 2.816858792344752782e+00
-1.839902083263177701e+02 1.788767262399253877e+00 1.310520069278516431e+01 6.559398602847961612e+00 -3.834044535791563124e+00 -3.986846783084342860e+01 -1.394681818104073123e+01 -3.507990435951101382e+00 -2.119113353593417770e+01 -1.930955394485357957e+01 -1.171010182394331167e+01 -2.104759314077411148e+01
-1.923575278511230522e+02 3.565367784890915992e-03 1.244341707680089826e+01 2.254217777374983456e+01 -2.203285720096373979e+01 -4.490836077106364144e+01 -1.799344288071096898e+01 -3.608224382246422834e+00 -8.168160906104834140e+00 -1.753753472035015193e+01 -1.873034803360630463e+01 6.528440003879804721e+00
-2.168960817842649362e+02 -5.069118015414018075e+00 6.130032448590778671e-01 3.299807718915564436e+01 -2.384571340890541791e+01 -4.253962000112481689e+01 5.049500065614969113e-01 -1.748753748262357188e+00 -1.188643808323086581e+01 -1.193734978782162592e+01 -8.200248609228363961e+00 -1.012106986456268487e+01
-2.308543681173568984e+02 -1.973651861863020684e+01 5.521898774706033297e-01 1.362096808001261117e+01 -2.401822433955056368e+01 -3.522233990927070124e+01 1.672249149039456206e+00 -1.532131909058822794e+00 -5.261079323932644769e-01 -8.987305525235861126e+00 -1.054041240186903217e+01 -1.881628205978670110e+01
-2.184867920269603587e+02 -3.198953344799146947e+01 7.702300265706140792e+00 -1.473065243252593470e+00 -1.268637368459923565e+01 -3.290452875481445005e+01 -1.228104940628235653e+01 -4.316728295434447915e+00 -1.015902820963886910e+01 -1.997621844201616170e+01 -2.445041711019772990e+01 -2.091489156471355315e+01
-1.616478311553753997e+02 -4.084401334554794261e+01 8.421500645207581570e+00 -1.123877806286630410e+01 -5.790150977522936504e-01 -2.045141512487698066e+01 -9.771351173806944956e+00 7.159201915507298786e+00 -8.680846282346372789e+00 -1.571026358820282098e+01 -2.515156953605364976e+01 -2.832104089061792251e+01
-9.974565339646471784e+01 -2.021934101931339711e+01 -2.317178271070437834e+00 -2.015910524829767958e+00 -3.016315452121603791e+00 -1.443397365007480637e+01 9.139394377879325404e+00 3.908201214278778757e+00 1.427506774582946170e+00 -2.019745160651306648e+01 -7.943100374978070199e+00 -2.841764299245168246e+01
-1.059418661340745871e+02 -2.629244087753100345e+01 1.621010809001401398e+01 2.034796255793921149e-01 -3.913885062784761004e-02 -2.843628926893361886e+00 1.055761924438997745e+01 -3.381068938069728080e+00 4.950684729947090190e+00 -2.988553994328426455e+01 -1.084802096155212681e+01 -1.917237073465619090e+01
-1.121112976151554221e+02 -2.478111257737773343e+01 2.492689889298763006e+01 -1.281300442323970579e+01 3.554524246469705329e+00 -1.872534285657635422e+01 -3.497469957034360810e+00 -1.243033464901056151e+00 1.561306127127781096e+01 -1.742153862898901906e+01 -1.881236522252591215e+01 -3.199195820770894372e+01
-1.256959003427623003e+02 -3.531124325546788612e+01 1.488552203132081431e+01 -2.100668833428593985e+01 1.539657593111380951e-01 -2.331780167890396882e+01 -1.076029523418617551e+01 -8.847702521357534877e+00 2.563400110389153941e+00 -1.219650198498013260e+01 -1.479071216223903562e+01 -2.170289412989342637e+01
-1.364114338143278928e+02 -2.880911504570219961e+01 1.517125542780223313e+01 -2.938746406773756981e+00 9.308440129356631232e+00 -4.611702788780455364e+00 -1.919059377912266839e+01 -1.230899616392190588e+01 -1.095875215180258433e+00 -2.670349749186499366e+01 -1.397090871974220505e+01 -1.422959207581490659e+01
