-1.114030305113976453e+02 1.544708254047336915e+01 -2.428766581945320979e+01 2.294784815226196883e+01 -2.110743017637662433e+01 1.068472449633691701e+00 -1.065943300771394675e+01 -1.596485299194685581e+01 -1.144091638812527201e+01 -3.194689761657390292e+01 -1.193963483530767533e+00 -3.458813465492174721e+00
-1.033166048940718724e+02 2.415928773697731202e+01 -8.077616379399170654e+00 2.623468114608334645e+01 -1.806221818761284581e+01 8.525435497485734260e+00 -6.832181335537200972e+00 -1.643805793879949917e+01 -8.621270824631276142e+00 -2.747024355586525601e+01 2.000860142117134810e+00 -4.302153812872942851e+00
-1.017315253398169119e+02 2.350230630134988274e+01 -1.823397413672141454e+01 2.574742169662550140e+01 -2.921881231987460481e+01 2.089939933175303521e-01 -9.189007021358689187e+00 3.340277991320770301e+00 1.811255645295922534e+01 -9.214173784299246606e+00 1.363576030347347157e+01 8.050338479983807360e+00
-9.891668513695606180e+01 1.759639021610155041e+01 -2.123770455897340526e+01 3.016118452871037192e+01 -1.524469029548467702e+01 1.423294846338949071e+01 -4.415904796464038551e-01 2.409185182549102855e+00 4.488132979011174584e+00 -1.500984086465080480e+01 5.857039540484968221e+00 1.096046918999038056e+00
-1.092416821409191670e+02 1.324852028820610528e+01 -2.565315330060203891e+01 2.298014596520853559e+01 -7.902503560476456634e+00 2.310888041821464256e+01 1.255502930563433139e+01 1.943848646895470544e+00 1.110817148397986287e+01 -3.355506204316650809e+00 3.154276430823165889e+00 -8.951232285725698290e+00
-1.000751869215809080e+02 2.064910500813753913e+01 -2.359401544150162522e+01 2.635507643403527567e+01 -2.060077228733564425e+01 1.104542140059292876e+01 6.217028108676394993e+00 1.060101159239943636e+00 1.324556850001156860e+01 -1.434073261857339254e+01 1.032628773472879047e+01 2.876981441964411523e+00
-9.570425449509332338e+01 2.531773090461449627e+01 -1.872783587617820089e+01 2.432678723188180214e+01 -2.048129530582456681e+01 1.578101990263366261e+01 5.492770181471211544e+00 2.612690357534861452e-01 1.013294216204606180e+01 -7.336948286965553123e+00 2.273775593347247082e+01 1.007871507347176898e+00
-1.046046873726976685e+02 -4.187187129388183493e+00 -5.275670002361970035e+01 -1.734978125296689200e+01 -4.406168755977307683e+01 -1.093741490644896430e+01 -1.960951592439118940e+01 -3.030154800569169193e+00 2.823576726996910757e+00 -2.407406861174747092e+01 -3.879431232817409203e+00 -2.641631903755801858e+01
-2.827863721589206847e+01 -1.145082049606757124e+01 -6.889407196604118155e+01 -4.587550085942505973e+01 -1.549421132969564141e+01 3.607172362077510286e+01 -1.094092435505610617e+01 1.817967154828716403e+01 3.097309377979283518e+00 -4.399743821940211319e+01 -1.967959457593069672e+00 -7.210831313154024258e+00
1.467932126065254828e+01 4.944212439048322238e+01 -2.008609386691177434e+01 -4.302123517291167332e+01 -1.720384515685571714e+01 4.957421166273232416e+01 -2.609999085645940653e+01 1.541947061482643377e+01 1.348136776006588988e+00 -4.640790097241780643e+01 -9.183769393059364461e-01 -1.351161398873733788e+01
4.807206183205748573e+01 3.953571170687929737e+01 -3.229357403219461276e+01 -5.860739856839403927e+01 -2.059484544595296285e+01 5.165175847021598088e+01 -2.616945149577698970e+01 2.572014271116149331e+01 1.444277176023587828e+01 -4.085744577530469712e+01 8.010158557379256195e+00 -8.324283749086411888e+00
2.901472051505059468e+01 1.982008360151614212e+01 -2.761763026995767945e+01 -2.779782470535893424e+01 -2.530283652006222184e+01 1.658601626452836442e+01 -2.005043104859014136e+01 2.608980021945438210e+01 1.104996558948081642e+01 -2.971548855106927789e+01 7.049665849995655265e+00 -5.386041773601056626e+00
3.092360465190409968e+01 2.407866451580174072e+01 -4.436455751970824757e+00 -4.974820364237515946e+01 -2.516174311139639741e+01 2.624156979881504270e+01 -2.750579432103794630e+01 8.557615161160491368e+00 5.636123728678793299e+00 -2.357504391679488265e+01 8.224917788191149270e+00 -7.919634604296603264e+00
2.654095423242740281e+01 2.115323679562184367e+01 -2.344468655956567105e+01 -5.209502535118053856e+01 -3.272508426393643788e+01 3.486480794518310233e+01 -3.313982829246593553e+01 2.109405626438595505e+01 1.035144910983403932e+01 -2.876618027858737392e+01 2.127209458731046254e+01 -1.201523866235452331e+01
3.166409529229815689e+01 2.661515884336247240e+01 -2.018868258727705012e+01 -5.309837159032723974e+01 -2.822810711363929670e+01 1.975907693509303797e+01 -2.483024656835517874e+01 3.154331507348571506e+01 1.024332969108109026e+01 -3.737850615913246344e+01 1.019423514531054664e+01 -2.229679956012927988e+01
3.130077671223532576e+01 3.735595805616008391e+01 -1.570705130462403609e+01 -4.550280740155168502e+01 -2.050499843455752469e+01 4.189428174999916621e+01 -2.732147326330260739e+01 3.170397588636374664e+01 2.800254496501575829e+01 -3.036112339596675014e+01 1.209769010404457390e+01 -9.350199613716343450e+00
3.536646281500090083e+01 3.379782513220078499e+01 -1.017612119533102089e+01 -4.175185834712354449e+01 -3.598157027108810269e+01 3.492779554069049652e+01 -3.035529575087705112e+01 3.064683210244023925e+01 2.937725578276586447e+01 -3.404070987041251328e+01 5.508223956881647787e+00 -1.093141385969844137e+01
3.422242760307801746e+01 4.257888868503120250e+01 -1.022597110160554656e+01 -3.800235380665386486e+01 -4.481418301359926204e+01 2.345931698419145661e+01 -3.214039075943288992e+01 3.555708193223115643e+01 2.946663210519313481e+01 -3.354093429559600281e+01 2.415063232301895013e-01 -1.409970509205040301e+01
2.562030106119831174e+01 2.713304633578599123e+01 -1.365978212841323369e+01 -5.749150431078914636e+01 -4.645384982936489848e+01 3.324710272325654614e+01 -3.704584876091763590e+01 3.171799995637385550e+01 1.691295122376598670e+01 -4.489982872220016219e+01 -8.740844230202911014e-01 -1.319083542773491402e+01
3.026931858510555884e+01 3.926168326935882646e+01 -1.836684117718395370e+01 -3.661256194772418837e+01 -3.628412696355164258e+01 3.352145031061232316e+01 -3.084161382582206912e+01 2.024961247379435036e+01 3.432290486568102494e+01 -5.202584796795726874e+01 1.892943860987070792e+01 -1.843711356796112000e+01
3.257413295217820348e+01 4.543474801111199213e+01 -3.358082380368595921e+01 -2.993893646910210293e+01 -3.482488508817272077e+01 1.359664336795726669e+01 -2.511079569463223038e+01 7.568498303761949764e+00 2.199800061409772667e+01 -2.704249783782786309e+01 1.060251823690322226e+01 -5.840352568243679876e+00
5.253926350650713317e+01 2.940097063538117084e+01 -1.152069572106152151e+01 -1.892160687377683814e+01 -3.635503341865487670e+01 2.139353458912197414e+00 -1.981596097820328595e+01 1.138477093441515109e+01 2.063720400756945494e+01 -8.832467320361155672e+00 1.207669866803859193e+01 -6.180209894449310681e+00
5.980998924743253298e+01 3.761319423327827138e+01 -1.095106434482264390e+01 -1.643489721748687060e+01 -2.493411660074816893e+01 -8.040536075136266447e+00 -1.883744807760757567e+01 8.155668757007699554e+00 1.368922007667578455e+01 -1.294251532827291307e+01 2.484277184485326373e+01 5.414622834649192029e+00
5.763159911520874346e+01 5.518356586827991350e+01 -6.759987647502128105e-01 -1.670239156131345482e+01 -3.253847417053931679e+01 -1.864894341046745296e+01 -2.102484477496671644e+01 4.139352816020483772e+00 2.205761328153293732e+01 -1.140174697748699906e+01 1.570363493982986824e+01 9.887822252219045538e+00
5.967456904510812876e+01 4.902357955625890895e+01 -1.562504586710834076e+01 -1.918450451659536782e+01 -3.842136998420645710e+01 -1.203766932757268115e+01 -3.498328921229524724e+01 2.039606706202558239e+00 1.153264063112212767e+01 -2.624841968683205096e+01 6.618251067038213975e+00 1.690417028465252658e+00
4.662459043398723679e+01 5.918610673651261322e+01 -3.179713459362853989e-01 -2.174599402003808279e+01 -2.455284810138901008e+01 1.030395842043443366e-01 -4.185401827370301220e+01 -5.162974958582267071e+00 1.761867957868641810e+00 -3.070009046982154288e+01 1.074528520685011301e+01 1.434829976310576072e+00
3.658915065442482728e+01 5.248703307909195104e+01 7.269105220338497375e+00 -1.416306770154414085e+00 -2.448992731334493556e+01 -1.148404985834004499e+01 -2.658045550698030013e+01 -7.773507959807545831e+00 -6.224486577394520381e+00 -2.048444614796242291e+01 2.195465750659056248e+00 3.567987769033696743e+00
4.080184656375457308e+01 5.035878058566351712e+01 3.835845233500302598e+00 -1.230756914453059814e+01 -1.796654028224391197e+01 3.455123803325514942e-01 -3.487763138593486900e+01 -1.406252065976587318e+01 2.764658026765083321e+00 -2.761044301091851594e+01 5.554974675172998033e+00 -4.349913006314132247e-01
4.767468587977606376e+01 5.570811747097764055e+01 1.146072690003228089e+01 -8.581603514944530886e+00 -1.796102630830614189e+01 5.704212092816804969e+00 -2.937775508084704512e+01 -7.282322040385200701e+00 -1.823422185204888635e+00 -1.189679106799534658e+01 4.556625921003309543e+00 3.827075009806209405e+00
4.531038450420604846e+01 6.089327709771339414e+01 1.815957950289947220e+01 -7.391785282515667355e+00 -1.789406301089634610e+01 4.413164907751783161e+00 -1.759784483849566072e+01 9.478907254407231697e-01 -3.996834043570544281e+00 -2.293135482820152760e+01 2.737566642686273255e-02 -1.631276323906262871e+00
3.446421679460051024e+01 6.127891170453982284e+01 6.212022927271275030e+00 -2.098547558782800948e+01 -1.535092644510593907e+01 1.236753445682565911e+01 -2.918217060461778800e+01 -2.884991968220115943e+00 3.820493883111721445e+00 -2.670343771298746205e+01 1.304726934291477036e+01 1.843321934292276865e-01
1.208329642027837636e+01 7.797423386178241600e+00 -3.319998219775504023e+00 -4.526693020321212657e+01 -7.077682508112876292e+01 -1.364756178419449739e+01 -5.552313429877904127e+01 -2.643044301977131028e+01 -8.844784586069298626e-02 -3.595569016486892622e+01 -2.907851217697241530e+00 -2.080701460545713743e+01
1.972419504306012072e+01 2.512921804104680135e+01 1.381109049765267827e+00 -4.077839379619599924e+01 -4.353320523769582451e+01 1.039123648171982106e+00 -4.867637603441458793e+01 2.591782126817885779e+00 1.832989827262283100e+01 -2.970400779141479575e+01 2.387677729484916078e+00 -1.960934787634950993e+01
1.968469995395638250e+01 3.272329273529442162e+01 2.573719378399434632e+01 -3.699742150426912701e+01 -4.027206094777974243e+01 5.504051279038813860e+00 -1.946039257485585594e+01 1.323967853423572905e+01 1.359984650894917735e+01 -4.276922900699538843e+01 2.170863774488351794e+01 -1.140629163302111948e+01
1.517323410966235286e+01 3.233041063370023949e+01 -1.485385023919788106e+00 -3.983808302337759955e+01 -3.668705873825867059e+01 9.208723546094674361e+00 -1.717498713969373370e+01 -9.016575453787819328e+00 1.005425192270977419e+01 -3.345935626612171632e+01 7.727959342114074204e+00 -4.707633414280792294e+00
1.357785639981872450e+01 2.136847824331488610e+01 2.694320554029526527e+00 -2.339541346176475756e+01 -2.159445359118168994e+01 1.492258917201990442e+01 -3.362079492244627943e+01 1.220359378385309768e+01 2.005560891728562822e+01 -3.668371834852397484e+01 2.586410309892536219e+01 -2.303610465681877173e+01
3.700555458527317043e-01 2.702957612060655634e+01 2.485405194302007015e+00 -2.596138256576510273e+01 -2.073875458241953851e+01 1.243159602599246583e+01 -2.727175460852873456e+01 2.502394351226830072e+00 1.566469365461795249e+01 -2.397477921166410653e+01 2.117605382670760861e+01 -2.553522279656565530e+01
1.227503184067584385e+01 3.429710421955115862e+01 4.833172177606222419e+00 -2.710086426498871504e+01 -1.275854752238700129e+01 1.157916439886790982e+01 -2.886029951192926646e+01 2.265284266962822812e+01 1.828363370908213881e+01 -2.313010591285652140e+01 2.166036463632665487e+01 -1.901123633834954774e+01
1.049897372339321322e+01 3.160806404854954366e+01 1.739241358938336646e+01 -2.543167954220544402e+01 -1.164030766683850615e+01 1.483245908087559961e+01 -2.274054088360706771e+01 2.041085777530368262e+01 1.843017726053261285e+01 -1.515846261726231425e+01 2.784679156255594634e+01 -1.657644132999816122e+01
1.036257522999052583e+01 4.938447658799071860e+01 1.875778213578183085e+01 -2.615829204350544757e+01 -1.913628071717442936e+01 1.929137033474161811e+01 -2.372671869478125473e+01 2.537214678556598813e+01 2.937333789601556333e+01 -1.818565336919426301e+01 3.173928930312694519e+01 -1.474320237890475660e+01
6.303117848095115328e+00 5.352904619219150106e+01 3.319080312220066986e+01 -3.043254643580024066e+01 -2.689733038959724354e+01 2.567356934075842645e+01 -2.265478103138391930e+01 1.115836491711286271e+01 3.089840268233583487e+01 -1.965460752558371382e+01 2.805068841235173238e+01 -1.127793786655136543e+01
8.771554429004391196e+00 5.940723905942493133e+01 2.596006796816315898e+01 -2.926101746093811329e+01 -1.925712483171043843e+01 2.476881418575475635e+01 -2.427442266974551188e+01 8.096081341659051134e+00 2.001008000620111460e+01 -3.453958684341167817e+00 2.951801944027499047e+01 -1.095071843115638721e+01
6.543345507388553806e+00 3.111605983174882795e+01 1.788651002338248475e+00 -1.463093606729662710e+01 -2.540133103880536680e+01 -3.761337855262687491e+00 -3.629227473022588413e+01 -1.585180606678903104e+01 1.854421086713956157e+01 -2.749568019924633688e+01 1.673568653717761379e+01 -7.298543958928870090e+00
-5.627085864285512606e+00 3.720338580535374717e+01 -9.267004630804853704e+00 -3.075425890266993534e+00 -2.728632027313587471e+01 -2.065737724504370654e+00 -3.474618023158415525e+01 -8.912485045219945334e+00 8.728045756779150288e-01 -2.133261004848709774e+01 1.876853601764680946e+01 1.089028333708498053e+00
-5.573060144621543088e+01 8.660078936957347651e+00 -2.919348466050046298e+01 -1.344447248426139829e+01 -9.492694271171439269e+00 4.245040156761866967e+00 -4.202040797681848971e+01 3.097116171882813962e+00 3.991836385935138765e+01 -3.977811661593710824e+01 -3.347975564345362365e-02 -9.525603045500423249e+00
-3.926955457618426948e+01 -6.930041292030054478e+00 -9.736398870379296966e+00 -1.279796764906445361e+01 -3.115828174941108486e+01 -1.016699636724448297e+01 -7.137632520609207631e+01 -4.907012552745134926e+00 1.265853763372850693e+01 -4.195423118085097514e+01 1.538157356435270184e+00 -1.906872579555251690e+01
1.498469648178425651e+01 3.483905437801781346e+01 5.750268420390471924e-01 -2.825291599219593053e+01 -3.486962152621255484e+01 1.274803743210232554e+01 -3.633271714975603572e+01 -5.997322245736945945e+00 1.790564959224790531e+00 -4.861116050160308077e+01 1.669282112478642688e+01 -2.667469301510948299e+01
-2.189635461298629071e-01 3.703113854239917657e+01 -7.948910166717773507e+00 -3.378860113517290387e+01 -2.703940496184470987e+01 1.065567738026905253e+01 -3.231907100816290779e+01 1.486397912801828980e+01 1.705035802579402926e+01 -3.070518602352105120e+01 1.774355738204463506e+01 -1.524260879180686601e+01
2.318689073176765447e+01 6.069672390542055496e+01 -6.498167380942135196e+00 -5.897022478189921202e+00 -1.810038428629420082e+01 7.063914021878222371e+00 -3.019644978143047709e+01 1.007424187349863409e+01 1.419724298746964930e-01 -2.617381526279384829e+01 1.314657530549641784e+01 -4.879424235229704365e+00
2.636722587185495215e+01 4.908011939967786930e+01 2.626331132702312221e+00 1.959555048033445601e-01 -1.817387039160521311e+01 6.980306648569822414e+00 -3.281914512681855456e+01 -1.088159073508701624e+01 1.687414635345052538e-02 -2.627904374739075877e+01 2.747919612778760179e+00 -1.467124433396785044e+01
1.316802921668944570e+01 2.887913057835519126e+01 -1.185894812802207632e+01 -1.882958884933032451e+01 -3.137465083529040655e+01 -5.887491982920884936e-01 -3.918699657067597286e+01 -1.463146303747847909e+01 -1.517188247433730552e+01 -3.592624790433281134e+01 -4.712410858857897900e+00 -2.984987079358192474e+01
-9.214889937797792641e+00 1.385850192330441111e+01 -2.057345042699198956e+01 -3.008850065202945956e+01 -3.939821336155740994e+01 -1.471067247708474390e+01 -4.420455567860429369e+01 -3.103885706316734527e+01 -2.088711131133705834e+01 -4.686103403113043697e+01 -1.723079165681678049e+01 -2.812576963851396528e+01
2.209673178523207326e+01 3.137267873883487823e+01 -2.205291623477379837e+00 -3.936869797688855144e+00 -2.513288670248681456e+01 1.244172853143373736e+01 -2.036488067452754791e+01 -1.344059901650019384e+01 6.776410793866034510e+00 -2.250718599644708462e+01 8.957421994644620966e-01 -1.126851399040981683e+01
1.925419481457561943e+01 4.296052068271480806e+01 2.466648316393854401e+00 -7.010057692565734300e-01 -8.835763619533729241e+00 1.380020352062041056e+01 -2.402367125864172692e+01 3.807179257618275248e+00 1.900298022915135832e+00 -2.298446981729084726e+01 1.090160492890680288e+01 -9.640623057611644953e+00
2.723859396260076693e+01 4.646041506428642265e+01 1.369368782630959203e+01 -1.238254733068819391e+00 -6.169619754721219707e+00 2.352653013448877672e+01 -2.529335115753327301e+01 -1.546363216815995756e+00 1.164390382273840352e+01 -2.666891925845305167e+01 5.574203078413985324e+00 -7.542382767157056023e+00
2.436157847831060508e+01 5.245588770553336389e+01 1.560282045618495417e+01 1.049845908644226178e+01 -1.021995707722740221e+01 2.424789947083327135e+01 -2.607445719955394736e+01 4.273725016545927957e+00 1.021411519144112034e+01 -3.202915604317781373e+01 9.059175957520102074e+00 -1.949641351239314702e+00
3.014006524238470064e+01 7.351908227662730155e+01 2.520269392246837370e+01 7.581951702422459860e+00 6.710134781592105746e+00 2.041832785098120340e+01 -2.944872308645696179e+01 8.514993763222630463e+00 6.538186974614880853e+00 -3.759270850036299549e+01 1.123145951021243683e+01 -2.971922767260470444e+00
1.247772140855123446e+01 9.283924979082686946e+01 4.780060044978130662e+01 2.449383268244059053e+01 -1.586034936254542060e+01 1.774468698556511725e+01 -1.638987025699963951e+01 -2.182923857313290306e-01 8.850478783679635697e+00 -2.524349237293407811e+01 9.654072600872243726e+00 -7.338631008721685056e+00
2.394154335077197260e+01 7.428779936033663489e+01 3.407809179242029529e+01 1.461985795818661726e+00 -8.589884232705012224e+00 2.370669823855664760e+01 -2.337269163262945781e+01 -3.999146212831672376e+00 3.977510377738610714e+00 -2.222397797446308942e+01 6.784413237829217458e+00 -4.949349982236398660e+00
1.925143501501415955e+01 4.976980694440464958e+01 4.025462759480245900e+00 -7.995262946714927210e+00 -1.326279261447648850e+01 2.275270639285411178e+00 -3.574879667559872587e+01 -1.121452250406801632e+01 -7.454793436725395850e+00 -4.124735638597533693e+01 -5.455835759241022487e+00 -2.238196079512310277e+01
1.721882124566728223e+01 6.617775602848227834e+01 1.990446389719890874e+01 1.587844991827886432e+01 -2.963518572274624674e+00 2.404299789131474085e+01 -2.376717790365576377e+01 4.141269559740803352e+00 2.351007447393744343e+00 -3.004845983690775313e+01 6.994453913186090332e+00 -8.237119953402448402e+00
-1.315619407848676481e+01 7.663948096384407904e+01 4.356243835012884347e+01 3.351905895785414913e+01 -7.912524858704160557e+00 1.931958487402217273e+01 -1.427811435424069053e+01 -2.940783816587942745e+00 7.081464478970119991e+00 -2.912498124672639221e+01 1.180604203786747775e+01 -3.510265195690143170e-02
-3.061329849313850815e+01 6.201808283274485945e+01 3.108560948317502692e+01 3.177670122014806964e+01 -8.893626501365430315e+00 1.975484215336640403e+01 -2.082052473125580505e+01 7.081259626661869255e+00 5.711389648430597710e+00 -3.963253640760216001e+01 7.642861105221204099e+00 -8.469439157256468675e-01
-3.707761973620966955e+01 4.197840744323992368e+01 8.435120788351323284e+00 2.276459357255333060e+01 -1.787255678588941521e+01 1.110986671250220859e+01 -2.432527669234706380e+01 -1.051733593576096837e+01 -1.805089536394551608e+00 -2.198775424099044429e+01 8.173626884785518243e+00 -5.994897325567974278e+00
-5.366466477534151380e+01 4.897537748636944599e+01 -4.906863575152248913e+00 2.114193425783233948e+01 -2.454331892496435330e+01 5.130975498173850013e+00 -8.745982613849584197e+00 -1.195244328197446038e+01 -1.344251233826561354e+01 -3.655336023995278083e+01 -1.375412527962692266e+01 -1.644019595162473024e+01
-5.798481131169532432e+01 5.420392274395287302e+01 -3.905127482938135053e+00 3.414054542280139515e+01 -1.155528986203253439e+01 2.182976353215252985e+01 -4.940101960822450344e+00 -8.396262832969100032e+00 8.784368457311504841e+00 -2.241627253718030133e+01 -8.386815113294872059e-01 1.540731187203249863e+00
-5.319046234199063150e+01 5.866439642074750793e+01 6.651367454963505566e+00 4.543833149520058612e+01 -1.697573168727194215e+01 4.149407590804030654e-01 -3.297249299398125721e+00 -7.634993519510506754e-01 1.341660650957330780e+00 -1.927272095270495100e+01 -1.204918792763435942e+00 6.519782129937574666e-01
-6.637808200118968216e+01 4.774405742558892030e+01 -1.750725861109200565e+01 2.316975027565041145e+01 -3.051891947026147989e+01 -1.738476441713251885e+00 -1.175471706479786960e+01 -1.459813488262689063e+01 -1.573872936586580096e+01 -4.101372956292540550e+01 -1.506000660215151576e+01 -2.347238210090467447e+01
-4.470868380124926489e+01 5.429717569521834264e+01 4.445007807278903655e+00 4.549333871904883608e+01 -6.438275143079742691e+00 1.848498156349183219e+01 -1.738865040677259888e-01 -6.805229602485267648e+00 -7.895849450666275970e+00 -2.418583528187069831e+01 -8.298567358284932638e+00 -4.715244343500996749e+00
