-7.768162327009788726e+01 1.559627509827822678e+01 -2.349067955434440691e+00 -2.010441634580441672e+01 2.894990173640035636e+01 -7.587266207855293487e+00 2.159490457053763635e+01 1.818998151597686963e+00 3.301386060752234641e+01 1.711467617372722794e+00 2.147776116726637952e+01 2.976883407793178282e-01
-7.582310662487780917e+01 1.546568295100423285e+01 2.267718921629052886e+01 -1.517850164596571538e+01 1.911716022315543739e+01 -9.700207109660881954e+00 4.211843613513362783e+01 -1.380996601131792190e+01 1.690762025520079703e+01 -9.777528860995902349e+00 1.644168438560146228e+01 -1.909229640988012733e+01
-4.740349678885032603e+01 1.586592848719906712e+01 -5.822684808060566652e+00 -3.215380764246940259e+01 2.200396653653638523e+01 -5.354369740647890730e+00 1.704169472756897719e+01 -2.571292037848684942e+01 1.248692888110457755e+00 -1.551040458440096970e+01 2.526913347890627293e+01 -8.737957851511537477e-01
-6.754334416257265161e+01 1.994876265369626367e+01 -2.257264210348931321e+00 -2.516545378828214652e+01 3.641854418727835707e+01 -1.390737989939322006e+01 1.767195845692754119e+01 -1.565118691046001942e+01 1.735948707404212854e+01 -2.953797224939703092e+00 1.982454473388410676e+01 -1.041663696507935200e+01
-6.215128845877923425e+01 1.232369134557572110e+01 1.364742877491975825e+01 -1.761993592167349476e+01 3.339252344673022321e+01 -1.179514919357066205e+01 1.647913315988295579e+01 -1.238349718250712073e+01 1.879490624489236339e+01 -1.656087056026380822e+01 1.604679645726383797e+01 -7.965444660065546856e+00
-6.806469023840466548e+01 2.327216218722844587e+01 1.530083731281929360e+01 -1.760527825445261385e+01 1.727117703036319796e+01 -2.083283547669633862e+01 9.752261403747709778e+00 -9.892127388494747819e+00 2.096895144597860750e+01 -9.240165501266250914e+00 1.342641035634481028e+01 -7.374875082428391515e-01
-7.652524411005032334e+01 3.045349920184508719e+01 2.642383618517235355e+00 -1.407686715198179783e+01 2.622510118758281550e+01 -1.011146769013273428e+01 1.370974753230589016e+01 -1.721858506239171049e+01 1.816423140280365800e+01 -2.140255966130163223e+00 1.071166193111332632e+01 -1.365560268112926323e+01
-5.373690325391740430e+01 2.761293177244679597e+01 5.407063881565669305e+00 -9.827931399916572275e+00 1.554869929560943120e+01 -1.944749002362618739e+01 1.722040359251887764e+01 -5.964491534228809400e+00 1.818167243081136775e+01 -1.295306064946182190e+01 9.997954506850835088e+00 -4.792292906327400459e+00
-9.175388425139966841e+01 1.256975056667788060e+01 -1.304212134996975081e+01 -2.514194237272655030e+01 1.988225057058810563e+01 -1.667025337933669960e+01 1.547589243558033445e+01 -1.016719854756613550e+01 2.148644032828177686e+01 -2.776220582365743539e+00 1.614063530055063467e+01 -2.448458480199824372e-01
-6.588987764491658083e+01 2.422036959807736167e+01 5.875036018642378011e+00 -2.218310695187545178e+01 4.334508293500425680e+01 -9.115631295732701034e+00 3.917056958472568340e+01 -1.114443867394106391e+00 3.235319949124978223e+01 -7.929729270823446807e-01 2.828340791537665666e+01 -4.490693772097359648e+00
-8.954186851755611087e+01 2.498839838620541087e+01 2.289630319389721613e+00 -6.739987325680997898e+00 1.916709541037418063e+01 -1.987565484967232976e+01 2.112229474449994271e+01 -9.391014779160156145e-01 2.571879041344098482e+01 5.014632774268619642e+00 1.998264399467345243e+01 -9.215201224332920660e-01
-5.823456200093854562e+01 2.241911324470353151e+01 1.740010468528775078e+01 -5.173812523103239469e-01 4.292917294503568826e+01 -1.198470275393980167e+01 1.728388747678334880e+01 -9.519679633938544328e+00 1.642269828450313440e+01 -2.660790505044708709e+01 -3.840724404289453719e+00 -3.623473720783542262e+01
-1.855258542287475265e+01 5.464054126592829874e+01 2.196966706176526429e+01 -1.140426720273532801e+01 2.094281638474339857e+01 -1.815874271107637838e+01 9.865444956683973032e+00 -1.704424394060750458e+01 1.144156066947835626e+01 -1.717015408331042181e+01 -1.713843139483470779e-01 -3.331681168445348362e+01
5.406214361387638689e+01 5.922361614514308314e+01 9.747370138820949492e+00 -8.187876225618628823e-02 1.642482235410070146e+01 -2.459974795898644828e+01 6.109636362255713493e+00 -1.880704830986015708e+01 8.082125826551764813e-01 -1.426556007242524160e+01 -1.845538961702507752e+00 -9.091609825782427379e+00
6.879728272338901718e+01 7.598454664318580853e+01 2.091051021545871436e+01 8.611300846222636807e+00 1.908079253427206368e+01 -1.617841400394190998e+01 5.747639946812287626e+00 -1.815507994446325313e+01 -3.070991035018606929e+00 -1.765762982035329998e+01 5.075251921782925058e-01 -8.315786170700910418e+00
6.326842604633242217e+01 4.981170492798413818e+01 9.017094031789095965e+00 -5.928668326178689885e-01 9.901242451962911417e+00 -2.217484101093111093e+01 -1.753298502081199750e+00 -2.099438490882486974e+01 -1.401889090911744162e+01 -2.223809600561754252e+01 -1.340626211109420929e+01 -2.190168370426809830e+01
6.866591922681340066e+01 8.899336695383911433e+01 3.832773141162044794e+01 1.077721454460142070e+01 3.373674839764884581e+01 -1.655683564197912006e+01 5.012544656697329515e+00 -2.300821698149066208e+01 -6.567015747794004987e-01 -2.475401539003389928e+01 2.676870415350463439e+00 -1.861103257356750618e+01
7.800038154691984005e+01 7.177119526396471372e+01 3.884467481470706218e+01 2.558256036592187588e+00 2.698963390027508069e+01 -2.334742898972977798e+01 1.571349205582951392e+01 -2.126463396558009578e+01 -3.288572677186187843e+00 -2.686093358164793443e+01 8.836250266137241738e+00 -1.998580024513399422e+01
6.960342268006473887e+01 3.529678167392211208e+01 1.293587889319683626e+01 -3.641880787206825509e+00 8.989108947993525334e+00 -1.640961932721720729e+01 -4.218545471983118356e-01 -1.895961888055225586e+01 -6.452488510693434876e+00 -1.931869598197545912e+01 -6.685113499204091703e+00 -1.967281251764239158e+01
6.867318407004053427e+01 4.275757309106030846e+01 1.467169893415414172e+01 -8.693154940097124195e-01 1.119567683741055930e+01 -1.621614516020643748e+01 1.111857841379441325e+00 -1.705058546982801815e+01 -7.625386705311565372e-01 -1.926512601287198123e+01 -6.109630082604654788e+00 -1.944511050216883064e+01
6.232155810868677293e+01 5.561768916221214454e+01 1.236443272164707885e+01 1.918625258346556173e+00 1.325889104096254734e+01 -1.006417246877817107e+01 1.456829674863419521e+00 -1.297119899074976246e+01 -3.743741950312502009e+00 -1.787444967704104215e+01 -1.821684900212071634e+00 -1.651744487655402338e+01
5.354105021039344336e+01 6.801909317197046789e+01 2.426037856617174526e+01 -4.119122769663432493e+00 2.678717723154353791e+01 -1.480826624909986045e+01 5.884017482250421871e+00 -1.495966882531310027e+01 2.409133590919654733e+00 -1.712721648369691252e+01 2.332070604416725423e+00 -1.907641308611330189e+01
2.307791307459195096e+01 9.057827904719677292e+01 5.134418828748111707e+01 -3.532199683356487707e+00 3.695779325107422864e+01 -1.711871165880035406e+01 9.048526628755370282e+00 -1.588271167155325081e+01 6.627213653748138533e+00 -1.717534907305256198e+01 1.096828509439095711e+01 -1.952435068350830605e+01
3.311535431035898114e+01 7.103811802723048174e+01 2.085319988096495436e+01 -6.415160337874624474e+00 2.354537520507473403e+01 -1.783624130548916042e+01 9.725044990271317857e+00 -1.765719155136346785e+01 4.756100774050424640e+00 -2.030222070908927279e+01 6.368364597252967663e+00 -1.448700021022134266e+01
4.697863653486335522e+01 -6.721754612115790906e+01 1.201425837993290724e+00 -2.196020929381211317e+01 5.916476982586464040e+00 2.898917245402278020e+00 1.455958055836074472e+01 -4.065204101629663569e+01 1.501157374873977091e+01 -2.138171600387456195e+01 1.466581464933176093e+01 -1.971938248896604051e+01
4.382274129717083611e+01 -5.139624186107242565e+01 -8.102599881307568808e+00 -2.438643898478004957e+01 8.435587865507995886e+00 -4.366559442252919254e+00 1.358277309285756118e+01 -2.902370387128167550e+01 7.284441298259575426e+00 -1.151626548149388363e+01 2.299968038469582510e+01 -9.469625182837024369e+00
3.954488631866324511e+01 -4.063288178669631634e+01 1.070892843702811525e+01 -1.902488078758299395e+01 1.122973535100474152e+01 -1.347039792002716752e+01 9.520680307121644148e+00 -4.690319370866644988e+01 5.511912052861319467e+00 -1.511732803252332857e+01 1.183281343976404365e+01 -6.437267960367564434e+00
5.097883202944251479e+01 -6.490242066418558053e+00 2.239592359470196747e+00 1.291295012431556799e+01 1.381663142239854025e+01 -5.442224322214860521e+00 8.074026004892907338e+00 -1.879633067676792280e+01 1.761417415862229774e+01 1.226873886051009777e+01 1.767627242141443134e+01 -7.874961624223386636e+00
1.224623092712507741e+02 -2.382923718343954178e+01 -1.366330981289475233e+01 1.343914176313976760e+01 1.857204228864422291e+01 -3.357376294109893422e+01 9.692390809725832668e+00 -3.887996759827365167e+01 4.665471073322322582e+00 -1.014946195585823929e+01 1.904688683571477981e+01 -1.866498732577465702e+01
1.129152225486708261e+02 -2.682990580749451226e+01 -3.879844831587006126e+01 8.335190088058183733e+00 -6.558623693142826561e-01 -2.290895901731960294e+01 4.407708319741417746e+00 -2.125395794525307025e+01 -1.392074425962674944e+01 -2.423854126431423950e-01 1.012575844585797213e+01 -1.466276037703244484e+01
1.299605123147654240e+02 -5.334294896426581545e+01 -4.348729098575958574e+01 -1.778251455276760140e+01 9.367043619397760423e+00 -4.593065332795053735e+01 1.582225217132897477e+01 -3.248775488504120545e+01 -1.238976247632845329e+01 -1.280543929172599249e+01 9.180406359041109354e+00 -1.560720860051142900e+01
1.217520591809242489e+02 -4.511821971645405682e+01 -5.572938990737689835e+01 -1.105352692340482079e+01 4.499835006594322451e+00 -2.739739323696142037e+01 1.361774819124967451e+01 -2.738838074379441778e+01 -1.493177995865595165e+01 -1.120264556640508857e+01 9.620297354341314389e+00 -1.598928231457231952e+01
9.637508002754405823e+01 -3.546166062812831399e+01 -4.785686400069721458e+01 -6.562828829092104854e+00 1.369765270343642882e+01 5.248968551722832387e+00 7.604338457861769207e+00 -1.051744594234182273e+01 -1.116691118410744821e+01 -1.023244369034453927e+00 1.169523951233903425e+01 -2.992149498475112246e+00
1.309105522113253528e+02 -3.531302538026916693e+01 -5.947889318124056501e+01 -4.283658924326278594e+00 2.899284723592369772e+01 -1.024982344870107376e+01 3.029957151313114139e+01 -1.832404287452997238e+01 -2.566712248062182233e+00 -1.239929085936851294e+01 1.062802590624242427e+01 -8.937838477467151321e+00
1.377301725199978932e+02 -4.661831227308935155e+01 -4.860021275589647871e+01 -6.942761188897450531e-01 2.861908054352285191e+01 -8.964935257528182433e+00 4.053713520074681753e+01 -1.978297468891461364e+01 -3.416436462780028549e+00 -1.809014010468154154e+01 1.368054639567928277e+01 -1.892971341016155407e+01
1.167408876742676398e+02 -3.668605884876912171e+01 -5.504320108828486724e+01 -3.938042759381648494e+00 2.583834412693331117e+01 5.781276736481530065e+00 2.282800415010434136e+01 -3.364938454906406751e+00 -1.653649400977958450e+01 -1.366225301779554790e+01 2.093452663243359435e+00 -7.095714722102934857e+00
7.870034010637620270e+01 -2.445752519124692270e+01 -3.112648139716122131e+01 -1.097476037523228420e+01 3.826244346951594988e+00 7.078498011239672039e+00 5.147994266735130608e+00 -5.459445769200341303e+00 -1.507920839950313763e+01 -1.324742057097853731e+01 -6.703500768281203115e+00 -1.853267418947384115e+00
9.726837848917111273e+01 -1.961731796446733966e+01 -4.948024190360469987e+01 -2.166311568569678769e+01 1.054274923890358551e+01 8.551537794815958549e+00 -2.987331775508268450e+00 -8.977531556096122856e+00 -4.473530148785295424e+00 -1.011082034376431160e+01 -1.329060937071867343e+01 -7.015487033076283296e+00
1.026544152283596958e+02 -3.913867761401097312e+01 -6.413204944077789094e+01 -2.829955829416132929e+01 -5.074202368697164900e+00 -1.240081295427953378e+01 -2.364538458174821334e-01 -1.657764259549727370e+01 -1.654228420849229764e+01 -1.619674187800482912e+01 -1.104542662410010223e+01 -1.032392481876913770e+01
1.494925500372517035e+02 -3.109725350143583356e+01 -5.589998834857230747e+01 -1.529227981039261941e+01 1.782996491779152848e+01 -7.869032524237310255e+00 3.416912243910659441e+01 -4.927025178647629566e+00 7.796128091259929782e+00 -2.009237913687979571e+01 5.264378753331178107e-01 -1.103293443444535171e+01
1.215377972667720883e+02 -3.256005911813447540e+01 -5.963487679633125538e+01 -1.643736710638339460e+01 6.934154205398640691e+00 -6.022656687441770629e+00 2.014702290779968052e+01 -3.505939748624466556e+00 -7.903834296763266209e+00 -1.699777502263711426e+01 -1.486201287836099283e+01 -1.126193102950076508e+01
1.377716105013591061e+02 -4.532394478737070642e+01 -5.775538057449510632e+01 -2.306458131305753767e+01 1.262491809617011995e+01 -1.575089218099719623e+01 2.753460418476124261e+01 -1.758315860261205543e+01 -6.511980763577522424e+00 -2.547248292311321194e+01 -9.933554469211678395e+00 -1.516592001860716010e+01
9.878553902675156451e+01 -4.279788119021810644e+01 -6.638337605437332911e+01 -2.813037568787038367e+01 -6.833359013385075897e+00 -1.104424176287442450e+01 9.665721528308795385e+00 -1.039417535304267126e+01 -1.620008651107816178e+01 -3.075289853599790035e+01 -2.158490174950912888e+01 -1.377176486945983136e+01
8.214170553016455756e+01 -4.126898537284095170e+01 -5.964615899735110816e+01 -2.750709717459526971e+01 -5.377675118986660507e+00 1.915822546769643697e+00 3.149545807564610111e+00 -5.592030031290557091e+00 -1.558066609927471902e+01 -2.357337158026254542e+01 -2.140846932016069104e+01 -1.488209711224822840e+01
9.484731662885602077e+01 -3.308281395426992333e+01 -5.175467654316733501e+01 -1.915081187213493052e+01 5.321962640320607285e+00 6.525079452695545790e-01 1.062530023659213541e+01 3.387989322892941857e+00 -7.780509707498210581e+00 -1.647419677002267235e+01 -9.216229846521400759e+00 -5.133948519795398013e+00
1.203475707965646393e+02 -4.294277342922167406e+01 -6.874263777353124283e+01 -2.071699911210009049e+01 7.944893269888848586e+00 -9.041495205279806768e+00 1.469761259226494232e+01 -1.176271046682944110e+01 -1.604372200061515130e+01 -1.685623627306679850e+01 -8.041388560829494381e+00 -1.216388160377729832e+01
1.328252921733869982e+02 -5.322161856870867780e+01 -6.612337994309059752e+01 -1.573396003150286582e+01 9.811686468350016455e+00 -2.054078022266468295e+01 2.623317069084151143e+01 -1.683196844175001061e+01 -6.746304702267818421e+00 -2.519802597987937531e+01 -7.287647927848338369e+00 -1.270955205057175164e+01
1.170831912393301764e+02 -4.996274653203376204e+01 -6.194606136653349182e+01 -2.268660887330813836e+01 1.178384332393965472e+01 -1.168308794061031364e+01 1.388567765172232349e+01 -1.877093733803465625e+01 -6.949960589213940665e+00 -2.203888830033445601e+01 -1.734053048124633989e+01 -1.017372450399482275e+01
1.026229505939232922e+02 -5.711074957770702554e+01 -6.386795124848913474e+01 -2.694203382002264746e+01 4.843391022252745870e+00 -2.245540929986759693e+01 4.259656577027656432e+00 -2.488137621379335229e+01 -9.355168445069258709e+00 -3.092311861242940907e+01 -1.963340079040955644e+01 -1.278635724864305701e+01
1.025455830085682862e+02 -3.554495673812743917e+01 -4.809149920302722592e+01 -4.835921249046814197e+00 1.264559079008570563e+01 -9.526851631775301144e+00 1.076773734066220811e+01 -3.112324531729206534e+00 -4.893570097537195629e+00 -1.883688757675098913e+01 -3.966494484543221954e+00 -1.722129701799928192e+00
1.258599401750164333e+02 -4.146792556700272314e+01 -3.378866148315864848e+01 -2.642906282825138842e+00 2.524183563429182442e+01 -2.184751230524343057e+01 3.096538957435675599e+01 -1.601407355240126051e+01 6.141756391182479291e+00 -9.706469426671372247e+00 6.166397235569998969e+00 -9.677132077972377289e+00
1.071973323009513592e+02 -2.254312730533630926e+01 -3.698545170693431317e+01 4.767887274854010649e+00 2.186382814985913825e+01 -2.000786518809351833e+01 1.771771125414793602e+01 -1.166912915561192321e+01 3.572075124870638163e+00 -1.042676182402026974e+00 -1.422822509693787651e+00 -5.088347714773083119e+00
1.180980640563603004e+02 -2.355348773652267624e+01 -3.167658675416891612e+01 1.570058069771526732e+00 2.684828055178368800e+01 -3.320993944018776745e+01 1.908520555466113677e+01 -1.264878190720374107e+01 1.325464313706651964e+00 -6.404350231731235077e+00 9.582154698911963919e+00 -4.761806892612381326e+00
9.801936339063649939e+01 -1.367866492655945621e+01 -2.522425811726478173e+01 -6.997730656893523360e+00 1.455286210778572631e+01 -3.334835811140901285e+01 3.102836539454564502e+00 -3.619564413340154374e+01 -4.333370237154797522e+00 -2.119805070620429888e+01 4.263768416677352846e+00 -9.106433235381192759e-01
5.166013220764779135e+01 1.327173358147623361e+01 -1.012619654090963017e+01 -2.441417141003564950e+01 1.019492575965222336e+01 -3.569308279627298930e+01 -3.058503365320195400e-01 -3.514745834110455291e+01 -8.200013683630615446e+00 -2.654988939274776882e+01 1.040198809614323139e+01 -9.894503163690565373e+00
3.463009913429226572e+01 -3.079746090059116170e+01 -1.183129394735690632e+01 -1.805439812683385981e+01 1.628314195957918287e+01 -4.438882586146506526e+01 3.558251815598337142e+00 -2.447195793326240221e+01 2.847142669045097385e-01 -2.406203426558878533e+01 2.599652868508485071e+01 -1.532121501043254597e+01
9.741179301567058246e+01 -2.468401399670137408e+01 -3.634496686117529407e+01 1.095351422771403094e+01 2.248953549559549003e+01 -3.146527516617098286e+01 -2.381039934928827151e+00 -5.408514524076888819e+00 -1.501362623017349573e+00 -7.323260982744233871e+00 1.564477101684362559e+01 4.864998543642774287e+00
1.195957088742139547e+02 -2.611352880539224941e+01 -4.379499828180799881e+01 6.921023741634304560e-01 3.550413561829488884e+01 -2.843085749507677917e+01 6.851007763679259455e+00 -8.905473307544024664e+00 7.341956809383985316e+00 -8.987215406984990551e+00 8.803259036921822656e+00 -1.532789315448624734e+01
8.364442902668187685e+01 -3.369073288576539937e+01 -4.771587468967280898e+01 1.298534715007852647e+01 1.481907856384118816e+01 -1.852548756275099606e+01 -1.456327327699643348e+00 -6.967438146379383745e+00 -4.966114136193011674e+00 -1.127036665297217866e+01 -1.538496418754172090e+00 -1.330334615915996466e+01
1.276548775987316873e+02 -3.398739662780921122e+01 -2.504913959708660087e+01 -2.490135568619013196e+00 2.229837172415526680e+01 -2.894109240042027764e+01 1.254603518201576762e+01 -1.273799586837198028e+01 -4.646364278163120254e+00 -8.274840590520138761e+00 4.310002969622367175e+00 -1.057780539711962930e+01
1.126080841214890427e+02 -2.780727742993795459e+01 -5.062271531774175770e+01 -1.299246346456517598e+00 1.505826925930916005e+01 -2.163560926954069430e+01 2.946608399600800787e+00 -1.266837096789544326e+01 -7.033930580403201738e+00 -9.058054302448672601e+00 -1.265201418736602523e+00 -8.831097790861292651e+00
1.196737738144186949e+02 -2.955946052782003619e+01 -5.851178147357238402e+01 -1.129594397843739717e+00 9.443371838879361491e+00 -2.523528012261139963e+01 7.076497885869344806e+00 -1.083180182313768825e+01 -1.299648764649172605e+01 -1.599465320700277360e+01 5.418109716750700855e+00 -8.446316266411811213e+00
1.356280598623807236e+02 -3.740763705300225439e+01 -5.298237448661575399e+01 -2.443643337728141685e+00 2.728463200628193519e+01 -3.294657910602900586e+01 2.664641587077799656e+01 -1.305549948669323612e+01 -1.048745385070378688e+01 -1.332297921809538721e+01 2.571874043796129605e+00 -1.119546901186624410e+01
1.433031950497281741e+02 -4.209408543854035400e+01 -5.371606006233015762e+01 -1.272811427771015147e+01 3.271073938035908668e+01 -3.490046680071024809e+01 2.267089405259488188e+01 -1.180069299429037422e+01 -4.389611650645103502e+00 -2.572747960605348894e+01 9.342070195460701498e+00 -1.421134489424706437e+01
1.382762055433676665e+02 -4.143184598033620603e+01 -5.271737953337427030e+01 -1.393182386708834564e+01 2.974247937981517254e+01 -2.960518975864907176e+01 2.710185770010639317e+01 -1.714853125798854805e+01 4.136423909378794228e+00 -2.303976925426711375e+01 3.698346267520489228e-01 -9.623264887641013843e+00
1.397681459026187554e+02 -3.816383056710753152e+01 -5.228334537211416233e+01 -2.005621099848459465e+01 2.632597787250400501e+01 -2.587623604527157539e+01 3.367898633187726176e+01 -1.674353793116875622e+01 3.629406396163057380e+00 -2.635528523910067022e+01 4.702438650660286434e+00 -1.248469109610404892e+01
1.182017559616010942e+02 -2.714792663097753689e+01 -6.960577010802290943e+01 -1.190441786178005401e+01 2.046569464697789087e+01 -1.282311181839189373e+01 1.907262022445870997e+01 -5.229049386207998751e+00 -1.543838330168881612e+00 -2.044361765888519145e+01 -8.672959289442893294e+00 -4.068325861362573903e-01
8.972854543555526163e+01 -4.118937349091673639e+01 -6.349034696387977306e+01 -2.333596757220946927e+01 6.544802988857064463e+00 -9.670200133924689467e+00 9.965701942473192076e+00 -7.283627868430638586e+00 -1.406082084323228543e+01 -2.194820793296359795e+01 -1.561196503101235500e+01 -1.190478080907551472e+01
1.207156824074435377e+02 -5.572547847244558739e+01 -6.728358744468582131e+01 -2.589182904754977699e+01 1.458976716146233521e+01 -2.129304479311948128e+01 3.001533721464129911e+01 -2.565128025733886830e+01 1.103932986710640662e-01 -3.617234004810694614e+01 -1.414486667303086875e+01 -2.298995557035695825e+01
9.108209237402692793e+01 -3.156259964756395675e+01 -5.691459899363731267e+01 -2.221959212241321069e+01 4.458351256668255935e+00 2.162382524600332090e+00 1.109482727006079372e+01 -9.306993245888173227e-01 -9.320716815620547990e+00 -1.903916511544686330e+01 -1.383684705539810622e+01 -8.490646787017201547e+00
9.227397959847553466e+01 -3.216034587036113379e+01 -5.253926697466454243e+01 -2.291795658296227955e+01 4.963968180993424184e+00 2.029390376527273609e+00 1.221295884445123292e+01 -3.953305001179933331e+00 -1.148515763206676610e+01 -1.944193580898048523e+01 -1.151621615434597423e+01 -6.358901843700381917e+00
1.155501337234963017e+02 -2.599684789972633681e+01 -6.625421521711771788e+01 -2.466109085937389267e+01 1.357788826462841669e+01 -5.031690525192755281e+00 1.531795474958929759e+01 -1.697499858542565221e+01 -9.571064901427984495e+00 -2.391682301105562658e+01 -1.107052084245590073e+01 -1.087326813696755146e+01
1.146129235154127599e+02 -3.094132183890826937e+01 -6.121984150131950742e+01 -2.936977789854444154e+01 1.848750881473896257e+01 -1.783933898064000800e+01 2.127124715503254748e+01 -1.838854930196212933e+01 -1.001695134901094875e+01 -3.001400823402544304e+01 -9.287153454408809239e+00 -1.189827223677244916e+01
1.240511172826898161e+02 -3.364858979240303682e+01 -5.845861620934893210e+01 -2.709274365773076454e+01 1.902550593428114567e+01 -1.242362337962326357e+01 1.885894797648745680e+01 -2.316087955410571197e+01 -1.058991805036525458e+00 -2.531948228960495584e+01 -8.108138580782611626e+00 -1.266097026600525410e+01
1.196924682258216137e+02 -3.269580233571637962e+01 -5.247507995922927648e+01 -2.343774043421760211e+01 1.573429022057499083e+01 -1.432166527684573687e+01 2.471701032718156199e+01 -2.198176376974094026e+01 -6.365677358361955029e+00 -2.089406829105527663e+01 -7.905462486366819697e+00 -7.565389173131663370e+00
1.146092670726665119e+02 -2.855041075369432235e+01 -5.147028282688649625e+01 -2.299906187497026977e+01 1.408070746901243453e+01 -8.353230074383407811e+00 1.962885452057116709e+01 -2.211530983236121273e+01 -1.121904770182668898e+01 -1.559717113191706694e+01 -9.194425568396227266e-01 -1.311900775304657074e+01
1.105223779847684540e+02 -1.887699324746419904e+01 -3.614259951511596825e+01 -1.549087237240558501e+01 2.404256519768550504e+01 -2.940342215121584335e+00 1.757956661123767006e+01 -1.046979236929961488e+01 -4.260276187021736050e+00 -9.849945767326076407e+00 2.904242085151587105e-01 1.472004633471879487e-01
1.057649506796519034e+02 -1.192917528870247068e+01 -2.959899178467458825e+01 -2.353626900960687607e+00 1.487581285403032183e+01 -1.012156395505832407e+01 2.200943409779475246e+01 -1.341009929733329642e+01 -9.709821779549807630e-01 -3.670661663587083012e+00 -4.789219907856233860e+00 1.874611675527199317e+00
1.120602466744936692e+02 -2.018777293243834947e+01 -2.392287528248280282e+01 -3.189336950290313943e+00 1.957836578919026849e+01 -1.741803077075082484e+01 2.488338903263842639e+01 -2.176051947955427579e+01 -4.147026583435478031e-01 -1.852121287444715492e+00 7.340556255602100677e+00 -6.555115124902718193e+00
9.714943316661255324e+01 -1.985929163766773087e+01 -8.557023847460502708e+00 8.417672857904802131e-01 5.215195333628952490e-01 -5.420312602521843104e+00 1.199678578960045527e+01 -2.657456500168486713e+01 1.157741453545517096e+01 -1.400156244455521559e+00 1.125693712920131873e+00 6.759039627389462623e-02
1.089477400970258998e+02 -8.800105790107959791e+00 -1.836218974323314157e+01 -1.314655066716496901e+00 2.257354918120183385e+01 -3.391709868803000205e+01 1.603938309635431736e+01 -2.184495501773749027e+01 3.423571505252072100e+00 -9.984621265054350658e+00 1.636102165231960726e+01 -9.276672435939874006e+00
9.344276416059351220e+01 9.529004817753143897e+00 -2.480082686164906747e+01 1.999887135327915955e+00 2.125360912172780914e+01 -2.359759170943749496e+01 -6.345409214435679957e-01 -2.269504751932929665e+01 -6.479365798673671684e+00 3.692429870208927767e+00 4.374955561880384813e+00 -1.015879514464191580e+01
7.391734836525941432e+01 -1.433875387231041687e-01 -1.721561606625834884e+01 4.843460728224978418e+00 2.184934218995682187e+01 -2.451308506732473091e+01 -1.110792767450551466e+01 -2.526272530705221442e+01 -1.148849789579942104e+01 -1.220319797698103237e+01 1.205973894407510016e+00 -4.890476496209892332e+00
5.966077106898768534e+01 8.173812929566848240e+00 -1.476872392352693986e+01 -2.204929989720415318e+00 2.507863786673784290e+01 -2.484492989184366252e+01 -7.911462098651649733e+00 -3.177175623065183530e+01 -4.617364727551337644e+00 -1.605007845615245543e+01 -9.250834168150243286e+00 -1.369018993355219038e+01
5.557358734788466847e+01 9.566382250807063059e+00 4.917786532884068862e+00 1.200649073165451952e+01 1.934757987308470817e+01 -2.443380582790075906e+01 1.953738445488508724e-01 -2.587789867761645723e+01 2.719950067686765838e+00 -1.800884558744039055e+01 -3.341391173362841638e+00 -1.137321942252740570e+01
4.380491051966465221e+01 -1.715496160674148030e+01 3.355109706366216216e+01 1.280476007473513178e+01 1.591580173669495579e+01 -1.412849541318252200e+01 -4.976969423970293960e+00 -3.068027138141840737e+01 1.750735121209391210e+01 -2.364868702638146658e+01 -8.343949234288633221e+00 -6.804492941107561421e+00
3.312385212672550239e+01 -2.657595658170495057e+01 2.908841734829705672e+01 1.413724306498388472e+01 1.240208039364915926e+01 -6.573034085274999327e+00 2.700167523750839571e+00 -2.141920285419803349e+01 1.575119411518945967e+01 -1.042860914482834467e+01 -6.357414847316862350e+00 -1.565152798012525892e+01
1.959623933459464951e+01 -4.580703147834105948e+01 1.008619448723333889e+01 2.212004646020873722e+01 1.342096776719886186e+01 -1.309773600046070641e+01 -1.309381184500152617e+00 -1.864172364864469245e+01 2.129246221605478695e+01 -1.254756848770485433e+01 -1.338578991422732756e+01 -1.935793384023861208e+01
-1.501795003192659905e+01 -8.076422562184993126e+01 2.227390227494823804e+01 3.464163828122447164e+00 6.652830066954437349e+00 -1.510038165982472869e+01 -3.495721681337525144e+00 -3.265570769970473464e+01 2.122832530908354443e+01 -2.279741472412944248e+01 -1.393662711682432231e+01 -2.215677440556166289e+01
-1.271121475600231321e+01 -8.267082889060699813e+01 5.397665321110262937e+01 2.815369815477735216e+01 1.970374712216313284e+01 -1.956178257566220680e+01 4.783721718202738060e-02 -2.957675597996143324e+01 3.823625526638620897e+01 -1.687669704648216751e+01 6.786875739327825618e-01 -3.162262788133439528e+00
-2.903078659402829587e+01 -8.112145634781816739e+01 3.622475920204375655e+01 3.169255919716174219e+01 3.209145838571740850e+00 -4.928155724647468539e+00 -2.472037562933712707e+01 -2.512742339085110999e+01 1.914397872840724801e+01 -7.113979990237620399e+00 -1.021399751874650264e+01 -1.102287685698102848e+01
-2.009212552443798927e+00 -9.608310401372455090e+01 2.809725103126383416e+01 2.478464227685327259e+01 -1.318365156170917984e+00 -3.655510716313002284e+00 -5.391974662436574306e+00 -1.009624315759631941e+01 3.066116773659794603e+01 -2.213966452805141216e+01 -7.117841159473361046e+00 1.753860895850813950e+00
-7.916275422453230703e+01 -1.044061053433511290e+02 2.451567968091077887e+01 3.457053125163734109e+01 3.264414534529697320e+00 -7.305379061952429254e+00 -1.636135062812795127e+01 -1.039229938865544511e+01 1.585980090174575530e+01 -2.786130247991397013e+01 -2.587801208868665626e+01 2.725669385654243548e-01
-3.175190708653745020e+01 -1.371826695094547404e+02 3.041292534125355118e+01 2.454826678473509460e+01 8.024784474443276139e+00 -2.332577290683650517e+01 2.893377639690076553e+00 -1.778274046312383661e+01 5.169881962009110055e+01 -1.860571859517032678e+01 2.831578185967000838e+00 -2.190650920921063616e+00
-6.769017635748403450e+01 -1.232994144290100564e+02 2.580993245794107693e+01 2.172032224353941388e+01 2.120440269403489619e-02 -2.175157197205981774e+01 -2.608391722917642142e+01 -8.432554731376480817e+00 2.398266940896449739e+01 -2.812132710198740426e+01 -2.124819955969033103e+01 -6.655846938065184126e+00
-6.155526851972773272e+00 -1.102308442025772450e+02 4.077948638111178070e+01 2.033205732713629033e+01 5.922764109052891968e+00 -2.382440702341536110e+01 4.438993825130116977e-01 -4.215019935033227583e+00 3.058393499638700774e+01 -2.497401638645049360e+01 -4.254884311147267617e+00 -4.963591834166237504e+00
-5.548405909872168706e+01 -1.145370759183310270e+02 3.684982330544765716e+01 3.071357526474642796e+01 5.704919983744396461e-01 -1.420767461322557601e+01 -3.965096196223590219e+00 -4.340153814267958765e+00 2.726902095238273205e+01 -3.317596878347828948e+01 -1.735574169980453263e+01 -3.822799166759956790e+00
-7.018820469805842777e+01 -1.205268657473976361e+02 2.740838177262805431e+01 1.909054678409169981e+01 -4.170322437419022421e+00 -1.963694658375556301e+01 -3.538760200198193040e+00 -9.499574755561186024e+00 2.840157944052530326e+01 -2.134025291808290348e+01 -7.120790469702564351e+00 -1.906481217235921122e+01
-4.199001480591738300e+01 -9.917905179281910932e+01 2.222436936762390047e+01 2.596390609376884129e+01 5.152149653199548318e+00 -1.523102495302560300e+01 -4.240171237484487321e+00 -4.646130401229295437e+00 2.951896667910093441e+01 -2.584029780255951181e+01 -1.240468897239933987e+01 4.896919346978017451e+00
-4.795964834736142279e+01 -8.521651441202575938e+01 1.212743196385335054e+01 2.545554981808759010e+01 6.713058822041557683e+00 -8.176322385676237925e-01 -2.038146063653399231e+00 -7.297347038395866070e-01 1.117479217118228263e+01 -3.213432864177354276e+01 -9.969008016782492376e+00 3.969762624050416910e+00
-6.695043745464130325e+01 -8.887395336291960746e+01 2.070987435713594493e+01 2.894024692275432642e+01 3.683360628167279938e+00 2.601557322890974966e+00 2.382924449386053301e+00 -9.643503739026988431e-01 2.125299350270038801e+01 -1.597070606701688789e+01 -1.353559456083999990e+01 1.053693458284185525e+01
-7.012933760603064570e+01 -9.500958351410454839e+01 3.165513955910272870e+01 2.417589883051987698e+01 1.837938833707037478e+00 -3.380272450406894080e+01 6.863369262510979896e-01 -6.951042713704215004e+00 3.795400966140074672e+01 -2.865208724456804390e+01 -1.555608740670074930e+01 -1.289622354124224657e-01
-7.850455602899610597e+01 -1.315339119251873115e+02 2.690711009883234794e+01 8.245304429859341866e+00 -6.254328602751099808e+00 -2.340902043353312223e+01 1.968797212154439435e+01 -1.993033617814656111e+01 2.492544582795748909e+01 -9.242827443239709950e+00 1.056956387766704353e+01 -5.426123564485968664e+00
-7.880611934172523547e+01 -1.040574189976811965e+02 5.126424960601869252e+00 7.367292990461288271e-02 4.237936906456875263e+00 -3.201962905620909794e+01 2.033680885360116974e+01 -1.010522186902069386e+01 3.278966169871395664e+01 -2.434764393076899580e+01 2.575246326543526365e+00 -5.728793630853234120e+00
-4.862429520719675224e+01 -7.537291873080883420e+01 1.650213848453184529e+00 7.455655241031714731e+00 6.428567160851417661e+00 -2.622675382942426126e+01 1.468369241053741892e+00 -2.301076589802413963e+01 1.441964095138003721e+01 -2.637879309776839420e+01 -3.248306581209509769e+00 -4.703584728281009930e+00
-4.548835138250632326e+01 -6.613216051918678318e+01 4.677386113128410017e+00 1.870057161264074352e+01 1.725684721403192157e+01 -2.523433568105616587e+01 2.259839984380855071e+01 -2.841196431803714617e+00 1.324610893992103478e+01 -3.164631394932347419e+01 -3.761918691112619673e+00 -6.474481028721963405e-01
-4.755296886747894547e+01 -4.441035554287139320e+01 1.314216855596786004e+01 5.037371920295680816e+00 2.393219875665865715e+01 -2.378493677742162049e+01 1.732453649075557678e+01 -1.651666349024844749e+01 1.260902052381496397e+01 -3.577496681542430679e+01 1.325340324069011544e+01 -9.602587259564451472e+00
-6.526364359201318166e+01 -2.900049607557416920e+01 -7.307113780032933548e+00 5.007342222055292780e+00 4.423069917387263672e+01 -2.184784874037454472e+00 2.036532558214541666e+01 -1.027499792872950302e+01 1.054477897518926532e+01 -2.196306143473458405e+01 -3.107254794177617629e+00 -4.375755618269282721e+00
-4.661741472205115144e+01 -3.251623518454113082e+01 9.446993843334491103e+00 9.196537311442668283e+00 2.003941281088214410e+01 -1.379806171284468164e+01 2.362648294601467924e+01 -9.841677544699745539e+00 8.067039443853891711e+00 -2.454882383542791047e+01 1.265677814362766362e+01 -1.200687386744058927e+01
-7.770506344525313125e+01 -2.511886884688542665e+01 6.865385986350375447e+00 -4.067413422379846821e+00 3.300550674766766690e+01 -1.543401829978536988e+01 1.726902080843511555e+01 -1.491391431108552190e+01 1.575819123295051050e+01 -1.873420112071391586e+01 2.317631694836026313e+01 -2.629375328966367498e+00
-7.253086564676573289e+01 -2.743280265973810828e+01 4.205200828474064956e+00 -8.295224251542297367e+00 3.262823335280749859e+01 -7.670413760029480166e+00 2.172053150676502042e+01 -8.749749017892352043e+00 1.742971231916397556e+01 -9.050392836629033155e+00 1.084217231065332498e+01 -3.848592600033367006e+00
-7.595104107075952982e+01 -1.156159790178679714e+01 2.077172324069910658e+01 1.415478171846046607e+01 3.377228586707401803e+01 -9.105568814313478754e+00 1.719748989229525904e+01 -7.162702635450148847e+00 6.927299037070793197e+00 -2.131787613550875804e+01 8.815955195147763490e+00 -2.462063012282325936e+00
-7.293741255361531728e+01 -1.967156629014583302e+01 1.693694389814579182e+01 6.371928895953461236e+00 2.723550617164329068e+01 -2.058313584009968977e+01 2.903474459502566063e+01 -2.089435741119179735e+00 2.385198453723363343e+01 -9.464878989396144249e+00 2.045278312725706371e+01 -5.550689510228375312e+00
-7.902586900446743812e+01 -2.184187985534304488e+01 1.723146027176555961e+01 -6.148166377659891602e-01 3.636283810543599770e+01 -1.401851888823157744e+01 3.284251271510142089e+01 -3.943495347090393288e-01 1.949510461469875011e+01 -2.534704436302836683e+01 7.650113310733902772e+00 -6.890074069148401037e+00
-7.305997335291446859e+01 -9.839756625635493137e+00 1.411758521405270983e+01 -1.689711167046146212e+00 2.913159996754397696e+01 -8.579064078822344896e+00 1.802204884780523741e+01 -5.329275996382250469e+00 1.242583140212017767e+01 -1.228401081606753209e+01 1.477239394347634516e+01 -2.196342810756233987e+01
-6.473852626558682744e+01 4.175398730499225941e+00 3.275484745914689633e+00 -6.099806800854181255e+00 1.129204150163146991e+01 -1.396457135939449978e+00 2.606782413991177805e+01 6.040151505075215255e+00 2.061119007236758804e+01 -1.110721889801336637e+01 1.329636594663896965e+01 -2.239117276696820369e+00
-8.642003699886168988e+01 -1.721865495261913281e+01 1.982888368482175756e-01 -4.195071442027542119e+00 1.759639842910365104e+01 -7.966886611256963846e+00 3.088064755181015641e+01 -1.224842239633719299e+00 2.248734024679129817e+01 -6.436402127386458005e+00 1.691042913359270727e+01 -1.081095396793078933e+01
-7.211068550605045857e+01 1.203951254692858353e+00 2.187423025618727124e+01 -4.088744204058865073e+00 1.991872458058916351e+01 -2.365132419366266703e+01 2.438824105945711551e+01 3.603517995323124445e+00 2.699439363060281138e+01 -1.804986589335280911e+01 -2.313085453162464056e+00 -1.217704935251071774e+01
-7.942251679134747633e+01 -2.394407032321618800e+01 -1.932862634991286965e-01 -1.103900092557337231e-01 3.100448962780845363e+01 -1.018897127704682859e+01 2.805423571266104688e+01 7.801550872514939172e+00 3.277867329367984439e+01 -5.837407241479569464e+00 1.672015974985629683e+01 -4.672002467781060986e+00
-5.753932405527177707e+01 2.612489319751809091e+00 2.567400978994511718e+01 8.235207653759577084e+00 3.649100617317340323e+01 -1.725164575291283953e+01 1.805965104735707882e+01 -7.814763350143802967e+00 1.987017006317964274e+01 -1.026765913741124336e+01 1.594051960836693738e+01 -9.911398338836121980e+00
-6.797094775791651955e+01 -4.672613733373971456e-01 4.332158432919628765e+00 -1.508361582325230543e+01 2.779785982572787617e+01 -1.802178507743408886e+01 2.553007953945982322e+01 6.803700183751379527e+00 2.506752114634985418e+01 -6.687471958696043828e+00 2.369138895324438465e+01 1.920406229725530878e-01
-5.547466828275362616e+01 2.143289341813353843e+00 9.227704198443340999e+00 -8.321175261282382607e+00 3.296796419291322877e+01 -1.376671876259157656e+01 2.828091390933749949e+01 -4.767255428783267135e+00 2.282343698384964625e+01 -1.723880049620309762e+01 1.545925210815017259e+01 -1.616746433360676249e+00
-5.246893127290331904e+01 8.711215496489234766e+00 1.102122151791354199e+01 -1.852001856529283685e+01 3.101280804304210648e+01 -8.027346716386432490e+00 2.067265692652002329e+01 -4.803500745346903855e+00 1.575512853274458003e+01 -2.215708972678982036e+01 1.448240215160549127e+01 -1.633317121852643083e+01
