-1.008139175908429053e+02 2.269917750396207623e+01 -2.370289447638445068e+01 2.898100850252354377e+01 -2.170955120976379860e+01 1.596172349782649924e+01 1.084478154998870636e+01 1.142289023740333676e+01 2.761548999425972539e+01 -6.978866547286818545e+00 1.873750199698388741e+01 1.731124568060658619e+00
-1.191337437206612293e+02 -3.034382545104853079e+01 -5.722381585910860480e+01 -8.735766788840649610e+00 -2.691240516616361234e+01 3.702627584512907788e+01 -1.025837719062698383e+01 -3.221415977270679853e+00 1.812178542907377121e+01 -1.441770657851230553e+01 4.355290500559931388e+00 3.062005802182930836e+00
-1.053242219203388288e+02 1.881960413837399315e+00 -3.521668461551333706e+01 1.483840664384621277e+01 -1.508662207179324710e+01 3.230262350290455942e+01 6.549657356496750182e+00 1.476667814414382995e+00 1.169411000926054456e+01 -1.586732074795213876e+01 1.169833042002534462e+01 1.146916304331450576e+01
-1.204454608865034544e+02 7.894952721531043771e+00 -2.040084804363740645e+01 2.605689610710869886e+01 -7.818331362101796245e+00 1.861878205720483237e+01 -3.306217606711626900e+00 9.247031511343866583e+00 1.621672706236456918e+01 -3.684465160323239452e+00 1.343236279836216696e+01 1.316641399403422064e+00
-1.204259455418034577e+02 7.076149116867955335e+00 -2.510035189540978706e+01 2.945354378813896190e+01 -4.640537503009046993e+00 2.568674361857656407e+01 7.149342290910055020e+00 6.626024840753075296e+00 4.302269633757733303e+00 -1.687825665457899049e+01 1.722858597383319701e+00 6.237929270646405122e-01
-6.206048839857650989e+00 -4.339254118588035425e+01 -4.027914196235424527e+01 -9.637285511716680020e+00 -4.151890039128487331e+01 2.404968863118671152e+01 1.552186969546439244e+01 1.473630092160459348e+01 -1.465789859114631888e+01 -2.005048691921396653e+01 2.849927599149408763e+01 -1.732918378196310982e+01
-7.146759134539277625e+01 -1.873027391457271484e+00 -5.374333778563221387e+01 -1.480081282886374261e+01 -4.261692885619149251e+01 1.260639498230235844e+01 6.982319220748481214e+00 3.050016206724326384e+00 -3.103288250562358908e+00 -1.687790146563165194e+01 1.904709820053180636e+01 2.889017739052244682e+00
6.970930018602442146e+01 3.369468434052210881e+01 -5.908551756700390456e+01 -3.759677773896704878e+01 -4.259105022705248444e+01 5.070523470705141733e+01 -1.127682321261540110e+00 1.095855618618323213e+01 -2.774442247729967725e+00 -1.983288877789834714e+01 2.176563850712710035e+01 -2.372924996015539278e+01
5.183299792666442585e+01 2.194317111161545597e+01 -5.893945145994338475e+01 -3.467580586021763622e+01 -4.297701928495676782e+01 2.080641327157729847e+01 -1.457982830078321079e+01 1.113699119283219829e+01 -2.829447846281196721e+00 -2.937951096743442037e+01 4.930449795304019389e+00 -1.693647657471950296e+01
4.146682395967625467e+01 1.339985309915506662e+01 -5.127303926156615432e+01 -3.495932747644388883e+01 -4.193350347661153421e+01 9.961389966646660099e+00 -1.477389403130419154e+01 -5.415052186561750247e+00 -7.690097820557193486e+00 -2.425814397829291025e+01 -1.381494490464184288e+01 -2.094696647432220615e+01
4.190938236441266440e+01 9.000065843016180622e+00 -3.531791838551329477e+01 -1.437227404079829185e+01 -1.618945727445392890e+01 1.678537378077849951e+01 2.009633564350709278e+00 1.425328139300970065e+01 -8.653852016203389397e-02 -1.085355178828906908e+01 -7.197941260193871926e+00 -1.217780415846115183e+01
4.355810888474997000e+01 3.913849754865878339e+01 -3.093405166600321365e+01 -1.548707987053040114e+01 -3.097744260409198702e+01 2.654699634582924972e+01 4.403321662124163538e+00 2.261322449359171216e+01 1.465090849550405849e+01 -1.136366214945168629e+01 -5.665371771637516929e+00 -1.528812627379083722e+01
5.284977139011188285e+01 6.441061012168590594e+01 -3.628472042091931371e+01 -2.534865273239331174e+01 -4.528911054792705215e+01 2.170207041784332347e+01 1.176069055720655143e+01 1.792040537201952333e+01 1.423409529661874906e+01 -1.114379360909729577e+01 -7.697799571931522422e+00 -1.026348025598818836e+01
4.157874271052460813e+01 5.142290008464954099e+01 -3.886630401087521136e+01 -3.864270874933843913e+01 -4.229245209263454086e+01 1.529684919348961891e+01 8.090035119013920806e-01 1.208457541947242042e+01 7.803012293092536744e+00 -2.158436153226275067e+01 7.608162829157362417e+00 -2.232346341475636464e+01
3.712555049999105705e+01 6.021913832615344120e+01 -2.999357443065094486e+01 -4.183718243225808919e+01 -5.091983331271427460e+01 1.982749787912420913e+01 1.093394265929662268e+00 1.559289277165543552e+01 1.088361370043415199e+01 -2.476010053789544685e+01 3.597457636654078250e+00 -1.403115991352690983e+01
3.380671280272536450e+01 4.513118981847449618e+01 -2.442236770134837798e+01 -5.444706491460549103e+01 -4.292464435855795557e+01 1.186198711878134660e+01 2.055348034578846406e+00 6.494647252937912896e-01 -9.727774156865365285e-02 -1.651592700825964499e+01 8.435734455965114620e+00 -1.405311225462008551e+01
3.874098960472606024e+01 4.180573402019149398e+01 -3.151626853763215053e+01 -4.483458099532361274e+01 -4.892393773447673055e+01 5.106561431020848474e+00 -1.328956328900683204e+01 -7.469426690061841789e+00 -3.472796656118141811e+00 -1.257348499305054901e+01 -6.929576676868751672e-01 -1.848744553453860817e+01
6.489159165026200071e+01 6.197463743948432580e+01 -1.078233309323762157e+01 -2.903870844224771375e+01 -4.647024777219253622e+01 -1.482502485028509120e+00 -9.704233888407445274e-01 6.495659990103019865e+00 -6.903343996190534071e+00 -2.068954595950454234e+01 8.290191898749434074e+00 -1.618921960024656670e+01
5.581052919266929280e+01 3.809792380324169159e+01 -1.889196697263937352e+01 -8.566881840615300447e+00 -1.461294733631925169e+01 8.687919193261807393e+00 -4.762141163894400897e+00 2.053833151902361820e+00 5.058762826652861477e+00 6.689329808243394737e+00 1.578812393838480865e+01 2.812884340799420180e+00
6.303602043244222841e+01 4.676570277153554400e+01 -5.227704220843127914e+00 -9.735507887342691902e+00 -2.783064004938508162e+01 -4.464257379184729757e+00 -1.450241858021129460e+01 -3.815456426562173764e+00 7.059739859628606062e+00 -5.310164035194353538e+00 1.445906457058956107e+01 9.252885265451835650e+00
6.211511945279043800e+01 9.019694551017842343e+01 -8.291678654696221784e-01 -3.051257471971833013e+01 -4.083226561702210233e+01 5.737438061596206396e+00 -1.666891651683747355e+01 -6.318988527523933030e+00 -4.922507105854333709e+00 -2.477200213652811556e+01 1.548260667547788572e+01 1.028486121946787080e+01
5.482639547691510984e+01 5.848050603047976637e+01 -1.222284562355164894e+01 -2.199762324483651099e+01 -2.945445173114949000e+01 -7.129079648252075962e+00 -2.061052323387882268e+01 -1.036962461367123822e+01 -6.737314901996215966e+00 -2.437465313972304060e+01 6.329652801734482637e+00 2.999394657097521844e+00
5.034530140734138115e+01 8.256404755774326532e+01 2.709121284819623554e+00 -2.353875884583099776e+01 -3.483984286575728362e+01 9.209954809124702990e+00 -1.734017746789304937e+01 -8.625887178185230653e+00 -7.178200167002856347e+00 -2.730422406250151823e+01 1.058158345788135790e+01 -6.730111415542783249e+00
4.391887931756500052e+01 5.663730348899104428e+01 9.134881671801506897e-01 -2.818214401139375269e+01 -2.840489436334929607e+01 5.693859505279956323e+00 -1.139576285390150900e+01 -2.673215684077867138e+00 -5.272253171043740139e+00 -1.238953465651558616e+01 5.138697470003627643e+00 4.419927684955588632e+00
3.365933601648463025e+01 7.504428430819649520e+01 6.071924314281050172e+00 -4.934368857573683442e+01 -5.558623544693312368e+01 1.320878981691776843e+01 -3.653864268695434347e+00 7.947795418188229988e+00 7.733239418573056412e+00 -1.377621822744806934e+01 1.679779955309092543e+01 5.989969354923017519e+00
3.225197538620424353e+01 3.428518587833317355e+01 -1.009279135120925730e+01 -4.618911807120070989e+01 -5.246041352873226060e+01 9.011022438959887637e+00 -1.328786124552830827e+01 -1.430953984024048253e+01 2.737675308563892962e+00 -2.138430148020670885e+01 5.197194034736960511e+00 -4.950852581812424269e+00
5.008723442002000326e+01 3.175639519605112326e+01 -1.147296991260372678e+01 -4.305491234857890959e+01 -3.594658048381313620e+01 2.550638287781038827e+01 -9.849290774542733828e+00 1.826867110954538465e+00 -2.684873530096276717e+00 -2.431894002547243616e+01 8.791949223102275113e+00 -3.829987672751273831e+00
3.780114139901552051e+01 1.036316580502584017e+01 -2.695417615227152908e+01 -1.689782678302906760e+01 -1.885222673791298931e+01 1.236149956623630430e+01 -2.244408661508774383e+00 4.969722715827202819e+00 2.371030298228468780e+01 -8.043055214759206706e+00 1.331199375670668061e+01 2.247540738815024586e+00
3.888168419952260990e+01 5.293717442990735833e+01 -2.035241619477903185e+01 -3.994959808856745553e+01 -3.275088935081970476e+01 2.283411172895765162e+01 8.324564413732179702e+00 6.824571805684368719e+00 1.517265814589218920e+01 -2.852997604623493721e+00 1.604415239609421207e+01 -2.647167760685133153e+00
3.740899860768388407e+01 4.965927084834468985e+01 -1.117679607365048788e+01 -3.446263736790309906e+01 -4.383665858452073394e+01 8.852715063173461019e+00 4.642583715890171270e+00 1.195226122717396322e+01 7.303979025991083063e+00 -4.782677516753389035e+00 9.524104708050966650e+00 -7.619562318821352598e+00
3.322907235351492261e+01 5.363462469687095791e+01 -1.401990847394737472e+01 -5.008335654922693436e+01 -5.901910965328672631e+01 1.770250057045534575e+01 -1.191079349200065352e+01 -8.924081552378013704e-01 1.586785084042741545e+00 -7.323334178304575559e+00 7.332546542668660905e+00 -1.895052671729274252e+01
2.242693092968040958e+01 5.010497062705557880e+01 2.544421854288674290e+00 -5.495832201345099577e+01 -4.721836461988377209e+01 8.809838024085492325e-01 -9.934149296994560174e+00 3.377016788318163876e+00 2.059959474846863259e+00 -9.783497066769932360e+00 8.540872543660849914e+00 -2.110867681835478749e+01
2.266739186090896396e+01 7.093732217420038921e+01 9.895097574483351366e+00 -3.449993259559693115e+01 -5.724554565679368778e+01 6.124425339594422368e+00 -8.869434946913692386e+00 6.316857216792500118e+00 4.727941336538545869e+00 -2.482975544859747252e+00 1.228910848441878478e+01 -2.661837464019264132e+01
2.489869868417272158e+01 6.903361350966937948e+01 8.103137844278064605e+00 -2.692741278839572061e+01 -5.007413146033136542e+01 -3.013417196916066132e+00 -1.713070846626854049e+01 1.587553507667387720e+01 1.653519564961854371e+00 -2.216009012269402234e+01 2.030949045375621154e+01 -1.335435843061439698e+01
2.903331311339526710e+00 2.727012722567584291e+01 5.807869115026758067e-01 -9.265887439626940392e+00 -4.050403094962258876e+01 -3.814788108285603663e+00 -2.907697223914599860e+01 -5.923737123620802514e+00 1.121553534604710478e+01 -2.008322388758352872e+01 1.854967943989418444e+01 -1.244335922392186689e+01
-1.107705354175514856e+00 1.994268883009506155e+01 9.595014614363549299e+00 7.316099424609060264e+00 -1.190425394034297746e+01 1.559931826912582054e+01 -1.541974146879817198e+01 4.536044853846781244e+00 1.544853254884220739e+01 -1.151646898304862532e+01 -1.066678671991549976e-01 -1.763322034781772274e+01
2.626627469492166966e+01 4.258217425763491093e+01 -1.481982306192230325e+01 -2.947662280159390491e+01 -1.916533945965806396e+01 8.669508542974703857e+00 -3.174430354717569003e+01 -3.786819740277091118e+00 -7.699051308280018269e+00 -2.531688413732953080e+01 1.715488738125317880e+00 -1.909088336949626097e+01
3.099633750868974147e+01 3.108094400365366994e+01 -1.105249846678931647e+01 -1.728086018225455689e+01 -2.300165321206993951e+01 2.015823195012852764e+01 -3.290346230175781272e+01 9.869704576242780192e+00 8.063032461292952036e+00 -1.833739038196300797e+01 2.008110775384689006e+01 -8.119449389208304169e+00
3.265706231590534969e+01 7.768794364763112981e+01 -4.927740547532653004e+00 -1.249960792781729602e+01 -1.024795885146316188e+01 2.093789131005554083e+01 -1.846546268283730541e+01 2.480828625594829262e+01 1.587510309229639205e+01 -1.544416893484709163e+01 3.432572204074256206e+01 -4.726129254270473368e+00
2.844354828553116477e+01 8.985570723083429812e+01 5.406266494074703388e+00 -2.206257749058684769e+00 -2.521512999221342000e+01 2.058496233782852869e+01 -9.557631024381295859e+00 1.344678711561336470e+01 7.967421094638447165e+00 -3.585545484064277844e+01 -7.836898210525486963e-01 -1.345691801564320045e+01
2.113906157118932327e+01 8.340172237027539381e+01 2.448557674543089036e+01 8.202749940516770977e+00 -7.783749306770589627e+00 1.738681242124001969e+01 -3.828899014761147157e+01 -5.428856677212144710e+00 -1.060234837420868814e+01 -3.544246109996421978e+01 1.248078466683658760e+01 -1.356474460333063092e+01
3.718042024693379233e+01 6.246349029368914785e+01 7.989346527927907005e+00 9.211552215201846749e+00 -1.178257028157803177e+01 1.916654135822728122e+01 -2.555799561682843546e+01 8.866442031415386893e-01 -4.361636502089471179e+00 -3.359319646410428106e+01 -8.875648773463808539e+00 -1.827116819636168188e+01
2.825638952075513899e+01 8.310745804157312477e+01 3.738233730120084886e+01 1.135828584629278915e+01 -4.209385785088191057e+00 1.831443251835446517e+01 -2.835314662993147294e+01 6.696432009851988276e+00 -4.377804162483633021e+00 -3.241288072853357960e+01 7.915381952375028618e+00 -9.868194617051056383e+00
2.579173294471148381e+01 1.076388230814183657e+02 4.798362272915449012e+01 1.900149882356372188e+01 -1.301580228565847897e+01 2.292101412007887262e+01 -3.415188604013177809e+01 1.993559054259798291e+00 2.215401516378166402e+00 -3.622352478235397655e+01 1.876266679093671996e+01 -7.856756912730118003e+00
3.963910019023514053e+01 7.491208682672846919e+01 1.919547171040531452e+01 7.786953750137547203e+00 -5.068109337299658179e+00 1.024386951201475782e+01 -2.406794960926468008e+01 2.593139277890178285e+00 -3.560727747377151253e+00 -2.401742833727456983e+01 1.411788147752244527e+01 -8.690611299465491157e+00
3.286912087839826313e+01 3.885651240426058450e+01 -4.781263255344128993e+00 -9.058975113731651874e+00 -2.544467626497802470e+01 1.239078305921313827e+01 -2.910766770468459796e+01 -9.458252117949074389e+00 -5.158474269517285826e+00 -3.094160117259995246e+01 -2.114756206910364256e-01 -2.328821375740722388e+01
2.562783332272292824e+01 6.888075657208253233e+01 2.312015092281672679e+01 -2.175292831818146588e+00 5.209711517328581287e+00 1.462611598444311412e+01 -2.150610271022958742e+01 1.382635045955140285e+01 -1.336402197133113923e+00 -1.922226406921139130e+01 7.444468645182899635e+00 -7.586951013967622615e+00
2.218748829854051507e+01 9.206084034250093850e+01 3.089721632096081549e+01 9.487151978799676755e+00 -1.172845392772379647e+00 3.080886985244872278e+01 -1.669559534543162016e+01 2.007264642500524587e+01 4.267429287016216044e+00 -3.524335354042744228e+01 4.106954736918519977e+00 -1.979600563581690054e+01
2.766211896382422708e+01 9.613047389655653774e+01 2.516213480621512488e+01 1.690651747765405588e+01 6.761511390764147755e-01 3.324799266945748144e+01 -1.335839611733486265e+01 4.877105605494049811e-01 2.894076611728969795e+00 -2.653823875648322428e+01 3.825438447553264343e+00 -1.654888978823298373e+01
2.166484790877217392e+01 8.478030977523847866e+01 2.905190233795771348e+01 1.786933726093652908e+01 4.634235870122079604e+00 2.702675094334030348e+01 -2.531246131784527620e+01 6.252497521325853569e+00 1.836119591756410596e+00 -2.804278877547134030e+01 7.946614991297713537e+00 -2.496728244743126623e+01
2.765425782252703613e+01 7.366956808614881425e+01 2.553561378070810406e+01 1.222803545480393339e+01 2.329111866756935711e+00 4.082132333967972926e+01 -1.607298524729369404e+01 8.816649601381030266e+00 4.767401500705865658e+00 -3.157590368900750377e+01 1.277564639431375682e+01 -1.309550255357109805e+01
5.165234258363452291e+00 9.540580463717756743e+01 -3.803375055272221417e+00 -7.773428099718181272e+00 -1.363484643790054207e+01 3.917562796434415873e+01 1.443115209170330360e+01 2.996333809658789704e+00 9.080111900703609962e+00 -2.537884987313976382e+01 9.618019236666350835e+00 -1.977761668726473943e+01
4.156958093264707088e+01 8.255483701462352997e+01 5.751076008739938183e-01 -4.529995411317820242e+00 -1.530560158725619502e+01 3.915052683922483823e+01 1.456886962260234419e+01 1.509286238886698506e+01 -4.535760859770574527e+00 -3.219665669871987745e+01 2.969077891891815923e+00 -1.643260379634233459e+01
4.548297685236272514e+01 7.446544408315432406e+01 -9.163518783047907235e+00 2.817616074025795392e+00 -1.113000739660365390e+01 3.788237261994113680e+01 1.679703259607943622e+01 2.986316741624469362e+00 -4.686291287028042873e+00 -2.754636823736204931e+01 8.469756074443434146e-01 -5.037631815655142731e+00
2.469433457808293042e+01 7.661994747774788550e+01 -3.892911485122676041e+00 9.524124792792012073e+00 -1.741673804920050728e+01 3.578977998132968708e+01 2.007388576136543179e+01 8.273470752656816529e+00 -5.781988164077440651e+00 -3.049237235060202877e+01 1.923000901546725760e+00 -1.499611175294203846e+01
8.346163332822460479e-01 5.712292837482171848e+01 -1.323790994262601473e+01 2.946986867769453866e+01 -4.239316450681908321e+00 3.378739608722769105e+01 1.627982420974994682e+01 3.301314886421376826e+00 4.467827939437025719e-01 -2.929962250741404262e+01 -9.001111906136499030e+00 -1.510051907058429066e+01
-3.545015624530456488e-01 5.306782834821463979e+01 -1.047055309027008185e+01 1.539122720545095824e+01 -9.059364522412820975e+00 3.026496110608226076e+01 1.129373356871935030e+01 -8.191584438925922029e+00 9.530443262897019263e-01 -2.442966254918493618e+01 -7.679484747994849592e+00 -9.708198224326206827e+00
-1.678641783951722033e+01 5.608697361822970606e+01 -1.814376135892593567e+01 2.031268823764558817e+01 -2.457276193032262412e+01 1.781528994485023532e+01 1.565713642544694828e+01 -2.487360907377089703e+00 -1.038986724396881911e+01 -3.187040730022519952e+01 -2.420004779411174312e+00 -6.221398236733920228e+00
-3.811471853000248444e+01 5.290073838713877308e+01 -7.206427258765610411e+00 2.192501750465232035e+01 -2.152376601284735358e+01 2.532850711525789222e+01 1.615185747655498716e+01 6.461087259055905641e+00 1.426260312245440076e+01 -1.110410630650547148e+01 -1.131431961687366261e+00 -1.002352987840838949e+01
-3.998890714670761781e+01 4.325972210077903668e+01 -9.173184313878380181e+00 2.680301697925355597e+01 -1.531346612349931391e+01 2.290482154742894494e+01 1.478310024734588879e+01 6.124021865600277614e+00 3.588926568412123430e+00 -2.857639159370103243e+01 1.166654374984096298e+00 -5.490967273840073659e+00
-6.957982984675356875e+01 3.611119073233169274e+01 -1.204586317361268399e+01 2.513694812772573073e+01 -1.580278489020393096e+01 2.416580519311501618e+01 6.068483518937793697e+00 -1.591554113262234615e+00 -2.413306014092335250e+00 -1.916576692816965988e+01 5.290837687226360941e+00 3.154393101978188341e+00
-6.079610099164284520e+01 5.057474484999208642e+01 -3.953668135833873443e+00 2.479687078544120027e+01 -1.918971140928422159e+01 1.707513010864841618e+01 3.620451125918289215e-01 -1.079856052880372985e+01 6.429858837323202181e+00 -1.230264523022103162e+01 4.520212425856513505e-01 1.482151200962705140e+00
