-7.066290757400140876e+01 3.229560622535279890e+01 2.580229516497947273e+01 -6.004607821678362711e+00 4.568468569082735087e+01 -1.128283738992058716e+01 1.868641181483285152e+01 -1.545749562761183782e+01 1.536454151042087446e+01 -2.103736825792439191e+01 6.075160534071050833e+00 -2.276919729043867591e+01
-7.511320020913842654e+01 1.550954946226772080e+01 1.529494348561273398e+01 -5.848088273801103298e+00 4.892965014879189312e+01 -9.710330204047357583e+00 3.155652635001808903e+01 -4.554498211915905870e+00 1.154566801220732941e+01 -1.692178101427011683e+01 -3.365696088349828585e+00 -2.100560202976266666e+01
-7.714280309573754835e+01 1.984870348284543695e+01 2.391998979558161764e+01 -6.770354039463761353e+00 3.172216982923303874e+01 -1.292804413364393135e+01 2.895788422770197812e+01 -6.124526173139804186e+00 2.467230868911559583e+01 -5.034214824039327851e+00 1.467209421989473306e+01 -1.252300421638131844e+01
-9.662371790809149275e+01 2.004304500378205489e+01 -1.421856556548827477e+00 -1.867471062239145851e+01 2.938980338958317873e+01 -9.836188141383349626e-01 2.288745027992930403e+01 3.635217257388775547e+00 1.313702696084184041e+01 -3.035157510073284826e+00 1.277758692250919026e+01 -2.068029198664387991e+01
-8.003306736439856195e+01 1.599264293937868686e+01 1.901588972250772258e+01 -1.708645039672593313e+01 3.221166285063160473e+01 -7.263100645321193483e+00 2.727241468370650779e+01 -8.541056871947585449e+00 1.776864580396657800e+01 -5.669183753437770257e+00 2.542345209527445249e+01 -1.590790187894128849e+01
-8.838306703899024797e+01 1.605485888258582250e+01 1.908331708103133550e+01 -1.625374747029794165e+01 4.253680051255047090e+01 -5.623774533649003260e+00 2.924177410880303185e+01 -7.072823802395746817e+00 2.705038827226783127e+01 2.696686355691649162e+00 1.801146032688550847e+01 -1.617664670915943859e+01
-7.464597740003910076e+01 1.773363542077640176e+01 1.355843159683101362e+01 -1.210175498330660382e+01 3.636236220716311607e+01 -1.132830136894383344e+01 2.060233805087928260e+01 -2.763343526105531467e+00 1.898795225724566293e+01 -1.613607421094692684e+00 8.603434440199002609e+00 -2.755286701417510642e+01
-6.727320323683977676e+01 3.230817710502867612e+01 2.594150329178992109e+01 -3.127447188116298182e+00 3.683633977939722115e+01 -7.344287173373841071e+00 1.332276459292333115e+01 -1.884431543057761260e+01 9.418904636503551586e+00 -7.538386056082497788e+00 2.237265127163643541e+01 -1.236940010267580803e+01
-3.025618887248003119e+01 4.204606974405744069e+01 3.491320794718288312e+01 -1.460249318362396842e+01 2.481163986347612394e+01 -2.947178126540067211e+01 1.111965581526987457e+01 -2.261585243691900615e+01 9.863473153271813842e+00 -1.798288519705294064e+01 8.398190612685006329e+00 -2.664094506743488111e+01
3.710025894254126655e+01 5.837989956469978381e+01 1.703198814225144275e+01 -7.575927213732008170e+00 3.053849620041025048e+01 -1.443207864421084174e+01 7.163228971981174809e+00 -1.640252840227100251e+01 -2.095172278782413411e+00 -1.807858610574380620e+01 -7.451877141864893250e-01 -2.668866880883748749e+01
2.783037243815718753e+01 5.490877511498271701e+01 1.076060968439183512e+02 -6.995385952082602721e+00 1.732230295902118655e+01 -6.497804755841293911e+00 -2.533256248179371894e-02 -3.395215092996603801e+01 -9.034686973580831060e-01 -2.293971296231617529e+01 1.575869798768241292e-01 -2.498077531976151988e+01
3.213071886377001363e+01 1.970658328370675605e+01 6.989366652880288200e+01 -3.588387348160370038e+01 2.200153390882615412e+01 7.762762289975016827e+00 -2.172871655286676074e+01 -2.546115971193285699e+00 -6.017799132318155664e+00 -3.526479738282531429e+01 1.533407766857272136e+01 -3.211098732365053365e+01
1.221800936734937792e+01 2.227525222799492255e+01 6.828640069450406713e+01 -4.507061188106909810e+01 1.034917264513119051e+01 1.596288207910354728e+01 -2.802627306113713956e+01 -1.077962034123134671e+01 -3.945991688728816005e-01 -1.706477936093600078e+01 -2.614484143165738850e+00 -2.157206522755313927e+01
1.045068692250828946e+01 3.319487217341099949e+01 8.683273070066678656e+01 -4.785111851142619344e+01 1.525332773747783932e+01 1.823274770132484690e+01 -1.966612891664402696e+01 2.575906261779270956e+00 9.257779391666346669e+00 -2.103336014429665823e+01 1.350829774046116682e+01 -1.323309457212975104e+01
-1.905560637180963113e+01 5.815623170269833508e+01 1.007484566717443215e+02 -5.115885066075131959e+01 2.795874722282347946e+01 1.601213801643221046e+01 -2.434595220824027706e+01 7.290993381118429539e+00 8.032510077147241745e+00 -5.192127128598974295e+00 8.728135840995902228e+00 -1.733305581921707272e+01
-1.221144769657707485e+01 4.032975774800480906e+01 1.095046075546228792e+02 -4.512048183088606379e+01 3.233390946169841840e+01 3.958293735508745304e+00 -1.245835223195278196e+01 1.253056411742763387e+00 8.637807346923832341e+00 -1.190467204517171140e+01 1.429759226815877327e+01 -2.337903512455844535e+01
-1.536155070558728930e+01 3.892016394119553979e+01 9.776416857619209111e+01 -4.965383822151189008e+01 3.224554647904211890e+01 3.908586878970080836e+00 -1.459210147030344551e+01 2.270628708833751563e+00 9.962938186481206770e+00 -1.391003027157217709e+01 1.161480584982749953e+01 -2.155338957485817275e+01
-4.581714460948043666e+01 5.290888079623648821e+01 8.775390392135388140e+01 -4.548769917454718126e+01 2.722080610710333914e+01 2.352887812324030659e+00 -8.133402538724434194e+00 5.698509276370333332e+00 1.246941080651503775e+00 -1.099538706035729874e+01 4.972167624157912691e-01 -1.118864813270106495e+01
-4.871024768169121444e+01 1.339867209206418863e+01 9.615902520408567966e+01 -4.736051993731299348e+01 3.823082143723071624e+01 3.163057822839548727e+00 -9.688017049918627777e+00 5.237266039263829498e+00 -6.155095047479859360e-01 -1.833693520956892797e+01 7.547124821623079072e+00 -1.766097610518974648e+01
-7.923770395837880187e+01 3.720197778795039767e+01 1.061407746848464626e+02 -6.513350273686947389e+01 3.394029211206675711e+01 7.387408178242257151e+00 -7.173507597443023798e+00 -3.013689434491295227e+00 -8.252545338084768645e+00 -1.573689290855230638e+01 1.398963778765283106e+00 -2.076428573777236153e+01
-9.960833841827161450e+01 2.595291499039987126e+00 1.052216510971237398e+02 -5.135167407769857562e+01 3.940812742246210831e+01 5.948151714876787288e+00 -7.434426685031447768e-01 -1.530572541013910381e-01 1.098244341448076966e+01 -1.250068188373697353e+01 2.216855817318398980e+00 -1.697252664395384159e+01
-1.047672245120084540e+02 1.821569771132934079e+01 1.259036318047759124e+02 -2.479500618826457981e+01 4.818192557085740901e+01 5.591311148602750691e+00 6.598042753229926838e-02 -4.553813985604287851e+00 -9.952669056992644592e-01 -7.975909876760228556e+00 -5.484214010706045528e-01 -5.580773131982240010e+00
-8.499108960424453585e+01 3.051768608219738965e+01 1.227364470246636188e+02 -4.368728871187689577e+01 3.020621861422386445e+01 2.051404490752474441e+00 -8.204906399096046243e+00 4.332847484912342395e+00 4.636013556822346615e+00 -3.363734239745386212e+00 1.137055576685022196e+01 -1.657649752579018099e+01
-5.670003970057609877e+01 2.984773762279202103e+01 1.124452685658027065e+02 -6.356303015495626596e+01 3.936838308337898695e+01 -7.295360027235101796e+00 -6.930452477920118426e+00 -1.430398576434835078e+01 6.298579941993654785e+00 -1.586538767681528839e+01 1.689665638136707315e+01 -2.047292828713638713e+01
-3.970962109922921712e+01 2.066088073865847363e+01 8.412827882257965939e+01 -5.544496919489839826e+01 3.592453282428674299e+01 -1.341288364921275544e+01 -1.943794576701558086e+01 -1.689365133124284313e+01 2.189401495926725616e+00 -2.560790454038220076e+01 -5.090157987544023044e+00 -1.676810082027867921e+01
-5.980782998837941733e+01 3.588770729404342319e+01 7.590291385172854177e+01 -4.886959921812103147e+01 2.575771396924682932e+01 -2.983967448400984601e+00 -2.604400417759179120e+01 -3.563114268628323700e+00 -1.550989043375162879e+01 -1.915049049742333764e+01 -7.256711267818639399e+00 -2.562355440551140617e+01
-4.794707522932257859e+01 3.567235445560548612e+01 1.004785767587944463e+02 -3.168901665483966212e+01 3.261333795325851526e+01 3.615078057974550063e+00 -1.605447290888930567e+01 -3.750587729413561888e+00 -6.564413371376172535e+00 -1.112025212530248552e+01 -1.796285479115408368e+00 -2.224413477049565557e+01
-5.118814934576212750e+01 2.637148701424986541e+01 1.078728645716716130e+02 -2.389046046641934851e+01 3.846014731830460676e+01 -3.949817557622635533e+00 -1.419522800377140115e+01 -1.650080069691802542e+00 -1.112794390178099846e+01 -2.365530355734166790e+01 3.467813533166788531e+00 -1.645131358010886302e+01
-2.244123179962887704e+01 1.313795745716186048e+01 9.559147497522954495e+01 -3.833334543454658672e+01 1.563153281816382467e+01 -5.954247854917562144e+00 -1.640484321957686120e+01 -5.498381957470725112e+00 1.000853984531418028e+01 -6.032201279929198634e+00 -4.034416937422296456e+00 -2.447081771815308926e+01
3.194027844444582875e+00 1.022258340389045728e+01 8.151287271370649989e+01 -1.915170840734140256e+01 1.959279149160375511e+01 4.729767486747709526e+00 -3.126206619621924787e+01 -1.898535275690614199e+01 1.086904505049676573e+01 -8.138310475936172850e+00 -2.716367225307031674e+00 -1.636195809783994548e+01
1.272936348607280976e+01 -3.610520830490293065e+01 6.923259923756815226e+01 -3.449124617953185634e+01 2.467068979276804797e+01 -3.914109160297795853e+01 -3.673432951215701792e+01 -5.706993322692698456e+01 -9.912023891155680388e+00 -5.403989624938581926e+01 -4.231328208147835390e+00 -2.971348061284596298e+01
4.346364153169693623e+01 5.514464862848377003e+00 3.418135628836319739e+01 -2.824611940474256233e+00 3.823048771155663417e+01 -1.834866008779800950e+01 -2.419008482108582569e+01 -2.302793432881847480e+01 -3.071343254887303420e+00 -2.097574064767798063e+01 1.688849977653412049e+00 -1.404766993859814406e+01
5.853640681516367295e+01 1.930009263418202003e-01 1.697923196681573188e+01 7.308441181612466586e+00 2.619390777144487714e+01 -2.759268530659267071e+01 -2.575807544797938320e+01 1.504005659706187714e+00 6.183761270984089009e+00 -3.803840153514475020e+00 2.938695231589846912e+00 -1.557751974374964377e+01
6.543299728684101524e+01 -1.185965756454393016e+01 5.862641582640728544e+00 1.235994359384984165e+01 3.032592526945458644e+01 -4.257582986695946659e+01 -3.776277427039132562e+01 -2.461143514305077673e+01 -9.582434294400094643e+00 -2.148362847537423903e+01 -6.016388993683265518e+00 -2.108454590326223155e+01
6.677922662281480370e+01 -9.861319089121467485e+00 9.465154294963015857e+00 1.425611677395080790e+01 2.208815863200043239e+01 -3.636037363954363855e+01 -3.046812442560337786e+01 -1.701873252172510931e+01 -4.749698729958584664e+00 -4.075555842258902217e+00 -4.523844166570109238e+00 -1.386193962821227288e+01
6.103862933390049506e+01 -3.020991553763816739e+01 -1.408673307429440236e+01 1.566374824947377675e+00 1.352611499774921455e+01 -3.389558036007633746e+01 -2.844662778323179708e+01 -1.080865463700615514e+01 9.835870421080170622e-01 7.705117078704848410e-01 3.135828529057724801e+00 -9.887146872421858745e+00
6.310875786700955814e+01 -2.592144908995967612e+01 4.446335076714582613e-01 1.471015145157442205e+01 1.604942964150749418e+01 -4.616148432511913313e+01 -3.653969127500096192e+01 -2.141664989434805833e+01 -1.065952528278192801e+01 -5.347015140799591393e+00 1.245563642831983842e-01 -1.638646910260332135e+01
6.838406169445191551e+01 -3.441298700571293523e+01 -4.563074680647744685e+00 1.645035144569964913e+01 1.934495570484832427e+01 -5.469663534693884088e+01 -3.235205222061405550e+01 -3.432032180830845647e+01 -1.969397665815578335e+01 -1.288401620084685284e+01 -5.644806263611545916e-01 -3.179144690230630843e+01
8.642246964313974900e+01 -1.464919681140677099e+01 8.256763522760941498e+00 2.588745856101304099e+01 3.772710254421712506e+01 -3.162712013970656955e+01 -1.976810241792728817e+01 -2.590058877462621822e+01 -7.665202440226408953e+00 1.927218382195416080e+00 7.224774781785415101e+00 -1.448654425707468718e+01
9.573987497258684698e+01 -7.959025530897807066e+00 3.632147360671353464e+00 9.215001908528520858e+00 3.294869849145882768e+01 -3.735067170418329141e+01 -1.711621603889028975e+01 -1.468404010920979985e+01 -3.422111497988873374e+00 1.954173566619136437e+00 8.430114197703494128e+00 -2.027693979451624529e+01
7.045987493215332620e+01 -8.353118505497423740e+00 -9.108470122671435965e-01 1.374892107254483520e+01 1.257211411619882924e+01 -4.087162231528712653e+01 -3.594541231017157656e+01 -2.081695620274086522e+01 -1.007862225911583209e+01 -7.388995422838075200e+00 7.340557657659387836e-01 -9.980183762920306734e+00
7.430670060216922934e+01 -1.976518809555517109e+01 -3.880040983124130261e+00 1.215047689093257333e+01 2.119518791171804395e+01 -4.755910436688057530e+01 -3.313059488412933717e+01 -4.049868019939401620e+01 -1.302944037476362382e+01 -1.584866810455777397e+01 1.292797066649391535e+00 -1.424680865234265958e+01
8.364649010697912956e+01 3.196810700049073528e+00 1.863204094929525212e+00 1.811808949187046025e+01 1.536133938576482194e+01 -2.988239104364529197e+01 -3.238409064814896254e+01 -1.571272922740854483e+01 -2.660082741199249146e+00 -2.666165726228440391e+00 7.310339970989002012e+00 -8.602837940630255531e+00
5.234454845053389960e+01 -4.765722111848231357e+00 -2.383091490441962002e+00 6.094898638451530459e+00 -6.734308203245316093e+00 -3.840388869277624195e+01 -3.101975329296413619e+01 -1.112457994686590723e+01 -1.277941597354609993e+00 6.942011792539886095e-01 -4.979019062678185392e+00 -1.674067870807434488e+01
8.406104238012085261e+01 -3.175699584686094701e-01 9.609215227146918892e+00 3.597429691786429373e+01 2.228611107614036513e+01 -3.800753946993192756e+01 -1.648479540325352133e+01 -1.676821394779920382e+01 -2.818483557564313458e+00 -6.592898378884215482e+00 5.103920167747828529e-01 -1.776490497451952777e+01
7.625327918681637129e+01 -1.227642889604611476e+01 2.254597439004304960e+01 1.822380153138729142e+01 3.303573441288944679e+01 -4.490962096213309707e+01 -2.244998140684053567e+01 -3.156374997765598778e+01 -6.635859728993027673e+00 -1.994911780680763158e+01 -1.192878178778928699e+01 -2.796812357827081286e+01
6.918073027219747928e+01 1.605248984043902638e+01 1.593892705268489252e+01 1.264720319645832092e+01 2.043505039607194718e+01 -3.212759191079166499e+01 -1.739491466867015745e+01 -1.699884558554408898e+01 -4.163231689934096202e+00 -1.449774600740910913e+01 -1.021784225533044932e+01 -3.277943584445162628e+01
5.003804985677054873e+01 2.939118433140405173e+01 5.050089428767532951e+01 2.918753717090032751e+01 2.932344470051945962e+01 -3.589567706434588246e+01 -1.375671089013422943e+01 -2.220263960254181157e+01 3.873398311294093510e+00 8.440669662467303880e+00 1.667205296471323095e+01 -3.579951378183761790e+01
4.090689807086468477e+01 2.644352537348156318e+01 3.277431445884146655e+01 1.320865923511367157e+01 4.285335705957777463e+01 -2.346625711376685075e+01 9.619332022740433530e+00 -2.339315157081514229e+01 -1.849321239545629325e+00 -1.031353706784282664e+01 3.056493879938028346e+00 -2.714506253145081516e+01
1.421064828454183981e+01 1.928271388366155747e+01 3.872566034711439187e+01 1.809724739771723279e+01 4.779767552571055944e+01 -2.462064311235291569e+01 1.441253728325446737e+00 -1.953376441263136698e+01 1.857852178345675043e+01 -3.330518890079095407e+00 -8.583468257812434388e-01 -4.184392880873035381e+01
1.922799848330731010e+01 2.510467588814469408e+01 3.990028591815715941e+01 6.227982764523679826e+00 3.213370790617778994e+01 -2.393862124346992815e+01 -7.066204570456541489e+00 -1.975548225685870918e+01 9.021043438382241320e-01 -1.180172012465471276e+01 -6.970048471442384042e+00 -2.254591598497982829e+01
-6.048354088743824519e+00 3.381370733055406141e+00 2.130036572460448596e+01 -5.622002557442215220e+00 2.815510552737814010e+01 -9.427419022341696930e+00 2.524845664218538133e+01 -1.225368775256245613e+01 1.284617715378205816e+01 -7.287314777257805964e+00 -9.959712500570820026e+00 -4.405563323278533971e+01
8.584922812766366818e+00 2.174941214656595179e+01 4.899550274246126946e+01 1.499325348416343218e+01 3.969420889444687361e+01 -2.624456291278175257e+01 1.026845724082820510e+01 -3.273618244131304067e+01 6.225142103035320673e+00 -1.710589945442182014e+01 7.650327163192809365e-01 -2.142086536144257281e+01
-6.238447323549507928e+00 3.115299697299433035e+01 4.845549639013517407e+01 1.481256084630252801e+01 5.129015407446092922e+01 -3.606304983338898040e+00 1.456966370168372649e+01 -2.977950744333883648e+01 1.074416679687208642e+01 -2.527157570848244106e+01 5.144901085017150599e-01 -2.471632720134735095e+01
1.819255721258552505e+00 2.563949406909413042e+01 2.521760961337474782e+01 -2.033969343883221814e-01 6.345634652575014911e+01 -4.609654244698494274e+00 1.256916167885042945e+01 -3.489270093051338506e+01 7.976734240423727584e+00 -2.346719717519642145e+01 2.985730065912892695e+00 -3.265074514575599096e+01
-6.307158328895804189e+00 2.974166501971458132e+01 3.420954607921973434e+01 -1.136239415836186950e+01 3.989124270404202832e+01 -2.630798490196598038e+01 1.615983329636263477e+01 -2.568140985260578191e+01 4.489839819731948012e+00 -2.365208231473977207e+01 9.228929498149794242e+00 -2.204069909157654905e+01
-1.517737566106874247e+01 2.956485719406461499e+01 1.853409272481565750e+01 -1.317842616766837871e+01 3.358692739846109276e+01 -3.076204189168608849e+01 -7.800785824239551580e+00 -2.552563815022018190e+01 8.935957540084503492e+00 -3.174519129108738014e+01 -5.131073006266275272e+00 -3.432016043285842954e+01
-2.227598103398788965e+01 3.645770176259955520e+01 3.905273499776099300e+01 -1.073252917456373190e+00 4.604828808344665703e+01 -1.855172141587318535e+01 2.035768171260592752e+01 -2.730515845216936555e+01 2.705005869715676692e+00 -2.734683150923342154e+01 8.282027688713135660e+00 -2.581612122908782325e+01
-3.755906317605878542e+01 3.979923280939637209e+01 4.501416113221655024e+01 -1.386515150748966363e+00 3.993305774089542837e+01 -1.903350319754839859e+01 9.066575700600900234e+00 -2.209773873788962817e+01 1.701300547805410179e+00 -2.907583443976555060e+01 3.159706344991770166e+00 -3.151567735361125244e+01
-4.839513341655835887e+01 1.731845084954287728e+01 1.403073153543867413e+01 -3.196317554982792331e+01 1.546925466741578603e+01 -2.772478082061890348e+01 3.937882646383878082e+00 -3.350140239495442529e+01 -7.535286869290064082e+00 -2.440822172532138978e+01 2.000846335171781121e+00 -3.601135372839420512e+01
-4.082933180064624423e+01 2.673659212269287622e+01 3.266044328106302430e+01 -3.314118812886351240e+00 3.610832465848208983e+01 -2.039215818348600351e+01 1.742685383912843022e+01 -2.390254732317875153e+01 -3.163586797363322489e+00 -3.044468713038933316e+01 1.027987212512411475e+01 -1.718486670213210132e+01
-7.210918789989830202e+01 5.022480007194967122e+00 2.949677019945182366e+01 -3.966561817377859178e+00 3.972863332083035459e+01 -1.256791261117324510e+01 1.257797207890862978e+01 -9.419309574568780263e+00 1.490723401776974377e+01 -1.634735974635757216e+01 4.887542872943157590e+00 -1.595433821713669076e+01
-6.218809545440335285e+01 1.895663160582086704e+01 2.273680460961830363e+01 3.221478588057088199e+00 4.037740485550747849e+01 -7.645065038409319058e+00 4.808282826541351973e+00 -1.778489740867802382e+01 1.013928091899127359e+01 -9.200269482695192735e+00 1.224264090941842298e+01 -7.280998301397206163e+00
-5.209472968605285814e+01 2.472481151951103584e+01 3.682247980758502592e+01 -1.234108004117922341e+01 4.440543189850957617e+01 -7.077394604583425952e+00 9.267062426868701408e+00 -3.630581033066538055e+01 1.683841848868280255e+00 -1.700951963621747609e+01 8.187038147352126316e+00 -2.019566210724204680e+01
-6.052164946596709427e+01 1.273457020655875738e+01 2.572861556292317786e+01 -1.752684989753422684e+01 4.109907137452154302e+01 -1.155004779608553633e+01 1.890607220706727531e+01 -2.149890579977309457e+01 8.685302274322737048e+00 -1.428176438920312918e+01 -1.209302785666658719e+00 -3.132260083368299064e+01
-5.652443300708996787e+01 1.632114140123328383e+01 2.771355048722268322e+01 -1.418728228690250681e+01 3.149667688808856170e+01 -1.955033683087464169e+01 1.355281726271550724e+01 -1.804091822566106629e+01 1.504771063879636372e+01 -1.253645163378165428e+01 1.360464209316897133e+01 -1.235903968238547179e+01
-6.496514744967788602e+01 1.084529377856786780e+01 1.584358670169769567e+01 -9.381776064046871255e+00 3.732180406627792024e+01 -9.731495744017106375e+00 1.145897414621383525e+01 -2.118710581526335091e+01 8.423141144619695098e+00 -2.398469242075574215e+01 -1.317949748061767234e+00 -2.664857356808823141e+01
-6.840125054503229762e+01 6.541234344381385846e+00 2.854256129773749961e+01 -4.706982136094588043e+00 4.190586377918769045e+01 -5.743101619980103045e+00 2.884441480069324726e+01 -8.021825545918584766e+00 1.539536896752681550e+01 -1.606903013824262061e+01 5.855680718451139910e+00 -1.713387217092779125e+01
-6.873116709626509646e+01 1.756254616696642756e+01 1.181918561979962945e+01 -1.229380820808905384e+01 2.593939513302153443e+01 -9.899316811958708939e+00 1.754467608447444960e+01 -3.329550980360648893e+00 1.579732609728574744e+01 4.713007005491499868e+00 1.007912907446527662e+01 -1.053283740698286053e+01
-6.971129278047254729e+01 2.717527141366854693e+01 1.465264905164700693e+01 -7.723911763377643069e+00 4.145117433836183096e+01 -1.137297380927556922e+01 1.615387267365705526e+01 -2.704641751936557625e+01 1.949307442332278129e+01 -1.807859053350801659e+01 1.749814414030830534e+01 -1.445862962276259012e+01
-7.195866267599598132e+01 1.495382721672142523e+01 1.920715814801125276e+01 -4.696415047494701511e+00 3.527310896935903628e+01 -1.759553415218347894e+01 1.768558233594886175e+01 -1.219896637665001471e+01 1.304129780934206551e+01 -1.816783070023122448e+01 1.708206221293895055e+01 -6.948300600338607858e+00
