-1.101503188078868618e+02 6.667839595355891547e+00 2.072793681537480737e+01 -2.410916896191844572e+00 6.794638420985375404e+00 1.436444836239559919e+01 -1.117310017735707595e+00 -7.248928325786441196e-01 1.765277945262656800e+01 -1.912178262844694743e+01 -2.734076479644625302e+00 -2.463306047292918244e+00
-8.629305469170748211e+01 2.706083706840111702e+01 2.254504149836651550e+01 -1.293972641680106861e+01 3.859128765426175445e+00 1.393453222601589658e+01 -6.386481000945028796e+00 -6.710252035962720463e+00 2.071045660950465006e+01 -2.141107176361090580e+01 6.784636761192750498e-01 5.546792671966292332e+00
-5.616618096684977957e+01 3.075750363018024913e+01 5.320517324119298053e+01 -9.275770276312002238e+00 7.672806030574202296e+00 2.765096674716831870e+01 -1.444729367723596880e+01 3.928163071608259838e+00 2.889112118572982624e+01 -4.087756570250773791e+01 -1.454204680355053014e+01 -3.587978141548555655e-01
-1.103912159203618160e+02 -6.970647050662017286e+00 7.938320957038534686e+01 -2.922331135594599161e+01 -4.105138346743078870e+00 2.890789393403126795e+01 -2.009078024572035304e+01 4.482616726573033894e+00 1.937420879214829483e+01 -2.526032875017652657e+01 -3.949612284084635050e+00 -1.004142402865402417e+01
-1.068864395244783623e+02 -6.033161682904140122e+00 7.010543255366853543e+01 -4.448520274596508983e+01 -1.311585836551436568e-01 7.768033511870465091e+00 -3.582799481160280664e+01 -2.419594023471167787e+01 2.625979093726144598e+01 -4.316966510991948525e+01 -2.100954869625074828e+00 -5.722336200334272149e+00
-9.661649118451822460e+01 -1.995781963578052398e+01 6.974685982380410110e+01 -3.321243545908681227e+01 9.120679042127735059e+00 2.383500413264482631e+01 -1.754640891490789301e+01 -1.595549435840686758e+00 2.195562890291669333e+01 -3.227033696080897585e+01 6.329360258020891195e+00 4.183091603377466328e+00
-9.388419756646489134e+01 -2.664243441281118052e+01 7.022837966019932310e+01 -4.825540042370493410e+01 2.194507558742431996e+01 2.476560265116019366e+01 -2.353346416322778722e+01 5.365099159665558837e+00 2.928946026786998047e+01 -2.213693388818967023e+01 9.797599911276019924e+00 4.436489348947248779e+00
-1.304954018192967453e+02 -1.786697077729192529e+01 7.633773430714884967e+01 -3.182181009102718861e+01 2.787069496025317505e+01 1.204757696965905822e+01 -2.094700615369161056e+01 -3.906953418331085448e+00 2.401234832431314814e+01 -2.937452353125740245e+01 -1.462064725166825596e+01 -6.668942878172226862e+00
-1.440215858688544586e+02 -3.149218728345721274e+01 8.086523485226578600e+01 -2.784320611286693037e+01 4.337573080626269473e+01 2.101591710460238360e+01 -1.542463381443668524e+01 -6.617887789581520241e-01 3.696089388134745235e+01 -2.808200577999476266e+01 -1.191704731601440059e+01 -4.148069727784339911e+00
-1.253633788586341211e+02 -2.242463642180678818e+01 5.186853158305318345e+01 -4.538696093827968525e+01 2.320833151804533045e+01 1.284273710894147058e+01 -2.205067394177135043e+01 -9.940613466613214655e+00 3.142858633058604312e+01 -3.834236833823739232e+01 -2.949344496109940650e+00 -3.209626113110006784e+00
-1.178957760262816805e+02 -2.447217026019738029e+01 6.155601408989332413e+01 -4.956828500306877316e+01 1.502366601962151194e+01 1.667434508504798174e+01 -2.368227160412426002e+01 -9.055246669337584819e+00 2.553672263546437904e+01 -3.156907399836218531e+01 2.936658535716698104e+00 -9.551627147585024957e+00
-1.280327348164532282e+02 -2.025076544132605250e+01 6.676377293314965300e+01 -2.445142779449213677e+01 2.923792472062085679e+01 1.531731103277892814e+01 -6.160619036600925025e-01 -1.041675053057507228e+01 3.103166115520358304e+01 -3.848168763880062926e+01 7.934773805805621194e+00 4.912205169798864901e+00
-1.283689731845118445e+02 -1.202760692957948052e+01 7.308895959306495627e+01 -3.285791465992683413e+01 2.592794647627647109e+01 1.857330512581735604e+01 -1.897574114404474699e+01 -1.822747431892731385e+01 2.430280291703272511e+01 -4.335656396846614768e+01 -1.662139224593263798e+00 3.505783961952468886e-01
-1.272972178433607269e+02 1.425664192706650013e+01 9.629385335591550188e+01 -1.534233295523481466e+01 1.226623645045335564e+01 2.266868976878679831e+01 -6.800958374607706247e+00 -2.154208383785057634e+01 4.240726683759892524e+01 -4.297211159911766032e+01 5.932716110535502629e+00 -5.769191811030797368e+00
-8.918459763088060299e+01 2.848511555177452692e+01 7.714765019065836782e+01 -1.884416520315275179e+01 -5.554052252841087167e+00 1.167717011776733216e+01 -6.225219114760344397e+00 -1.107603537565462837e+01 4.162969027822825296e+01 -4.824556854873111433e+01 8.466465138722659489e+00 -9.599372975913414763e+00
-8.332101528962394354e+01 2.386699544439302301e+01 8.135430230375332883e+01 -2.556230165471580307e+01 7.434237029576582501e-01 1.842162537276015755e+01 -5.888085632541953274e+00 -1.352939111208006473e+01 4.909898996601931032e+01 -4.094621975907025302e+01 -2.420301108812359381e+00 -1.108275733208986047e+01
-6.492663271772448752e+01 1.843754088899976296e+01 8.301105005512366120e+01 -1.828604542277615508e+01 -8.180120726548000931e+00 2.587909512309851578e+01 -1.431947982525297203e+00 -1.556187127836705386e+01 3.645943917386640720e+01 -3.099836042254635515e+01 -2.320183666204647110e+00 -1.872801623072586352e+01
-4.480860900520892898e+01 2.888889514787327784e+01 8.426186660712195931e+01 -1.124429729670752565e+01 -1.628421865012962400e+01 1.480584667730502169e+01 3.593341894728378616e+00 -1.054218967909790194e+01 5.082904730247783220e+01 -4.552023274110499074e+01 -1.187292093348990818e+01 -1.762353029809340299e+01
-1.271136028854428446e+01 2.077611798506460872e+01 6.864541041085394113e+01 -2.276069485409581716e+01 -8.619994114990896961e+00 1.888711051382960804e+01 3.018459228520230297e+00 -1.963983191351292845e+01 3.053100584447262023e+01 -2.967628307317373881e+01 -1.287257795147404682e+00 -9.833486552302447947e+00
1.444094379954074547e+01 2.986143108976198235e+01 6.064547311940324903e+01 -2.626681754481330344e+01 -4.432034749913046134e+00 1.240206779615236954e+01 -2.843216975595026952e+00 -1.674598331390565065e+01 3.511730411875768709e+01 -3.494668237606131811e+01 -3.302892787066062930e+00 -1.500612435926426791e+00
3.393563556188855301e+01 1.470327216714610685e+01 4.601754402786272635e+01 -3.317679578678126973e+01 1.190305298947178514e-01 1.286408651841106021e+01 -9.883235933525828187e+00 -9.856990193606694817e+00 1.499268618645337980e+01 -2.384206303193414200e+01 -8.737732418349088093e+00 2.004247832295719345e+00
5.657707837191297529e+01 -5.518331564569695757e+00 3.526888018062106767e+01 -5.046237591027896485e+01 -1.141073472398828592e+01 -1.533967346316329028e+01 -1.687297862272492210e+01 -2.297046161337114967e+01 1.492083474662391751e+01 -2.750343227713192107e+01 -2.015283592613617714e+01 -1.155328583585873048e+01
6.104854056300014520e+01 1.101255402700347474e+01 6.843852196464337112e+01 -4.125274804971974163e+01 -2.524560226769465388e+01 -2.279362954269600294e+01 -1.556379366392420849e+01 -9.432291627667062528e+00 2.359168259996834749e+01 -2.290712249962518854e+01 -2.896732410134285374e+01 -3.820492367053669014e+00
6.924078320020970523e+01 2.686050792760666539e+01 6.586845002686663975e+01 -3.503885253135703692e+01 -1.935848682042560753e+01 -2.683079475083378540e+01 -1.576153286402928266e+01 -1.625081997657823685e+00 3.174788245500233330e+01 -3.684908957474449664e+01 -2.704528457391882412e+01 -6.353874367814489332e+00
7.365968388762982499e+01 1.862730536353760868e+01 3.987306811748068469e+01 -5.370824023168260908e+01 -1.350537774682021741e+01 -8.077893348258797346e+00 -1.624623569942069068e+01 -1.880459992944916436e+01 1.312480626296992270e+01 -2.229999431479538430e+01 -2.600854853447892978e+01 -9.950180865103613215e+00
3.900513859562101970e+01 2.641637268351712819e+01 5.210351488228241124e+01 -2.298245064955735728e+01 1.195309461175025767e+01 2.323745097349108590e+01 9.951154331696805855e+00 -7.541167869121528256e+00 9.898831405167808128e+00 -2.911519332331953436e+01 -4.147367892847346127e+01 -1.433138309419979883e+00
3.826285040216041011e+01 2.585780858687625283e+01 4.819197064162261768e+01 -1.605086468409388800e+01 -5.977820898444231368e+00 1.768297427284256784e+01 6.808518794390572282e+00 -6.540385279991263179e-01 3.598583412426809502e+01 -2.187752738243403172e+01 -3.284202601933773735e+01 -4.523417061875861123e+00
8.520291160717009760e+00 1.672944516170190354e+00 5.791137012704166409e+01 -2.310192066733561234e+01 -2.467979293436983923e+01 1.647028791506767931e+01 -1.350675267041838623e+01 -1.777272427972672375e+01 2.314282680695413674e+01 -1.699005862432506930e+01 -1.379310702094177898e+01 5.402727981961636949e+00
2.607817997065135174e+00 1.009819210991828697e+01 1.112771229047690724e+01 -4.046088280112156355e+01 -4.767460095401538922e+01 1.824929157021166759e-01 -1.745990880469744866e+01 -3.929263072906736909e+01 2.179817046869980679e+00 -3.262425244326361451e+01 -1.481546459289084794e+01 3.419139061342026942e-01
-7.233039450573883755e+00 1.767617792908345109e+01 2.245508065301406830e+01 -3.426726795579534723e+01 -5.071674105826458856e+01 1.000355144091280124e+01 9.646568215089201814e+00 -2.024751340618084683e+01 1.527747649357530513e+01 -2.048018788606909268e+01 -2.290166706367543981e+01 1.286863621720940642e+01
-7.445038477598365567e+00 5.313676026536263919e+00 2.628284770660879133e+01 -2.680639012902537388e+01 -4.687645597150141441e+01 1.494410675921046128e+01 1.572336710587703301e+01 -1.572330706786815213e+01 1.804880840069658632e+01 -2.205606202737370580e+01 -2.004097409058433499e+01 -2.550583597251827150e+00
