-7.970121969484260660e+01 2.239281726221392077e+01 3.542416270730191385e+00 -1.594903921899597066e+01 4.115074051677861888e+01 5.943349246547176001e+00 3.300240221929759343e+01 6.142769429660882352e+00 1.869766296208780432e+01 -5.264908726612734569e+00 1.380437989896259054e+01 -6.175777715272783297e-01
-7.430901604624352785e+01 1.998387197612304078e+01 1.409129567700994023e+01 -5.626099474495010355e+00 2.988836225695847304e+01 -1.753684089096230636e+01 1.526015256661228214e+01 -6.111831517020488214e+00 1.249142798729583959e+01 -1.202221469271418108e+01 1.348551554648994255e+01 -7.051213948184144265e+00
-6.541256202324231595e+01 1.987923210751290881e+01 1.327322131568460462e+00 -1.287440432219205633e+01 3.743087218185722520e+01 -8.482396434454454237e+00 2.343935155232051670e+01 -9.238467889506679853e+00 8.701281288171724526e+00 -1.536639740319474612e+01 1.928895703936673911e+01 -1.035222948837420276e+01
-9.215009745505544458e+01 1.260022645344591652e+01 1.706585908140242935e+01 -1.352700802923206425e+01 5.350967670063191406e+01 3.532002399784930802e+00 3.269476694283650886e+01 -7.557615638623717658e+00 1.318717983343300659e+01 -2.402552402730489689e+01 5.479568256748323485e+00 -1.195064942723652557e+01
-7.310631145306913936e+01 2.232479741599387069e+01 1.267134603993625541e+00 -1.400639015965297673e+01 4.815135612415195965e+01 -1.446574866969161732e+01 8.049802869277232986e+00 -7.735843512083113716e+00 7.717729117996371180e+00 -1.675287627862145001e+01 2.016681806599595461e+01 -2.863127309024670275e+00
-7.582208215074479085e+01 1.539689925458596775e+01 3.387857741517517951e+00 -1.728497017532891888e+01 4.216664711321445225e+01 -1.229376999390968983e+01 3.179640717636331360e+01 5.563264545147743156e+00 2.676681020978703884e+01 -2.020960622163162057e+01 1.209355397279163391e+01 -9.840823260112525617e+00
-7.077070454918852249e+01 1.851244712228771760e+01 8.681452837590089899e+00 -1.682337279577469502e+01 3.886236154538532617e+01 -1.712138430257258292e+01 2.720834267430480224e+01 -8.910852964733161130e+00 1.899775604935281592e+01 -2.751161471895010280e+01 3.233959098522277031e+00 -2.065500703068240895e+01
-7.903221254459161571e+01 1.807838754104189860e+01 1.957887814412470462e+01 -1.772142787027781452e+01 4.362526474092096862e+01 -9.638346399296224831e+00 2.655971001208058979e+01 2.520346257246417920e+00 2.638330182965053794e+01 -1.254961171035560596e+01 1.629755022529464270e+01 -1.385277541302622240e+01
-7.000938222451385684e+01 2.794476085965397161e+01 5.761841976129823628e+00 -1.000334094275369878e+01 3.627337567900276838e+01 -2.976581251666216232e+00 2.594175913918451926e+01 9.200321984565448474e+00 1.615663289805526404e+01 -3.147490330967151806e+00 8.755994453338404426e+00 -1.736435585604148457e+01
-7.526159738829824164e+01 1.204637812344778069e+00 -3.291495326775051300e+00 -2.277069766111366533e+01 3.427830286785238911e+01 -1.343701730972562736e+00 3.154417691894243703e+01 5.530209030435684348e+00 2.736289247819617287e+01 -4.413781169466857612e+00 2.074783388371827186e+01 -5.861934576735547964e-01
-5.995407108493659365e+01 2.175103196171773590e+01 1.260138330281566965e+01 -1.894389089874224297e+01 1.841166060093969392e+01 -2.365727022556124126e+01 1.794137346856974702e+01 5.488519878923930229e+00 2.511490289987378333e+01 -1.348703608904973095e+00 2.055268576844095918e+01 -1.505309826644868387e+01
-5.448928486829537121e+01 2.444362222319737299e+01 -3.715107822602465859e+00 -2.954080443036423986e+01 3.823729794836190621e+01 -1.193013652704857641e+01 3.047922581802602338e+01 -8.975241942817291374e-02 1.910619518991378030e+01 -1.292508978734872294e+01 1.538136642787863906e+01 -1.525388533011901870e+01
-2.045775646542319492e+01 -2.245522378918397166e+01 2.503254287259539979e+01 -3.765005648437342956e+01 -1.217353647417196782e+01 -5.456650908682912871e+01 -2.167633463165278584e+01 -4.462758442350185817e+01 -1.186944536620934443e+01 -4.736341542690326634e+01 -1.013935275487932053e+00 -1.524124959401304658e+01
-6.054179681879884356e+01 -7.716359150200311490e+01 3.458541924003216650e+01 6.737012461538049557e+00 2.219609658410488251e+01 9.965755482851193392e+00 -1.739316473825086717e+01 -7.079005473057220499e+00 1.504413487953901196e+01 -2.026842372548730253e+01 -1.382765653249580495e+01 -1.245207863952833094e+01
-1.022071586488185062e+02 -1.024156208817169187e+02 4.998832549112205470e+01 1.960210360506741267e+01 6.625922958516400563e+00 -6.528256815375707234e+00 -3.263614097855722207e+01 -1.611745553166162637e+01 9.738218457559531416e+00 -1.352819157824498575e+01 -7.704172994021294407e+00 -5.725130689184098287e+00
-7.323009200969167409e+01 -1.258229353732920970e+02 4.944338888778322882e+01 2.804556009903862002e+00 1.303865151563816482e+01 -2.450727024035657209e+01 -1.425930668282867231e+01 -1.046109831481505736e+01 1.876660356712807598e+01 -2.618113526086925447e+01 -5.590643678541029615e-02 -1.568166554336252538e+01
-9.501438808688926940e+01 -1.000105282097505750e+02 5.236068419373103211e+01 2.418383347875071365e+01 -5.722248947906427574e+00 -1.268533057800866004e+01 -2.823207464276517697e+00 1.650888582416939698e+01 1.242431665417339559e+01 -1.533779152456411587e+01 -1.731666877217477918e+00 4.844802140111360345e+00
-6.261152790982735183e+01 -1.073969790080069657e+02 4.947662822534946514e+01 3.366189033840488065e+00 -9.156154984698126498e+00 -6.386870557804416926e+00 -2.425753802469339693e+00 -4.017426223374034322e-01 9.456984321074397570e+00 -1.214606713517916603e+01 8.725015279733876028e+00 -4.819622926350977110e+00
-8.955355794948553694e+01 -1.199147314599937886e+02 6.187783163908802209e+01 2.256247587068757099e+01 -1.839522760613214558e+01 -9.158445155041814445e+00 6.751637989884939905e-01 1.689191585235023751e+01 1.284421672113835555e+01 -1.677672828477648181e+01 1.336771339989006080e+01 3.472377110443605197e+00
-6.261479850365854816e+01 -1.077941965029025653e+02 5.270704702361533833e+01 1.124606793409548899e+01 -1.192603670223589774e+01 -8.714325055636837902e+00 1.070766103646648837e+01 5.671481108352889322e+00 1.068205446550890514e+01 -8.835209443461874201e+00 1.066502851670795060e+01 6.411148714032956164e+00
-4.949863514971552547e+01 -1.038172493082993100e+02 5.287199490797654988e+01 9.572031076183538545e+00 -1.735939078189955609e+01 -9.477825663014112223e+00 -3.210445183744115027e-01 1.041902822247187466e+01 9.871136769323502591e+00 -2.459916005928417704e+01 5.817387608452736281e+00 1.010948170004785318e+01
-5.632408511659649264e+01 -1.287661119934396083e+02 6.056335523351825145e+01 6.138880138496367600e+00 1.096970296038519344e+01 -1.813258447422209230e+01 1.203914357948769975e+01 -1.041303075976695425e+01 1.970696078464059298e+01 -1.848013593167144819e+01 6.315860395010156836e+00 -1.546639822118987873e+01
-4.295154032447926795e+01 -1.171322099893268387e+02 4.984232851518759588e+01 2.743083169452529280e+00 2.241625437463830472e+00 -6.958316214540091416e+00 1.239407865063992453e+01 -8.442384179077039974e+00 2.045252343081042667e+01 -1.678529439335695272e+01 1.543127389490101464e+01 -5.226290340652302469e+00
-7.211360856752412474e+01 -1.074994963504317695e+02 4.724784588280475361e+01 1.680180587565854466e+01 -5.939530598674857664e+00 -2.557531007871802586e+01 1.437011894452846938e+00 -2.081637247318788297e+01 1.306375033222974658e+01 -2.461186303041913703e+01 -3.422184909875531922e+00 -2.410015108903455427e+01
3.050812565664848108e+01 -1.227838490795737769e+01 4.618841162651108334e+01 1.854411288244689615e+01 -7.636500115801835520e+00 -1.799843676920869484e+01 1.263145479388248837e+01 -1.885419978636830507e+01 -2.148205280720957511e+00 -8.090823408114022897e+00 1.591049460522684100e+01 -1.898269154768163602e+01
7.635663720254366638e+01 -2.973892894823313426e+00 1.920218315002781395e+01 1.505499448290402142e+01 -6.694606812235520010e+00 -3.731257956204198933e+01 -9.209312142900227371e+00 -2.295453354185516304e+01 -1.310659820248436347e+01 -4.341105856806237284e+00 8.350135608907569562e+00 -1.321905516256507340e+01
6.854468811496205660e+01 -1.278157110835125820e+01 1.298987950921290135e+01 2.442750710943457193e+01 1.384113467498507077e+01 -6.394780214075228741e+01 -3.510599282487038408e+01 -4.083918555585852772e+01 -1.190491130314760948e+00 -1.853972946855955684e+01 -1.186079506029587982e+01 -3.942048573570687608e+01
9.317831521653116056e+01 -8.531942944353426483e+00 1.816165800762149729e+01 3.290679628548279823e+01 3.073116363930309092e+01 -4.375264539224760085e+01 -1.868275118824756476e+01 -2.710299001268182195e+01 1.323597695547893949e+01 -8.663926459366766863e+00 5.465120164044724227e+00 -2.287690012141485596e+01
6.516916092752416034e+01 -1.437933297855411752e+01 5.974630641869651981e+00 3.208494821501558647e+01 4.397774509924689212e+00 -3.197440619812486062e+01 -2.572494648423960584e+01 -1.521475243125328447e+01 1.213068146188791729e+01 8.075346858849460574e+00 -5.887940479983351239e+00 -1.405099776222373187e+01
1.148672683524771969e+02 -4.301058473033295826e+01 6.355758605172446174e+00 2.057463356487081541e+01 2.546258498196422693e+01 -5.352318631300983043e+01 -5.660147631867557649e+00 -2.923931851434592488e+01 4.410627612976726120e+00 -2.807551733383244041e+00 6.787062689241018631e+00 -3.273346121387240260e+01
7.633909045790414893e+01 -3.331157888007891188e+01 6.497704350012982744e-01 3.185001110717411166e+01 2.128867176507623071e+01 -6.317801414168079077e+01 -4.180486647766957731e+01 -4.288151917169513183e+01 -1.114095761694435893e+01 -7.577405702328040782e+00 -1.249542317447572337e+01 -4.519556968963883747e+01
1.016321269930690789e+02 -1.437799856306634183e+01 1.131800009929407125e+01 3.753327930367005649e+01 3.659288502970638035e+01 -5.051026149809094079e+01 -1.055524390544826296e+01 -3.573736338058048290e+01 1.115838376308203372e+01 -4.401827905769057914e+00 8.565180598548824520e+00 -3.308431023102055946e+01
6.762658471429647022e+01 -3.271019303734406236e+01 -1.309563567485335334e+01 1.593099549916611224e+01 1.291493200938594210e+00 -3.649614790165016132e+01 -3.397908865454135707e+01 -1.385335674272534767e+01 2.623231837983608372e+00 -5.512589300583213614e+00 -5.181210242539497912e+00 -2.304663228345083326e+01
8.712289306266737299e+01 5.043101933250082602e+00 2.387926148341824373e+01 3.701654420892266728e+01 3.014038669782929603e+01 -3.690483252538398062e+01 -2.369993187483060026e+01 -2.257133159811682077e+01 1.732334700934598359e+01 7.036410808497826963e+00 -7.994057643012539849e+00 -3.274340140929817977e+01
6.602609654775982051e+01 -6.248166848853561994e+00 9.696974556999842676e+00 2.621544924005657862e+01 1.055037351184094163e+01 -4.069054367884210421e+01 -3.090130747310466930e+01 -2.725917714452909735e+01 9.664984044551063747e-01 -1.098234737001030581e+01 -1.354314406989531427e+01 -2.429325779077216652e+01
7.969002607608030075e+01 9.906861341250834840e+00 4.092477262440966967e+01 2.341472739512273193e+01 3.071627761063977147e+01 -4.123284246175471424e+01 -1.047219816499450751e+01 -3.973320603720320321e+01 1.781803573342333191e+00 -1.880411974646740703e+01 -2.765767026059340772e+00 -4.718363271346949261e+01
6.187901476253431809e+01 2.081060459549144781e+01 6.545839153966318236e+01 1.674456968288156133e+01 2.568980863210364163e+01 -3.856239589718893512e+01 2.725070629761424001e+00 -3.983995283342729010e+01 1.759737535584524393e+00 -2.223952351458560273e+01 2.629553260758371369e+00 -3.868822562988431457e+01
-1.190500861165770807e+00 2.022059846084354362e+01 5.792942515980334406e+01 1.511245433646006653e+01 2.520267501264555676e+01 -2.048371516476657561e+01 -8.730709807225533581e+00 -5.434089044133482815e+01 3.556313974887995943e+00 -2.133103448711437267e+01 -1.319136257605715201e+01 -2.699000530411083787e+01
2.343803656520953282e+01 2.236070871715300257e+01 2.794116934937796159e+01 -7.864325785570266625e+00 1.218126284751204125e+01 -4.243906646668174432e+01 4.802517572450263117e+00 -3.715191439746456581e+01 4.144569242290345734e+00 -2.385540301476640224e+01 -6.086583318255632813e-01 -3.251618685907548922e+01
8.513288711875535597e+00 5.104474430968035392e+01 5.213787857706128648e+01 2.421360265808198875e+01 3.839410352372722457e+01 -2.772444642588121866e+01 -4.391728330630545685e+00 -3.235812717069901367e+01 6.299767321262423891e+00 -2.570476675319499549e+01 6.114935683304681291e+00 -2.072520553555354184e+01
1.482707864574156709e+01 4.326296096077886943e+01 1.753152623045418323e+01 -1.810202915165050275e+00 3.210146498339442189e+01 -2.078095378772987090e+01 6.087197325012180471e+00 -1.747389590747025778e+01 2.496362340652089173e+00 -1.842345595919578471e+01 -7.948980432750466285e+00 -2.979352896695872488e+01
1.312010733913009730e+01 5.572010964249293608e+01 2.948780600230290361e+01 -3.041008436993785313e+00 2.248696230811742680e+01 -1.884852617974252098e+01 8.739968330514626516e+00 -1.551117178729202450e+01 8.130838902852612904e+00 -1.876913966852525562e+01 -6.955530192544093993e+00 -2.596985483986938803e+01
-8.401510011028983982e+00 4.119121250123856015e+01 4.531671997687226394e+01 2.130134270411633679e+01 5.270804785158242822e+01 -2.035238764120781241e+01 7.022970497696850778e+00 -1.864931638511509249e+01 1.573983363668586932e+00 -3.729120342803131649e+01 -5.211969479070781119e+00 -1.977563446535107161e+01
-1.379207125049137517e+01 3.167751849611526183e+01 2.694730765847891618e+01 -1.369042702864289573e+01 3.711246104746648200e+01 -1.146597258989922530e+01 2.027253104183611754e+01 -2.700586016047628846e+01 -3.259870101523584029e+00 -4.859120697984646853e+01 -3.431506610645363775e+00 -1.295509831715834537e+01
-2.405746108845588438e+01 2.907182190993940551e+01 3.416324322870719499e+01 9.685378843929484116e-01 3.764308889236944822e+01 -1.962136102949333605e+01 4.556695172417889239e+00 -2.389712544942688410e+01 7.407101124734113640e+00 -1.825839765726122366e+01 8.097326157631846044e+00 -1.307557805618603020e+01
-2.714737804885201200e+01 -3.989787931399692411e+01 6.214474496514188928e+01 -1.964192187679076085e+01 -4.670486642728080895e+00 -2.014269807736614126e+01 2.511730883968657935e+01 -3.055250735153561692e+01 1.442668724398920688e+01 -2.843549324096168363e+01 -4.675726409992225108e+00 -1.221694240436566581e+01
-8.408258873778902398e+01 -4.979760688623130704e+01 8.346382206267890069e+01 -7.981822891186228119e+00 -1.735266388725379016e+01 -5.353636168103593995e+00 1.509204360022958369e+01 -1.498551128977726421e+01 2.381179910652250209e-01 -1.420451348463805985e+01 -1.333880364246136097e+01 -1.527294960437400029e+01
-5.861282204483194391e+01 -7.570745079121169852e+01 8.566812382217955246e+01 -7.341420065300320985e+00 -6.717589036642302780e+00 8.580808873296824402e+00 2.939126649260787616e+01 -1.827600089871712896e+01 1.200611308964841228e+01 -9.872824393191839132e-01 4.931190087669902411e+00 -1.370589309129125510e+01
-9.497281157011900632e+01 -8.646540814876530590e+01 5.757178366140822590e+01 4.968192543956807761e+00 -2.868508198348269289e+01 2.499393461251232296e+00 8.501000556021622856e+00 -1.229419239714611933e+01 -6.694705741878883565e-01 3.632180017518873427e+00 -6.241674710203392706e+00 -1.096060273007805819e+01
-9.370250445443127774e+01 -8.124927320646384032e+01 7.658312135395374298e+01 4.565753987870481367e+00 -2.444548681132273060e+01 3.725286501384572180e+00 1.912144897410086841e+01 7.101444014601964838e+00 1.229141537389760730e+00 -3.206546734498719076e+00 -1.289355303065013025e+01 -1.622186931270179144e+01
-9.821560713274064369e+01 -1.041655830325937870e+02 7.865336574486610743e+01 4.178967484404930488e+00 -2.122659587057169972e+01 -2.079201301349852926e+01 1.807164200811002708e+00 -1.380503986643637226e+01 8.309911595979606602e+00 -8.429782606775226839e-01 -9.427336197926550199e-02 -1.667514237168278868e+01
-7.235385229607351221e+01 -8.600251641865770580e+01 7.435473819544485252e+01 2.060321373439413795e-01 -1.678069879400888809e+01 -1.707071361443826163e+01 1.485105976985077092e+01 3.561684533911053663e-01 -7.181233511689621984e-01 -4.178446763657476914e+00 4.140776181707412462e+00 -9.271534791492012317e+00
-9.198604443904443428e+01 -9.782103772349454118e+01 6.863308218024467067e+01 8.510178743881770203e+00 -1.606337106474651222e+01 -2.069114725520888243e+01 -8.063863633011354892e+00 -1.686995910019786749e+01 -5.498784145898285125e+00 -1.290547167367958359e+01 -6.702769201380355035e+00 -2.667280494148257830e+01
-8.074920923574725862e+01 -1.010393632751199391e+02 6.631565066451577195e+01 1.099204173184568845e+01 -6.082408724725155480e+00 -3.312159159562716582e+01 3.187694609855562078e+00 -9.082298544237342952e+00 1.876043887814648414e+01 -1.072340068015085457e+01 -9.253651178469507244e+00 -1.581448503952421802e+01
-8.069295620888794929e+01 -1.083121442627664663e+02 6.235656939147118294e+01 4.473349004821059793e+00 -2.510912858580398144e+00 -3.980239800435846576e+01 1.169212245276660944e+01 -1.743995999100432925e+01 1.279220683307221762e+01 -2.397685175362617827e+01 9.954697797576739227e-01 -2.156570312608825901e+01
-6.021220727703921938e+01 -8.818818248985368768e+01 6.185913522765699213e+01 1.171748984615098266e+01 7.524685590338322960e+00 -2.913712877354310038e+01 2.146689181630649301e+01 -1.846522627780846548e+01 2.076627618066526537e+01 -1.036612783560695306e+01 6.137836832166500223e+00 -1.832605444308320131e+01
-6.131109181274230657e+00 -4.039530030094666557e+01 5.588978459761102613e+01 1.057207722629508240e+00 5.489806886886244186e+00 -4.467671455369989530e+01 -3.036078761788127522e+00 -2.384126399719146505e+01 2.017813158188072720e+01 -2.294618617266705840e+01 -2.795996698893844723e+00 -3.263291730169931526e+01
5.570409503342071389e+01 2.285527688512260980e+01 3.698738517053524788e+01 2.190061986698870200e+01 3.739477044449682985e+00 -3.296301569864402126e+01 4.111615278503111703e+00 -5.437712539287360869e+00 6.013946856595506318e+00 -5.907475694808897337e+00 -5.408426628135321046e+00 -1.567242548416302306e+01
7.800182330189397817e+01 1.286335867891609652e+01 4.154636558056607498e+01 2.606771787671630847e+01 2.207318226204137979e+00 -3.396234850161340546e+01 5.185264090801100512e-01 -1.718471768961531154e+01 9.724826302544460344e-01 -1.108508526447639042e+01 6.455345283344025020e+00 -1.935047602789099486e+01
5.123840195388414998e+01 8.877680679600199909e+00 2.747332874532843761e+01 1.780561673630112551e+01 1.971710869261787735e+00 -4.781722462118085559e+01 -8.791887601183910661e+00 -2.177733223787480910e+01 -2.256044908928194559e+01 -3.540131281441652789e+01 -1.243051513899807148e+01 -3.835629067419618110e+01
7.322236084436866577e+01 2.234361114709221852e+01 3.917322725990609911e+01 2.748706427065050661e+01 1.591449006659508214e+01 -4.146297196614906255e+01 3.864932264227299186e+00 -8.057631188978744419e+00 -4.025548272947746753e+00 -1.355800700413111670e+01 -3.643677665541332544e+00 -2.532824249097767932e+01
5.165718953644095990e+01 3.232279838234950375e+01 7.513059660211834512e+01 4.766438101223201329e+01 2.885197897670273903e+01 -5.359710866991200362e+01 -3.836275224535718564e+00 -1.976157689222837632e+01 7.088373632290411175e-01 -6.122523116030333057e+00 1.490665946043957035e+01 -3.033318251353623296e+01
6.158428176433886136e+01 1.524551916500098692e+01 2.733339958683989934e+01 1.425958004084512254e+01 -4.084144032256408430e+00 -2.225673155820847882e+01 1.341162941929158237e+01 -1.324199192924341162e+01 -1.451714425444794720e+01 -9.337774558768852984e+00 5.141414191812266665e+00 -2.275501583050206378e+01
6.151373901926572785e+01 1.219897533479458041e+01 2.752912936566892910e+01 1.627739429275214178e+01 -4.491502892574163575e+00 -2.538020968819903089e+01 1.659997761583238196e+00 -4.797096311904713417e+00 -7.325805447361362077e+00 -9.801324055740783692e+00 -1.749317083369154258e+00 -2.127933652709670653e+01
6.471030018438170828e+01 2.385348784920597964e+01 5.913102664081486637e+01 4.033126001277927486e+01 1.259891359283723666e+01 -4.501729044975853355e+01 8.658098839910307376e+00 -1.222148631180034606e+01 -9.470964249179593120e-01 -6.916005421585055046e+00 5.416167137318064206e+00 -3.358665951962346696e+01
7.299493078864975359e+01 1.935726624878857649e+01 4.523506764623505916e+01 3.067919248850049030e+01 1.837814463144656330e+01 -4.303462686181986641e+01 1.081004565776741622e+01 -8.532262365329255971e+00 -7.917811980456033183e+00 -1.562616213828453482e+01 4.404265516292281468e+00 -3.053156521236730114e+01
5.830470200787171819e+01 2.600735198960827432e+01 2.988361561962506130e+01 1.887992834473690351e+01 1.109549012205221885e+01 -2.883664268678808185e+01 5.258105185176248142e+00 -1.127848470242749102e+01 -1.691987220261718150e+01 -2.017276967578974833e+01 -2.283362547389204078e+00 -3.111009854347722836e+01
6.509177127822667330e+01 1.453205674053541330e+01 2.238232707388277376e+01 2.437750211814307733e+01 -9.082797614532500674e-02 -2.543354754802901496e+01 1.158096207682373269e+01 -1.697168883516030036e+01 -1.374115551379837008e+01 -1.389202212324680730e+01 -3.692399455591802049e+00 -3.387273938480548452e+01
6.060146376736856411e+01 2.042559906614341259e+01 5.157857515282641714e+01 4.114721964091604178e+01 1.039387320886956800e+01 -3.575438436791544916e+01 2.024385301233900236e+01 -5.965097464660662041e+00 -8.464239685213881259e-01 -8.909909076784195747e+00 -4.397694869757549085e+00 -2.755991821318588464e+01
5.970081948217667644e+01 2.497022602519241019e+01 4.034605969972048456e+01 4.146431597646328981e+01 1.786770501142640200e+01 -2.804697717543686153e+01 1.094559099039857841e+01 -8.791070941402756134e+00 -9.265927523607754290e-01 -7.870090557305070789e+00 1.256349901968091265e-01 -2.832076987701080029e+01
6.243884511680444405e+01 2.243225649271666811e+01 2.116392781796410105e+01 1.009972946081629885e+01 1.579197262286874404e+00 -1.924667533223522753e+01 7.032857116213698134e+00 -1.491941309597790521e+01 -7.694323570207500573e+00 -1.147061441517111291e+01 7.614253202761922523e-02 -2.664788641216339471e+01
5.662508442696435651e+01 2.138252106838098143e+01 2.472314696360982111e+01 5.770456776373769081e+00 -6.209226860260323999e-01 -2.338736908607349818e+01 -2.640418254626090144e-01 -1.451854883436847032e+01 -6.210916258304328252e+00 -1.680455961809752807e+01 -6.323737498132434354e+00 -2.554349206242621761e+01
5.696669969822974622e+01 3.269486952348141529e+01 3.438977315197806917e+01 1.150134428098701278e+01 9.707521876546621797e+00 -1.997142903983328921e+01 7.769812635433899217e+00 -1.864335741186749118e+01 -3.155067387690176695e+00 -8.018553526817935762e+00 -6.349207209869191182e+00 -2.419212940798520606e+01
2.889407101419076795e+01 2.438119648714512877e+01 5.826210612444897663e+01 3.199148769993438890e+01 8.896258435369428952e+00 -1.693435643958276771e+01 1.517618483850413647e+01 -1.706293655615555593e+01 -2.173411684821048961e+00 -1.133159728448289627e+01 -1.989533389907408356e+00 -2.855364100446530884e+01
5.955961744607353836e+00 -1.844118839200723059e+01 6.191255698168815513e+01 6.139650110074245504e+01 2.411794392060313186e+01 -8.141989967432298414e+00 -6.350758755725392390e+00 -2.249226999282170425e+01 1.517725364219755013e+00 -7.092558546407527587e+00 6.983613585283302783e+00 -1.605422804119004354e+01
2.247488121606795275e+01 -4.636704923553919144e+01 5.771428406020123703e+01 3.494653717940251170e+01 1.566778397871916262e+01 -3.557808858033293120e+01 1.351558900010463304e+00 -1.889456181447686944e+01 1.826566652010400205e+01 -2.351075042591364195e+01 3.983920195647399076e-01 -3.165882865157165327e+01
-5.106188501248769995e+00 -8.000850531502430840e+01 5.595673480010384537e+01 3.736863508881763885e+00 -4.043804006538349149e+00 -4.381049697080649707e+01 -6.430484742773127316e+00 -4.195741466869128544e+01 -2.578548172006013051e+00 -4.411388985389298512e+01 -5.338785182281862163e+00 -3.854420683002820169e+01
-2.974880442412224824e+01 -7.299707865586483990e+01 7.571016939936708923e+01 5.999490994685169198e+01 5.172121138655979777e+00 -2.571071016977153789e+01 -4.791290721660574903e+00 -1.634118941758858767e+01 1.107176328422531952e+01 -6.465249745380479141e+00 -6.921833998396076382e+00 -1.604412925601604911e+01
-4.246781224682809608e+00 -9.745263545003236061e+01 5.540084691633403224e+01 2.485171046903139569e+01 7.735314568863743467e+00 -3.421672747660122127e+01 1.079394147227901790e+01 -1.670567164634483248e+01 1.247641376453759676e+01 -3.202592993603663274e+01 2.610767217032249121e+00 -1.940804015393567639e+01
-2.584756732975002080e+01 -8.571489607106295239e+01 4.087758813301634575e+01 3.241058968913368687e+01 4.597442977715237689e+00 -2.812379900431316582e-02 1.002513257763462562e+01 9.054540632845149872e+00 7.951438706134293710e+00 -1.595409355110982474e+01 3.954433127904833256e+00 -1.374631081646335407e+00
-7.003395292214840140e+01 -1.193029304298195825e+02 4.064261357932132057e+01 2.062912394185625686e+01 -1.874765311074119367e+01 -3.826033344332971353e+01 -2.817414982708185889e+01 -3.677614432304506664e+01 -7.997544976011159434e+00 -3.789632669350346816e+01 -1.856253755305154840e+01 -3.542064104812537551e+01
-3.712463009014145143e+01 -1.086336643965992153e+02 3.350040734730485781e+01 2.528049330053329413e+01 -8.989172975951792210e+00 -3.620569830410765633e+01 -1.654178679531881357e+01 -1.530545865389044735e+01 1.267211353065705381e+01 -2.781049598560040437e+01 -1.503289179437598655e+01 -2.209811684883695904e+01
-3.542940222584125820e+01 -1.073148116972336652e+02 6.050213275761697673e+01 4.397461803042038753e+01 3.193906437976779955e+01 -1.380562740844742464e+01 2.526440680214739842e+01 6.467764264851167511e+00 2.660575517277291624e+01 -2.497818084194614130e+01 7.549738546172175546e-01 -2.949614403461173850e+01
-5.205704253390300806e+01 -1.080776994536975621e+02 8.360837795293812746e+01 4.326673862046871477e+01 1.987021533484071512e+01 -3.434377751918992772e+01 -1.092721579534788656e+00 -1.591427364573712211e+01 2.757200574678709160e+01 -3.241585701553212573e+01 3.513204757754730956e+00 -1.304786621489797227e+01
-4.739063833173686646e+01 -9.099313805561990876e+01 4.653331939971360498e+01 3.263331206880804558e+01 -3.114030529380634515e+00 -1.031939127031645143e+01 3.694884654439116733e-01 6.057225263355350720e+00 1.581783320736115073e+01 -1.798304353631206354e+01 -2.790828508180708489e+00 6.081386591917289586e+00
-3.391973127727870008e+01 -1.087209162041316546e+02 4.061686638840575370e+01 2.517748159166603372e+01 1.044892095728954473e+01 -2.080859054308065481e+01 5.906709742464007817e+00 2.507635587674318600e+00 3.296872543874890482e+01 -2.399044565570624243e+01 -2.387362946127325358e+00 -1.115323365766566255e+01
-4.540423581252829877e+01 -1.064092494833182343e+02 4.481173625801463345e+01 2.774161198421124297e+01 1.693206138248994463e+01 -1.666897181632822367e+01 1.104479622359976432e+01 -6.666666672608421607e+00 2.550575258378017907e+01 -2.152936481371383337e+01 -1.817438985270037444e+00 -1.094226010066942045e+01
-2.711548861233669783e+01 -9.957955143406340426e+01 2.011697306349494596e+01 2.701655011285014041e+01 -7.492715027903196212e-02 -2.512998514490058000e+01 -1.085213494488523001e+00 -3.741501214482715110e+00 1.262948966762251857e+01 -1.691270819634602418e+01 -2.969751485122319679e+00 -9.601690586732365418e-01
-4.948250131085838177e+01 -1.091151167605641774e+02 3.945100619695649868e+01 2.109148059300854072e+01 -4.054935563378695207e+00 -4.095639459467407306e+01 9.625890922732647681e+00 9.021594869972924258e+00 2.512447495605825054e+01 -3.912120886879783654e+01 -6.267666403889809779e+00 -7.088743558100595976e+00
-7.750286304504228951e+01 -1.097597106478047237e+02 2.536940486811977280e+01 1.013618028451788966e+01 -1.983050419623225835e+01 -2.711723802551218654e+01 4.282592161225464267e+00 -1.881250570882835049e+01 2.713789487576901971e-01 -2.811830129603591999e+01 -7.036247199046171019e+00 -2.249015936619005984e+01
-4.839458940575117651e+01 -8.799368065642855186e+01 4.347840265942489424e+01 2.798644558925064274e+01 1.746706014719230637e+01 -3.104124747726508105e+01 9.296047482807891171e+00 -1.886043529139853447e+01 1.994730293155415524e+01 -1.785669373322985010e+01 7.578754900281220230e+00 -7.785239541556041587e+00
-7.033186486918047819e+01 -8.357726239019379477e+01 3.779836648201020211e+01 2.829915761554918419e+01 1.071938524544638405e+01 -4.687405666522710135e+01 -2.940985570472665067e+00 -3.084261930174634259e+01 1.574696142946856270e+01 -2.229310266763445014e+01 1.291007427883296188e+01 -2.481031894639649238e+00
-6.517299829054866223e+01 -6.109479716889201484e+01 3.367184870156352616e+01 2.051384594284837348e+01 2.160053824692007396e+01 -3.457928740941478907e+01 1.189023678528588768e+01 -1.102201355388935866e+01 2.058772898692358666e+01 -1.654462153730130325e+01 1.408504212748966822e+01 -5.873303051744404257e+00
-5.880101223456053106e+01 -5.661619886736092155e+01 1.531849383634409634e+01 1.641577584982741556e+01 2.069199017044765654e+01 -2.835862967412735358e+01 2.061576754668458733e+01 8.007773733298650498e+00 2.958384970061456443e+01 -2.344681661200837652e+01 1.043320473607882981e+01 -4.520318183988959682e+00
-6.573306437631453036e+01 -3.011550553359685978e+01 2.044573945626869005e+01 -1.182903322279123426e+00 3.112600348465303313e+01 -2.681018818899972089e+01 2.135834837984138801e+01 -5.769238144088209452e+00 2.409107270303838533e+01 -1.373968423934846506e+01 1.535885719422170403e+01 -5.705513355746086646e+00
-9.038100653783331495e+01 -6.644143977832334258e+01 8.176364351905693439e+00 -2.138204146170894937e+00 3.052847329756947659e+01 -1.437130193028749758e+01 1.696203407716960854e+01 -1.392836693641867107e+01 3.170830729897795663e+01 -1.865076027007618364e+01 7.398252032234532649e+00 -8.588954138313610542e+00
-7.970100470545611415e+01 -2.937376293945525418e+01 1.312637471782579013e+01 -8.358101392946830632e-01 2.946516225473185457e+01 -1.892849422011529725e+01 9.244115054178083213e+00 -1.923826854313959700e+01 5.076071490111427664e+00 -3.259700665094825922e+01 -5.009992315783477146e+00 -5.635183909916756662e+00
-7.803076917718011885e+01 -1.757101300359523322e+01 2.450999083993672656e+01 4.720583846117436977e+00 3.341735405324426722e+01 -8.873862380054490018e+00 1.995789175790454095e+01 -9.472388354339756233e+00 2.445590256035451659e+00 -3.531525995064608026e+01 2.115037256202942029e+00 -2.358167884256846492e+01
-7.328740096324743547e+01 -1.738844886000923395e+01 1.549822781201852795e+00 -8.253488972566866977e+00 2.076885065971491429e+01 -1.479972071578792736e+01 1.582649573789391617e+01 2.325700235918097825e+00 1.334978302738913314e+01 -2.363256382077131335e+01 1.077568161005276259e+01 -9.432310575372712336e+00
-7.342323904836368342e+01 -1.784851785486863207e+01 6.632291844096854128e+00 -2.456847716194750575e+01 2.388973044812739843e+01 -2.096342858451678381e+01 2.029340112972471033e+01 -9.410473426913293693e+00 1.683741525196490585e+01 -1.119215628659541295e+01 1.498901387253940776e+01 -1.454253531422077472e+01
-7.562707235978194831e+01 -1.406813312174074504e+01 1.118078974818520166e+01 -1.565433352573177217e+01 1.838452759791807267e+01 -2.536033991887596173e+01 1.274570066829510928e+01 -5.634621349038804183e+00 2.032249590889948720e+01 -5.760140412556976841e+00 3.201401683277716614e+01 -4.315121997619351113e+00
-8.202632037710998247e+01 -1.221898711317831498e+01 8.071924669780848660e+00 -1.438490368567950206e+01 1.130135324501756955e+01 -2.585713221697837483e+01 2.980528046303573930e+01 1.090147902905439281e+01 2.516205769081610555e+01 -1.654319337217048158e+01 -2.267961395535275093e-01 -1.130672460861251594e+01
-7.427511752669514067e+01 -1.387263938062531921e+01 9.915412650672848827e+00 -1.757710043576003756e+01 2.879993072051495062e+01 -1.058697491748386987e+01 3.480161742056878182e+01 9.712827100708709693e-02 2.001762830985153130e+01 -1.401858172468419284e+01 4.533340254359750965e+00 -1.468878295795300559e+01
-7.144951715439671602e+01 -1.030517011226730162e+01 -5.782068033326361878e-01 -9.300074321640396491e+00 3.346799666799832096e+01 -3.284923209560810964e+00 3.242713792598540579e+01 1.487277074865138715e+00 2.526339716612618602e+01 4.085997606897215917e-01 1.565899109851060800e+01 -1.655914294220577787e+01
