-1.020125560612772802e+02 3.244464866026168792e+00 -5.489069168534166820e+00 1.529064236147864442e+01 1.769887036543785541e+01 2.661757258262628767e+00 1.855400700073598586e+01 1.143942909357514637e+01 3.032398759521158382e+01 1.008208246647158290e+01 1.153728040875688521e+01 2.118085176487814891e+01
-1.112602017761085307e+02 -2.199089306266954758e+00 1.834072147723643464e+00 2.143982482154714830e+01 1.490295360777749778e+01 1.346656173870137607e+01 1.558359952909851387e+01 1.858053878604133047e+01 3.129718267893081673e+01 1.278391313645511929e+01 8.583869281356733438e+00 1.618133356324829109e+01
-1.068883192658712744e+02 1.016980774351312888e+01 -5.175981079241676497e+00 -7.203932250768045442e+00 -5.471345450112201192e+00 -7.692036674616294256e+00 -7.445646142093442776e+00 -2.027925654111957243e+01 4.069124058217294504e+00 -1.872404787965252382e+01 -1.464041896242210683e+01 -3.216711729436140921e+00
-1.236513856260717432e+02 -5.355816636051009993e+00 -6.401394679979633295e+00 1.109342285279105056e+00 1.260795187893780200e+00 2.218146658434975438e-01 9.399046638631247674e+00 4.410110821046905549e+00 1.489872807123959930e+01 -4.012899396333280855e+00 -2.158428506184927098e+00 1.216126678940984540e+01
-1.086596889273205733e+02 8.293125953189507626e+00 3.880826230711584390e+00 2.372493280824703277e+01 7.216886035137163979e+00 6.406637630352287616e+00 -1.834230986047499457e+00 -1.399229971465486955e+01 9.967806565661391005e+00 5.682482714201615437e+00 1.308625380203367428e+01 2.410532779691695282e+01
-9.717937453282411298e+01 5.718354479726948547e+00 6.842630585096181051e+00 1.311766407129454848e+01 1.878826534280793581e+01 9.863315242086677870e+00 1.155494044095043904e+01 5.327086520358238708e+00 3.219859369494015766e+01 3.301137994802724407e+00 1.583535515234893332e+00 1.103837944084041567e+01
-1.036234948967696141e+02 1.266795088377866918e+01 2.832365717580824782e+00 -8.614841864725987230e-01 -3.458386798240115301e+00 6.247055191585636713e+00 1.499517774874441223e+01 8.544052526284442450e+00 3.319902315681666494e+01 -3.446963329460086989e+00 -5.396170680321041857e+00 7.011165430929954923e+00
-9.742217054286061284e+01 -1.187334298241040464e+01 4.293844435028353779e+00 6.354445647643768957e+00 7.930671345944380057e+00 2.275505948945124857e+01 2.252301578020358619e+01 5.514427476475137979e+00 2.604572932877226066e+01 9.002355122847860436e-01 -5.905223628286826454e-03 9.988796403866988527e+00
-8.684615064996098965e+01 -6.363271675395256466e+01 9.091197711066740794e+00 2.737378468349204397e+00 -2.983549494360107346e+01 2.314174162958718739e+01 -2.867389942736880215e+01 -1.074711174766580735e+00 3.124197226055391496e+01 -1.428974769540831602e+01 6.927514570125555160e+00 2.202112996379629095e+01
-5.380154925057696857e+01 -4.785714252770240051e+01 2.697633191653398654e+01 3.863744798194813423e+00 -1.908694963838619785e+01 4.674642692233346963e+01 -1.922009566539410841e+01 -8.352682499534306970e+00 2.825982401239322428e+01 -9.302411387597659953e+00 1.440368794979136169e+01 2.382653426393449791e+01
-9.602939355846619662e+01 -7.257047623045204432e+01 2.881012877248857507e+01 -6.738746603976489169e+00 -6.878578604604985713e+00 3.099139547349696144e+01 -9.282689416428759444e+00 -8.959969357460257910e+00 3.058566219276409015e+01 -1.665539855915953105e+00 2.168693640084747543e+01 2.504279516174425524e+01
-6.356799170447102654e+01 -5.721777568840008144e+01 5.030468539937028538e+01 -1.425067006805418401e+01 -1.830365781968042427e+01 2.768400608014452047e+01 -1.257638954060756475e+01 -1.109136733616494652e+01 2.571621750657607208e+01 -1.847800837861686318e+01 -4.827597237254809492e+00 1.297164319216887662e+01
-9.108271950820343932e+01 -7.530105588174032505e+01 5.874575131057261501e+01 4.803201480669658241e-01 -2.125253243366757516e+01 1.947985574482407856e+01 -1.209924940334609289e+01 -7.971224956837207998e+00 3.684395688103059996e+01 -1.441152632419332491e+01 -1.514787311448748852e+01 8.625491569423562765e+00
-1.169364806849443141e+02 -1.204754813244382774e+02 6.471633103584542823e+01 2.383280710276408598e+01 -2.547306087043524059e+01 2.958744131953831413e+01 -1.264700406864576721e+01 -3.308605392947262658e+01 5.215858195107900031e+01 -2.855051509246410291e+01 4.343811104948914981e+00 4.293989548097022713e+00
-1.088285387475004597e+02 -1.030296727378943444e+02 6.058222211096271792e+01 1.619600827734260662e+01 -2.117598836320909328e+01 2.537003204707943027e+01 -1.700611995661938280e+01 -2.216450562731655793e+01 4.789238460915098017e+01 -1.113781491782051880e+01 -1.403002287703077400e+01 4.407530381581922896e+00
-1.168127930154485057e+02 -1.176193229487803791e+02 6.791404844101356275e+01 1.932195968823712917e+01 -9.612897227130405398e+00 1.469660523729438317e+01 -1.200959188702843150e+01 -2.737065820909484160e+01 4.293408150639778142e+01 -1.588267488210585832e+01 -5.456679679118613402e-01 9.378737416119982129e-01
-5.155860322650338645e+01 -9.014282210389072247e+01 7.596721697841367416e+01 -1.018461646147545885e+01 -2.432851732922407351e+01 1.763873971081159553e+01 3.126161866566840253e+00 -2.597304619742516252e+01 4.357817713699542139e+01 -2.599271247167107646e+01 -1.233206337076932613e+00 3.667061750960897815e+00
-1.805549712598300971e+02 -1.293866761585022118e+02 4.611185944817587767e+01 2.662020552643008742e+00 -2.692448083835697403e+01 1.558767031104042111e+01 -1.399486138304051508e+01 -2.091232622834132115e+01 3.670332254782736925e+01 -1.503683926099604129e+01 -5.746080323102473741e-01 6.727750312973836522e+00
-9.450897331208736318e+01 -9.442400740852951913e+01 7.142082938809808468e+01 -7.691627039939106236e-01 -2.683447208154866814e+01 2.690533998638510127e+01 -6.791693232447514994e+00 -2.559422958846388241e+01 4.332188694616135649e+01 -2.779179639392618384e+01 7.623418351193787856e+00 -2.312723996143095651e-02
-1.842940871801445724e+02 -1.347576681270917334e+02 5.836106063195019544e+01 2.672688279752973184e+00 -3.363411691146544058e+01 2.036465511792776084e+01 -5.330009673495555766e+00 -2.573640028639943722e+01 4.402160263515165184e+01 -1.905085096767527375e+01 7.723334053570307667e-01 3.361636536875169945e-01
-9.119255468455500591e+01 -6.150413767341592575e+01 5.570547010577193703e+01 -1.340594247452549403e+00 -3.115446435146361992e+01 2.854837234382487665e+01 -6.072922030322470022e+00 -1.875692957551112983e+01 3.021394406584135339e+01 -1.156866866043154296e+01 -3.999944978715018529e+00 -5.727805116835253951e-01
-6.325566530328238457e+01 -9.252241919878946419e+01 6.356648451719436821e+01 3.611129791516567877e+00 -2.511654604658103551e+01 1.624590979768557020e+01 -7.778540852024113939e-01 -2.118837990642946068e+01 3.794168875442022681e+01 -2.226277887614862649e+01 2.572205482345327088e+00 -1.038419195991094890e+00
-9.075305672058699713e+01 -1.179236035150830730e+02 6.886656972923452713e+01 1.145672781478201863e+01 -1.893224800245316430e+01 1.232671072812981805e+01 -5.471924367415152091e+00 -2.945318820014086469e+01 5.302009778051061772e+01 -2.371719388880092083e+01 -2.987476009485411588e+00 -1.639074603231230221e+00
-7.758148558779720361e+01 -1.062890734009608025e+02 5.532620153170766741e+01 2.252475936555201486e+01 -2.398945141824820126e+01 7.554050216397260265e+00 -4.273777974960270676e+00 -1.129435546315721695e+01 3.457428657263529459e+01 -2.070541502754495866e+01 -4.614013160734721453e+00 6.218877349452268888e+00
-1.268687708924618391e+02 -1.176012064584836310e+02 4.244795340969319852e+01 1.695782511286052596e+01 -6.564848756515347716e+00 1.495199050233817140e+01 -1.390186433311869507e+01 -1.392996439723764723e+01 2.389792842123542727e+01 -1.465645175882820395e+00 -3.112727261375974663e+00 1.831091828665092347e+00
-5.796888703431961432e+01 -1.249076153909613254e+02 5.650172182394226184e+01 1.140362845169916817e+01 -1.083594288048318788e+01 1.945460418104805100e+01 -1.657534250056001923e+01 -2.465136624691944789e+01 3.952023795158758190e+01 -8.766178658468962936e+00 -2.409133586955396922e+00 -4.469617247492355894e+00
-2.029752192762389029e+01 -1.175209352363614954e+02 3.969143348772512070e+01 1.453862221739200677e+01 4.329965314014668110e+00 8.423404078386575122e+00 -2.403020585452057745e+01 -1.577431347062397649e+01 4.228888779102550188e+01 -3.750318019217752763e+00 -1.460979600859631233e+01 -4.382657764611701978e+00
-4.217888617696168296e+01 -1.439227369956744269e+02 4.219733786766945371e+01 2.083229127814353276e+01 7.848080419487040160e+00 1.634792267137017063e+01 -2.531103727640049783e+01 -2.178370665869666212e+01 3.552331927461933958e+01 -1.109693342621808654e+01 1.233724912702955478e+00 -1.562217726262504769e+00
-5.879135406302938804e+01 -9.668869664835492017e+01 3.744020768187813530e+01 3.141313887254181481e+00 -7.757696754270970274e+00 6.075058359198520108e+00 -1.447377688063490631e+01 -2.603529854520153108e+01 3.596522177626248151e+01 -1.309540400741377830e+01 9.410530439688072235e+00 4.666851193613563709e-01
-2.864314536097952413e+01 -6.097505167038654150e+01 6.006005812329635773e+01 2.604470078780417452e+01 3.112528598361698595e+00 2.018291197212003141e+01 -2.120657206850590626e+01 -3.115478988851641873e+01 3.192714378537313280e+01 -1.104304700160133734e+01 -1.572171656978459708e+01 -1.288421772512569952e+01
3.909126410842596044e+01 -2.360808792920223453e+01 4.751717064652211775e+01 1.443723746968664834e+01 -2.467950202130232285e+01 -5.572836284505944704e+00 -4.632389454414118291e+01 -4.482321817097627559e+01 1.397501332716606015e+01 -1.468014226714222303e+01 -1.786960638220960362e+01 -3.691352502656651158e+00
5.705969726594589986e+01 -5.828706667640317107e+01 6.147655422533968306e+01 3.221983816217918672e+01 -5.596420147454642446e+00 -1.303869743340329812e+01 -5.200411737889294272e+01 -2.140151217097446334e+01 1.800540450924902558e+01 -4.171512409771918506e+00 1.568492427574309733e+00 -1.430304273405375248e+00
3.158593529205516859e+01 -5.773860192153522064e+01 5.924727991187373277e+01 3.484180698158832001e+01 -2.319879899143612789e+01 -2.342239062045398867e+01 -6.179937886239868305e+01 -2.883621468577108260e+01 1.541672672964258695e+01 -4.410993597326863913e+00 -1.039734240039653024e+01 -9.372784786356689324e+00
4.284132401408881918e+01 -4.962420814200991970e+01 3.783532550366147973e+01 1.488100453037095861e+01 -5.303451376621866942e+00 -1.840690409131162397e+01 -5.243711824989404846e+01 -1.137465155885878154e+01 1.550100552124456676e+01 -1.015618946171585257e+01 -6.964699458222125550e+00 -2.824473200611568480e+00
3.829300092812700029e+01 -4.847106518692971378e+01 5.088235043330904261e+01 2.319124454540818903e+01 -5.384905307757868798e+00 -2.565109950476139744e+01 -6.124879357742495500e+01 -2.536400116777354086e+01 1.977486831147622581e+01 -1.153509294305202104e+01 -1.474045009655720939e+01 -1.924631806014664104e+00
7.212372404306525198e+01 -5.451227330417762573e+01 3.289501702268794503e+01 -3.137189650826091913e+00 -7.385021399315419899e+00 -1.113916959224086511e+01 -2.757092729567492384e+01 -2.389267267203334910e+01 2.925439659800766634e+01 -5.854059757077494375e+00 -9.696232915951227938e+00 4.207387180828309425e+00
3.523563927969184562e+01 -2.333718185351035146e+01 6.836895308275610716e+01 1.498197456903447389e+01 -6.652065521785367253e+00 -2.778067782654617446e+01 -6.797495521471850566e+01 -3.638610267328326131e+01 2.059757607301575177e+01 7.101370385879961944e+00 -2.100289327514649074e+01 -1.585436576612697124e+01
6.214064660926186434e+01 -5.998258315942631924e+00 4.814397189745990602e+01 -1.429861653000811295e+01 4.963089576977578687e+00 2.808517986403889832e+00 -2.127786310896473054e+01 -2.300108485712589612e+01 2.315721628743334648e+01 -7.464139004947990763e+00 -6.598747520550867662e+00 -1.388721255897615192e+00
4.450052642608121545e+01 -1.646269808848154881e+01 6.556196510124580357e+01 1.959404174047163139e+01 -8.473205623995980318e+00 -1.792277055887625536e+01 -2.782613750827087529e+01 -2.413064148338627746e+01 1.193730022191478923e+01 -7.911284072427795522e+00 -5.718007688180475334e-01 -1.059102033827317868e+01
1.594770461323074073e+01 -6.717425895197093766e+00 3.957205547947133795e+01 3.605115782036886429e+00 -2.411589429395143824e+01 -1.855082206266329692e+00 -3.637112564733926945e+01 -3.972577825424306042e+01 1.061479077224307055e+01 -1.810978301562355597e+01 -3.006773819610751985e+01 -1.767241552965326079e+01
1.709832554282308692e+01 1.225417912486680194e+01 3.953664426550749766e+01 2.274599385538554941e+01 -4.923971257264002865e+00 3.678817436543679875e+00 -1.233738713163510958e+01 -2.717418579554986380e+01 3.073792760224668896e+01 4.367871379947700916e+00 -2.050252090570088725e+01 -1.779326933258154497e+01
8.908356075526691953e+00 2.404286745192601416e+01 2.926562668706031189e+01 3.550910726647285287e+01 6.233579534904739816e+00 -9.631661592622775103e+00 -3.686321912782437948e+01 -4.344865358131700361e+01 2.574922565191625168e+01 4.698068367222526298e+00 -3.025361149659815041e+01 -1.785113223639412894e+01
1.510726597225120926e+01 1.507698143078610542e+01 2.163228600607902052e+01 1.026858024293884419e+01 -7.260528961128761338e+00 -5.227517936243612162e+00 -1.959026492656968799e+01 -3.171585873636755082e+01 1.898763360372888087e+01 6.786596872006922965e+00 -2.733753786088927740e+01 -1.803491186136808722e+01
-9.925905186996233809e+00 1.511034031054140137e+01 2.070673242823144022e+01 3.103150981925129770e+01 6.791078128305301220e+00 -1.775364808839298547e+01 -2.546238120880556721e+01 -4.560251686125641157e+01 2.324390799858551571e+00 -1.637699650416466257e+00 -3.221863539310265878e+01 -2.031494118327674414e+01
-2.361746946086672949e+01 8.761840693601889996e+00 -6.209352857925596325e+00 1.055434674997653310e+01 -1.098615203372317417e+01 -2.103857303616061003e+01 -2.040721769090168891e+01 -4.481472980187988497e+01 3.464029134353881378e+00 6.525954653087362445e-01 -1.784986860616827187e+01 -2.637021791807885052e+01
-4.315906757732985710e+01 2.324506635730157811e+01 2.949501399343343522e+01 2.950612330492575097e+01 3.949928554395087943e+00 -7.901322500910906044e+00 -3.093386830573033563e+01 -5.094759170200963894e+01 8.359334559452184621e+00 -7.775717033757498342e+00 -1.871642461304635319e+01 -9.583587095715207838e+00
-5.273132617965950431e+01 3.960541385918901369e+01 2.783076026590568830e+01 2.529133677540291814e+01 -6.057919991875675869e+00 -6.718076153145872809e+00 -2.179769894957703613e+01 -3.187630872770722235e+01 1.392013209165291343e+01 -4.144980367852880043e+00 -1.685996768112307365e+01 -8.317655770094614098e+00
-5.709656598885560186e+01 2.604592508382773985e+01 3.894479604835169084e+01 2.548626511361366909e+01 -2.840062157653452601e+00 -6.463066278378377660e-01 -4.664722691986785463e+00 -1.624513009634007688e+01 1.094789345037065331e+01 -1.596210858596144355e+01 -1.584517496537294790e+01 -6.918785007529364428e-01
-3.068584558615152247e+01 -6.247055675422011234e+01 8.538305404808417265e+00 -6.626393173315059926e+01 -6.635831232223688403e+01 3.431902234739236235e+01 1.493539877035531482e+00 -5.865274125367906599e+00 8.263116938690801661e+00 -3.544295272391387641e+01 1.262028564268737885e+00 4.301616153460816605e+00
-5.850025551282427472e+01 -5.626384942897966823e+01 2.290084079027046116e+01 -5.742333891578469718e+01 -6.813327917410121870e+01 1.420289318854340088e+01 -6.417989311559319177e+00 -6.920471644535452604e+00 2.545894352384009807e+01 -2.966351912159788995e+01 1.235044864516702567e+01 1.044919432488276989e+01
-4.572253292678059466e+01 -7.574866850996311030e+01 4.370751313807819827e+01 -3.795514809379826460e+01 -6.152577954333308696e+01 1.627043403505572883e+01 4.688838677353659889e+00 -8.514084430297372830e-01 2.936816620833907976e+01 -3.234939670409828238e+01 1.252136393748020637e+01 4.795452308492645699e+00
-1.005760373545281361e+01 -5.329222379166598245e+01 5.953557458033115779e+01 -2.330459614952744474e+01 -4.543559470783696952e+01 2.011298203973760224e+01 -2.185337890001218852e+01 -1.142822590176477604e+01 1.449348119254210765e+01 -3.936333554353335984e+01 -8.488016480422130527e+00 -1.061625662370521894e+01
9.109805172690175823e+01 -2.770609273228512581e+00 4.507215626182823343e+01 -1.492845736724865802e+01 -4.479146632707835352e+01 8.748535856824021906e+00 -1.965390458570128374e+01 1.724243007036818653e-02 2.277542968421573022e+01 -2.408566530414222839e+01 3.041984967586218502e+00 1.887699570707402907e+00
5.132584934178549929e+01 1.199233108572845019e+01 4.352126061426764636e+01 -2.364608554530710904e+01 -2.117473795851419283e+01 -7.599059840910173946e-01 -2.244542554283192004e+01 6.181825281190246102e+00 2.041735759281935003e+01 -1.216485809480942848e+01 9.032660932094490613e-01 5.105532303820495166e+00
7.181064115492173983e+01 -3.729190102769436521e+01 3.828886157080335551e+01 -3.226382208598449353e+01 -2.178154471061650099e+01 -9.979136904394059204e-01 -2.083295884669479747e+01 1.267949248197768997e+00 2.325273687421522339e+01 -1.371193429845940770e+01 1.604581269846556069e+01 -6.599797001472818003e-02
4.150467239156793653e+01 -1.923724914545707776e+01 2.511970163034641601e+01 -4.708454394218739480e+01 -2.806880568377552976e+01 1.472920585322217946e+01 -2.665937566434228145e+01 -7.605631822252712837e+00 1.485534560210225408e+01 9.619506996190585468e-02 2.031711989789558359e+00 1.470269723375568383e+00
4.027890617606409762e+01 -1.982593060699340626e+01 1.758385367634818408e+01 -4.952692394609071869e+01 -3.314390864293477534e+01 1.096578892869602484e+01 -2.225393058726994866e+01 -1.230195657934708287e+01 1.190438147540682223e+01 -6.454619655505810627e+00 5.345588280759306699e+00 -2.100301582306619563e-01
6.627838067800712452e+01 -4.544211736017251013e+01 3.608734453054708524e+01 -4.888640413378475102e+01 -3.236123734805541119e+01 -2.399589636837916373e+00 -2.208823727509332713e+01 -6.893785144801179321e+00 2.253822699492632609e+01 -3.369261820022230580e+01 3.338714068997788331e+00 6.572352731122252933e+00
2.924934817215849492e+01 -6.165745862694648194e-01 2.042970428039665620e+01 -4.342158180560029734e+01 -2.492167353790173223e+01 -2.672287025935533133e+00 -2.956967793433179637e+01 6.824070661419584738e+00 1.851086232962884282e+01 -2.829564732843176245e+01 -4.809914314617646625e+00 1.265460551500873621e+01
6.902411622695143478e+01 -1.390093899227086105e+01 4.793114485874090747e+01 -3.594143918177317687e+01 -3.293632694875985578e+01 -7.777771344066695125e-01 -2.890251475298757100e+01 4.857368788954619987e+00 3.263971122513819267e+01 -2.992947042783702827e+01 2.908245444898361232e+00 -4.438776012144288075e+00
7.396881728264348510e+01 -2.586679365512419793e+01 3.484780033006424560e+01 -3.295841513777369869e+01 -4.054163536317004457e+01 4.737683040757126207e+00 -2.723671618921466830e+01 -8.267945057740982762e+00 3.972701225820721049e+01 -3.613751499707933590e+01 1.383224290300610448e+00 6.358171353236521384e+00
6.421244468642396441e+01 -3.975566384393360408e+01 3.322119717798337035e+01 -4.182981778333564904e+01 -5.178211030018395888e+01 -8.546960099234869546e+00 -3.731859652739285593e+01 -1.314561121478722505e+01 4.015629215563816956e+01 -4.318393548674170290e+01 -2.375105526429566183e+00 -3.753298249871697578e+00
3.840711298921078054e+01 -1.874313800365437999e+01 2.784498073706860310e+01 -3.117738865528966130e+01 -5.514067364654144399e+01 -1.848578426322433188e+01 -4.053058230017050789e+01 -5.669255822341480844e+00 3.252033695204623598e+01 -4.612408794472046480e+01 -1.255896956665556985e+01 -6.098171069668283373e+00
5.514581277751226907e+01 -2.397907517478184403e+01 3.290966325656415847e+01 -1.657945453760610732e+01 -5.628364191260307337e+01 -8.731531653908700008e+00 -2.181449562623437544e+01 -1.855325961801492696e+01 3.346496290453158196e+01 -5.244563799926506675e+01 -1.061360207210136686e+01 -1.024076675513204293e+01
6.198174240032953008e+01 -5.076791811383122521e+00 2.562901955895538109e+01 -1.310187261185696705e+01 -3.236580513416039651e+01 -2.899895980489515690e+00 -2.481500316782400262e+01 -1.204993963071277108e+01 3.013131014762532445e+01 -6.053898522762479217e+01 -1.643203408001667754e+01 -9.642782359534695757e+00
-2.751503279553298320e+00 -3.136197868762116769e+01 3.270812962968256699e+01 -1.786284128756194800e+00 -4.349735819294877359e+01 -1.888454025003292402e+00 -1.793843907576730246e+01 2.508172144353179789e+01 4.788235035005543239e+01 -4.421736724620733128e+01 -3.249396424565009767e-01 3.205121794848162953e+00
2.331063394365675379e+01 1.202749422680089531e+01 1.388120966509037224e+01 -4.056267676790723442e+01 -1.582276303155282271e+01 7.596922278879935320e+00 -1.933611348971693999e+01 2.560211717783971164e+00 2.050696117148304864e+01 -2.600381481097790370e+01 -2.606914191504151379e+00 -4.241168352697838984e+00
1.839776744812659359e+01 1.680158928357210968e+01 1.780494322941309093e+01 -3.011553112168430602e+01 -2.223644695783157488e+01 -4.252691785157646009e+00 -3.003541818811429209e+01 6.620274526537228255e+00 2.492480023482418616e+01 -2.832407183296603392e+01 2.255481979510925772e+00 1.160811613615810245e+01
2.003413598395167128e+01 3.925089443281632384e+01 1.043647202815286334e+01 -2.605523125163041698e+01 -2.087784437683976080e+01 -1.619770304498965885e+01 -3.218560169888952771e+01 9.306999529224004419e+00 3.447956933070994978e+01 -1.941265587650419988e+01 9.022589771137898396e+00 1.389152234149062437e+01
1.261025744907359503e+01 3.781575787015533052e+01 -2.521823305775390711e+00 -2.077264386197850499e+01 -2.114615288103006208e+01 -1.300595181745983808e+01 -2.914989973296945891e+01 2.938843822215124746e+00 3.935639731076459213e+01 -2.654561018671161676e+00 7.019258274255467001e+00 1.290777910871910450e+01
8.046438092820766386e+00 3.907243698111089714e+01 -3.066747467802278138e+00 -3.409806433203505094e+01 -2.483690881949152285e+01 -1.647466686326713514e+01 -2.712463930505244036e+01 1.163789318643240644e+00 1.907648355292540643e+01 -1.219154331723526319e+01 -5.235920304632077915e-01 6.371809219172043015e+00
1.661223549647209552e+01 4.382973614311532629e+01 7.059786672548780118e+00 -2.498745067250565910e+01 -2.773110489159427772e+01 -1.187738687676741733e+01 -1.296210870317074715e+01 -1.560642607278875893e+01 2.645919812519067449e+01 -3.412445843577419868e+00 -3.992264441600170688e-01 -2.452311490215111967e+00
5.973489000923717818e+00 5.469004520100625655e+01 -1.477366026949468392e+01 -2.748978504286650448e+01 -2.773419472658369855e+01 -1.124076007082397233e+01 -1.479746697227443164e+01 -1.401657672631306006e+01 1.905474179462581930e+01 -1.598711149983751412e+01 -6.098847121102079605e+00 3.203802667568981910e+00
-1.437078137917811915e+01 5.303853025694479584e+01 -3.962021224323162283e-01 -2.451007659878056799e+01 -2.403385221866223986e+01 -2.239181737511507819e+01 -1.488840578290860606e+01 -8.495208525305613989e+00 8.019814462843321223e+00 -1.844751460467732329e+01 2.364473210476757181e+00 2.370310891492110716e+00
-5.062046840636016043e+01 2.963423455336409518e+01 -9.929528585185131817e+00 -2.790161369049390672e+01 -3.548752113015375187e+01 -1.507817036630024177e+01 -1.601998636914978036e+01 -1.252528350493627229e+01 7.170575985223758941e+00 -4.595535591950037357e+00 -3.523555087201601932e+00 -7.512333319134061327e+00
-5.379484452417568718e+01 3.328221260693045025e+01 -9.870723062457411601e+00 -2.080548013631333504e+01 -1.691351690583331191e+01 -1.728232900300161745e+01 -1.569987568450851612e+01 -1.112494132597168317e+01 1.896981381698778790e+01 -6.601293841216161695e+00 6.831150381892314716e-01 -6.180259870788314736e+00
-6.289086391384688568e+01 9.865241367137119965e+00 1.816970776606760429e+00 -4.032995759520426660e+00 7.323668628404584879e+00 -9.557181550494023625e+00 -2.835560947101493667e+01 6.735411887567507527e+00 3.402443311816558236e+01 4.240855041627746402e+00 -4.341990423489310302e-01 4.959690415245253448e+00
-5.277254852603171997e+01 -6.174443736743150168e+01 -5.372257694322375876e+00 -2.198418688768518692e+01 2.485206652692870222e+00 -5.232645181615163565e+00 -3.079624431010687857e+01 7.295622289314003694e+00 3.278762993723877628e+01 -2.294089831786092049e+01 -6.177351726747504657e+00 4.918464413219550302e+00
-1.066025005608144625e+02 -4.116210432704473021e+01 1.339610620806547558e+01 -1.653696202330251808e+01 -1.797698085489911080e+01 -1.693456380125317651e+01 1.293403473672860216e+01 3.990097838489630622e+00 2.977844951580320654e+01 -3.531276237204543378e+01 1.402070071487759861e+01 2.190636121781270873e+01
-8.951198841748401946e+01 -2.983347579598327570e+01 -3.173292775755045092e+00 -2.913900627672482369e+00 -4.205082714050713832e+01 1.787657169864549900e+01 1.667307975460363778e+01 5.862997175021300578e+00 3.780733107209634625e+01 -3.718632037697501858e+01 1.331119866686458764e+01 1.261145762872536302e+01
-1.250393742477923809e+02 -5.322615659304324254e+01 5.713366984951981919e+00 -3.009542321487722560e+01 -3.835434182089882427e+01 -6.351976490045604606e+00 1.318178932624980604e+01 -1.887925069664692401e+01 2.533308171949743581e+01 -3.558407794038897265e+01 4.917330754218667721e+00 2.182271207086849429e+01
-2.767301715128122197e+01 -4.046961035934246809e+01 5.354408404280230371e+01 -1.562334055370535779e+01 -2.336035951438908498e+01 1.905894526963566982e+00 3.301017802545631152e+00 -7.164437976881338876e+00 2.586586593349026941e+01 -2.323998106574444122e+01 -5.434120704228841525e+00 3.140308890979369938e+00
-6.102371613349728818e+01 -7.883843072237034733e+01 1.078381695646246641e-02 -6.025587517557424633e+01 -5.329631390783627864e+01 -1.461916793969743011e+01 -6.153759142357396072e+00 -1.193879422345237273e+01 1.613207682386593333e+01 -3.170089710835519270e+01 -1.536727561628387662e+01 -1.992667150033615719e-01
-3.615059887118300708e+01 -3.343551729834077690e+01 2.663011770060193228e+01 -3.533277743732723764e+01 -2.946343579471083274e+01 -1.022796315390061439e+00 1.314350719745996443e+01 -3.269889318517115839e+00 3.263237065835882333e+01 -2.555818664684492347e+01 -1.280979422184228511e+01 1.283393038377571571e+00
-2.662441901398291932e+01 -3.597569849345904913e+01 1.143071253201127924e+01 -3.340785233905396723e+01 -2.200190110917455044e+01 -1.826111602696468994e+00 2.561711894441869219e+01 7.783655234738886541e+00 3.354615172943296386e+01 -6.929062287608072523e+00 -9.880444501195340123e-02 8.989629036536143758e+00
3.787778072745700442e+00 4.369842374064931256e+00 2.910123463134119604e+01 -2.299253185493558505e+01 -2.451318859857459387e+01 9.966656885571136826e-01 4.481238870424052223e+00 -7.418099419917582260e+00 3.387898379323684139e+01 -2.624177960600106552e+00 -6.969156015296206874e+00 4.546567218656381471e+00
6.524040056659143261e+01 4.042449097494487376e+01 4.000321399825730140e+01 -9.862950340921891268e+00 -2.838927456314232600e+01 -1.475106249580871065e+01 -2.856331784155542053e+01 -3.282904300476685933e+01 7.818933423024489571e+00 -3.599497023631855086e+01 -1.894317381875926287e+01 -4.888721893820623166e+00
7.541183198870203341e+01 9.905798404633063825e+00 2.844618455938908141e+01 -7.157308625936663837e+00 -3.718183701724343138e+01 -5.458538101245934193e+00 -7.368157595086238132e+00 -2.369727052776904941e+01 5.672032853330162716e+00 -1.046505860244016262e+01 -6.418024253780874488e+00 -1.301444840007775383e+00
7.539190915878509713e+01 2.641862862142119894e+01 5.158860994848772918e+01 6.326067535400563546e-01 -3.130212945372304745e+01 2.908679401130434439e+00 -1.143167570581967141e+01 -1.499145071820301744e+01 1.790350060546444766e+01 -1.873400919707181345e+01 1.834457751085481370e+00 -4.323021732969873909e+00
7.372896843451573545e+01 -9.748829059658248752e+00 4.014492229587614247e+01 -7.404845295157079121e+00 -5.160978305329948768e+01 1.701221850251036116e+00 -1.614553374256942675e+01 -1.822458135651385192e+01 1.688874084403189357e+01 -2.788668731216403529e+01 -7.085159294797390928e+00 8.145990454646918622e-01
6.675736708035427114e+01 -2.158934733650709603e+01 8.344992194362680493e+01 -1.395671935134383368e+01 -3.383357743928174699e+01 4.813392052522043052e+00 -1.829610607881471296e+01 -1.417815834897177041e+01 6.954187183678206985e+00 -3.222075102136328439e+01 -1.914500787561145501e+01 7.178705822756592525e-02
5.354857018741212471e+01 -1.881843103950816953e+01 7.773289305597856469e+01 -1.043393738212123889e+00 -2.492847884860978880e+01 3.545811576605714777e+00 -2.220284813022611559e+01 -2.692447154948884602e+01 1.156789741268188720e+01 -3.480739466989751207e+01 -1.227439239773496915e+01 9.096326902786117330e+00
3.702818504950571565e+01 -3.490837040118063328e+01 8.701080090580877879e+01 3.485322815857018863e+00 -1.454542770961293030e+01 -3.815929872179952831e+00 -4.105010817828474501e+01 -2.647788947705635465e+01 5.413990652562729267e+00 -2.993043610146025202e+01 -6.036394891250965955e+00 1.087212857358936979e+01
1.172239832904103274e+01 -3.950435172581197207e+01 8.429322154334317929e+01 2.571623219733420740e+01 -7.052450452356695543e-01 -1.779780047129021625e+01 -5.478927677142488761e+01 -3.481766927903197484e+01 1.548547741027003255e+01 -3.460961572005690812e+01 -4.927015254920568132e+00 -3.492352090455073110e+00
1.494820466729393438e+01 -6.342340253325662758e+01 6.827364488464047554e+01 1.382047241218736566e+01 1.356252528053775563e+01 -2.225649151208312659e+01 -5.377686880386148971e+01 -3.326590170593487983e+01 1.240265658572848295e+01 -4.213499585059334152e+01 -1.632753066364405470e+01 -1.615010533571597406e+01
7.623872671459875683e+00 -7.315081749773759157e+01 1.054542592784774229e+02 3.664075556208438655e+01 1.343023324926491213e+01 -3.307942554566105287e+01 -5.985077899445697369e+01 -1.990605122661489190e+01 9.565616450844078855e+00 -2.893544853004127759e+01 -2.544336090643316339e+01 -9.831858811244315044e-01
1.511414034746475465e+01 -7.173038571306888400e+01 8.732136010455852215e+01 3.692408717646148375e+01 5.322922543072836632e+00 -3.327353892047162987e+01 -4.943011243757912609e+01 -1.387068308357137703e+01 4.033691667287997440e+00 -2.683012718695628251e+01 -3.412182552352285825e+01 -8.511538608524052973e-01
9.557883559174186416e+00 -7.529280605815296212e+01 9.937844522767272792e+01 3.483941273319548770e+01 1.046280594996858859e+01 -3.034698228563846456e+01 -4.641013668173442852e+01 -1.299227078349512610e+01 8.638584542891095452e+00 -3.678151590129206738e+01 -2.573501438528294827e+01 9.485098869116459497e+00
1.608371316987985722e+01 -6.976083354499425582e+01 7.099167093515873717e+01 2.576019541787101730e+01 1.296754217733314363e+01 -2.507782824051970039e+01 -3.490601741800138313e+01 -4.568998076498465011e+00 8.619211666148791195e+00 -3.475224175587923270e+01 -2.234216391689610504e+01 8.450602611264187658e+00
-1.280469800148611093e+01 -5.747253169846827348e+01 1.074540050558030373e+02 1.644035423546538510e+01 -5.674748950910992740e-01 -3.132558901584152267e+01 -2.772776302067335763e+01 -3.436220266006292157e+00 1.581674147839197531e+01 -4.353278363023841280e+01 -2.616987127739130159e+01 6.501929158266269937e+00
-1.075763379007967657e+01 -5.838974658374147708e+01 1.087065008336679455e+02 2.847769153594710190e+01 -9.816041045615625293e+00 -1.636435047600646087e+01 -2.947812522196784357e+01 -1.861505989841974795e+00 1.447355946823593698e+01 -3.999416456757832350e+01 -3.076438578475939067e+01 6.300587952922823476e+00
-7.982515850571250127e+00 -3.820867694645528445e+01 1.103948831816240386e+02 2.584570043988663457e+01 -8.764389889461870808e+00 -1.778545305666823850e+01 -1.946754775540110671e+01 -5.481342983665795643e+00 6.910979863113622557e+00 -3.675117627419118094e+01 -3.320969077849885309e+01 1.608662973317519018e+01
-1.206998808236617649e+01 -2.730338924815819013e+01 9.324432981457886171e+01 1.847562902752407510e+01 -2.627665188908326854e+01 -9.295015428628049747e+00 -2.036192390186049295e+01 2.254266644290643384e+00 2.403783459999417005e+00 -4.796597114194658218e+01 -2.160645040985688325e+01 -2.948640225516810709e+00
1.035706435174822104e+01 -3.480323932770289019e+01 8.850345094077158592e+01 -6.766108462468111817e+00 -8.287415487702698869e+00 -4.779050528070007076e+00 -2.211766569570584551e+01 1.464999131345183336e+00 5.581199518840062268e+00 -4.308777610415403103e+01 -3.236721624210941428e+01 -1.587266956218851277e+00
6.667876812784918172e+00 -1.979254045651824967e+01 7.592336047868971605e+01 -2.222433774138251295e+01 3.396586023786689168e+00 5.055171075429548688e-01 -3.390483894648686913e+01 -1.782501567189947789e+00 1.705666842228484370e+01 -3.079973845424128243e+01 -3.356064865367342520e+01 9.589834260120509768e+00
7.255296360437940351e+00 -1.389757588681031208e+01 7.648227305625096051e+01 2.768925707223406363e-01 2.640083917812787728e+00 -1.038082570962682105e+01 -2.334460796314044728e+01 5.122743426133247624e+00 1.442738140116383150e+01 -2.862728073325378020e+01 -1.368397596092870216e+01 1.507851735529298409e+01
-3.620302510576266286e+00 1.704443692071109240e-01 1.065993787862691136e+02 3.575814377139025169e+00 -4.174710283685788781e+00 -1.101582182775125496e+01 -6.596386523581237782e+00 2.242215058201721334e+01 1.198173309834937506e+01 -2.669678478490695994e+01 -2.169187012720959373e+01 1.590765593513553000e+01
1.405581158993729218e+01 9.814410602541983053e+00 8.720769725222055513e+01 8.410822618347003399e+00 1.451902687660118829e+01 -1.205370729638510241e+01 -2.097011916635925388e+01 1.758175841898001579e+01 1.680628592159367685e+01 -2.687534743130505177e+01 -1.592353961250191219e+01 4.389057501650654558e+00
1.580910793195171671e+01 4.807914383076326570e-01 4.233748859294656341e+01 1.623384360275889726e+00 2.543718786440791746e+01 -1.248525125889717913e+01 -2.999412982341677747e+01 3.482164582878435333e+00 7.669843533140803693e+00 -3.986463575508805235e+01 -1.280618492157838162e+01 5.395812354367407693e+00
-2.087394341316210244e+01 -2.363186858511162569e+01 5.587141206363016011e+01 2.051807991193892633e+01 7.418867627929804698e+00 -1.951481470714708877e+01 -2.230713976845583346e+01 3.237118424306959508e-01 7.561482631299139001e+00 -4.346235235757180959e+01 -2.651624344116039822e+01 -2.446921347092180898e+00
-4.130360256614736869e+01 -1.833917553227894004e+01 3.733140156263647214e+01 -5.389368636479971997e-01 -5.432507881722012044e+00 -1.690553355433771188e+01 -2.028148942666335586e+01 -2.391365895268877217e+00 1.008031203930058695e+01 -4.363752797755576296e+01 -3.432473460359042150e+01 -3.778041993665741671e+00
-7.038219441209504623e+01 -4.818850834807088646e+00 3.851247994483250636e+01 -9.938748504568359010e+00 -2.138402662287018785e+01 7.035252293013471991e-02 -9.107139298052365106e+00 -3.739529308242691918e+00 1.274270981575186568e+01 -3.462937743006985869e+01 -3.219384383690052687e+01 -9.844132191413976329e+00
-5.933130436991964274e+01 1.330396938999897571e+01 1.774733239585678746e+01 -8.281736916780516822e+00 -1.295343951964016505e+01 3.579669882668644831e+00 -1.047667942462700807e+01 -8.541380443346611173e+00 1.013307029626055922e+01 -3.498810679947698077e+01 -2.428735522274094194e+01 -1.379638376746612671e+01
-5.782840233823502274e+01 2.286147685534484708e+01 2.347802713637660332e+01 7.159235423608345528e+00 -9.366229414619025917e+00 -2.391689607230032877e+00 1.414675546113202342e+00 -1.789220788871223533e+01 -2.172977577544918937e+00 -2.812792340820990944e+01 -1.582969046005035629e+01 -2.161070488544814872e+00
-5.406810809826943398e+01 3.454040463145692996e+01 1.869326398075612872e+01 1.194219298333489121e+01 -1.109220566931364971e+01 -8.840110801992317136e+00 -8.187097298380777488e+00 -1.377132388375718897e+01 1.849720766746933620e+01 -5.030166039544443635e+00 -5.430307150708512332e+00 -5.509241449878697239e+00
-4.667907595409506882e+01 5.145598123542507807e+01 3.527752799175844700e+01 1.538292959181664266e+01 -1.044724333536124261e+00 -4.704615131082269919e+00 -5.982004167751529877e+00 -1.615678233106409678e+01 1.504822022600409248e+01 -1.759916213238015104e+01 3.578835651486790059e+00 5.563226710608351055e+00
-5.396452529088129779e+01 5.878663944538956088e+01 2.839286554514032446e+01 2.044850770751126490e+01 1.556388466096161771e+01 5.336649820981922865e+00 1.437546831079845155e+00 -3.611113810986781303e+00 2.563474959199898251e+01 -2.909177239062549436e+00 -1.057178492331767572e+01 3.756491912471128014e+00
-7.850271646580853258e+01 3.978894992036954648e+01 3.600475113810990990e+01 3.841773767546918350e+01 1.418845221033161863e+01 1.082924106059215497e+01 6.433709142053284147e+00 -4.419939128435086850e+00 1.399207984584624853e+01 -1.092273334172572774e+01 -3.725145937551563868e+00 1.156125202617560355e+01
