4.115619430607696216e+01 2.276763229027928759e+01 3.920461162284414058e+01 2.454214382500514091e+01 3.253360291518472991e+01 1.032096450892117545e+01 9.651641166730779986e+00 4.613035467644079901e+00 9.971695150128452312e+00 7.759676385002327592e-01 -3.854659333813883926e+00 -8.817182372825470793e+00
1.022711106106448256e+02 3.432761322453621489e+01 2.268452307498612441e+01 2.625998731606861725e+01 1.313203243337889070e+01 4.903040904010218526e+00 6.193203477332598350e-02 7.252161333231316398e+00 2.247056935262063071e+00 4.302267395874507905e+00 -7.993557205842223290e-01 -3.105609618420228646e+00
8.774718990763901161e+01 2.231908720371529853e+01 1.432885250499223062e+01 1.991967937336881533e+01 1.331093373697932947e+01 9.237863214907992671e+00 4.590203183484504734e-01 1.941643683194512970e+00 3.851480727507583524e-02 2.919048344518191840e+00 -1.547007365862196338e+00 -4.284462361958820686e+00
9.907003027763343539e+01 2.545424939824535926e+01 1.319451763295753466e+01 2.517893212537267544e+01 7.722666681281408430e+00 -3.993198765572958386e+00 -1.823802221117284006e+01 -8.973702765070312282e+00 -5.568044460006522201e+00 6.547468363190899865e+00 -4.731052497412233215e+00 -7.243469365431980833e+00
1.143579440030651142e+02 1.803147711073990678e+01 -1.403252991711962139e+01 2.200550927505954846e+01 1.641926394335797923e+01 1.463486647742462665e+01 -1.829766542464687618e+01 -6.726470988128645523e+00 -8.853068441926410514e+00 7.323966919230197270e+00 -1.249489691673871050e+01 -8.042241843943763513e+00
1.634631507654569873e+02 3.630480438769204454e+01 -2.904441267258123105e+01 1.004297952597347177e+01 -3.016588122424932905e+00 9.601757056726144768e+00 -2.350093931623017696e+01 -6.170300716633369653e+00 -1.815636546925459882e+01 1.201724610645484859e+01 -1.289293952194826609e+01 -1.123587014511016235e+01
1.293639622813018377e+02 2.414122488792907006e+01 -1.795108113524608484e+01 8.633823707801409952e+00 -2.002579988152285217e+00 -1.274271725836076063e+00 -2.840071340921912224e+01 -1.193418633997693412e+01 -1.447776929576586014e+01 -3.320605813340016255e-01 -1.698080930249843234e+01 -9.285848335395140651e+00
1.218902110009817363e+02 1.935345101418717206e+01 -2.457845406556387857e+01 2.553594738125283925e+00 -2.184952086752289802e-04 2.268728824930421162e+00 -2.745511372767306923e+01 -1.295759973430715917e+01 -1.447014338480631501e+01 -1.599012687319814496e+00 -2.224464251081625576e+01 -1.641569910128847454e+01
1.504707397357631180e+02 2.884731286546899298e+01 -3.902823416934285206e+01 -5.521085233604637210e+00 -6.826265019480275420e+00 5.158927195218174333e+00 -2.977942369730481431e+01 -9.049424007390417302e+00 -1.629946317747092621e+01 4.244563757774524326e-01 -2.631193137283131733e+01 -1.621977221081450438e+01
1.054507037597564079e+02 1.226284346942562209e+01 -2.303575332836981460e+01 -1.019616081988943534e+01 -1.137740291075576415e+01 -5.600873741945161299e+00 -2.157901179239339484e+01 -1.330978767959138231e+01 -1.721013653413970701e+01 -1.021217406629363111e+01 -2.122806781622501404e+01 -1.492066694367680668e+01
2.154808823250379817e+02 2.189380437444410177e+01 -6.552197847294036137e+01 2.859157699814694098e+01 -1.500783884941031943e+01 1.309494248908402625e+01 -3.896073118452959960e+01 1.174223694823561637e+01 -1.333161592660703043e+01 1.051164058584217287e+01 -1.733425420285786345e+01 3.041489513819255031e+00
2.373896449489556630e+02 4.493488049941802842e+01 -6.933814359422113682e+01 8.824437021865424668e+00 -1.138512754295477336e+01 2.007224223330214841e+01 -2.604409644140228863e+01 1.240018358950054989e+01 -1.800158399332396186e+01 2.014527595224808465e+01 -1.635479785464269042e+01 5.255910746881115259e+00
9.849120482356077844e+01 1.195051437493783908e+01 -1.912355856344715832e+01 -1.039288142754839583e+01 -4.784432331548398309e+00 5.836017421126763693e+00 -6.856734287199259370e+00 -5.048899850287071445e+00 -7.113012615356328006e+00 3.361963955369548174e+00 -4.223924094914081273e+00 -2.896010691247649760e+00
1.436671553049859540e+02 5.273505110139673491e-01 -5.583630137890197176e+01 2.872052774036140477e+01 -3.382328415323504256e+00 4.655158379430824667e+00 -3.551186228011894030e+01 5.063183622425582620e+00 -1.649096072991424222e+01 1.274217391603574079e+01 -1.808152898276474474e+01 -4.822379057376645406e+00
1.005767300539892659e+02 2.269241791339128511e+00 -2.855557578318381928e+01 1.049219542075022460e+01 3.203556398199338684e+00 6.728433200123122404e+00 -1.865343499251643777e+01 -8.351268107091049941e-01 -8.933319545791102101e+00 -1.808758299625549792e+00 -2.382993294730847822e+01 -1.441311994961327869e+01
1.383111241017859072e+02 1.217700786550890157e+01 -4.967298227463852811e+01 9.814132374609224385e+00 5.436800316568701774e+00 1.653544720935849099e+01 -2.450348765784516303e+01 4.715526544936951225e+00 -1.142712444284905082e+01 -1.153410784651157428e+00 -3.742437969065696279e+01 -1.969726589203713019e+01
1.789112484135879981e+02 1.826752228558900981e+01 -6.610456130001973918e+01 1.152641817898881804e+01 9.298475694197767538e-01 2.150693849891318621e+01 -1.969210087440822932e+01 1.428819297565286739e+01 -1.964384522791768362e+01 -5.565029963190623263e+00 -4.477114063471101701e+01 -9.511455934792355293e+00
1.198743871768681970e+02 1.322521516146479570e+01 -4.001900067120100601e+01 -7.460872121617313724e+00 -9.898585824899868157e-01 2.286518868643432256e+01 9.541514049368622352e-01 1.016650951864222385e+01 -1.820250616597544280e+01 -1.886330871349059279e+01 -4.113966245856193638e+01 -1.562217548744353834e+01
2.032688077429666009e+02 1.649539000016942936e+01 -6.758550045195502776e+01 1.909039991638039879e+01 -2.637303645750938585e+01 3.305973591113175303e+01 -9.773058849602593412e+00 2.190585493715365573e+01 -1.920519095510792340e+01 -1.119936429855075133e-01 -2.961015344856216913e+01 2.331965080496058995e-01
1.564786726914039718e+02 -1.402224903944133061e+01 -7.217864617565044227e+01 2.658539060321717429e+01 -1.756032217303119580e+01 1.709693570927097639e+01 1.682651400837865907e+00 3.988048845346624205e+01 -1.445393951116336240e+01 -5.477245305421690746e-01 -2.889099598172763095e+01 -3.008624647506260796e+00
1.456059306872825516e+02 -6.900016053758191603e+00 -6.606350798248352874e+01 2.700398471947039170e+01 -1.089604097980469533e+00 1.366096897593211779e+01 9.784908983158189244e-01 3.189841411533991433e+01 -1.910490461214305924e+01 1.514644996094042639e+01 -1.247829322212540504e+01 -2.045099765622828691e-01
1.151178701368118880e+02 1.195288824718099008e+01 -1.570633286567395892e+01 2.222699146974846229e+01 -4.655239324034056381e+00 7.650484444007963347e-01 -9.964168163329397032e+00 7.755726129494239451e+00 -7.572067822365827539e+00 1.112075736067397003e+01 -1.014164290924563083e+01 -1.572869488597086729e+01
1.156097306545571257e+02 1.301245167966097149e+01 -1.907190177979206425e+01 1.205407288797023568e+01 1.160793566912570185e+00 1.123855154504495957e+01 8.833980668335801312e-01 9.579178480078498481e+00 -1.929941990171320043e+01 -1.426083721979972374e+01 -1.631691454862165713e+01 7.196417571344515540e-02
1.752667989223900520e+02 2.204977281719159521e+01 -5.766409607096836254e+01 -3.572701615410084575e+00 -2.572201270598807099e+01 2.341362847748222009e+01 1.590437067485539480e-01 1.506800090243892143e+01 -3.701068542121780069e+01 -1.680896201234675047e+01 -2.840005125168928046e+01 -4.293562652780897437e+00
1.434109471520357602e+02 3.403875282522398038e+01 -3.668269916633560968e+01 -2.811335788252844381e+01 -2.616366577568008012e+01 1.006274655238085458e+01 -3.337332151016162651e+00 2.000544243725281390e+00 -2.868524497944979856e+01 -1.759145421656488395e+01 -2.244179694313906026e+01 4.169904576562639242e+00
2.075186701822259465e+02 3.832568102513683783e+01 -6.216152074559861518e+01 -1.026345497858277156e+01 -3.369592937545368727e+01 2.311054560637707311e+01 -3.044774617876901512e+00 1.717146262973565385e+01 -3.444269749831279626e+01 -7.139416750982210402e+00 -1.737359622363640810e+01 1.329711394670887614e+01
1.207316403832439278e+02 2.059034852970174967e+01 -3.328821993541449586e+01 -2.427271477364224239e+01 -1.875001947076005138e+01 9.997568391139896704e+00 4.751226799771761655e-01 5.464437489041721996e+00 -1.564912428966664493e+01 -8.952300772021434483e+00 -1.529830942891185508e+01 3.432703295972662438e+00
8.946757395428707582e+01 8.491692369354868930e+00 -2.605918144543731785e+01 -2.379125253450577304e+01 -2.075460599487984226e+01 1.212933480995305846e+00 -2.571855028966276713e-01 3.616258389338804502e-01 -1.923863347375555932e+01 -1.802402331193514584e+01 -2.001068404761008779e+01 -4.341165488035521491e+00
9.530930027714015296e+01 1.218882519844734702e+01 -2.671878595321837224e+01 -2.488464695822786155e+01 -1.924738348097574203e+01 4.689779932403483897e+00 7.078033801468694985e-01 5.565995668052058365e-01 -1.804094472113754932e+01 -1.397551404582772960e+01 -1.465687319663625843e+01 2.075236797843570624e+00
1.036653538177611438e+02 1.265529497093379163e+01 -3.334278640555555739e+01 -2.873291085487046814e+01 -2.237151195409647286e+01 2.734846684238024128e+00 -5.354579618722742573e+00 -5.270091880365246340e+00 -2.375772316733064216e+01 -1.463630232983532053e+01 -1.489571034298759855e+01 2.078724371459276909e+00
1.066768522144096494e+02 1.347831459087325712e+01 -3.453664637770808099e+01 -3.122609358292464066e+01 -2.266640704202054479e+01 2.504922473195002386e+00 -5.544883925466998598e+00 -4.837527368705993425e+00 -1.936602248407410087e+01 -7.454356454142804900e+00 -8.992542620736106329e+00 1.707282604392856173e+00
9.823211858592878798e+01 9.367897526417699794e+00 -2.893497013613325919e+01 -2.350505296977830483e+01 -1.616258323100423411e+01 3.507492507976592400e+00 -2.195808803191008796e+00 2.372445857582385464e+00 -5.756561738661538641e+00 3.005792675475987608e+00 -7.096507171858035257e-01 6.705495663260517603e+00
9.538545529869936956e+01 7.737588366414022367e+00 -2.512485625018191371e+01 -1.875886431046669145e+01 -1.580086943921454434e+01 -2.281415493207350487e+00 -6.667032687629206755e+00 2.031160180578489793e+00 -2.136106451842861631e+00 3.952655954416892214e+00 -2.509910428251564074e+00 3.127169566799198996e+00
1.010896358329902682e+02 1.041625197826665428e+01 -2.630355391612558691e+01 -1.996538597922786806e+01 -1.730702069311035629e+01 -3.160056810403432781e+00 -9.518769952831217296e+00 -2.501837750429318774e-01 -1.271571021308484539e+00 1.074817210513350574e+01 3.600244959757078256e+00 6.450038307161984896e+00
9.395797540314468677e+01 7.551911307200319001e+00 -2.265807813945187377e+01 -1.621909932551157141e+01 -1.889453521599461183e+01 -9.473952021784121769e+00 -1.328765516935812485e+01 3.633372977077327093e-01 1.312976302104988946e+00 9.884047241522559091e+00 2.430557477640522990e+00 5.261361688387578006e+00
1.089518850323805026e+02 9.660051486813326704e+00 -3.413593602873591237e+01 -2.186935886904257842e+01 -1.795650486204502982e+01 -2.349614701413329065e+00 -1.481864107132040331e+01 -5.024126909809327302e+00 -6.868844436601065695e+00 9.925568408410324395e+00 2.479701165398861651e+00 6.063672325515923944e+00
1.733901794136878038e+02 2.945360678723229597e+01 -5.969264656548770631e+01 -2.735690518388514647e+01 -2.258326749991646665e+01 3.926440525946849558e+00 -2.417310609312604797e+01 -3.649979052013736958e+00 -1.772454728530605195e+01 1.764196923765742042e+01 2.966645474457528131e+00 8.295098187987402838e+00
1.749921043118001194e+02 2.364162998636663460e+01 -6.763478020110241573e+01 -2.046722876441896943e+01 -2.523606580744251815e+01 -4.544675053567415191e+00 -4.514157097895024151e+01 -1.080846586692011968e+01 -1.435521367841475104e+01 1.692157646387461511e+01 -1.410721670309791520e+01 -4.300125139056735435e+00
1.284280479514742410e+02 1.665628548922865804e+01 -3.787305334952111480e+01 -2.336083506901841034e+01 -2.527191634410544552e+01 -1.158092714783778732e+01 -2.876523019630782585e+01 -1.322719223487418816e+01 -1.476180898452901502e+01 3.402965062126449780e+00 -7.894001515775054045e+00 -2.488756013673355305e+00
9.916197997318317903e+01 7.704047483876893310e+00 -2.882684658195680782e+01 -2.341305594716259009e+01 -2.560300403523555701e+01 -1.539872863769848621e+01 -2.272200066886014724e+01 -1.209696084770160951e+01 -1.266136897318384236e+01 -3.807386756316759602e-01 -7.973568062625392194e+00 -8.104186798156817417e+00
2.479154513004464775e+02 4.200018089119140541e+01 -6.600194531493642103e+01 1.319281124558320428e+01 -2.308980847699194427e+01 3.487064616784584814e+01 -1.826167930758225566e+01 6.048631698933514933e+00 -2.373090550197478876e+01 1.903879620026671304e+01 -1.144694929191262389e+01 1.165323634972569078e+00
8.550838726026728409e+01 9.628600431047548369e+00 -1.063437670686642633e+01 -2.394780393602154778e+00 -5.492394608487369823e+00 -5.113172378554287967e+00 -1.765034152182615657e+01 -1.169601568713581230e+01 -8.413786579143780031e+00 6.500950412097547648e+00 2.850419679888933633e+00 -1.399676528430877642e+00
1.361599047097462858e+02 2.783907017745166357e+01 -2.491903022509786325e+01 3.040703543010256915e+00 -1.107520236989390838e+00 3.712310087464749664e+00 -3.209929620745372603e+01 -1.464117977865717179e+01 -9.055937960198043868e+00 1.938432407832804927e+01 -2.262264020516437935e-01 -2.412570033314459295e+00
1.373905315821279203e+02 2.549458551743587975e+01 -3.039490276971422134e+01 -5.731009561666379426e+00 -5.656723516366981563e+00 2.847823832534345012e+00 -2.859822295959229521e+01 -1.329959043970633914e+01 -1.125421032212706152e+01 1.499403725483441896e+01 1.845026761532993387e+00 5.726811371524297201e+00
1.138150814429811817e+02 1.472931112509176899e+01 -2.540711337834665784e+01 3.623335798672217223e+00 -1.316354872551477762e+00 -2.141381664221560399e+00 -3.520374565535078659e+01 -2.249500111430996441e+01 -2.587889398722946055e+01 -9.635822318854094348e+00 -2.499900379240815340e+01 -1.820776551475039895e+01
1.323885327415389384e+02 2.356005412800544363e+01 -3.020027643492111480e+01 -1.036577825267854713e+01 -1.028738462024467637e+01 3.130501977417310400e-02 -2.614901116574758788e+01 -1.108417445016753078e+01 -7.454941679405202137e+00 1.605198577418456551e+01 -5.238566791715024706e-01 5.386488414982442130e-01
2.000024421451106491e+02 2.665835947256551464e+01 -6.133780795575816569e+01 2.075730969898564027e+01 -7.151429062247096624e+00 1.016227981400817981e+01 -4.573778247596114710e+01 1.881975230560161805e+00 -7.764901483436157825e+00 3.148011496993985503e+01 1.810001743560771814e-01 9.346581519367020974e+00
1.109091423362017679e+02 1.504711715701270691e+01 -2.749039124362317921e+01 -1.777703816010821924e+01 -1.731519591164000360e+01 -8.577928173634068898e+00 -2.412680317229808935e+01 -1.402190318396382196e+01 -1.366856056456072821e+01 4.655756111560341637e+00 -2.149181283944207266e+00 8.747206329065360109e-02
1.474056672101747552e+02 2.241283527299012945e+01 -4.195583135502810279e+01 -8.381498423027144540e+00 -1.611647598897549827e+01 -1.041906069241466248e+01 -4.481707517455750178e+01 -1.742606263924490406e+01 -1.274752471453847846e+01 1.544015232889615064e+01 -4.356120366573386526e+00 1.752156571915688410e+00
2.326959414832737423e+02 2.722025282348137054e+01 -8.523742222956103376e+01 1.282912005795883204e+01 -2.756033740448500780e+01 -2.449246531662112147e+00 -5.163159148193633285e+01 -8.758236186836514392e+00 -3.126467259718690883e+01 3.225862633109790067e+01 -1.302060230321035661e+01 5.131855717646805815e+00
1.497102531056891621e+02 2.389505303976359230e+01 -4.595291974228385357e+01 -1.795225264728422232e+01 -1.910538458300295872e+01 -8.263886151114332890e+00 -4.273713603484662826e+01 -2.191709916601018904e+01 -1.761449677994649576e+01 1.475136182830544840e+01 -1.479875925283020699e+00 7.395137588285581209e+00
2.387919879399469210e+02 2.892564052623257709e+01 -7.408416802980403304e+01 1.874203277018675351e+01 -2.931609962529665125e+01 6.885926500786233362e+00 -4.602565698448538001e+01 -2.620159728326138193e+00 -2.685212627516167672e+01 2.466962424486230532e+01 1.294588807039191769e+00 1.649477585575203165e+01
1.336381786164326400e+02 2.608602449625749031e+01 -2.313946160378701222e+01 -8.746188073022068465e+00 -1.635668663198797645e+01 -6.546427622816023195e+00 -2.142443234669461916e+01 -4.234125575728653779e+00 -8.381227495749078216e+00 7.143442264804235720e+00 -1.818587660558525165e+00 3.615460887972956616e+00
6.651293969334531653e+01 -3.665988449611468525e+00 -1.564619477845396922e+01 -5.586890600409481600e+00 -4.320968778771251628e+00 -3.033094712326573017e+00 -1.288330690222361241e+01 -1.017094051041977210e+01 -1.078994483417919170e+01 -6.327634798756934131e+00 -1.081577196032402810e+01 -7.676479869425432589e+00
1.863184795766910611e+02 1.747095198190285714e+01 -6.201594393505586567e+01 3.322730788030325755e+01 -3.783020924955550868e+00 7.199323470197663610e+00 -5.217014692191575875e+01 -1.185146730328908582e+01 -2.534253093062269357e+01 2.262226216388192768e+01 -1.812060859803381518e+01 -8.048835895855917855e+00
1.300709158455356658e+02 2.297323857196951025e+01 -2.202190883587018533e+01 5.813715239481084041e+00 2.217100663506517133e+00 8.034813800126368477e+00 -2.425101002117727234e+01 -1.891301367055958593e+01 -2.491819120577407176e+01 -4.454723977626904308e-01 -1.155389363633446465e+01 -8.010926318304699478e+00
1.823487763378844875e+02 2.364179566582017600e+01 -5.113170060507698622e+01 2.366512616339175068e+01 2.838202050277804922e-02 1.301701300860834998e+01 -3.069213950652386913e+01 -1.663593210620011753e+00 -1.619057540094837222e+01 2.595891654005411908e+01 -1.299365403568028299e+01 -4.405981965418916957e+00
1.095786305292635632e+02 2.031593622688171763e+01 -1.094870685531482479e+01 4.910377070235524499e+00 1.672613815160724382e+00 2.466118100305644933e+00 -1.595038201508245201e+01 -6.349233801795846510e+00 -8.364889107030597515e+00 9.641949612329128172e-01 -1.403321469530841625e+01 -1.301417989525522501e+01
1.377786586459059208e+02 2.557843863492789893e+01 -2.661680755170152679e+01 2.306517763555010703e+00 1.516288987986185610e+00 1.940461043358960325e+01 -8.145957690564632259e+00 2.573571585788620997e+00 -5.543063365925850583e+00 1.086920169397814817e+01 -1.245974777360923724e+01 -1.320816864046981465e+01
9.800064446415782982e+01 8.829477879448559108e+00 -1.827278858606813117e+01 -1.111107422627542363e+00 7.162099245155193472e-01 1.388058851540508343e+01 7.138257003619239427e+00 1.602717668143609941e+01 6.025320968854384063e+00 4.714186161044493950e+00 -1.173552690464891413e+01 -1.326137772030098105e+01
1.234900884465126296e+02 2.024902018175129825e+01 -1.869257619424222838e+01 9.875955950711375664e+00 6.890224016972421595e+00 8.355100655572352153e+00 -1.112396774661450927e+01 -3.686051502749281283e+00 -1.672481193526563104e+01 2.533269465349982763e+00 -9.088166929850759246e+00 -8.352535578268790672e+00
9.348707825030287211e+01 1.001951909117669359e+01 -9.688044232148859791e+00 8.568838967422523822e+00 5.054086705503150867e+00 9.002729624113651852e+00 -3.491837519496909792e+00 -1.427069987575228183e+00 -8.252927264101309390e+00 2.407401390780608885e+00 -6.860373495906022967e+00 -7.634336279974521133e+00
1.405184397649940422e+02 2.084420077415606443e+01 -3.111749403034323791e+01 7.471171326379663746e+00 5.816064846653939746e+00 2.192339583447547113e+01 -5.693301644299795683e+00 2.582441863809028959e+00 -1.085050647005754954e+01 1.405667897290842028e+01 2.649765382348414633e-01 7.931804805995922081e+00
1.028086983332681257e+02 9.404508459925937203e+00 -2.293676520071266367e+01 -1.449836790608336923e+00 -4.008853523367086780e+00 1.967267859500776428e+00 -1.303424823526825627e+01 -3.675636501930375388e+00 -1.285064923601034081e+01 -3.953334029148440010e+00 -1.696640839404217260e+01 -1.116785223152516338e+01
1.509558100802880176e+02 2.351752345867767247e+01 -3.097787885714162570e+01 5.661898876276667103e+00 -1.557424447587961058e+00 1.897383311413059559e+01 1.127530193555029481e+00 1.247208621308397980e+01 -8.012415183964250787e+00 8.211181118833295045e+00 -1.118971740088641731e+01 -5.552759817354141703e+00
8.206131313196272004e+01 1.255526308433781990e+00 -2.124806730835503288e+01 -1.171441039794172134e+01 -1.021462884260506954e+01 2.262819613384471573e+00 -2.225818730039140547e+00 -2.306155858747386045e+00 -1.695584070528931875e+01 -1.503758990623530778e+01 -1.560113322460406593e+01 -8.445333664901367499e+00
1.514357154420439144e+02 1.480475256562824526e+00 -5.398308440121640217e+01 2.299115950036116374e+01 -2.182985506331788450e+00 1.317197053460154876e+01 1.043463878026280156e+00 2.074633171843954926e+01 -1.811319337274066754e+01 1.827808684413059481e+01 -1.330835079741710913e+01 -1.258950875931741109e+01
1.578246344699793724e+02 2.176220073731472837e+01 -3.468853365741355077e+01 2.169802463833251238e+01 -4.565153364758968380e+00 1.294537658954605774e+01 6.710341247092170391e+00 2.411725915731023662e+01 -5.440078990301495665e+00 3.255801220918648653e+01 2.307893263775977477e+00 -2.446397771042479796e+00
1.395622431491231623e+02 1.824923346609988428e+01 -2.832328515222097920e+01 9.668263026288240525e+00 -2.518016681339492635e+00 2.083740486032526462e+01 -1.859062504959124063e+00 8.504224209616367602e+00 -1.035207048457865220e+01 6.161266804423686239e+00 -8.024721927382374886e+00 -9.211749454763147327e+00
1.269175635567118263e+02 1.352505774436688313e+01 -3.016130281178861949e+01 9.141550015703336030e+00 9.932004614912223417e+00 2.996787957502911581e+01 1.166485700327692676e+01 2.003571816620029367e+01 -1.362832870020755482e+00 1.116420161071713935e+01 -9.412342853838715939e+00 -1.205292387375435048e+01
1.167342654835467926e+02 1.997751312765920062e+01 -1.362566951566100570e+01 4.455365604284777348e+00 1.924593003040166117e+00 2.099502140809642370e+01 1.401854051599276119e+01 1.852692649584735918e+01 3.916472937798515019e+00 1.295258026388988526e+01 1.105768543788112623e+00 -4.320728653680469655e+00
1.409213627982229866e+02 1.490817688896227367e+01 -2.640321907037279914e+01 3.145352899161441940e+01 -9.812258915181226726e-01 1.289209519581552144e+01 1.376297775679296009e+00 1.929235191494510104e+01 -1.388055655207013928e+01 1.415086517634325958e+01 7.624281612998412561e-01 -2.735870011214817765e+00
9.455668107952770640e+01 2.783618964953098640e+01 1.482060380356757534e+01 2.039991749100456531e+01 1.663420949860915243e+01 1.153642151241871971e+01 4.981927299703501788e+00 1.300959001735373377e+01 8.996797239672684299e+00 6.123879069690595145e+00 -6.235384664991352466e-01 6.996053835713939018e-01
1.066476129399091235e+02 2.223401960939427369e+01 -6.900253709903477528e+00 4.343902642045087248e+00 8.645649393560532303e+00 1.935046110006503284e+01 7.237595126311925142e+00 1.097128243022006444e+01 4.096831601377781240e+00 7.833070116146695128e+00 -4.568395531322895664e+00 -7.309662823379872165e+00
9.200805555612134867e+01 -2.423687448085762242e+01 -6.130299785742915475e+01 -9.505500527689108026e+00 -1.637177623679666283e+01 -1.908173839027146323e+00 -1.631073532487145172e+01 1.729633382587242529e+00 -1.508314623846187885e+01 1.086820084125169217e+01 -4.968789318613122674e+00 -7.512906812999990080e+00
1.644108627460382763e+02 3.343890519163160491e+01 -1.770561017998803166e+01 3.456787870467007195e+01 3.543460251266676408e+00 7.038673505955195253e+00 -9.297128836651648243e+00 1.478971563733743722e+01 -5.874320755875372058e+00 2.776124026485841512e+01 -1.096383797128947624e+00 -5.606008673632482342e+00
1.422955586759904634e+02 1.197045524822754459e+01 -3.949651804620677353e+01 7.656546173144391787e+00 -5.457249966601763980e+00 4.653563797285690029e+00 -8.221857840280986096e+00 1.746841925439147047e+01 -1.069857166096624290e+00 1.867432472547454836e+01 -2.871270245028279433e+00 2.647848457730390681e+00
1.202974125554680995e+02 3.091031132069156939e+01 -8.999506175102242267e+00 -9.579539075188815644e+00 -1.248740945307235251e+01 8.447539693445482722e-01 -9.657628729073074680e+00 -5.795425155778163528e+00 -9.921000222353580256e+00 -4.706861922074256910e-02 -1.035639285499053130e+01 -1.100277162343390458e+01
8.620150052339644731e+01 4.006764442335928322e+00 -2.104005062233915879e+01 -5.047941522946469917e+00 -4.821358660378677996e+00 -6.285561815992564583e+00 -2.236877648522326467e+01 -1.421742621611409874e+01 -1.623528421964693536e+01 -8.127600745034252228e+00 -2.041393477517496535e+01 -1.989350159942235408e+01
1.376501144281843949e+02 -1.039669940133051584e+00 -6.918948083218685952e+01 -1.304082089951739043e+01 -4.151067415975400188e+00 1.610167835724731589e+01 -1.307959844045458730e+01 7.244065982414245042e+00 -1.325372271899229659e+01 8.530983017435852744e+00 -1.318960187305619769e+01 4.435840454307487413e+00
1.369592909681536241e+02 8.023709452047253166e+00 -4.778679695503045366e+01 3.565691775885211712e+01 8.521313135806703798e+00 5.888465724083602026e+00 -3.761962003700820389e+01 2.958834351904635174e+00 -1.980110796015839014e+01 8.193562727285277347e+00 -2.766235577147267577e+01 -1.870076788318105798e+01
1.929066519274396683e+02 1.299428328048856685e+01 -7.895216622362524106e+01 1.833405768688150062e+01 -2.979358231462852835e+00 2.401932520524957937e+01 -3.587280659892314105e+01 5.178734834117697972e+00 -1.828410488844074422e+01 2.143451441559297166e+01 -1.388911425681889611e+01 -1.958100936683915272e+00
1.218531452958701777e+02 1.438597362162649418e+01 -3.427270708416403977e+01 9.563713744407575490e+00 -4.413939977789350877e+00 4.652039872929036868e-01 -3.995864720413636917e+01 -1.774374262159858873e+01 -1.432807345365894847e+01 1.587695965289061206e+01 -1.659429659986502870e+01 -1.775983443073871726e+01
1.121330204726359909e+02 3.125013749858816858e+00 -4.010357037605319874e+01 1.002779451726725313e+01 8.325750983194936339e+00 1.271673570356922056e+01 -2.445096208001120885e+01 -3.630435663319155459e+00 -2.933810094762502096e+00 2.327311910910678705e+01 -1.636195280658870210e+00 2.022120055581331233e-01
1.173300189598309089e+02 5.717762838073524811e+00 -2.783116111018786043e+01 3.267672906641809050e+01 1.786762339712538505e+01 1.476295268450765086e+01 -2.142926847403501966e+01 2.315539749015389503e+00 -9.432286239370508696e+00 7.409177924371098456e+00 -1.616342311241033158e+01 -1.118826770255705583e+01
1.212512589887713688e+02 1.259883256776091542e+01 -3.879182275999094998e+01 -9.967859448913236164e+00 -1.321178959839304223e+00 1.473151078227405009e+01 -1.196478673155828432e+01 -3.987633944057348501e+00 -1.389628657415705426e+01 2.709389322282515611e+00 -1.651534059183570946e+01 -1.204799562869912677e+01
1.625995644037751049e+02 3.482722946308711709e+00 -5.560361295959894790e+01 3.326472435913636616e+01 -7.614549937519734968e+00 -1.102694278605046208e+00 -2.245845426251366206e+01 6.382922376640989270e-01 -3.756947508303964156e+01 1.154755885381729996e+01 -1.664515581756657880e+01 -1.076051288785127369e+01
9.324398750501657673e+01 -3.518189370686819473e+00 -3.010000764153876673e+01 2.216653189119576695e+01 1.102974368537687511e+01 1.091741004469750465e+01 -2.360347631417387504e+01 1.729927663167761587e+00 6.547961412153890937e-01 1.363557696564059540e+01 -1.453703238769086781e+01 -1.206080391966176180e+01
1.120326975914413481e+02 7.117611011174822977e+00 -2.142010202259352880e+01 3.529982101983456744e+01 2.136816783615827475e+01 2.242871556215749251e+01 -1.550578482702478311e+01 1.246508420684802498e+00 -8.397352131755940974e+00 2.774381155076629746e+00 -2.636276942710585303e+01 -1.337620098625751019e+01
1.262621312054766918e+02 6.925120230784405528e+00 -5.152143192513269554e+01 -1.139233314873535008e+01 -5.140391303577119153e+00 9.100616268429911671e+00 -2.703109218529540669e+01 -1.158430263366915902e+01 -1.502681306308745590e+01 1.046159723813294562e+01 -1.007509393294520983e+01 -5.901965805953053312e+00
1.449480396546942131e+02 1.006537636176146933e+01 -4.833973119017388598e+01 3.772706771685085414e+01 -1.400200386932528573e+00 -5.354753225746399892e+00 -4.255341167158510984e+01 -9.341039280783579812e+00 -2.629549732455326350e+01 3.230638826592042534e+01 -1.255642679288138730e+01 -1.450312253594551493e+01
1.080559892322439737e+02 -2.991230066331631576e+00 -4.389625040201281081e+01 2.114608137829341317e+00 3.938406481732177777e+00 1.814871283455585882e+01 -9.158410784944518213e+00 8.608411219448694141e+00 -4.291158048122500901e-01 1.640507043991962988e+01 -1.516256308652470963e+00 -6.240368048104661725e+00
1.070144259854851185e+02 -1.755351456369609764e+00 -2.465593700547807288e+01 2.242333994410784470e+01 -1.005775808761951673e+01 -1.070966961066949530e+01 -2.063643033425222484e+01 -3.149647609218630073e+00 -2.134357925638792963e+01 2.026105880944989224e+00 -1.345789552069942907e+01 -1.431252182671750717e+01
1.191023743460966244e+02 -3.559639918009309678e+00 -3.171837891979370383e+01 5.222292755436700418e+01 9.619506523217593141e+00 4.568945731043780434e+00 -2.630358711175549757e+01 1.540374450000097539e+00 -1.753232657195895428e+01 2.390297154141888925e+01 -5.717495815532653847e-01 3.351427246067040677e+00
1.332146229186249968e+02 -3.865742326377299420e-01 -4.907153487644373513e+01 3.944978804512317083e+01 9.623546320154483524e+00 2.448717388575413878e+01 -2.570493004917766200e+01 4.184235498174560419e+00 -6.337360392706990808e+00 3.145769189619295503e+01 -7.255263095917745986e+00 -6.557753962545893600e+00
1.719079376608355005e+02 2.261364215409726341e+01 -4.127014976867571505e+01 3.124808369570179423e+01 -6.321384215992456035e-01 4.836856733013775944e+00 -2.207714795506774408e+01 5.368310425466673586e+00 -2.718755391926707077e+01 8.523745824634989532e+00 -7.807947558102733332e+00 -7.603365302478540144e+00
1.193927987798868031e+02 8.005113239548742321e-01 -3.868470848890203229e+01 3.634459228329099290e+01 4.985737642102196610e+00 6.822166892050426590e+00 -1.591671416870147659e+01 9.739547538047634845e+00 -1.462274275673053303e+01 2.127356687218709297e+01 -1.648430361072711392e+01 -1.694475335156830198e+01
1.206216408332408889e+02 6.829317336637948266e+00 -2.112277261707400910e+01 2.552270713668564639e+01 -6.426478689876541139e+00 -6.584070221185324812e+00 -2.231658776383818577e+01 -6.636017566913748666e+00 -3.084103633833579394e+01 -7.919205925920759448e+00 -1.113355302015811787e+01 -9.122426922734232946e+00
8.943851068133253079e+01 -1.250115120323414208e+00 -2.203266769911072487e+01 1.152683283876322484e+01 -3.912790011873013007e-02 -2.129237645738618845e+00 -1.903697252640240123e+01 -1.840830686289001861e+01 -3.233086457701621441e+01 -6.081282570753105077e+00 -1.580763663076279713e+01 -2.184500161146923602e+01
9.798391699091226315e+01 1.197574474325936400e+01 4.685298456656084909e+00 4.258242140912475548e+01 1.342254056623958647e+01 2.546335572066206865e+00 -1.297624672162102044e+01 -4.811556499643119267e-01 -7.188113518849426953e+00 1.273614040361439237e+01 -8.852556212638909017e-01 2.012083019691491614e+00
8.317006268744069075e+01 1.288721233959497781e+01 4.932159116349327244e-01 3.546842769523510519e+00 -3.665373415644067823e+00 4.941227547845115087e-01 -1.434484232962942141e+00 -2.339055774659075659e+00 -9.063483069474456144e+00 -1.737692411891973654e+00 -3.636472812600029414e+00 -1.026533818180815771e+01
1.086139232970940043e+02 3.193219294474874204e+01 1.000557084360189108e+01 9.537287874498259654e+00 -1.050865119611567922e+00 -5.237935678844500842e+00 -1.499343038878626189e+01 -8.881674115484207377e+00 -9.163769482326660665e+00 -1.268932038771320769e+00 -3.157448388504281445e-01 3.895186486152640182e+00
9.626481002297896339e+01 2.591805842980711105e+01 1.599043143680900769e+01 2.020550719273521167e+01 -1.977232727119514477e+00 -8.105885934467881526e+00 -1.267142228596566866e+01 -8.185108549216092655e+00 -1.374829785900923440e+01 -4.575236604077611346e+00 -6.551496348676255188e+00 -6.947836169215083402e+00
1.054683488096076758e+02 2.063919332228154246e+01 7.512767611224333564e-01 1.921681804821599826e+01 3.322391520852115754e+00 -6.560678762091824545e+00 -1.718870080899793606e+01 -2.272885760319264925e+00 -3.158572424575165627e+00 8.091666208852743125e+00 -3.579875029938234920e+00 5.404031922900465190e-01
9.271536274866474514e+01 2.151143420180563126e+01 1.137684082586306822e+01 2.729344364961093206e+01 1.290801834599255749e+01 1.770271390089888541e+00 -4.514250193277002055e+00 -3.976170647951859038e+00 -2.041190989784833931e+01 -4.860290924790284350e+00 -2.679092212568912945e+00 -1.162845784479396727e+01
1.199448436529606568e+02 3.842516885946146488e+01 1.669432059888611519e+01 2.340329880537267471e+01 3.542629248259197450e+00 -2.527023966935204591e+00 -1.305848115509370189e+01 -3.800349171951509675e+00 -5.525463888860638662e+00 6.958916872149638166e+00 4.225992198651700171e-01 -8.973579731894542055e-01
1.076813638335210896e+02 3.560969575729455983e+01 1.264424251283313083e+01 5.302560601794382933e+00 -5.898553993725295541e+00 -7.875745105215106179e+00 -1.545126190653644471e+01 -1.323375330451816723e+01 -1.548562407381766626e+01 -1.033800774108121701e+01 -1.382846664307652951e+01 -1.027594915883826943e+01
1.066374841811882277e+02 1.746904177406095826e+01 8.177137582075054922e+00 4.608398465890343942e+01 2.852766736387400748e+00 -1.177441636698495309e+01 -1.665057384655917261e+01 1.428074651699732911e+00 -1.915778234786089484e+01 -3.026293454195557953e+00 -1.141122272910075708e+01 -8.938188074353670132e+00
1.302770527978765926e+02 3.282590506872747227e+01 6.758123355457287929e+00 4.944123241509852562e+01 1.346483943594873622e+01 -3.245680416221842890e+00 -6.424344682904777670e+00 1.648909585106785514e+01 -5.585143844269548907e+00 1.106840348208354641e+01 -1.646515992443317344e+01 -9.509858248732303565e+00
1.068821218624887592e+02 2.629800563861633833e+01 2.663581954327235835e+01 7.302393402834098879e+01 2.386565941963671378e+01 9.086314502189260622e+00 -3.893708015851462534e-01 2.318829935743300652e+00 -3.063606615477033301e+01 -9.994233607431947775e+00 -1.469137327877758992e+01 -1.954297202295813207e+01
9.546251513931278510e+01 2.461791019763715838e+01 8.306438015067183045e+00 7.397632287615295787e+00 -4.292965920176317951e+00 -8.690941763224209637e+00 -1.324089936530268830e+01 -1.149661105276227246e+01 -1.676061410467804436e+01 -9.826649404046802871e+00 -1.236834379820533236e+01 -1.108556823950555348e+01
1.191567025881835775e+02 3.315566518154047770e+01 1.915547109698610484e+01 4.671723268998572820e+01 1.857094809917489187e+01 1.243283229797392231e+01 3.470872835283858038e+00 5.489261049291743966e+00 -1.238472503981293826e+01 3.565132698395789390e+00 -1.238593234897942352e+01 -1.558316696186184735e+01
9.643130700954858980e+01 2.522515107563798864e+01 1.005466254960190575e+01 1.328582581160255316e+01 6.863299881525104951e+00 1.065242958156367603e+00 -3.034447718868689581e+00 3.193776186489003521e+00 -2.192573171527163467e+00 -2.360747547501504506e+00 -6.348536535912672640e+00 -7.837040590209634061e-01
9.822426445820457275e+01 9.044080106910202588e+00 7.944358758948152577e+00 6.112004112233974951e+01 1.229430625109682396e+01 6.690455342470876587e+00 5.808324263933274167e+00 1.448123046504396783e+01 -2.138972631199326457e+01 -2.155414768968908046e+00 -1.055866036571565303e+01 -1.677975717090637175e+01
9.370989406096151697e+01 2.198155792809828313e+01 7.600821976574798633e+00 8.270601420180234697e+00 -4.845801842000983406e+00 -7.823226781159231535e+00 -1.103500772921353779e+01 -8.349584251804019530e+00 -1.593712454032646342e+01 -1.225195232336608342e+01 -1.375110421803072747e+01 -1.257075164012435131e+01
1.025028487881091053e+02 3.069436480209216001e+01 2.110000964673360357e+01 3.007487826116339846e+01 1.298020483210513021e+01 6.418911719496913193e+00 9.246285232261987064e-01 1.664685754127807282e+00 -6.546696050973774383e+00 4.231437095427840411e+00 -1.652626856121943044e+00 -5.920018801809300513e+00
9.973823459653252144e+01 2.777956735613119932e+01 9.603722081733039317e+00 1.170258754380767741e+01 8.466222771060607499e+00 4.515543707031332232e+00 -2.633660253911673799e+00 2.667305331127432400e+00 -4.319872403607597278e+00 -8.294061759430906733e+00 -9.394700002492079705e+00 -1.497675537952494862e+00
1.213115590040798963e+02 2.818230987877652183e+01 1.893273904666900620e+01 6.342060619140185196e+01 1.830482024827175280e+01 4.837380189564775890e+00 1.971132486652089622e+00 4.719988276968666518e+00 -2.442227534310637438e+01 9.182727445412318446e+00 -3.171635353456395912e+00 -2.787026443095991013e+00
1.042387494078481467e+02 2.146279739804090525e+01 1.287120065982658623e+01 4.889892154953213321e+01 2.972572101354755603e+01 1.541759995086874113e+01 6.439727999835003658e+00 1.077312980939904818e+01 -1.483767597635930002e+01 -2.319715646899815908e-01 -2.276678033728315675e+00 9.373698921936922668e-01
1.039107525582031428e+02 1.697145860352655333e+01 1.887208244989265893e+01 6.674706320613971400e+01 1.356004867447520823e+01 8.406108934275623668e+00 -7.395138194246446695e+00 -2.967774105336827617e+00 -2.115518010672568749e+01 5.442914307314133282e+00 -8.773665320130211498e+00 -2.076630641771126307e+01
9.991792631974074368e+01 2.830180951109417364e+01 1.487821554847262639e+01 1.830288789239802227e+01 2.309185922821757941e+00 5.149128233063672511e+00 -8.829062415181541112e-01 -1.057520799124976207e+00 -3.939861079427506407e+00 7.217738091853725280e+00 1.580527376090998803e-01 -6.715556093044268593e+00
1.273631247300460245e+02 3.681282868158810828e+01 1.569024964653933729e+01 5.352444011727924078e+01 2.260194572426060944e+01 1.211277304920685793e+01 7.612329635536972283e+00 4.798125534000655001e+00 -2.507873173296739466e+01 9.840458211404978783e+00 1.291466650754218293e-01 -7.465181315365710724e+00
1.018347903225689919e+02 3.519374768415264043e+01 2.557068718800237406e+01 3.055658909962087932e+01 1.368663153869378313e+01 8.806951165815220861e+00 5.824536793643904087e-01 6.073591172890828283e+00 1.613743274479289003e+00 1.785493299279104829e+00 -8.235924086678103606e+00 -1.108359423855871739e+01
7.896851201677301901e+01 9.300810439069936209e+00 1.028770367103876637e+01 3.064392467377154361e+01 -1.601772880781932251e+00 -5.125168988794093217e+00 -1.504829244169041846e+00 -2.631128229163777199e-01 -1.962559407803474443e+01 -5.130545670278872983e+00 -3.858434043109262745e+00 -8.875421923830041138e+00
1.060800161417633660e+02 2.136543647942003332e+01 9.009027248452394332e+00 3.984905748020241845e+01 1.687457673985895568e+01 3.530331798269630728e+00 -4.072643820070028120e+00 1.426755174862090847e+01 -4.606862459562054646e+00 -1.830656595182288626e+00 -3.953253457506314739e+00 3.695158536356966117e+00
1.021292856458238703e+02 1.102414676933233828e+01 7.341536367187662115e-02 6.422541974809470844e+01 3.611607893891871157e+01 1.167457428721138690e+01 5.617701062859978833e+00 3.111194628439074350e+01 -5.202318335606904043e+00 7.163135488382672555e+00 -6.073768830886629999e+00 -2.590662309437639088e+00
8.775100733528793739e+01 1.671680760385282127e+01 1.814408371696707789e+01 4.128770992390587935e+01 1.037696132738899557e+01 5.809376786630858547e+00 4.544866040378488847e+00 6.875875432330966319e+00 -8.559934488766902660e+00 4.728910583304445581e+00 5.008514329011630739e-01 -6.506356625392947457e+00
9.474774474661563772e+01 1.993291190215138187e+01 1.486489117181446495e+01 2.783512211748100640e+01 3.640691740625961792e+00 6.235812536315365584e+00 2.018528841007640739e-01 3.449597246173725207e+00 -3.739198757656833294e+00 9.834421922011614692e-01 -4.647006697625919891e+00 -1.033415518369003649e+01
8.551583986031727136e+01 3.405813503698456035e+00 1.314876014448720376e+01 7.945127213230384200e+01 2.270174279898026271e+01 1.217396923214645099e+01 9.283945413139937486e+00 2.392360596608245515e+01 -1.621411952083005303e+01 -2.315552928807577682e-01 -1.488426922359447779e+01 -5.268872993041485486e+00
9.411271477391933615e+01 8.115108206060533291e+00 2.129138347690023636e+00 6.076834090531735910e+01 3.160975222582492705e+01 1.088258626840578103e+01 1.108629087236894861e+01 2.561383755114784222e+01 -6.047882860893045276e+00 1.535953464068538921e+01 -1.131120731993458328e+01 -5.455633597311727812e+00
7.979691859857656766e+01 5.032712136599869268e+00 6.745251915439841817e+00 3.717506862127959266e+01 8.838356289194907234e+00 4.440677612972310229e+00 -3.509936565168970901e+00 8.127359898163899032e+00 -2.817622887836144674e+00 4.254313138489450807e+00 -3.644126756602951378e+00 -9.335297882059087726e+00
9.567065027962901524e+01 4.586578412228490720e+00 3.409962472615719165e+00 7.013865580862560023e+01 3.013645781244244404e+01 9.023526941692722403e+00 3.929678205721881312e+00 1.366756662454992721e+01 -1.856877132295367971e+01 1.260767556114242183e+01 -6.327655055458693667e+00 -4.986608058509141017e-01
9.411922625073029280e+01 -4.513268652324001984e+00 -4.354928479344780001e+00 7.500258521804765621e+01 2.924120876109429190e+01 1.291551810795674271e+01 -1.458448245092038409e+00 2.123746143159935684e+01 -1.118345808420955123e+01 1.257118610816101878e+01 -2.971510415305060882e+00 -3.849354859226425063e+00
9.864983384172859360e+01 9.028810042081952147e+00 -4.058786282244716048e+00 3.879552347175579285e+01 1.657932431241669136e+01 5.432851931385151545e+00 -1.649174622487809216e+01 -1.239251417911306330e+00 -1.469215280643557975e+01 -3.897088943160501362e+00 -9.264240674795152231e+00 -3.753743568739143832e+00
8.015481560155141949e+01 -3.368082231646353009e+00 3.333996544348600821e+00 5.907165789692427182e+01 2.023342490158121620e+01 1.380097447414335932e+01 2.555894549363843637e+00 1.329389433505787999e+01 -1.275219273442456647e+01 5.271740558356846407e+00 -3.907204964846761053e-01 -1.961799694620901535e+00
7.664444621743413677e+01 -5.608666108661458871e+00 1.085801375364664922e+00 6.829509327176702982e+01 2.755770574663026906e+01 1.227323861621506751e+01 3.433357575470115997e+00 2.114824267681558467e+01 -1.236860207686226154e+01 2.810974752317394909e+00 -6.550344728425282703e+00 -1.186959839305165332e+01
6.145780464867118553e+01 -1.693132906471601373e+01 -9.190150740639355220e+00 4.371917309903323456e+01 7.185550585048402716e+00 1.151558284982447056e+00 -1.390291298659735109e+00 5.417025252679508185e+00 -2.385731408733149195e+01 -3.285880313285572285e+00 -8.568525515751261423e+00 -1.715670836149543277e+01
6.017031256096487368e+01 -1.608353519299846468e+01 -6.764010725537856317e+00 5.453850614698809807e+01 2.397880068548908383e+01 1.084789953430340148e+01 6.844456209066592578e+00 9.521112028854059162e+00 -1.846650123825462586e+01 1.221076069285091137e+01 6.633521180850676657e-01 -1.152058655075309801e+00
6.995115818164774169e+01 -9.292781735846611824e+00 -5.388746294022341843e+00 6.722705416168884085e+01 2.551422234048246196e+01 2.915760873548153498e+00 5.949483693401067086e+00 2.204889130098994698e+01 -1.330622907000321931e+01 1.625497641249043923e+01 -9.683073893575336655e+00 -6.099666554810122321e+00
4.867021044992812051e+01 -1.010786778739223379e+01 2.603291015620453841e+00 4.459424383851468576e+01 2.259843731505193887e+01 1.833160973792585224e+01 1.312223241636690574e+01 7.495482998533511854e+00 -9.806772271906936567e+00 1.623924047903509305e+01 1.349085189838663990e+00 -1.530653167950537075e+01
5.982019835774678995e+01 -1.546316898299363984e+01 -8.132935170264063984e+00 5.316384897597791337e+01 1.617445491655522360e+01 -7.829349340957708625e-02 2.242447371288599722e+00 2.030370651976980767e+01 -9.580356027648736728e+00 1.172888921245802685e+01 -5.281629907697202864e-01 -5.529690943717707086e+00
7.496314817808341502e+01 -1.761875856881500724e+01 -2.046610596074051713e+01 4.582462566804827020e+01 1.072858089073511678e+01 7.414070176321853722e+00 -8.102754626167065766e+00 2.966162631887097945e+00 -1.495763612562534206e+01 1.796096494480443795e+01 8.991303711402597543e+00 1.075506204587338921e+00
4.117818406403539910e+01 -3.101496787786130227e+01 -8.354201786535529806e+00 6.060327295100799461e+01 8.345186049562322239e+00 4.616594932192777279e+00 -5.321941818939345481e+00 8.343341690011857992e+00 -1.022892253643850502e+01 9.488565286525357578e+00 -8.089518662549917138e+00 -4.960019309228539619e+00
4.479627967391206766e+01 -1.423140907913337649e+01 2.314482783851421033e+00 4.930063226257773579e+01 2.602766733466818039e+01 7.695414442115348308e+00 -2.850457383230731168e-01 6.809160376138472692e+00 -6.024148969701546896e+00 1.093326962968234639e+01 -5.630669988210231125e+00 -3.034698777145614201e+00
3.534351085367803336e+01 -4.327155789106989658e+01 -3.249017476865511611e+01 4.721460803152887564e+01 1.828961217845156284e+01 4.236576148771714401e+00 -7.788020324904392666e+00 7.556828910042728609e+00 -2.204490550756329625e+01 3.065267233940313751e+00 -1.607021921185235769e+01 -1.909424574907355066e+01
5.495871453558878272e+01 -1.402456644883342562e+01 -7.688024398640799006e+00 4.852578683087988054e+01 2.332229803906690080e+01 2.183137797312480366e+00 2.557726482446454952e+00 4.244960714439200089e+00 -1.806724659344654782e+01 2.059985608691794212e+01 1.202923361309952366e+00 3.868623168071370966e+00
4.691835130575051238e+01 -2.758880800973166458e+01 -9.895093104801654604e+00 6.577826902272219911e+01 2.245792538743674527e+01 7.235325545318452178e+00 2.435073624864237729e+00 1.702113624712670870e+01 -1.378579858788673640e+01 1.545498813200757304e+01 4.185878947530735417e+00 9.248156908515441366e-01
5.602766714857112618e+01 -3.294038545100376325e+01 -2.574244821779040393e+01 4.822120054403069389e+01 1.192501573825990135e+01 7.558484353898691666e+00 9.999367734648107131e+00 2.614687685233134218e+01 -9.619403555245304105e+00 1.677030561774383699e+01 5.839244518185414456e+00 1.996442348709421388e+00
4.812124726603693148e+01 -2.881582829998646389e+01 -1.933582214924565790e+01 3.983848452615325186e+01 2.040894163913583803e+00 -9.785260810442164114e+00 -1.578629537800329175e+01 4.849168012869306210e+00 -1.163631664295915158e+01 8.970396645720187578e+00 3.980210193034179333e-01 -2.689920834618735768e+00
4.607520593118572094e+01 -2.961481227003856986e+01 -2.371536381710426866e+01 3.365656792376038453e+01 6.389036227306143623e+00 -4.655559247078658203e+00 1.776465935772999494e+00 1.408897112303637300e+01 -1.326399124565423548e+01 1.296220971314244252e+01 -2.300593350990931540e+00 -4.057346791279063503e+00
3.704900487544176713e+01 -2.983848875384556720e+01 -1.504211796248400645e+01 4.540468704026537239e+01 1.165896955793711953e+01 -7.296540916461809800e+00 -1.315626370688054969e+01 2.756724096638684340e+00 -1.758561611601270869e+01 2.056454047485197556e+00 -1.472042915474901470e+01 -9.293250807417399173e+00
2.574464003570650306e+01 -5.565084053388343222e+01 -4.855144146210447786e+01 3.200576951266388903e+01 1.214339502611580635e+01 -2.564479753117093530e+00 -7.073497292589486563e+00 7.329578006556628722e+00 -2.878617662966298951e+01 -1.642865751760741677e+00 -1.116803629857182223e+01 -9.081220633551238208e+00
2.117869666481398028e+01 -6.597089734715660825e+01 -6.641024347377057779e+01 7.617016704493097201e+00 9.518808815965789094e-01 1.688093644733795085e+00 -1.102396256205746772e+00 2.014237849927867785e+01 -5.618700474344895390e-01 2.299950557852558575e+01 5.040426655488879248e+00 -2.866003986745181642e+00
3.521207272349625583e+01 -3.786733249872932561e+01 -2.183414405728350971e+01 5.035246217491850018e+01 1.706616031852692927e+01 1.615505254468859064e+00 -2.469934759840318961e+00 1.965549560741447266e+01 -6.449838402182930253e+00 1.355562855681307255e+01 1.896944607652589543e+00 -1.201155816972815371e+00
2.736666215689844961e+01 -5.468584733679315946e+01 -5.161044841929581395e+01 1.253204443359759601e+01 1.040026698148488471e+00 -2.796714172379063168e+00 -1.019992360339882076e+01 5.584299756285203031e+00 -1.501583572017530521e+01 5.004237839911435337e+00 -3.216360257536476919e+00 -4.754174126710443815e+00
3.790970594824004536e+01 -2.893805228262610285e+01 -2.075813574125793792e+01 3.453587145467369623e+01 2.116853958417515003e+01 1.029227518706781197e+01 -7.437138436838656830e+00 8.810193298369540571e+00 -1.455655571388180025e+00 1.222428759177638646e+01 -6.137277972628925937e+00 -1.289101916661892311e+01
