-6.921836103434407050e+01 2.208168040991085235e+01 4.773059934802064141e+00 -2.710972545240076670e+01 3.213138603705144902e+01 -6.098255154868889250e+00 2.593656633021968361e+01 -2.491825452240362893e+00 1.332595050608674114e+01 -1.839715617150292104e+01 1.970442247388397305e+01 -9.605362575736346997e+00
-6.831860876559233020e+01 1.508610516305041926e+01 1.234746879175023793e+01 -9.761887138495938032e+00 5.026936316991631770e+01 -3.946482528944681878e+00 2.520771470626458211e+01 -1.418225416675685047e+01 9.133213145283225032e+00 -1.254173460901482251e+01 1.226198865188523435e+01 -1.124720445287917059e+01
-7.005616257542705227e+01 2.026700191281325303e+01 -1.118919413081707859e+01 -2.978602045009215260e+01 3.733878698613423097e+01 1.805929820977697497e+00 2.829584024915101281e+01 -5.729164376303446105e-01 1.104669244659918093e+01 -1.989791523031940201e+01 6.080785773982626097e+00 -1.247612194306089961e+01
-6.644737211661507104e+01 2.341273031691078188e+01 1.856178787420838416e+00 -2.430373480525522467e+01 2.897883348401042269e+01 1.354348301955164757e+00 2.696078340735459022e+01 -2.745652196212256868e+00 2.080099518279818227e+01 -6.635039990505219976e+00 2.206993118531424614e+01 -1.371149511772216911e+01
-6.460194605665834899e+01 5.403807942219607696e+00 -1.322178046798819828e+01 -3.117815220532308373e+01 2.967806079895432703e+01 -1.056294806678146436e+01 2.898103980351678644e+01 -3.037187436820120823e+00 2.510267319582205658e+01 -1.639864283326797789e+01 8.720631386597590406e+00 -1.462365742892233911e+01
-6.432706382374333032e+01 2.934020501653935753e+01 1.065671886439178984e+01 -1.490294934889957368e+01 2.978565524548170274e+01 -1.419566852491749742e+01 2.116216464735354563e+01 -1.715981006704964784e+00 2.030561778785605398e+01 -1.138035515993299818e+01 1.632198450609892859e+01 -9.042596360775455366e+00
-7.344173199428442445e+01 1.904887779669571302e+01 6.467942558621873061e+00 -2.741091295027955255e+01 3.562516743157875965e+01 1.086675531742912870e+00 2.991470038769651296e+01 -6.986469987739601706e+00 1.839549062822423053e+01 -4.894478926752976022e+00 2.239496484380078201e+01 -4.109469259684056297e+00
-6.167026523049642606e+01 1.205692553265377853e+01 1.170077278673632293e+01 -2.322171775669781368e+01 3.066520248257807424e+01 -2.462393180419087280e+00 3.850098042325473102e+01 -8.219646246353292440e+00 1.753102282853746274e+01 -1.304035637784605761e+01 2.028592247556409944e+01 -1.238658052615226879e+00
-7.657337998875111396e+01 7.961847618277851701e+00 2.193821438518484435e+00 -2.340767709298322075e+01 2.596305996254831427e+01 -1.398650259020426034e+01 2.577189400525158192e+01 -9.465145761234790456e+00 1.673008290860228797e+01 -1.036858599703491457e+01 1.834062764137380341e+01 -5.248716267294696536e+00
-6.197789228278969631e+01 7.981757651741228088e+00 3.946840209848554437e-01 -2.198803315105851652e+01 3.338086278442225563e+01 -1.819585681164729252e+01 1.931469743557825325e+01 -1.388913488398071294e+01 1.413057886220777171e+01 -1.102055123959889826e+01 2.164392820088007596e+01 1.789027866502769903e+00
-7.128845027584374350e+01 1.463657127601653229e+01 -1.269028320897036544e-01 -2.346037856175134451e+01 4.075226816409003305e+01 7.013756937829462856e-03 1.626075854100595564e+01 -2.064326329324015319e+01 1.062803379414732241e+01 -3.080782645858834545e+00 2.146871315803017310e+01 -5.719132271486628838e-01
-7.130682107920043222e+01 1.549031817171622905e+01 1.882467677136568263e+00 -2.235777299222877446e+01 3.361177705418427308e+01 -1.804155686638431177e-02 3.866706464175663172e+01 4.212824960854335998e+00 2.948012875992001725e+01 -6.349028289364794020e+00 2.053854402724042316e+01 -7.131891050052820091e+00
-6.353442028308545275e+01 1.709990208962400970e+01 -1.991236812735454720e+00 -2.456679663659837942e+01 3.395501686367963146e+01 -6.876436182765091942e+00 1.929613245407374578e+01 -9.702995441209775862e+00 1.852999585389375881e+01 -1.885591153519396102e+01 2.422948027540118687e+01 2.505703173183927657e+00
-5.454584559743953776e+01 2.624621483008242961e+01 4.505683512461351015e+00 -1.903960827458984895e+01 2.643806852184306067e+01 -7.414033669682495997e+00 2.169123690132440530e+01 -1.786043665574005956e+01 1.691922460682903306e+01 -1.536383037532107920e+01 1.341825023557977303e+01 -1.206309507907077361e+01
-6.938017836249375137e+01 2.662557957397231689e+01 1.005939396240292361e+01 -1.520930872873216444e+01 2.574619804512675358e+01 -1.530390523003652348e+01 1.971619356627480357e+01 -7.796564176867494922e+00 1.559394405762773594e+01 -6.527954639454510044e+00 2.388930853283079614e+01 -9.691003182472055499e+00
-6.834531082867150076e+01 1.367535780462107198e+01 -1.217323177466990103e+01 -1.621678547351527655e+01 3.065361177886107669e+01 -1.914749400409303304e+00 2.226934409277053106e+01 -1.497577080589259957e+01 2.566652643192452121e+00 -2.681229393657147142e+01 1.252975760643321834e+01 -8.463604948701080488e+00
-7.308475592485275740e+01 -2.889113772976622752e+00 1.221974648796338592e+01 -2.713727913814531689e+01 2.640424965884045605e+01 -1.723603549755258513e+01 1.363385251138262788e+01 -1.613749902708819661e+01 -3.171565349728393102e+00 -2.065588092192989933e+01 3.986407188171679827e+00 -1.431608589867270709e+01
-5.979216275551856086e+01 1.674776196328349798e+01 -2.825506576773154865e+00 -2.556226416547161406e+01 1.655441654005253227e+01 -1.992012600789135490e+01 3.393847624555253617e+01 -2.061315018597309745e+01 7.758311475094185283e+00 3.778719875952152307e-01 2.797610408487782507e+01 -1.470978086890091419e+01
-5.805501982495729862e+01 -2.825501116667231138e-01 1.981318835932365374e+01 -6.905447932579604320e+00 2.939444100073568933e+01 -1.456335502795678849e+01 3.697479969956509649e+01 -1.302915210102104560e+01 5.402795922623333524e+00 -3.554953978986172825e+00 2.758255499150424583e+01 -1.863290442856258622e+01
-6.793201303786588596e+01 -3.226126036029400979e+01 2.153453633143163515e+01 6.711145152024537097e+00 1.226341802513215562e+01 -1.583710164865128434e+01 3.632783484478211022e+01 -7.018529861477993848e+00 1.703838905937621462e+01 7.291352260808011465e+00 2.821708098114954311e+01 -7.393257455986324445e+00
-6.046898704761938603e+01 -5.335374060695441756e+01 3.372148004511248587e+01 9.207976396590993318e-01 -3.891540857386371233e+00 -1.113705469660062519e+01 3.420030614959250670e+01 -1.800427994527463582e+01 -9.209837763117997511e+00 -2.200822092485259418e+01 1.099542073668775188e+01 -7.927821620866565944e+00
-8.029903843867766966e+01 -7.432776627225432264e+01 3.951254766782267325e+01 -2.321231624785235148e+00 -6.211186938141842973e+00 -1.868655317931229476e+01 3.270324302102076786e+01 -1.309229869241842081e+01 -7.774790812699012399e+00 -8.588624656807471780e+00 1.191077590204590564e+01 -2.285279175572809507e+01
-7.512584978942182090e+01 -7.968951763805667099e+01 4.413372285162457587e+01 2.625588162708146545e+00 1.196167651322606496e+00 -6.202686194890554283e+00 3.144698770166802149e+01 -3.643170394872276674e+00 -1.443332068303800853e+01 -9.023929891159935934e+00 1.237909698743514397e+01 -2.319064616192833483e+01
-9.712382914642248011e+01 -9.298737195809910361e+01 5.963165187338846351e+01 1.550330363425352154e+01 1.213617158746715674e+01 -1.422756337796147719e+01 1.065342166452398942e+01 -1.137799519958379868e+01 -5.685299429099455182e+00 -5.019675910621006487e+00 7.697546680973232469e+00 -1.525128370692913649e+01
-1.064701225140266132e+02 -1.047433302899806051e+02 3.268190675934758360e+01 -2.002780747446995946e+01 -9.448061660391935845e+00 -2.493736143239198455e+01 -3.750045237748300231e+00 -1.139484648627182750e+01 -1.711117405564665717e+01 -2.080881840500317281e+01 7.915134688486109127e+00 -9.458199518092580860e+00
-8.990991913886540488e+01 -9.867859445703308552e+01 6.400631925196250904e+01 -9.520557212906943789e+00 7.378816610562285661e+00 -2.862585103418175336e+01 2.075896118941822976e+01 -1.366814109833664048e+01 -1.975081992015831744e+01 -1.547775730093438185e+01 1.306562021016938502e+01 -1.769880360237687711e+01
-1.257789919380721244e+02 -1.103710527519139646e+02 4.297978541615965753e+01 -6.022856662551399509e+00 1.300161653205004342e+01 -2.775694698777423852e+01 1.825039670899170119e+01 -5.340737765543378757e+00 8.661439512060835622e-01 -9.291555109685962321e+00 2.608584313947789557e+00 -2.102274559326483683e+01
-1.200259022724701481e+02 -9.313312690417254203e+01 4.749695746869088708e+01 -8.492462535097008214e+00 3.899449953250066159e+00 -4.244024969246104462e+01 -7.470079772452313804e-01 -7.217428477573562873e+00 -1.225428745660757102e+00 4.707289165712183809e+00 1.438201022767739623e+01 -1.281674204631948655e+01
-1.189620812569828843e+02 -7.899897810938946918e+01 3.350622095921707455e+01 -1.200902330890165004e+01 5.874462941075877076e+00 -4.272204774225945556e+01 1.170726018543965452e+01 1.408954910348607292e+01 7.979813657130788940e+00 8.833287452767265790e+00 1.811186979745043857e+01 -1.092499635099659638e+00
-1.270100878484380331e+02 -9.441311384655608663e+01 5.292237752434431286e+01 1.011038575496291259e+01 1.911262325205819224e+01 -3.864977760869182788e+01 3.598102029194189644e+00 -7.538521589517229060e+00 1.071871060241873863e+01 -1.139116084074908741e+01 1.714797693224156205e+01 -5.834597255159609475e+00
-1.086712976424589812e+02 -1.019138857283053454e+02 3.860305878039606142e+01 -8.233259662684655922e+00 2.851520642117782245e+01 -3.915205865865375756e+01 3.063012218568931466e+00 -2.745838372538166539e+01 2.679917411386814940e+00 -1.602633908216880343e+01 -1.087600366999325274e+00 -2.705149756986111242e+01
-1.052987217778230900e+02 -8.214940044478959180e+01 3.243548619344993256e+01 9.612507756174343276e-01 3.099922943474337700e+01 -4.141587343126359144e+01 -1.409446219879465545e+01 -2.926372354837224066e+01 2.821650612236966449e+00 -1.020561247860205079e+00 6.446044743991430792e+00 -1.308613667521555080e+01
-1.140517412510318138e+02 -9.477405371006383916e+01 2.605302239534938025e+01 5.893809005592043349e-02 3.341598139917728361e+01 -2.127598414102295976e+01 2.100702589097236395e+00 -2.092335965023637812e+01 5.265706534234380953e+00 -6.209393294048531686e+00 4.817395777987160344e+00 -2.349993549181220942e+01
-1.083293306046073639e+02 -9.088482002632007095e+01 1.956123850642646289e+01 -2.833784874414901900e+00 3.137877612716877351e+01 -1.512685144725594277e+01 1.636133798458648769e+01 -1.425079167735226093e+01 9.081358192861182843e+00 3.875806087132647182e+00 2.933170517061087423e+01 -5.924413972678804541e+00
-1.133341297803917058e+02 -1.006306148538012053e+02 1.057059640349318030e+01 -4.161809338181927664e+00 3.140170142342712012e+01 -5.602960685339396285e+00 2.066295543086493325e+01 -1.182254560656941322e+01 5.062682773512301893e+00 3.422379439539383394e+00 8.049827082415269786e+00 -1.336948586657262794e+01
-8.566234485793388842e+01 -1.038203279049696448e+02 1.270435631379689312e+01 1.511243507472953240e+01 3.677270566256510165e+01 -1.057887191160234508e+01 8.620903055528135184e+00 -2.041828979217136819e+01 -1.329631084360219262e+00 2.773328777055074745e+00 2.227176563152338318e+01 -8.819344530631829215e+00
-5.958581484216178126e+01 -9.629028360324555535e+01 2.628960178395229264e+01 1.333693762650442594e+01 3.232674201687885329e+01 -2.638219281300651886e+01 -4.556693677350160954e-01 -2.168645164592622265e+01 7.664164945403454610e+00 -1.520040884859807928e+00 2.333398259957895604e+01 -9.511726444209765319e+00
8.630311609496635228e+00 -4.378093048273873222e+01 3.607964929166271872e+01 2.350842667519331997e+01 5.225275854487018989e+01 -2.974293846724977186e+01 1.243135273796016449e+01 -1.496126500737002374e+01 1.949400099632687144e+01 -7.287257790042003691e+00 6.125639101279848342e-01 -2.937651463397924800e+01
7.363792028423978309e+01 -3.735775433355869524e+01 -3.090600515436634055e+00 2.660003024779851799e+01 2.685590031045442316e+01 -4.044373876930431777e+01 -6.202075251906484787e+00 -3.022538283679236049e+00 -1.205522221828887464e-01 1.376759909032560536e+01 -4.404369487460995991e+00 -2.435958995724793752e+01
6.905423469874902764e+01 -5.912735916262859348e+01 1.205325972766423703e+01 2.896055598540564091e+01 1.951448085432635082e+01 -6.391099456860290218e+01 -2.932113887504339900e+01 -3.830040519902044593e+01 -2.635186664403460455e+01 -8.596624102210416396e+00 -3.781567607909577688e+00 -2.744820668290943644e+01
9.337503532722115551e+01 -3.667511712362751553e+01 1.028724221173341746e+01 2.399255938186110626e+01 2.953157807376395283e+01 -6.475934216292729673e+01 -5.355834533220671378e-01 -1.868735553550757800e+01 -1.069733840321654306e+00 5.061055647744295172e+00 8.019423625764298791e+00 -8.465543755301574436e+00
7.167842769686964743e+01 -5.482178177477177883e+01 -1.273199344970514790e+00 2.522432410551262194e+01 1.985986773669135985e+01 -3.609424172164555955e+01 -2.419184084151974190e+01 -2.448954458755373409e+01 -1.717414530243453896e+01 1.076036461478446071e+01 1.722793079864662236e+00 -7.082100655991093952e+00
8.241868346939193657e+01 -9.902287797862129537e+01 -2.842232710631795811e+01 -4.642052196387138174e+00 7.868725272203416665e+00 -7.434124559650703645e+01 -1.845336237725811301e+01 -4.650224563134709399e+01 -2.958084566922857661e+01 -1.062190909120341509e+01 -6.015919068443206896e+00 -3.553281640497309013e+01
7.313011472385355205e+01 -5.854360851577493463e+01 -2.428318822299468138e+01 1.158122855215956903e+01 7.166347215271162696e+00 -3.044798921556721183e+01 -1.687385812419874753e+01 -1.019552291068184502e+01 -9.688485770977166567e+00 1.562249889754374443e+01 1.341385147325583205e+01 -4.701091653504880341e+00
9.039105277115854165e+01 -8.203427992136161606e+01 -5.467420081762936945e+01 -4.523590846919586461e+00 5.104202852643163091e+00 -5.152464277565330519e+01 -1.030419974706741826e+01 -1.388011038369558925e+01 -1.848455367266536342e+01 1.285849957946378197e+01 1.098756002315711200e+01 -1.684252063737151417e+01
1.294552039234429230e+02 -8.119601614461802797e+01 -3.691585906089088098e+01 -3.494503606256702977e+00 4.561304916484672844e+01 -3.921395866992629919e+01 1.726086831230005814e+01 -1.126504777828189852e+01 6.333637922950860144e+00 9.782743354494368049e+00 2.634537286001874179e+01 -1.231574920516187888e+01
5.532023149133183182e+01 -5.080937272649057945e+01 -3.114973523714639470e+01 -2.902884984694293902e+00 5.524003043585563155e+00 -8.918156675586663695e+00 -1.331949760144532924e+01 -1.210726107466659407e+01 -1.118614745496203966e+01 3.220497089412363678e+00 6.023544905586215137e+00 -2.851262171575377202e+00
8.366502271447380679e+01 -5.294343125349001156e+01 -4.675297805420211716e+01 -8.153135677204874199e+00 1.314426866421136531e+01 -7.936448270489856682e+00 -1.141749466749742314e+00 -1.582108766456285487e+01 -1.859103554150155446e+01 9.726127792550240514e+00 3.526164957442696757e+00 -3.041849506033417860e+00
9.355523561144249811e+01 -6.206871831422755292e+01 -4.068719532845742748e+01 -5.855527353131531498e+00 9.877316337701170568e+00 -1.651618426024800357e+01 7.801672949922038747e+00 -2.338589237249452069e+01 -1.928244968060737818e+01 1.234706240252480391e+01 1.161953768076740445e+01 3.962197764368471375e+00
6.482982745928677559e+01 -6.332582983207478833e+01 -4.852729382049911777e+01 -1.817596468081310235e+01 -4.618008719524372196e+00 -1.587249136742475208e+01 -2.866314757998760676e+00 -2.257779918740924785e+01 -2.607687994243262253e+01 -3.044795723550056898e+00 7.182609654849787972e+00 -4.235096785554761212e+00
8.692093756618430689e+01 -7.011216407746981361e+01 -5.281425305666849113e+01 -3.123372660135459711e+01 2.030367309202166837e+01 -4.051403321303494920e+01 6.281561725554617226e+00 -2.357977703383369317e+01 -1.748396985253333469e+01 -6.679627214682550829e-01 -1.803936939812883278e+00 -1.119135787130644388e+01
8.307644439859893737e+01 -4.458299358214750185e+01 -3.404694118034574757e+01 -9.291668106146454775e+00 2.758899600135044494e+01 -2.280037649802974187e+01 2.356464656233485044e+01 -3.033314585993281298e+00 -9.808007112765348978e+00 2.265742621250501898e+01 1.187266630594657979e+00 -8.327343614919893611e+00
7.403107324990666882e+01 -3.713506085610212892e+01 -2.955581683702730800e+01 -1.605637433555520133e+01 4.675244720057497361e+00 -2.796451329353208592e+01 1.676203187145123863e+01 -1.937635817461580245e+01 -2.299770808093698093e+01 1.122030411751831025e+01 -4.242728698661147213e+00 -1.666658667381858194e+01
8.164397319969039302e+01 -3.402116163121463899e+01 -1.879049651808706045e+01 -1.315433243208705250e+01 1.455073058824484811e+01 -1.841844237938973095e+01 3.341989970973325619e+00 -1.292562116132591044e+01 -2.197373559110252828e+01 1.036350346124690525e+01 -1.784404052283219855e+00 -1.259280450483383262e+01
6.680748018402920252e+01 -1.458965953559321704e+01 -1.417117964077572090e+01 -1.296729031878306060e+01 2.850988100262515701e+01 -3.503318645277110477e+01 1.231821054265909510e+01 -2.353070731973756224e+01 -2.043755075198602711e+01 1.298128664524394615e+01 1.751327011591496952e-01 -1.806840205521238474e+01
3.328852486686017897e+01 -2.529212632371799785e+01 -6.927958369181173026e+00 -3.338662014305474202e+01 5.019957807509364045e+00 -2.623679104860849520e+01 6.463556934095405992e+00 -3.427338107917292120e+01 -7.687709876422552213e+00 -2.006042373286351221e+01 -1.360592246490373824e+01 -3.243624627026007090e+01
1.410220011309545285e+01 -3.008768120146958935e+00 -4.018092652458543412e+00 -2.518232723271119511e+01 2.122149718444016742e+01 -2.192016297929988511e+01 2.645464194327480456e+01 -7.829438927350876654e+00 1.863695998653565056e+01 5.110775158470901580e-01 1.251417688022694108e+01 -1.796016201593891992e+01
1.215869947159473874e+01 -1.572270557915218303e+00 -3.087008993444701588e+00 -1.715296462335063410e+01 3.465852015552249554e+01 -1.881300502564089427e+01 1.708408901117211443e+01 -1.984854636104421388e+01 -7.161124711096696238e+00 -2.447716152742495410e+01 -4.665195682765116203e+00 -2.630731148091410887e+01
-1.587390520021812179e+01 -4.620430782798204916e+01 2.508083443948603630e+01 -2.549039864321491322e+01 -4.719557100240764136e+00 -5.604835965636382866e+01 1.731146804327541133e+01 -2.031484541814793943e+01 -1.511846207530533626e+01 -1.748757957111119055e+01 -3.860221636428638359e+00 -3.365265936147257264e+01
1.282221996120521723e+01 3.110455584490282366e+00 1.360648690706178776e-01 -6.561113175674815778e+00 1.257474149032726274e+01 -3.691663914842037997e+01 9.307969817979783400e+00 -1.372273927196283339e+01 9.886157255481469619e+00 3.608108309857664509e+00 7.262960171522360397e+00 -2.515154930659704036e+01
1.023292974273170586e+01 2.445075213367567812e+01 4.046976698078961654e+00 -1.850355484251746319e+01 2.154742877049925198e+01 -2.471258330948171178e+01 4.434244556618230249e+00 -1.592436708326537520e+01 8.900744906827188885e+00 -3.740691127395443516e-01 7.921936492619203740e+00 -2.429387881573015306e+01
2.663074877254748341e+00 1.339284473325164626e+01 1.501264973548894588e+01 -2.524750717246404363e+01 1.315910154554694067e+01 -3.772416102010713956e+01 2.220279658627393360e+01 -2.112358952418391311e+01 3.847881010086158238e+00 -2.096569486870948040e+01 5.883915962099706576e+00 -3.664065228081823022e+01
2.583535653815705935e+00 -1.274727903914406646e+01 2.987625075178619305e-01 -1.474343018199144062e+01 4.583718084897698475e+01 -1.873500031421490419e+01 2.933656924116800013e+01 -1.814784637712510929e+01 -1.821885353045018530e+00 -2.176750587128097081e+01 9.395580424714728096e+00 -2.292678944462749868e+01
-1.403135507233352897e+01 -5.485827240341126299e+01 1.803972706372848833e+01 6.100347989695367179e-01 1.155445188488262254e+01 -1.744747306069656645e+01 2.350601815245689963e+01 -2.161548192298470283e+01 -1.583479925827180246e+01 1.962811515637148840e+00 1.859356054231500366e+01 -6.291869782086353169e+00
-1.675879685142248121e+01 -6.900759029317228510e+01 1.005259560754633341e+01 -1.462043514910722486e+01 3.165464250818376968e+01 -2.508232526152798059e+01 3.587451601681841140e+01 -2.603397984371084561e+01 -6.774795102728690566e+00 -1.728455099647730364e+00 2.825571952202049886e+01 -1.440572484800565611e+01
-2.228526439215341881e+01 -7.359999794731399447e+01 -1.551085296069563135e+01 -1.827486739612492173e+01 3.624934147716221844e+01 -1.513321993681298849e+01 3.553617872775572550e+01 -1.274397757376490858e+01 -3.879954121264771238e+00 -2.984677902707639774e+00 1.901417991100384342e+01 -9.823483020904522078e+00
-1.922007348977471963e+01 -5.336236057616625317e+01 -9.054828205987428547e+00 -1.784044262951970694e+01 1.449578620704214060e+01 -2.800472536179303518e+01 1.692377167267312643e+01 -3.123611807818351593e+01 -2.010863659301470818e+01 -9.732599758882582108e+00 8.600451974399344834e+00 -1.246406235282039887e+01
9.189209400033354624e-01 -4.243563091335589377e+01 -2.667502686114893606e+01 -2.169737988230146541e+01 1.626524864416057170e+01 -1.969418821616883974e+01 1.527329400968742945e+01 -3.082118486791266321e+01 -4.456318343347342115e+00 -3.256759033292121686e+00 1.740186714490314301e+01 -1.325907103847319668e+01
-1.502872781359752175e+01 -3.182895533356051843e+01 -1.482130471564208207e+01 -5.454350222171893137e+00 2.435759673275885007e+01 -1.056578553306336588e+01 2.876030913954221191e+01 -1.780695402027864915e+01 -2.080485991606300900e+01 -2.476484936992753205e+01 1.237835003199514539e+01 -1.094099600235985292e+01
-7.724355384813089920e+00 -3.775484820884723547e+01 -2.516720923772965079e+01 -2.699146794822501150e+01 1.194858296377312712e+01 -2.581665417178069077e+01 1.180000176979284454e+01 -2.876381930251900343e+01 -1.059560022237840116e+01 -2.343734818879566362e+01 1.219914404541194664e+01 -3.500491081830729545e+00
-4.084660746686230937e+01 -2.093445675306867670e+01 -1.602239020475143860e+01 -2.208905362548675200e+01 2.565888907579274658e+01 -2.373879536593037898e+01 2.176460073361866421e+01 -1.286142641956288735e+01 3.187919175864633470e+00 -2.187375965059344196e+01 1.511748820383436254e+01 -9.366488817611763551e+00
-8.094626011374469243e+00 2.505543204508603594e+01 2.220420066723914942e+01 -2.188467506430052723e+00 2.696461862910363294e+01 -1.810536360052324767e+01 2.623267380405216187e+01 -1.540970127629193165e+00 5.426347624029361327e+00 -2.008183589263641977e+01 7.104712084005643469e+00 -9.944670804805745945e+00
1.063644070304195424e+02 4.421062739556145971e+01 1.947984063882589822e+01 -1.285153151092200119e+01 4.756043165138713391e+00 -5.047778806028843235e+01 1.762225668902480180e+01 -1.057120115874226274e+00 3.334140551232041449e+00 -1.841551347716889353e+01 1.040792259614715221e+01 -1.646020604063478388e+01
8.887497952475726493e+01 3.340242086311557301e+01 6.358047671660726152e+00 -1.992569379902745652e+01 -5.639976676499006913e+00 -4.643263801270551738e+01 5.659065549629271885e+00 -1.908495363090808183e+01 -1.727630125061457278e+01 -2.927606508454752188e+01 -2.421778929138763470e+00 -1.066116964211556351e+01
8.483730154545705204e+01 3.316345123372174442e+01 -9.636717246238895029e+00 -1.501157579960116095e+01 -1.329184581220262906e+01 -4.128043846806563977e+01 2.086381455513111050e+00 -1.774055799437856962e+01 -2.142563670953498445e+01 -3.173806029039075938e+01 -8.666772152859374856e+00 -9.696489787695725227e+00
9.189070317134505217e+01 3.128402376533296447e+01 -4.405497556656642111e+00 -7.008929161585650824e+00 4.061128444719267705e+00 -2.492422926343736833e+01 9.161796854515046107e+00 -1.366777293042743224e+01 -9.712893034962069905e+00 -1.579682565010154605e+01 3.485888778226266638e+00 -5.795947315209902584e+00
1.018393438138996316e+02 3.552185003499969440e+01 -8.383380135511048437e+00 -5.923894696139264227e+00 -4.992737801646491391e+00 -2.664498847014440486e+01 2.023642996531728855e+01 1.931435137776591482e+00 -1.044110658293100435e+01 -1.557862865241899009e+01 9.277527674353880371e+00 -3.705077452732861154e+00
1.249874816401473367e+02 2.626796818663692079e+01 -4.621166976093772583e+00 -1.970862576340435623e+01 7.007556900719768223e+00 -5.153215843330799117e+01 3.688746074621087701e+01 -1.778258150559263839e+00 -1.844099097889963845e+00 -3.156008340686150859e+01 5.663547637083506281e+00 -1.202058223299326833e+01
1.074182109832543972e+02 2.392469347729714357e+01 -1.138353477466400321e+01 -1.835531605024615942e+01 -1.907500579691917153e+01 -4.023171401524475499e+01 2.715971540304541421e+01 4.123764389547388554e+00 -1.271861519146584918e+01 -2.135440471092507408e+01 -2.529147002322489790e+00 -1.106200904801934470e+01
9.795212564379401954e+01 1.825575662429806556e+01 -1.786053532960609758e+01 -2.181231879782968619e+01 -8.261951664741133072e+00 -2.904533185047419508e+01 9.589926971900457175e+00 5.577394561316205035e+00 -9.232856945868768150e+00 -2.000722147083794766e+01 -7.897989532495298448e+00 -6.485702042364872355e+00
1.010926402714115255e+02 1.051668931638919879e+01 -3.004785626220444783e+01 -3.710785747302246307e+01 -1.385964376869284287e+01 -5.393030291667038512e+01 2.097613352636095385e+01 -2.329982330089925835e+00 -1.512058114469860470e+01 -3.496521673177883827e+01 -9.945080648707465443e+00 -1.637310561432700240e+01
9.878020023823938800e+01 1.949722524693086001e+01 -2.587343618015541580e+01 -1.480620900961369202e+01 -1.339154434881439926e+01 -2.453095586808438355e+01 2.441071337465175972e+01 1.384440027676014218e+01 -1.975138821628122709e+00 -1.669287557236554420e+01 -4.180235016356190769e+00 -6.026777828981251695e+00
1.351066612383184520e+02 9.613637542517629697e+00 -2.932033047708589990e+01 -2.641447967420699783e+01 8.132497909266941605e+00 -3.919429556664876202e+01 3.813445950169995058e+01 3.253432032483348557e+00 -9.795277752137638849e-01 -3.118811771778638331e+01 7.259368631078935152e+00 -1.501039480799083670e+00
1.119505814955416554e+02 6.659777061998696901e+00 -3.471552188087964907e+01 -2.638857558486268218e+01 -1.687634894523956541e+00 -3.355955203815454269e+01 3.166443611074497966e+01 1.546842085460985494e+01 -1.032084663474578079e+01 -2.088390966660829662e+01 -5.281934028531905412e+00 -4.739893191645442094e+00
9.272035202874393178e+01 1.095144061847725059e+00 -3.140968181345224863e+01 -2.328299773469034761e+01 -5.670083108962057139e+00 -1.572808123764251675e+01 2.103378509852425537e+01 1.222947088359352286e+01 -9.760449931167114457e+00 -2.035768200548933748e+01 -5.369771821658857469e+00 4.236163558440018129e-01
9.151299015454011965e+01 6.553525706048279886e+00 -4.841809328340737295e+01 -3.962232528625754924e+01 -5.757584472453080693e+00 -3.412347878066054818e+01 2.189231239685213737e+01 -2.039349363175902319e+00 -2.274383970648746001e+01 -3.667387662364316725e+01 -1.455952933301872854e+01 -1.262806205312638319e+01
9.727950407021212698e+01 2.034713032357525364e+01 -2.697894928013954186e+01 -1.851442752312965467e+01 4.413440887998577367e+00 -2.934606754169908527e+01 4.971433748518278861e+01 1.654726691964334151e+01 -4.769434161592067234e+00 -3.429058071358889492e+01 2.730981486094236299e+00 -9.815239595219434676e+00
1.109661736268118801e+02 6.194468156178629670e+00 -1.668194442156876534e+01 -4.228581082089128529e+01 6.875759280836987841e+00 -3.670868128965175003e+01 4.537488774265442970e+01 -6.659313898497813078e+00 -1.541243488169104658e+01 -2.880589138251778181e+01 9.858238237361387490e+00 -1.790187506360706493e+01
1.025431358194956886e+02 2.584202526094382080e+01 -4.270834299288995162e+00 -3.599041523816065080e+01 1.658952024161232686e+01 -1.911089059896619347e+01 6.164684921236997184e+01 -1.268318446361057505e+00 -7.249835015225089663e+00 -2.816126707411932983e+01 3.377437165041904610e+00 -2.336504897357052357e+01
6.996090050190753118e+01 1.624984283798976037e+01 -4.078558194545343518e+00 -1.119907104000482079e+01 1.193769365009293537e+01 -1.145420366452260907e+01 4.106996080155494866e+01 2.778623594978689049e+00 -2.390723835566723210e+01 -2.908494945859139591e+01 -3.477576820844373806e+00 -1.452822450610119631e+01
6.836637143641453918e+01 3.003509973219245666e+01 4.340212445862049684e+00 -1.775751888656841970e+01 1.946461952731791456e+01 -2.381929671877790611e+01 3.162110311949281538e+01 -6.561642624714535188e+00 -1.892110336969768980e+01 -3.959997385414555993e+01 5.568673166985639966e+00 -1.555716201426185918e+01
4.890034134777624075e+01 1.817879171543518169e+01 -5.294072297536458471e+00 4.654258568970330856e+00 5.129589577043027759e+01 7.788589995693743440e+00 3.088087902287222875e+01 -6.890062168724331748e+00 -1.424032481514903736e+01 -3.347218340025946759e+01 7.615482412576419335e+00 -1.787959631849514608e+01
4.427959553001050352e+01 8.158851985456433198e+00 -2.528963799892704856e+01 -2.240306176860369902e+01 3.600874971714576844e+01 -2.307062791522526801e+00 3.514576546731635887e+01 -2.914381118644868707e+01 -2.331045543103628148e+01 -4.109031012105916147e+01 -4.279274487554962647e-01 -1.795003022695182082e+01
2.928547245681672706e+01 2.332612434693571402e+01 -1.309386445093155160e+01 -1.299229454874799394e+01 3.005102241468282287e+01 -9.468252702486532613e+00 3.336679195541071152e+01 -1.539926716444244503e+00 -2.911610332750142582e+00 -2.605489432420565521e+01 1.592298381295927356e+01 -1.420575974639764993e+01
9.818458261622470928e+00 -5.565497688160686351e+00 -1.828142615086141021e+01 -1.775225551733285556e+01 2.392686542824241513e+01 -2.891069398361607057e+01 4.013080059808620348e+01 -1.405539297604857119e+01 -1.485118019604330719e+01 -3.935084761978474432e+01 1.622375425224770851e+01 -1.650485855298584426e+01
-7.912641075734734741e+00 3.092505394700432397e+00 -1.790404132927108094e+01 -3.875662770950403058e+01 1.117267634305712320e+01 -3.379332247601178096e+01 1.694558428277198558e+01 -1.887193314703327474e+01 -7.358289612535870106e+00 -4.178501411791027209e+01 1.237532699296916228e+00 -2.128777557242632668e+01
-9.001759432129050609e-01 2.218752791811978398e+01 8.508903772730874948e+00 -1.140723555113087073e+01 3.874531720051708561e+01 -2.361230353861571984e+01 2.135468819221400949e+01 -2.193382266554764115e+01 -6.848327995347663233e+00 -2.679216881586134491e+01 9.762045985066906795e+00 -1.790824210506254843e+01
-8.223491903596336527e+00 3.495847146497603575e+01 1.449610272322566118e+00 -1.125567743426354994e+01 4.618393687238307166e+01 -1.651597790151770440e+01 3.443340139052077120e+01 -1.548667786176135053e+01 -5.810780495990861105e+00 -2.911185098705262675e+01 1.776663839583430615e+01 -1.205618610894445020e+01
-1.816579932480550497e+00 2.394752770116989637e+01 1.294908789957722206e+01 -2.084427404783360416e+01 3.223404259293167229e+01 -2.522857668821838217e+01 2.556671932715641304e+01 -1.965341281343840052e+01 -3.077658488229708222e+00 -3.666220305614260866e+01 2.834406384023171466e-01 -2.337012775314767765e+01
-2.385494325438676455e+01 1.334972211463244207e+01 -4.619879025729175304e+00 -3.178685791217810674e+01 3.076689362031824260e+01 -3.253560560951032699e+01 1.779406537118140008e+01 -2.378062232552149879e+01 -6.892646606953274357e+00 -4.102958845434233126e+01 -1.578752857381671149e+00 -3.475406728483367402e+01
-3.311469312338117277e+01 1.968223728143916418e+01 -8.407768445913644584e+00 -2.023944807873926521e+01 3.031066364970718041e+01 -2.848134264776380320e+01 1.576125213464474584e+01 -2.304642437566729285e+01 -3.036169167486603371e+00 -2.830554324028494051e+01 4.562419159031947835e+00 -2.688353686020771960e+01
-4.191570046346378575e+01 1.482439134248398815e+01 5.165037956497416261e+00 -1.052990618908281384e+01 2.762428793412736283e+01 -2.289277770585098182e+01 1.995947975271198516e+01 -6.219214781473931808e+00 3.738784909094656328e+00 -2.401586083257813442e+01 4.660058242273541040e+00 -1.235767230292338326e+01
-6.070284419099455420e+01 3.914900426503609587e+00 -8.344753671809915119e+00 -1.312929533652242498e+01 3.239291659420441505e+01 -7.725125873510860330e+00 1.692854921213197983e+01 -4.751386742681748210e+00 4.117191926889212539e+00 -1.496081036690446098e+01 1.139200590465985208e+01 -1.457173811591884061e+01
-5.109052998527550926e+01 8.431354154252636235e+00 -6.858416695214393233e-01 -1.648242767062332348e+01 4.103030180331614218e+01 -2.314386534251008598e+01 2.563384541138970008e+01 -8.906369827108267856e+00 2.034688892461009502e+01 -1.619583231692401881e+01 3.231197455795656648e+00 -3.172881528918906469e+01
-4.058131696565108371e+01 1.124635224205080064e+01 -1.301200906373208177e+00 -1.173206272729039412e+01 4.042167631827116026e+01 -2.070407872312460995e+01 2.607249579139640261e+01 -1.321335423643141915e+01 1.245206380159035753e+01 -1.523520832070474107e+01 1.499918134250909851e+01 -1.596726826371969921e+01
-5.293069431593698226e+01 1.536647347318581325e+01 -3.264453441149155921e+00 -1.718949444191075671e+01 3.892619750050958771e+01 -1.274143794276696440e+01 3.337251669104048801e+01 -5.605291021463310486e+00 9.034285057765549354e+00 -2.089751479557718739e+01 1.818225321485939361e+01 -1.042883868467133013e+01
-5.055590507551052326e+01 1.295585321231488862e+01 1.200273899498521857e+01 -1.245178939746102031e+01 3.900979253829165572e+01 -4.265335925892170366e+00 2.402115114780117722e+01 -1.842051061547772406e+01 1.154196123887651027e+01 -1.758322281298829282e+01 -2.548384252070067024e+00 -1.890983181098662058e+01
-7.835173696289820100e+01 4.249677840995461864e+00 6.253920974381621534e-02 -2.520182680801785580e+01 2.906886932992533445e+01 -1.779399997655608701e+01 2.188302616097077902e+01 -7.525934611574943922e+00 1.767410588595070564e+01 -3.330019398218657756e+01 -1.044055972161107126e+00 -1.819391520115974714e+01
-7.695646390994201624e+01 3.272014415666558484e+00 -8.125893898883621347e+00 -7.492488086923820845e+00 4.228074214146390375e+01 4.131402818270180077e+00 3.078702405282134436e+01 5.403183405487977709e+00 1.287837110628683313e+01 -1.442370569906833211e+01 1.045879745246960901e+01 -1.986217755289348119e+01
-6.113021099726442742e+01 7.373821881881372775e+00 -4.998575378275120329e+00 -2.277981312638433309e+01 2.014883506728385498e+01 -1.820090801257848057e+01 3.960874692282378362e+01 8.953168045713930212e+00 2.170887321154025074e+01 -9.909313891940705332e+00 1.675186137081763249e+01 3.860310780270871933e-01
-5.463837490654728413e+01 1.024248572933607804e+01 3.125643135352803359e+00 -2.008542876038331570e+01 3.787083874262054195e+01 -2.056191296894276377e+01 2.085105860416481960e+01 -1.707409966392062373e+01 7.568471575980123767e+00 -3.024333001656540176e+01 1.083111839381138708e+01 -1.301361824643642784e+01
-7.554021144409912836e+01 -3.332871371603050914e+00 -1.862838996802551250e+01 -3.809462155407913286e+01 2.253009654067905743e+01 -1.026797224910393425e+01 3.582778698187360789e+01 1.300572221445232124e+01 3.614310775098387296e+01 -1.272051475032862200e+00 2.619210253277365652e+01 5.796951661281648072e+00
-8.656382351073560244e+01 1.833939283823391442e-01 -1.191579666517766434e+01 -3.225611669184487340e+01 3.093033634956866251e+01 -1.079653620315274587e+01 2.186980176296136236e+01 -8.198700524324461725e+00 1.696891906555237028e+01 -3.238400114801017082e+00 2.320287572930731557e+01 5.937805658751534210e+00
-6.451817132242557307e+01 2.446272540994343103e-01 -4.828228867488970621e+00 -2.433739261716962332e+01 2.720585179792910679e+01 -1.203188219979980111e+01 2.785253714344619880e+01 -3.026449751668876864e+00 1.443484667755369166e+01 -1.357988165096098498e+01 1.353927073410404702e+01 -9.310077785281119844e+00
-7.033902025530352375e+01 -3.249484428022072269e+00 -4.941548285438469357e+00 -3.090664458342632059e+01 2.865591787287368675e+01 -1.150512860572546892e+01 3.643000452470218420e+01 -5.049425080845058034e-01 1.924055670150061559e+01 -1.564912203848775896e+01 1.401117369459795903e+01 -9.563259650441899851e+00
-7.235135586248003392e+01 7.729966535018454543e+00 -7.567877554156213549e+00 -2.771602362524132701e+01 2.060698604257078159e+01 -4.243021126667493093e+00 4.046848514589443369e+01 1.076529719226706039e+00 1.450005038885523234e+01 -2.083875294121127197e+01 2.047563389645080534e+01 -3.485497560901721137e+00
-7.778545100207662699e+01 6.589531538543879741e+00 -9.068092910329664136e+00 -2.049910749158895129e+01 4.390580807502546179e+01 -4.969391908631936694e+00 3.620956729275883390e+01 9.420069253219576666e+00 2.323937881078089163e+01 -5.152652093154810764e+00 1.207696656175830441e+01 -8.280821386708563381e+00
-6.912081821257345382e+01 -8.007374703812456529e-01 -5.661880258155077783e+00 -1.758358539699331757e+01 3.564097799383077358e+01 -2.343244065324337555e+01 2.520169711701448279e+01 -1.105213257040975705e+01 1.526321944906556105e+01 -1.589544957087826127e+01 2.019298740367889167e+01 -1.259673496247152080e+01
-5.949856336122955724e+01 6.818415120712587374e+00 -1.072339801996973208e+01 -2.701187155733175516e+01 3.454665501238153524e+01 -1.718047174618600792e+01 3.095117155590521918e+01 -1.159849694620330141e+01 5.145638247504239260e+00 -1.122795322547235308e+01 2.202169348064332866e+01 -1.126755356728136448e+01
-7.398167596768192311e+01 -4.544217080460982494e+00 -6.648956088270093545e+00 -2.621918286682781485e+01 3.158707971304006890e+01 -1.142992452589376740e+01 2.866544806047155447e+01 -2.175571460168152171e+00 2.102397269588623629e+01 -1.938654058538195812e+01 1.466018336856009086e+01 -8.863118932082553192e-01
