-9.977504688666840593e+01 6.668953078215665187e+00 -5.900671330777901957e+00 1.289717925880218985e+01 1.635528022946276749e+01 9.283967342877298634e+00 1.223174133458606505e+01 -6.155146688359397267e+00 1.578514919978532838e+01 -1.234764876622212171e+01 -1.238571126308632486e+01 -1.765595227104263643e+01
-1.239897397309605367e+02 -1.305848009908075369e+01 -1.433392716247942644e+01 5.906204879415178688e+00 8.971180732207582054e+00 3.931714602322187169e+00 5.578511770058203645e+00 -1.041745341052347129e+01 2.177737256007162969e+01 2.006577231218341417e+00 -1.803780569051907090e+00 -6.272890159221614859e+00
-1.058128971245404557e+02 -1.976248966021351583e+00 -7.751619603770766531e+00 8.365346064461634867e+00 7.144099427586040107e+00 -1.167857592399187183e+00 3.112272431309077714e+00 -1.496145111728973731e+01 7.282921914518261985e+00 -1.497245508763001176e+01 -8.401941841757674112e+00 9.119253262205676336e+00
-8.382601742686955504e+01 -9.907755054217454926e+01 3.849860731984217921e+01 2.612710540615680088e+01 -6.828864581393585098e+00 3.702330679593020868e+00 -1.086278837420952037e+01 6.975580072011728916e-01 2.332609479471249614e+01 -1.347531370277062202e+01 -7.736285613991039867e+00 8.428920824913017640e+00
-7.422782353529525778e+01 -1.409038742628655427e+02 5.083600068655816528e+01 1.462205644076724198e+01 -3.432934720473734380e+00 1.621839024839801624e+01 -2.838349800480267859e+01 -8.684845757542536404e+00 2.846457828862811112e+01 -1.245736595521232992e+01 -5.398107790019356145e+00 4.211855830089998420e+00
-1.063818969946814121e+02 -1.312522128533490786e+02 5.286734206784838364e+01 1.302998444507415599e+01 -2.609574048512444566e+00 1.253446180762148288e+01 -3.073455554259783540e+01 -3.066835211707575226e+00 2.954097916718959738e+01 -8.699359894030614271e+00 -1.117680528266425810e+01 6.650062567464903651e+00
-7.706947803844701639e+01 -1.050126722447518688e+02 7.071284788609943917e+01 5.535431157874173280e+00 -4.853604037211004751e+00 -3.520632176219549159e+00 -2.393150588547138113e+01 9.493901676667057643e+00 3.261827065354514588e+01 -1.705498119209138252e+01 -1.741100915790395476e+01 8.596544563643549353e+00
-1.760801691264521764e+02 -1.466766308615665935e+02 7.225253892251056698e+01 2.378142474262554984e+01 9.048181199394708329e+00 -6.627224725253002546e+00 -3.906894085224912772e+01 -2.487888361966738060e+01 2.835975038944787130e+01 3.199188944119932820e+00 -1.378655851577189750e+01 2.221048600705719522e-01
-6.606420154715041804e+01 -9.574350750377377040e+01 6.681579552086778051e+01 -3.102993256200150540e+00 -8.059941353791716168e+00 4.978450430277313821e+00 -1.190092212812707118e+01 -1.631029388366713961e+00 2.799381224792882605e+01 -1.354577525523140125e+01 -1.402244583890326979e+01 1.186324908389194910e+01
-1.092944583035933306e+02 -1.051737010947635724e+02 6.916682178354938060e+01 8.701023062425978782e-01 -1.824984395201373566e+00 2.159349690570655511e+00 -1.825260110515407064e+01 4.829777976408355933e-01 3.030958241203162018e+01 -1.328635017545098762e+01 -1.604210690943379092e+01 1.556216565052740819e+01
-9.772675558133906293e+01 -1.192593572177279810e+02 7.113688094905107562e+01 5.087028800115727112e-01 5.556393628137516139e+00 -3.627178814111544192e+00 -1.680805359378716446e+01 -5.204768816553397848e-01 3.219279347691755788e+01 -1.802518344193996924e+01 -1.439929985223179010e+01 1.472884208946534912e+01
-6.196130782862432085e+01 -8.477317217801663674e+01 6.495437488559576877e+01 -1.742543651925466364e+01 -4.199387112135810618e-01 1.243261629864547224e+01 -1.851053765553738018e+01 -4.653621755179749186e+00 3.307752766744742701e+01 -1.511154440256103193e+01 -1.395328267981411230e+01 1.263945130834942177e+01
-1.173363685909895366e+02 -1.049391006503127102e+02 7.344049104550668972e+01 -6.133719631486611590e+00 3.736816927229489771e+00 2.214009267098982381e+00 -1.386575814055686173e+01 -1.381122034810361399e+01 3.844039921635840074e+01 -1.312312254044424620e+01 -1.290396558451409348e+01 9.238992520262726771e+00
-8.797904761993152079e+01 -9.346870423737462374e+01 7.862085885120586681e+01 -1.582271662822069302e+01 9.226206722230312351e-02 1.573813402196999833e+00 -7.362484453378867144e+00 -1.198795303720077854e+01 3.836890497312318615e+01 -1.802078817927794319e+01 -7.014673594231602749e+00 5.802303185835991250e+00
-9.840253963957030692e+01 -7.232448833398996157e+01 6.778300934774381403e+01 -1.511838305920325176e+01 -6.472023488911485600e+00 8.826009207266427126e+00 -6.937643061761557206e+00 -7.885432157330842351e+00 2.370911004660947441e+01 -1.232019708661373336e+01 -4.439450694603446657e+00 1.053559029469309749e+01
-2.008376075603532627e+02 -1.248884120861502254e+02 7.132607236301831222e+01 2.280492002692632081e+00 4.273046449552172277e+00 -4.209579450213926322e+00 -1.155185759343492435e+01 -7.930456908226986457e+00 4.380196865409194373e+01 -1.947380543343830439e+01 -1.488696050846943209e+01 4.058739017101388846e+00
-8.396619157766443209e+01 -7.370743855840024139e+01 6.817073589583608850e+01 -1.446083882946759047e+01 -4.463556078441242470e+00 -1.428598538317269906e+00 -2.263432647594842084e+00 5.840082459230513390e-01 2.339251979750114430e+01 -2.287411045559253608e+01 -3.649884262012538461e+00 1.683651733806575734e+01
-2.135981915610081501e+02 -1.299302939295200190e+02 1.034434199094893643e+02 -6.052681863749981517e+00 1.141252207805371910e+01 -5.232349142314243196e+00 -1.819521934457608126e+01 -8.368850982078633649e+00 3.763601756460815295e+01 -2.719360792885345646e+01 -1.914639909102417548e+00 5.559210550416898045e+00
-1.249085908497877710e+02 -7.876004881489599541e+01 7.294729660560653883e+01 -6.532993559940262429e+00 -4.779525987532790232e+00 3.973382177606454846e-03 -1.254483900270384744e+01 1.348274269671386305e+00 2.826331148072119248e+01 -2.026125466369961714e+01 -2.481224416946124833e+00 5.673517918494934698e+00
-1.155755611057537067e+02 -9.341406099769872640e+01 7.739880555196356227e+01 -1.350723380242127547e+01 -3.990796476413276839e+00 -1.088212670714032981e+01 -5.001781189369912006e+00 -4.716582797643433800e+00 2.786160816156634468e+01 -2.372985876272576178e+01 -3.193555751010013655e+00 7.275543269550469816e+00
-1.594815057362534958e+02 -9.592055439978196318e+01 7.045677871182101626e+01 1.856410242305392977e-01 -1.219319569773401213e+01 -7.008766699853188342e-01 -2.501158825421501675e+01 7.433567258060778116e+00 3.531189688782949077e+01 -2.230713277215257762e+01 8.786523551452027903e+00 5.605370623340824032e+00
-1.462280785540987722e+02 -8.026893137687119406e+01 7.274772361490298067e+01 -3.206875300192701062e+00 -1.550209928283094385e+01 1.878038591686895131e+01 -1.713322436421543316e+01 1.170982722667537601e+01 2.973218657712356006e+01 -1.717309080436538693e+01 1.480154116604120240e+01 1.303356842372001978e+01
-8.335063236005106546e+01 -5.113675813883472188e+01 5.476589644276546665e+01 -1.695693232155755936e+01 -1.466769075127495725e+01 2.550965337208236861e+01 -2.021192794243677326e+01 1.015797169706655234e+00 2.300225052139055038e+01 -1.909859484626198878e+01 -5.988049005862157159e-01 4.099815523204076939e+00
-1.010564433110427274e+02 -6.087380980751645154e+01 6.118501202684104356e+01 -5.323054003893248343e+00 -2.165695197019392992e+01 1.728546409608875223e+01 -1.215000990565112815e+01 7.981727310163493350e+00 2.651364451012085866e+01 -2.654438919301400546e+01 6.732315624159463496e+00 8.886481939832291843e+00
-1.151952268210541348e+02 -4.666702845919694198e+01 4.622480439129689245e+01 -1.684498156864017915e+01 -2.004530807353114596e+01 1.579946167658002665e+01 -1.859142785753977734e+01 -3.854096719725698783e+00 2.323734212175462233e+01 -2.902587062938856377e+01 1.827696327058099035e+00 2.031400041108925691e+01
-1.312304378449134674e+02 -4.280028323692310721e+01 5.690447264889574797e+01 6.821108979228446501e+00 -1.566735235565058204e+01 1.475052961239656568e+01 -1.159581604731566529e+01 1.643995165364380284e+01 3.732502614170807931e+01 -1.616465729960889774e+01 1.663531271389950827e+00 9.799125229984602115e+00
-1.187985894648377609e+02 -3.019891783853552525e+01 5.096110332684498445e+01 -4.609428396304797282e+00 -2.226995479161800162e+01 9.322042550070289479e+00 -1.308677295914468708e+01 2.162795681720656393e+00 2.809757241995887966e+01 -2.938426939050663123e+01 1.357802354635483599e+00 1.445077545139410269e+01
-9.515961445557391585e+01 -2.404463486578246290e+01 3.807940779390964536e+01 2.526068751550864633e+00 -1.552302540213591442e+01 1.118128543842156475e+01 -5.369142870403933010e+00 8.437109531387372297e-01 3.902542563832800226e+01 -2.177319280386951306e+01 3.373743119827870451e+00 8.441260753597246591e+00
-1.172242610147202697e+02 -3.034220605039245555e+01 3.795803420974086606e+01 2.689299252227629999e+00 -4.820761092020385163e+00 2.649929259215988253e+01 -1.133933066462420136e+01 -1.045604249286861176e+01 2.996506433548763937e+01 -2.549722717933744320e+01 -1.656600461703284788e+00 1.003393709790899635e+01
-1.321446915819032881e+02 -1.974569602019828096e+01 4.108600397549867012e+01 3.669268241027440425e+00 -3.237472015404482484e+00 2.460143335681662791e+01 -9.323063252713764015e+00 -6.195304220116009120e+00 3.500987877987984831e+01 -1.084286635217606332e+01 9.813599711939108516e+00 2.513099218943831659e+01
-1.089138317102872122e+02 -4.966406026388200701e+01 1.183654872574826555e+01 2.141626257672991862e+00 -7.249203059878324140e-01 2.516907050442071281e+01 5.957274370534952013e+00 -2.404383757119915366e+00 2.590893656031398606e+01 -1.912140877302518760e+01 -4.562019961571847304e+00 -6.726221682571980054e-01
-1.210114614632537382e+02 -7.189213203990782119e+01 3.117931751435103038e+01 5.861777214331159058e+00 -2.099814678677712010e+01 1.454597941924276761e+01 -2.068689605154179390e+01 -2.822959473953798426e+00 2.613768635110604777e+01 -1.662960398801035922e+01 -3.246690211180043306e+00 3.016462332597641183e+00
-1.046433100763848074e+02 -7.093390310285096234e+01 5.324924392711076848e+01 -4.170942486808804972e+00 -6.453475167339343344e+00 9.598355648815527275e+00 -1.506452735725474490e+01 -1.378553257392326259e+00 2.355056951370096385e+01 -9.399668230730853224e+00 -1.058796492285405577e+01 1.456945743662507553e+01
-1.274479930528987666e+02 -5.875217987502146855e+01 6.443690471528472585e+01 -2.126271452866556722e+00 -1.939987312671983588e+01 8.857904706998942501e+00 -1.001620007649062316e+01 6.012553538019425048e+00 1.955294099993280099e+01 -1.262234509340856015e+01 -1.438908895729397130e+01 2.186297708964877273e+01
-1.266126236610372473e+02 -6.696937604986612769e+01 5.034835023864800974e+01 1.112181039632366009e+01 -1.260764992695140130e+01 -7.400187199657171089e-02 -1.446626943809409127e+01 9.500192183621699371e+00 2.194828594214106587e+01 -1.753165081973936523e+01 -1.679991948395914747e+01 2.500633995053212288e+01
-2.298694312624958229e+02 -1.402816131037098160e+02 3.791016706675006276e+01 2.064269262859053100e+00 -1.067287592293310716e+00 -1.121204068526509090e+01 -2.218474557816672288e+01 -4.525860815728288244e+00 3.528156509498916193e+01 -1.578479242068248389e+01 -1.370842028743633456e+01 1.495283403254259014e+01
-1.433270812363893185e+02 -1.062171740756217844e+02 4.682007055603848755e+01 6.625723148344449420e+00 1.796504490789512687e+00 4.423115845033828153e-01 -1.287105187941851625e+01 -4.113139152847515412e+00 2.679167593924115920e+01 -2.062705865860178278e+01 -6.302463889298651978e+00 1.358422044994577682e+01
-6.795462864696915517e+01 -7.484199163362107754e+01 5.370011823029921061e+01 -9.818911125579507626e+00 -8.650159622740064558e-01 2.162511135642770199e+00 -5.763926822088626167e+00 -8.639170154392141754e+00 3.003796261517637944e+01 -1.258682659896403777e+01 -1.272377098901442949e+01 1.188687202889154548e+01
-1.290441952414127229e+02 -1.240441816506311312e+02 7.404235906792160904e+01 8.007846795665763295e+00 -6.246730158366577967e+00 -1.876994157817091491e+01 -1.334505771576902688e+01 -6.072082238171343960e+00 3.919271579214280621e+01 -1.594200613634102304e+01 -1.374165605590932948e+01 1.962563417767172069e+01
-8.419069600010877252e+01 -1.226436909959481909e+02 4.702657591837311202e+01 7.178055762511091231e+00 3.764578536252352947e+00 -8.528785974418187976e+00 -1.679779318419762291e+01 6.302476363226114930e-01 3.253633475900286953e+01 -9.987311241715367771e+00 -1.519826968068933049e+01 1.311329621191971029e+01
-7.955484476227428559e+01 -9.159688254683342734e+01 8.618238608672935186e+01 4.269808349980268503e+01 2.837623964489946005e+01 -1.397482269523514731e+00 -1.395105814955303991e+01 -2.611960162400530905e+01 2.610720422444142486e+01 -2.787807069267403648e+01 -2.977081240868241352e+01 9.399402034762763591e+00
-5.933277614275406897e+00 -1.764530712325522899e+01 8.419562486357951059e+01 3.033695489128784573e+01 1.151135932529092543e+01 -2.679026502893165684e+01 -3.368310852464594518e+01 4.572806477455312546e+00 2.404203090057214354e+01 -1.846753718525622290e+01 -3.250506433836767428e+01 -2.476203552477890479e+00
-4.159720637810050192e+00 -3.897699979760108135e+01 4.033201031487207899e+01 2.428460377724561425e+01 1.569485927443056639e+01 -3.031224443557515968e+01 -3.680339079911342992e+01 2.076132471397547086e+00 1.569045240905802885e+01 -1.374720131195669559e+01 -1.879467948473541838e+01 -5.946123827744161261e+00
-2.808384789607980547e+00 -2.877410276875318118e+01 5.161185796424875605e+01 3.000380334077662781e+01 2.615358791036334907e+01 -1.721429275127735181e+01 -3.526583780004355617e+01 6.701244145015556875e-01 1.354042226632990875e+01 -3.427867720883841685e+01 -1.938969542694841408e+01 -1.916934444321046094e+00
-1.833082716587588834e+01 -1.700988825804518356e+01 5.497283197591542603e+01 2.592814643385314355e+01 4.135127156139996885e+01 -2.458017215002233513e+01 -3.541478650069014833e+01 3.290851928922630343e+00 1.612808446490275571e+01 -2.957070295053668119e+01 -2.836895140047532493e+01 -1.343482802037200052e+00
-2.245706613000245966e+01 -2.074221719853210999e+01 5.709722889807109425e+01 1.924576971787790569e+01 1.166613333961192467e+01 -4.722571173299645864e+01 -4.572104447313393649e+01 4.212375060378841241e+00 1.483505415886258128e+01 -3.572299923487960882e+01 -3.929403196922265096e+01 -1.342717681877523539e+01
-1.184560633613265246e+00 -9.730905031878158695e+00 6.291658618998754093e+01 1.840188531411162387e+01 3.499789903969605831e+01 -2.844750061180706169e+01 -2.850139597761824106e+01 1.926915142533614755e+01 3.268475193831521608e+01 -2.296826539195178896e+01 -1.930784837466533688e+01 6.230956388265465051e+00
1.342631070407259131e+01 -2.871625619008639774e+01 3.408731320352167415e+01 5.340402739547466915e+00 2.495352764428944425e+01 -2.705548606723215244e+01 -3.217682076768547716e+01 2.953614530843682751e+00 1.397153879414212696e+01 -1.594745252510304745e+01 -2.532305119487018175e+01 9.683381336286725372e+00
-2.866665889179735860e+00 -1.496267007716198805e+01 4.032821164974620842e+01 1.832573865284748038e+01 4.072210941319679023e+01 -2.233843928532587597e+01 -4.413449400952659119e+01 1.469128845339260803e+00 1.184963477518643948e+01 -2.520537393673733106e+01 -2.748017269353630354e+01 3.208944894380385104e+00
-6.107380439614061629e+00 -1.711785415893008988e+01 6.768112586152108179e+01 4.941092413181179666e+01 4.039359278971381428e+01 -1.814619985764517907e+01 -5.737384746151417403e+01 9.356864273506748653e-01 1.929257182269703463e+01 -1.574607844995240491e+01 -3.850541252214407706e+01 3.405237191352678661e+00
-1.308418848064565587e+01 -2.114302174134472878e+01 6.841271602416830433e+01 3.817662984223252920e+01 2.807322180774354692e+01 -3.229588362439960036e+01 -5.664866488349958473e+01 1.212196515825398535e+01 9.501900448737352178e+00 -1.256319714646630992e+01 -4.273146075071258565e+01 -1.887372043409115818e+01
2.612314765257450944e+01 -1.275499616414229997e+01 3.927732344542057064e+01 3.039724536961363555e+01 2.311251793715828740e+01 -8.578765286047556060e+00 -4.933864881277588665e+01 1.413890406141314671e+01 1.898247950552249108e+01 -1.988541921943183155e+01 -3.276948642935312250e+01 -3.617441065062560135e+00
1.633732848049783826e+01 -6.220772431671428571e+00 4.999040643610997847e+01 1.907584030195135938e+01 3.097964760659041161e+01 -3.389753328393196874e-01 -3.605639481605255980e+01 -2.469378186129934427e+00 2.257621674177383397e+01 -7.013436443354404304e+00 -2.656536587371274294e+01 -6.196763801351456991e+00
1.570589224593459932e+01 -9.538934596061416471e+00 2.027047270093792264e+01 7.753534254082126154e-01 1.410174808817766667e+01 -2.365772176651415037e+01 -4.630368953593567483e+01 -1.068260952128019881e+01 1.140873584925753192e+01 -1.360220025974951241e+01 -3.086884880931796005e+01 -5.788497807340080570e+00
2.528861186612008538e+01 1.302638776020323519e+01 6.438970341110184847e+01 2.423623934163912708e+01 2.414189195125293175e+00 -1.044637602961465106e+01 -5.063440269095977442e+01 2.688314722684744140e+00 1.956258322616220724e+01 -5.781762297813850537e-01 -1.214029309630245024e+01 -5.477612606684592045e-01
3.571565908518729771e+01 -1.360550305411095451e+01 3.972507369873124361e+01 3.131476475399252379e+01 -8.989354521059636838e+00 -1.032205769294018260e+01 -4.204394407275398748e+01 -3.758803801147139723e+01 -6.007465365984701045e+00 -1.380376596622962282e+01 -3.288533528908087789e+01 -9.509739128534292263e+00
3.210047898710085690e+01 -5.084511619435056673e+01 2.306920559921588065e+01 3.262339367770899656e+01 4.596535246084169302e+00 4.819874743551703311e+00 -2.566312445252047780e+01 -4.676788340273308364e+01 8.096612281216826190e-01 -1.359976484661122065e+01 -3.042091286245059933e+01 1.482788408736348540e+00
-1.893703521795242928e+00 -5.901755011895840397e+01 3.298486153068650140e+01 3.004634641739516709e+01 2.089404441208414198e+01 1.908248322785879481e+01 -4.803364904862540641e+00 -2.220705642424361059e+01 7.063801829622057937e+00 4.728578629311937398e+00 -8.984211649633031982e+00 1.231076387158325502e+01
1.827637903210503900e+00 -9.444367446025489699e+01 3.933769419376037746e+01 2.265961375044277304e+01 -1.421100012801069390e+01 1.183141060738944716e+01 -1.132799086363732144e+01 -3.577709437480024235e+01 8.864265544219513515e+00 4.606176942241923200e+00 -8.832102219041479074e+00 1.131552788974638801e+01
1.251413209189052367e+01 -1.338108492518151422e+02 3.048231506339566721e+01 8.686190862506329324e+00 -3.740274491612566976e+00 1.262103839442618280e+01 -2.426297663117384040e+00 -2.935922006436008758e+01 1.893961702141603709e+01 1.215077015751215850e+00 -2.818310054752684479e+00 3.096825081089102127e+01
-4.813308478726641226e+01 -1.446720725688001608e+02 3.707913283347049571e+01 -4.850002571914338922e+00 -1.185959176231912693e+01 1.124450441614618157e+01 -4.496560566488748911e+00 -1.653507383347189830e+01 2.455851054858453253e+01 1.184090896229360723e+01 -4.516775693912991052e+00 2.335277429759392120e+01
-8.748749488238321703e+01 -1.639887106130267966e+02 2.907782247077377491e+01 1.595646445145230174e+01 5.644804739364490231e+00 6.183568350052012441e+00 -1.759335465133934306e+01 -3.189561132778206698e+01 1.665186322199211588e+01 4.064637805779067747e-01 -2.116095237680021413e+01 1.661600524520935807e+01
-9.537064183175702681e+01 -1.459849640483862458e+02 3.679991329161101987e+01 7.290156598310227665e+00 -1.052158257775077210e+00 2.230808147683490450e+00 1.025870708600235126e+01 -1.270591406361544529e+01 2.561022302855354127e+01 -3.112608181346453229e+00 -1.548529176350146841e+01 1.688623771182514233e+01
-9.375730433037401212e+01 -1.224449364477613642e+02 2.664055992764403058e+01 1.055959073543942139e+01 2.856745289604707416e+00 1.209821011994027984e+01 -6.168451349609751944e+00 -2.807952035577478611e+01 2.191960870939050210e+01 2.242905492607449425e+00 -2.080423262467659740e+01 1.192129315981282645e+01
-6.367341205155273798e+01 -1.468499663695365030e+02 3.915829695895359208e+01 5.564585764758016140e+00 8.040722212518947032e+00 -4.809352072771413411e+00 6.166051204794714025e+00 -3.332834695235926858e+01 2.866591265249243392e+01 9.105752028405312615e+00 -1.416053195661999986e+01 1.246154975559861633e+01
-6.619742714186523358e+01 -1.118537765614275372e+02 3.627058973656347973e+01 1.772042472878250408e+01 5.304137756612763432e+00 9.422452947844181637e+00 -7.263429528659671064e+00 -2.659255843939665098e+01 2.308348025791370617e+01 1.142394589173637343e+01 -1.819700952998633525e+01 7.842473339323912995e+00
-1.338014735485141102e+02 -1.420218945095907088e+02 1.868448785954748281e-01 -9.983066622258155220e+00 -1.894235468388960442e+01 -2.574625565228926938e+00 -1.606998182055698265e+01 -1.435878739344794752e+01 2.315249929733306544e+01 2.195334323977731206e+00 -2.469443551879319543e+01 -6.937885060000173354e+00
-3.190230750617395827e+01 -9.427125956227206416e+01 3.402932539094357622e+01 8.083401917753860744e+00 2.738292120363903681e+00 6.016006578289117002e+00 -3.351110206959441840e+00 -2.630272543156901222e+01 2.543634437181423635e+01 9.861230952480761758e+00 -1.845834093492996075e+01 -1.550200670340930120e+00
-7.232907284439252749e+01 -1.096951434942101855e+02 3.065192346854957606e+01 1.667156931605440207e+01 2.229936795894027934e+00 3.159645107873257253e+00 2.877289719852736294e+00 -3.544952511780171278e+01 2.884630765891379767e+01 8.574161908981032809e+00 -1.615025005424813997e+01 -6.091291157772708686e+00
-1.277370774977728729e+02 -1.180030801456349536e+02 4.418989991902065384e+01 1.817845048465023794e+01 4.696379291256409516e+00 -2.178383562815481067e+00 -5.615190615351569825e+00 -2.552524273312506864e+01 4.123800345181801674e+01 1.199277553492995096e+01 -2.206052675852470202e+01 -4.574974867843685011e+00
-1.009996901792497397e+02 -1.371455292788432700e+02 4.045420234991715347e+01 2.154264368723808332e+01 1.065832269334065430e+01 4.402567014528956157e+00 -2.405438548609131644e+00 -3.548573079550456555e+01 4.125671219274288148e+01 4.648440748400362033e+00 -1.461373724315694034e+01 -1.732122671420639914e+00
-1.036544362832141530e+02 -1.348111081422962911e+02 4.429043784527588912e+01 -1.297852600061813799e+00 -3.000469269048848364e+00 -4.897933912083617614e+00 -2.953782945900610635e+00 -5.621445647960692327e+01 1.682716886539376944e+01 -9.715830709614223792e-01 -1.757687164318480910e+01 -1.690331191664390786e+01
-6.077020929239564140e+01 -1.082161362810655874e+02 4.392794490290755505e+01 7.459731764486955186e+00 1.968057384268884658e+00 7.349526815872095220e+00 5.391977109938417279e-02 -3.442690446719147701e+01 2.910019529239402303e+01 1.175199067028446009e+01 -1.497124802691362255e+01 -5.050945758246307982e+00
-1.239027461764989937e+02 -1.438021626462742120e+02 4.725232327969627022e+01 3.016539928985136498e+01 2.083619893886229590e+01 4.261120370701435789e+00 1.236399375880789364e+01 -2.844870531757544541e+01 5.337637754180133243e+01 2.218562640157132648e+01 -1.111776254018934473e+01 -2.399521554916539845e+00
-5.332993027142190812e+01 -9.303488831954496163e+01 4.292174970763069553e+01 1.203684730186944662e+01 -1.139642962167394380e+01 8.723265614915158395e+00 2.904631638073015942e+00 -3.160835670384192042e+01 3.015148338032395969e+01 1.025992971032352941e+01 -2.054079786665313279e+01 6.351577838065322057e-01
-4.825542475808312304e+01 -8.197558984305777585e+01 2.973478451451856586e+01 1.088505196799665953e+01 -8.174808093411687793e+00 1.364079390835467365e+01 -3.138263910536660983e+00 -2.771043475014477764e+01 2.867637655036745414e+01 9.378484228960683566e+00 -2.100580096018708076e+01 -4.154301474355767354e+00
-8.702070054399015930e+01 -1.040647879433428358e+02 2.834116866876507856e+01 1.542857236732140436e+01 9.273048106128904067e+00 1.106517916342724916e+01 -1.575332140230853994e+01 -2.818634352367020313e+01 4.078090383924273965e+01 -4.986599185098008480e-01 -2.861356909464171849e+01 5.608789333055931081e+00
-6.680396904451367845e+01 -1.232354960491916529e+02 3.943552001333087276e+01 1.945301595892468427e+01 1.351000165502535211e+01 2.193275148036693523e+01 -2.808799925259630736e+00 -3.921200963517684102e+01 3.854289990381172970e+01 1.022942990722564716e+01 -1.379581983204701423e+01 -1.127576028171155365e+01
-8.851002688559573528e+01 -1.479505258046195593e+02 1.697760380441881978e+01 8.392702175181266711e+00 9.808659060380824357e+00 3.090454191673813078e+00 -5.188736063577863433e-01 -4.582806489036029518e+01 3.447465477514719367e+01 1.133048365892718223e+01 -1.678059091408093195e+01 -6.722563271173950028e+00
-5.858624061761067026e+01 -1.268051884806341434e+02 3.294493477548459026e+01 1.750219971552705189e+01 5.638902689417652603e+00 9.560740068377015177e+00 -8.863040924990682967e+00 -3.045671776937427921e+01 2.943255712345317576e+01 -6.210596736148053409e+00 -2.193617149953340828e+01 4.807900582847649318e+00
8.519633772880920830e+00 -1.122796729147229655e+02 2.412306500186833347e+01 1.243990437812707128e+01 -1.510010364201478161e+00 1.891820456631522873e+01 -1.008158009732202132e+01 -1.868488257574888678e+01 3.420754070060922203e+01 2.869870460179190452e+00 -2.099257487822747947e+01 2.945915995586346980e+00
-7.148527705845447500e+00 -9.182330372286064346e+01 1.891496682159885623e+01 1.626211884807339558e+01 5.051932507664655958e-01 3.362973536623472626e+01 -9.625805841740394442e+00 -2.448547433770409043e+01 2.958986093836199771e+01 3.395605392335742323e+00 -1.163765129180945479e+01 2.030083241866943222e+00
-8.047001023001191911e+00 -8.896535471467720413e+01 9.737847234005945651e+00 7.669165561150029120e+00 -3.379769922030342322e+00 2.536775256911079168e+01 3.523780508729332794e-01 -1.525152483192725938e+01 3.317578493656288430e+01 1.874975171016429298e+00 -1.280264486002200641e+01 9.802972808692085316e-01
-1.332422398993188040e+01 -8.227913441261864591e+01 1.176613203816643249e+01 1.134359461529419022e+01 -1.014463084172895613e+01 1.919088146730197764e+01 -7.433069743018883457e+00 -2.330990901491950495e+01 3.648378021907047497e+01 9.877388610576423034e-01 -1.123537300873126021e+01 -2.611770624473257030e+00
-5.190524465505463070e+01 -9.924338107845969148e+01 -1.731603643271911608e+01 -8.906080819724191855e+00 -2.830329847104499663e+01 2.279452663535203705e+00 -2.717643455218456694e+01 -3.906570428690194063e+01 1.454554879373037402e+01 -1.726582188333699719e+01 -3.080493603416284287e+01 -1.585245214562423399e+01
-6.616478457699545856e+01 -8.083723779309021040e+01 1.114691554351095171e+01 2.195698660468649877e+01 -1.207341302067146671e+01 1.161814728568784538e+01 -2.767286984132540795e+01 -3.696907314843173253e+01 2.126742727420165835e+01 -7.480271735329438343e+00 -1.702544862208819509e+01 -1.171126613414531370e+01
-5.418215686816086674e+01 -6.696357758171598107e+01 1.701038614775391622e+01 3.679064487172664855e+01 1.671039035056475663e+00 1.547350208086469081e+01 -1.765021972146457285e+00 -1.734083444884122827e+01 3.764057569109952794e+01 1.616598464623765707e+01 -2.062263933422821793e+01 -1.866845008367944203e+01
-7.812308115101652106e+01 -6.562178478988025176e+01 1.986976649851693466e+01 4.365202714855790589e+01 1.149295278232469286e+01 2.940669235854324270e+01 1.264934885366794148e+01 -2.928077600232801103e+01 3.288961940789987892e+01 1.556717575516542240e+01 -1.784831485971064424e+01 -7.862504660899086062e+00
-6.779969817554663791e+01 -5.244040311798770659e+01 3.660171520638547893e+00 1.679616400343713423e+01 -1.366552778642001975e+00 2.551298997456004258e+01 7.108187886417448809e+00 -4.079608100211504507e+01 1.440691168814447565e+01 3.939098918860047149e+00 -2.924813734247837971e+01 -2.257012145372239331e+01
1.111008235614761119e+01 1.218068636876644106e+01 3.702373763111048532e+01 2.681201054926635052e+01 -9.794538988519324363e+00 7.691007901331579966e+00 -1.024803492622433509e+01 -3.709135916048464310e+01 2.912009218677685851e+01 1.367801592691293955e+01 -2.523209687424026271e+01 -2.816383814693599774e+01
2.738456080533726578e+01 2.693827760437335428e+01 2.929575211931191348e+01 2.567237577109655433e+01 1.582696639622200419e+00 4.516555224568257643e+00 7.643113144872991427e+00 -2.687643263026579987e+01 2.287505818554943460e+01 -9.671583813291055876e-01 -1.707072085539816086e+01 -1.275400481718025247e+01
