-1.022791285224456814e+01 1.944528592034534142e+01 3.737703760922721585e+01 -4.170644665426607389e+01 -1.319680472088702317e+01 -1.298970481780349395e+01 -3.733206382010862967e+01 -2.280969557151201599e+01 -3.968306852985008071e+00 -3.367007239858568113e+01 -2.813684217313586089e+01 -8.640632357781325990e-01
-8.671262590763309674e+01 -1.571450117450103612e+01 1.056689683443562444e+02 -2.650975069409172136e+01 -8.169417907483781605e+00 1.212014119322161676e+01 -3.855000131444585421e+00 -2.031072179355259077e+00 -1.694282315020185337e+01 -6.895688366946459702e-01 -1.107112365128283926e+01 -2.091744165189282256e+01
-1.621991160476626419e+02 -3.840168275738400183e+01 1.130525843868715583e+02 -5.745108902348375324e+01 5.774023372085144157e-01 1.842070139826264352e+01 -1.019442355115188192e+01 -2.153642372975618358e+01 -9.783387692115592671e+00 -4.042605081229351249e+00 -2.338393206147858194e+01 -1.695644813645168369e+01
-1.828063335339578828e+02 -2.096370784030598600e+01 9.818796935476055410e+01 -5.917865619285291956e+01 2.133234095775510486e+00 1.152143769491874536e+01 8.328333449514164766e-01 -1.190765644967252790e+01 1.129267992226846395e+01 -2.634539481328856958e+00 -1.698535139824724283e+01 9.393949067971236744e+00
-1.638447185967016253e+02 -3.628346237243472672e+01 6.269102190274199415e+01 -4.709203478434123014e+01 7.875179843607545749e+00 1.652092214917414736e+01 -1.602655244804065759e+01 7.675152665783950390e+00 6.773660810258643750e+00 -6.789434474014168330e+00 5.084290558150335926e+00 3.315671228276691362e+00
-1.530133053492951376e+02 -7.824867216558321736e+00 7.429618263536271172e+01 -6.657046487057274931e+01 2.949452682434084139e+01 1.503255084943113928e+01 -1.790011147640938205e+01 1.193906160007023765e+01 1.506701921456166637e+01 -8.711565923502952558e+00 7.690728270685356804e+00 7.303965202436469184e+00
-1.492704927674739110e+02 3.965807881775317068e+00 4.318792229756380152e+01 -5.005733437381242368e+01 2.626235925709180918e+01 -3.605645542853308516e+00 -1.154731162023581703e+01 1.432946724549140960e+01 -1.534055637976989139e+01 9.747651296638686347e+00 -6.011544248435383153e+00 -9.771449404954493545e+00
-1.288395888781159329e+02 1.075080442847052620e+00 4.710470807811176286e+01 -5.749844481623620140e+01 3.491124384631444855e+01 -3.909010087254396026e+00 -1.165940899957857368e+01 1.444155331073067217e+01 -4.223371996869520473e+00 -1.093824668740244643e+00 3.349848648995017886e+00 -3.249435988303254863e+00
-1.190362121438367353e+02 2.366059944161742923e+00 3.500019985762000374e+01 -4.554668409571199561e+01 2.913581276379148832e+01 -7.516803116084154190e+00 -5.912485726088375415e+00 1.417913634208651885e+01 -1.264084472716518448e+01 1.005149436410184194e+01 -4.016430535869595531e+00 -3.354662211936543681e+00
-2.276204839192495228e+02 1.080457362535348054e+01 5.678820563149974987e+01 -6.688685621877647236e+01 1.228981354649401725e+00 1.698030617335354364e+01 -2.379376237926422633e+01 6.799875721761098113e+00 2.079653144247737284e-01 -1.634939449216916785e+01 8.691746780866486333e+00 -1.049821984036646327e+01
-1.142512659651559233e+02 -1.366148550309164378e+01 3.805877290889333153e+01 -4.310745675463398641e+01 8.988815402690256917e+00 6.308102335282402606e+00 -1.584822140950322122e+01 1.137850798181016643e+00 5.893229087266871780e+00 -1.336736701845059727e+01 1.622268718462408721e+00 1.873128716872916044e+00
-1.542924488205197804e+02 -2.786572912871020380e-01 7.986880580053015422e+01 -7.585356542615686593e+00 2.481625726091932904e+01 2.791087230610911263e+01 8.272700639168599324e+00 5.267861765139541852e+00 3.880532121617555674e+01 -2.251997317399447240e+01 -4.195409486499377394e+00 1.966835654666062183e+01
-1.306620183252442189e+02 -1.160472533633845416e+01 8.968871122431323784e+01 -8.065529355489307051e+00 4.033343192590907123e+00 3.218059540087909198e+01 1.983479319631060722e+00 -1.089644440398113190e+01 2.561736086065624107e+01 6.478656512489542330e-01 -4.250295877059245164e+00 -7.345856059980340191e+00
3.054519965198527487e+01 3.005552353620540629e+00 2.917729737795072964e+01 -2.857844918138768264e+01 7.800271100337667463e+00 -2.024864870289221486e+01 -3.624577900691488708e+01 -3.432060605556925381e+00 8.837237548979409496e+00 -1.250230778388307584e+01 -6.119864674409439154e+00 1.183200027990285363e+01
4.152334042481679433e+01 -7.587098734827622870e+00 2.527844379748510839e+00 -5.166352447706321982e+01 -5.472894785569538456e+00 -3.196856695250537683e+01 -3.989310774284142269e+01 -1.419988066418403250e+01 -3.497816680050816807e+00 -1.262887514974502423e+01 2.816208932155528810e+00 8.186247268796389420e+00
5.060558618367194583e+01 -1.499527652749954498e+01 -4.049722552545333976e-01 -4.378195748588813530e+01 6.816884169071254496e-01 -1.762814101214990714e+01 -5.156946118146543512e+01 9.632685066219417891e+00 2.393701406944167331e+01 -2.809091284933997734e+00 1.484544855202153357e+01 9.715131039978448513e+00
6.766336730822773404e+01 -3.235775547319144607e+01 1.697078001860039542e+00 -5.013538317243512665e+01 1.705056018884188518e+01 -1.554256911732991853e+01 -5.004948174146994688e+01 5.654157392880049926e+00 3.962807785489084011e+01 -8.973275570481565211e+00 1.447095915281920497e+01 4.567009230947583376e+00
4.636442607275741778e+01 -5.339424310752407621e+01 -2.968234219540561725e+01 -6.395973546721580760e+01 -8.646974419686546121e-01 -2.575853114456095483e+01 -5.913633283612897173e+01 -1.418615052786540431e+01 3.082728064401483437e+01 -2.659454625400520200e+01 -3.059292208916675193e+00 -9.433458726066392686e+00
7.916960330591462025e+01 -5.271093863292271919e+01 -1.761964923550928930e+01 -3.638656115936055357e+01 1.354278941756324883e+01 -3.614970366693402770e+00 -3.536958135235077094e+01 -3.826334588293982542e+00 4.998213756513331418e+01 -2.019197659035250325e+01 7.680783741646362905e+00 6.393270926314276181e-02
6.138523491475006466e+01 -5.566513239678166514e+01 -2.951398919979685331e+01 -3.793028718405024335e+01 2.337552273771084099e-01 -6.069580470360010915e-01 -3.680905299806843090e+01 -3.379890262566841663e+00 3.961380603676420264e+01 -1.814245926241414608e+01 -5.065602610123800531e+00 -3.722353607367669515e+00
6.425468180216182645e+01 -6.027682785819617095e+01 -2.459094270507087643e+01 -3.804938980181002250e+01 3.822992943456113402e+00 3.372182878323095601e+00 -3.107187074020226802e+01 -8.629350195143922875e+00 4.672179581956318373e+01 -2.018814790198580766e+01 -1.391849627709500936e+01 -6.850318925007279347e+00
7.615754076548827811e+01 -6.746623154170413272e+01 -2.651930905181473719e+01 -2.201028422618144731e+01 2.940638037953836381e+00 7.006139239261946372e+00 -2.292719074750970165e+01 -4.598650561346520504e+00 5.538690508282196845e+01 -2.465884774211537689e+01 -1.404550734880515606e+01 -3.693986016260151217e-01
7.795826271424195397e+01 -7.091690788945425084e+01 -2.401734898770290272e+01 -2.527723174361647196e+01 4.496052624258306984e+00 -8.191714667913911896e-01 -2.182835677916342121e+01 1.987201656530489746e+00 5.094816634325041349e+01 -2.377553458028895861e+01 -1.096349181994547450e+01 -4.265956035021935655e+00
8.750894411386741467e+01 -7.161164025423563828e+01 -2.257231421325731802e+01 -2.463248583683589743e+01 2.325564840939836841e+00 -6.375406179166352771e+00 -1.239475833453953868e+01 -8.681344871632425964e+00 6.454428952458428626e+01 -3.106911531877275934e+01 -6.453792700104420632e+00 -4.304723237594721752e+00
6.754355421827122541e+01 -5.343930079654687404e+01 -2.362340586358750727e+01 -1.365601306779030466e+01 -5.800474860358029616e+00 -7.859821257314520970e+00 -1.848729198536754836e+01 -2.986914912488176199e+00 5.520986753048983076e+01 -1.611572124966555464e+01 -8.080522934812732316e+00 -5.652931017690287163e+00
9.514107046909217047e+01 -4.004642896636660510e+01 -1.338717218100271822e+01 3.617536344346583554e-02 -1.649291594924223059e+00 -1.043415435904673849e+01 -2.094558482364267249e+01 -6.066900419713668668e+00 5.720465402398191657e+01 -1.658511931782935278e+01 8.193445634334950434e-01 1.738124575181917431e+00
1.059368762129780066e+02 -3.094436420894831485e+01 -5.883883468968800656e+00 1.960319060590495654e+00 6.536551578412882257e+00 -1.491311221699021061e+01 -2.619820105943764332e+01 -5.895865272317974082e+00 4.722128668148037889e+01 -1.307257609150640754e+01 1.028156141911658850e+01 1.520947846355997224e-01
7.924730358133338370e+01 -3.798988022520809693e+01 -1.788089232970279596e+01 -5.390834145344800987e+00 -1.357513779142383825e+01 -1.710093344292458539e+01 -2.096914388791186923e+01 -7.296024004800487184e+00 1.719645981867120810e+01 -1.305674829412039273e+01 -1.896841914757041225e+00 -3.207261402434844477e-01
7.869136307941525388e+01 -2.142716192031692657e+01 -8.655169079162426726e+00 -1.175144025369048961e+01 -8.854210157224269295e+00 -2.425384500437363045e+01 -3.660224383854136931e+01 -4.358352762275511161e+00 8.815918142342853869e+00 -1.976361153172142338e+01 2.176694838028874202e-01 5.431285205178315145e+00
7.860696214046423336e+01 -1.107436399409291061e+00 1.059322594699267839e+01 8.845162982809734453e-01 2.888438062714094201e+00 3.257759209487407048e+00 -2.674053476319707201e+01 -1.149256955902567157e+01 1.170342082760787861e+01 -2.113115176241120707e+01 -4.657549752645749663e+00 2.659306006003485212e+00
7.667754482571132257e+01 6.332870984995215835e+00 -1.372913923061174835e+01 9.353914556168264838e+00 2.182189295784743877e+01 2.430681430357359396e+00 -6.530583735568468384e+00 -2.507670316922772979e+00 8.071583701146103351e+00 -5.112961650367929600e+00 2.884570566370623812e+00 -5.478574693987320110e+00
8.700027700226988259e+01 1.766485815325430053e+01 -2.537390128277749568e+01 -8.336652442352507464e+00 8.116297835679368688e+00 -8.594069618374490460e+00 -1.305623983361699203e+01 -2.217022604187445722e+01 4.202084337585779927e+00 -1.306019833840331223e+01 -6.357226092018471775e+00 -1.150749722178329115e+01
7.681285581577901667e+01 2.658994385908258451e+01 -3.762178961582704062e+01 -5.432170163738660129e+00 5.523034906658487841e+00 -1.477707430163027347e+01 -2.330873554353116717e+01 -2.490249740667282552e+01 1.884261131844870363e+01 -1.042604138818671089e+01 -9.973426207668898869e+00 -1.178945945033157860e+00
5.928053792301959390e+01 2.135472404876462349e+01 -4.961638001225584560e+01 -1.581570671496664104e+01 -1.724000791990565773e+00 -1.214826414509868080e+01 -1.749285515238807420e+01 -1.122080332311017514e+01 2.122184379557528899e+01 -5.191124977238978921e+00 3.532234940830822012e+00 1.636462664458036897e+01
2.371201622879104320e+01 -2.855594661922223221e+00 -6.147276008392424274e+01 -2.951472487338474338e+01 -6.746533067836210762e+00 -2.215403614677819277e+01 -1.875836494234678398e+01 -1.920299294096337306e+01 1.390561249557175749e+01 -2.803590277816323528e-01 5.421083438040407820e+00 -1.010189265544499904e+01
2.192683821055553040e+01 -1.324876284349597455e+01 -4.735301370338190452e+01 -2.149767608363366023e+01 -1.383807171820357418e+01 -2.272959317887158193e+01 -2.079709440340076299e+01 -7.344762632015683579e+00 2.287054394006497660e+01 5.565285111371317761e+00 8.698484233240165509e+00 8.848056303372043629e+00
-1.115901639413882549e+02 3.184684851016529450e+01 -3.888672369227816716e+01 -4.565585828809734892e+01 -2.729631500095032592e+01 1.208073110375271497e+01 -2.768800730616223049e+01 -3.178870566768281236e+01 2.690956816176585420e+01 -7.253075872844613414e+00 1.814232800700657577e+01 -5.400385325554676541e+00
-1.495764732009724582e+02 7.781630367727869313e+00 2.819482996707971978e+01 -3.810973623062929505e+01 3.176544387917781265e+00 -1.684317902030668668e-01 1.154764117618474373e+01 -1.706982156120673721e+01 1.099017380078174888e+01 3.048222228400816469e-01 -6.552193479038676216e+00 1.752882711743270372e+00
-1.311224144708080246e+02 -3.756244615017540145e+00 4.100497991436844103e+01 -3.702090572262295609e+01 7.867368093169195831e+00 1.055421482077331419e+01 -3.347366192628181913e+00 -1.109325390189692229e+01 2.550736055638296307e+01 -2.046516729403543522e+01 7.943017417201510888e+00 2.489797740971355644e+00
-1.516823346800683225e+02 -6.941041580283153323e+00 5.578682187477493670e+01 -4.774528595494977878e+01 1.188372595316575442e+01 1.194745442927965229e+01 -5.952158171078551163e+00 -9.347832639775617736e+00 2.186955083462446936e+01 -1.919710924663789697e+01 1.083883139982077459e+01 -5.736856885094189451e+00
-1.750206838428792935e+02 -2.633541232403207033e+01 5.941405855857055229e+01 -4.252153726845642723e+01 9.622473547561806839e+00 1.117721232989129554e+01 -5.129074404737510307e+00 -8.765470677393045307e+00 1.751454438069858810e+01 -1.025973794698048636e+01 1.377678293855230773e+00 4.796120160700185764e-01
-1.187957477584029675e+02 -2.555679488517777997e+01 6.436176102599230830e+01 -5.199909092594840843e+01 1.532884300243730280e+01 4.068592913875366257e+00 4.847145539491320321e+00 -1.759231148639845799e+01 2.195006371134340029e+01 -1.181142354894404534e+01 4.574225235608097684e+00 -5.926756596188681669e+00
-1.938316616271671364e+02 -3.110831659569569752e+01 6.728183242108991635e+01 -4.122341534985841349e+01 5.492838125072898592e-01 1.165284689771566917e+01 7.369299313801762175e+00 -2.242328696600063864e+01 1.678568351313759166e+01 2.562530243141297071e+00 -7.306610509187326130e+00 -2.630112006807165503e+00
-1.533147169097063625e+02 -4.955369860019902006e+01 7.287594369093008595e+01 -3.252259610621401009e+01 -7.437770200537789478e+00 1.578690841622493934e+01 3.303751717036338853e+00 -1.547553171536561223e+01 1.538740762228784043e+01 -8.613071550238096119e-01 -9.541284192462397229e+00 6.562610801256139048e+00
-1.158844520187833211e+02 -4.624257405254763853e+01 7.591551671171905014e+01 -3.611920671859729026e+01 -1.196394428650653907e+01 2.402950365806150046e+01 8.212509736297061380e+00 -1.865553702198283759e+01 1.800642289086369630e+01 -8.489724868548025327e+00 -3.236668963001733790e+00 -4.434828913935933592e+00
-1.234955960510938695e+02 -5.084427401964834559e+01 6.290493126793557366e+01 -3.717669240024901711e+01 -1.252281977489785803e+01 9.633090776739312133e+00 -1.912067041115959709e+00 -6.499394567259813016e+00 1.509019599007801737e+01 -6.290492866892756219e+00 5.658862537106028157e+00 6.317663849656488750e+00
-5.353961462501071367e+01 -2.425214552835415205e+01 9.011472041209930239e+01 -6.581636785718156801e+00 -1.505112527779392861e+00 -8.813837054169365359e+00 -1.103876216048320913e+01 -4.627975559721758003e+00 8.546437651957148773e+00 -2.239503122465619711e+01 -1.186207913982462081e+01 1.163273773985953774e+01
2.031156116879921925e+00 1.137883248182814455e+01 8.790491062036366543e+01 -2.281650641538463375e+01 -1.056286872025766144e+01 -2.581576060180869092e+01 -1.903114153445959289e+01 -4.357180775252128768e+00 6.823616890278421110e+00 -1.946082794134888516e+01 -1.044274494509633300e+01 1.474177399980134595e+01
-1.188630337339164234e+00 -1.175048999665171401e+01 6.171362959086131639e+01 -4.385983117172554557e+01 -2.629780641812978104e+01 -3.613021169379724995e+01 -2.572585320221131866e+01 -1.874731504852551467e+01 -1.137507104864436513e+01 -3.478497651018690817e+01 -1.667888580966474876e+01 2.248291306174446280e+00
2.236966377344221257e+01 7.229939156044626891e-01 7.611177769918666058e+01 -3.786680686412918817e+01 -9.246518924681655704e+00 -1.144677697585581200e+01 -1.802911662148113692e+01 -9.907909434550687955e-01 8.213358524543910022e-01 -1.555016746050586995e+01 -1.386106460067352408e+01 1.058796688659759333e+01
2.771143068745952576e+01 8.531637601423147643e+00 8.543570960859608476e+01 -2.836258683710342154e+01 -1.105126584678067125e+01 -1.655864545992974968e+01 -1.530472467303250106e+01 4.792365550234808147e+00 1.651071800651538268e+01 -9.121094634015831204e+00 -1.923849482583359816e+01 -4.551809600022814983e+00
1.526284287488140379e+01 2.230784901901911699e+00 8.266154339178957855e+01 -2.814463216964173853e+01 -8.096966584599236683e+00 -5.263034112063714076e+00 -7.642402924610269821e+00 -1.499562633529090405e+01 1.706677553668474445e+01 -1.020396071972513496e+01 -6.776805521429981383e+00 1.943260182918037593e+00
-1.192962631982040023e+01 2.603956242895475626e+01 9.820509116476341660e+01 -3.968790261483368909e+01 -6.503109486128311190e+00 3.802259258707509026e+00 -1.299091203427807528e+01 -5.696852075232196277e+00 2.652329657300861854e+01 -3.369746756717751168e+01 -3.266481315393471085e+00 3.023645474121182453e+00
-3.275100989051231437e+01 1.644551807883582129e+01 9.501173443511822825e+01 -2.081853897695003042e+01 3.010610039696711038e+00 1.725368828987830483e+01 -1.465486690862657859e+01 -9.482260778028681614e+00 2.337285039369992035e+01 -2.168068175395284314e+01 -1.996592357909796789e+01 1.020326666256224613e+01
-4.974905321857140450e+01 7.691178963453537243e+00 8.953711734248855691e+01 -3.438937034378982460e+00 1.838087516258448773e+01 1.755868664651845279e+01 5.392022076346769666e-02 9.333588181340736867e+00 4.523636876512142635e+01 -2.509252106334516697e+01 -3.527253663808573947e+01 -1.773798655630639587e+01
-3.430173569936685851e+01 -1.809075089756916555e+01 8.443886456822882280e+01 -2.862708973596766526e+01 -3.621121767634605249e-02 1.682102992371843442e+01 -9.826376470515793216e+00 -1.342929445862056248e+01 2.354932487024927568e+01 -2.730262561485949746e+01 -8.456839999840049416e+00 -7.497633846479752506e+00
-5.176935078041550042e+01 -1.480941119989115862e+01 8.333863674985144598e+01 -3.862142833601104996e+01 3.452558650282769648e+00 9.815014015251652069e+00 -1.997374412636102647e+01 -2.610823072057546312e+01 3.760956423967338935e+01 -3.732238158778943671e+01 -1.896801141858450634e+01 -6.957267314137594028e-01
-8.734905050979308783e+01 -3.565097553924113072e+01 7.643731791950037291e+01 -2.497597587456318990e+01 1.263897595834250964e+01 1.105692780388758578e+01 -2.865489671190488252e+01 -2.465921516879950914e+01 3.462638605740163200e+01 -2.643682886219571770e+01 -2.580349978122080756e+01 -4.574029976292811384e+00
-8.201225865242902557e+01 -3.717500082511674719e+01 7.940464112176535139e+01 -2.531257394882794287e+01 7.810093794182390248e+00 1.071854678045957421e+01 -1.653122964923986515e+01 -1.396595664449253782e+01 3.994017117938054895e+01 -2.606759513050418064e+01 -1.412659228651943621e+01 -9.097119676866167737e+00
-7.180250293897532288e+01 -1.385335711364210809e+01 7.233951031427780265e+01 -1.689149357339179147e+01 8.302707260969388159e+00 1.382270701228176968e+01 -9.029431873754315774e+00 -1.529996550771174668e+01 3.718376935758357860e+01 -2.388630777070584799e+01 -1.017479053525971366e+01 6.247192813225792563e+00
-2.276080553858116673e+01 -4.576907485315591551e+00 1.034651188664704478e+02 -1.003844313541937083e+01 -2.282552563247618238e+00 1.039581845647776781e+01 -2.216155520083539088e+01 -2.097485592096582607e+01 4.232172264163887121e+01 -2.856541055207300772e+01 -1.428102156231655862e+01 3.638267026088442435e+00
4.407174781802382313e+01 3.571743154476329352e+01 6.400307999768087086e+01 -4.267852156765624727e+01 -2.592052095708080373e+01 -1.342415146249011393e+01 -1.959110054078066199e+01 -5.310975052669131280e+00 4.200831485877617411e+01 -2.002926570303148779e+01 -4.187554515393899557e+00 3.278278940976190992e+00
5.603407723282714414e+01 2.472687594717175230e+01 1.013474716093060657e+01 -5.950991248924291455e+01 -2.072255029481341282e+01 -2.237946318621730413e+01 -2.316408743544934623e+01 -7.116586832078745317e+00 3.284863884621567820e+01 -3.135285833761573571e+01 -3.235644714285681012e+00 -5.348906319098457374e+00
8.072606667120092538e+01 3.956602492371398228e+01 3.067687653774153844e+01 -4.120931720901054263e+01 -9.941270633041639826e+00 -9.324428341998990177e+00 -1.567564549964129128e+01 -2.360959653518465373e+00 4.767615690767193826e+01 -2.008073183101636516e+01 -6.359539111578431658e-01 2.519589099728126502e+00
6.956512742638685154e+01 5.180486374011918471e+00 5.028589513509546194e+00 -4.147279528357131539e+01 -1.631101558801881168e+01 -1.204820153251639958e+01 -8.005407987318111651e+00 -1.317425160654943284e+01 1.743741070737615928e+01 -2.256665511823734249e+01 -5.434694825995318723e+00 4.762978228407686032e+00
7.227875661319717437e+01 8.632035683587840680e+00 8.904188471012663086e+00 -4.408114239951247271e+01 -2.888396687729779799e+01 -1.411455299268060237e+01 -7.948801441811116142e+00 -2.208850706123283203e+01 2.383679051255122516e+01 -3.166888302736737160e+01 -1.449924412587429856e+01 6.354766225079817588e+00
6.111421144783608383e+01 1.104302177087392955e+01 6.608457005696473097e+00 -4.976568083127882858e+01 -1.641910203668125234e+01 -3.425970519958204008e+00 -2.463066192299164925e+01 -5.507213447119535310e+00 2.112459424359591864e+01 -2.698497685342191232e+01 -2.472960875542736403e+01 4.035455137728279240e+00
8.149201302175509909e+01 2.523347177703375976e+01 3.666272707844196077e+01 -4.789595080670005700e+01 -2.495316420855941431e+01 6.576419452850372771e-01 -1.453897090160861216e+00 -1.656833698092354012e+01 4.745328252776894828e+01 -3.253009374055189795e+01 -2.130994768694808528e+01 3.561204624122530582e+00
5.322603998721530161e+01 4.492994873804462941e+01 3.862634161760091445e+01 -4.480245403372586566e+01 -1.952857998433277231e+01 -2.172624266173595053e+00 -6.396196525841563840e+00 -1.109217805985462491e+00 3.347930779429506742e+01 -4.267303042722019057e+01 -1.769677557450339123e+01 1.130622915996987210e+01
6.859184066591436135e+01 3.322488971187749485e+01 4.295858471149331592e+01 -4.431423450576490097e+01 -2.043912478925010134e+01 1.364502922305899624e+01 -1.962867957492449023e+00 -2.026120735717670485e+01 4.809783059586683152e+01 -3.811561183046372037e+01 -1.842698628925790061e+01 2.101143688617149952e+00
4.026803346430037323e+01 1.322534523679247265e+01 3.388190580907971139e+01 -4.257643671188388623e+01 -2.184757420437044928e+01 1.426866425964374585e+01 -1.663995021790266549e+01 -1.643033411606760552e+01 2.938586390558189620e+01 -2.591518823651729519e+01 -2.412352090411526717e+01 -1.346576671920013979e+01
7.057166546743403046e+01 1.090900041233409468e+01 4.295614821343539802e+01 -1.234976277912523202e+01 -2.848413468769811985e+01 8.743439543581821738e+00 1.971918796469376289e-01 -1.213498044269352860e+01 4.041669240027663079e+01 -2.923146754027074223e+01 -9.387792200178999735e+00 1.491664241585983675e+01
7.475882683218941338e+01 2.904602101886837318e+01 5.388679556196521503e+01 -8.938804151491702044e+00 -1.992430419800901831e+01 2.015977904580369540e+01 -5.634873291303138743e+00 -2.167233025734570617e+01 3.705299430615903589e+01 -2.276679581492783200e+01 -7.051735080361005714e+00 9.527770425357157791e+00
5.962789792356859664e+01 -6.818485700414819384e+00 4.839926969756122332e+01 5.785164624555921620e+00 1.320112642793203950e+00 5.645729379038990636e+00 -1.973366175107729958e+01 2.839417575400604576e-01 3.920233375713300461e+01 -3.368135034901484914e+01 -1.266205827111178905e+01 1.690098786026521793e+01
6.752336848004237879e+01 2.404218719634597878e+00 3.632663065670695346e+01 -8.117655404753065795e-03 -2.958220893452202738e+00 -8.706472081273851416e+00 -2.719956317783680078e+01 -5.518529473830657395e+00 2.824658956949576805e+01 -3.288040916206720965e+01 -1.785546912778669082e+01 1.624725901012170404e+00
6.772993782172751764e+01 4.206333854438450537e+00 4.003756698864502539e+01 3.775465752501093952e+00 -2.785229307709739288e+01 -1.213651030583773149e+01 -1.982952065418137622e+01 -3.133560934322481728e+01 1.378364353109862428e+01 -3.108533669061991489e+01 -2.566698669296450674e+01 -1.293548001761107180e+00
6.726059529136232129e+01 3.756434960602274487e+01 4.921151689222286052e+01 7.698536209184294599e-01 -2.015030280281441932e+01 1.617925861183745795e+01 -8.690317709316145667e+00 -2.487234404644955532e+01 7.373544002817535414e+00 -3.067851269675263381e+01 -1.859796801102003627e+01 -1.288923750532512180e+01
6.740170152660357417e+01 5.914070121790947354e+01 5.340315512123127206e+01 -8.963050397530675895e+00 -1.548316470139225132e+01 2.737246565892830219e+01 -3.486124904609135378e+00 -2.165284187961272622e+01 2.147169439118160383e+00 -1.213408374043808990e+01 -1.526531115115091986e+01 -2.401060537819686047e+01
7.596190392431391558e+01 4.896855740760027231e+01 6.660845822240086989e+01 3.893693269688869751e+00 -3.727913314141542855e+01 2.175832450848918498e+01 5.509536772568625729e+00 -2.481873619511612361e+01 9.281433628460259655e+00 -1.582730049740444578e+01 -1.349598097545817410e+01 -1.592277577712477310e+01
7.510533593311046729e+01 5.865698926542248159e+01 4.996710588864421965e+01 -1.897243234470393780e+00 -1.965409501511891222e+01 1.028114172855114461e+01 -1.015240562077838682e+01 -1.890451235361476989e+01 1.155650384980443590e+01 -1.626952101779363957e+01 -2.802493999247068324e+00 -1.889097984311992207e+01
6.855233851452729255e+01 2.019005554040495198e+01 2.174996863123849877e+01 -3.043278483692787972e+00 -1.837487582286171772e+01 4.220990571222927201e+00 -1.378774475436418534e+01 -2.414744130648124099e+01 -4.611860593068196401e+00 -2.327411076936744649e+01 -1.309262805510128302e+01 -1.700787923140734037e+01
7.274119614743264606e+01 3.331735877160571846e+01 3.804368882307134925e+01 4.446164789912312898e+00 -1.783964438191446078e+01 1.096067784159609104e+01 -8.124711890542929638e+00 -1.979476729408877134e+01 9.227114985105345113e+00 -7.756708253264587682e+00 -2.370041079700758058e+00 -1.682089752901109847e+01
6.873548159390350065e+01 5.170992308144361971e+01 5.406185710930715516e+01 1.242340348603031330e+01 -1.223660963966704962e+01 2.966735202099683022e+01 2.272699278503483633e+00 -1.918937256581329009e+01 1.985539731669953767e+01 -1.343375539076292569e+01 -1.312002189760170090e+01 -1.845146533370438391e+01
6.595254404865039533e+01 1.972361471145035239e+01 5.732174998276474298e+01 4.098206540709433909e+00 -1.190491451827029579e+01 2.830260455129485919e+01 -1.225573061627363458e+01 -7.254174708503018820e+00 1.625994239791177876e+01 -1.862021253819047217e+01 -7.375690529358328362e+00 -1.017427794129271668e+01
4.448900135900635888e+01 1.436886815310899124e+01 5.249801842126626639e+01 -2.493487617985118732e+01 -1.487593942449949402e+01 1.264488479179799896e+01 -2.993330314032017370e+01 -9.297682332134918681e+00 1.461129101256958274e-01 -3.010706100480017255e+01 -3.821264150717922359e-01 -3.741372957243507269e+00
5.096641517250350262e+01 4.108593579594497669e+01 8.263356135877199904e+01 1.917260006437302167e+01 -1.488845370808045487e+01 8.137378993868587429e+00 -3.564695913958055939e+01 1.676360552622528921e-01 2.734189028734581584e+01 -4.718700836147516497e+01 3.612986519997752222e+00 3.424492624943987096e+00
5.840998980767701454e+01 1.556091316117776380e+01 5.346101248530540317e+01 1.676513691923545224e+01 -7.218382155181203075e+00 1.080569803838598197e+01 -3.801055096514842546e+01 1.632104394840969697e-01 2.021851066699660393e+01 -5.384511674817263582e+01 -2.482590016560111135e+00 5.723569544417523858e+00
4.848534729218957295e+01 3.557893486717822462e+00 5.905550330241509727e+01 3.687754287605574000e+00 -8.918893270529828499e+00 5.943104057403038709e+00 -3.937807510887856211e+01 -2.767894441325902122e-02 2.128327347381944179e+01 -5.095465762226335471e+01 -1.959302921810690634e+01 2.417965914155995044e+00
4.865040633220301913e+01 -1.100906567237409206e+01 5.545162355350662153e+01 3.572403064872285228e+01 1.010834522144020653e+01 1.055597259862203430e+01 -3.366725668981200670e+01 1.825497516700113465e+01 2.687119825890280822e+01 -5.135162678693405525e+01 -7.801762848759000946e+00 4.647373072121261384e-01
4.040729430728641347e+01 -7.934775293090619463e+00 4.413063532985943027e+01 1.541626592182245048e+01 1.151035021852522178e+01 -6.469501354525788450e+00 -3.851267196162291384e+01 1.339625310981820050e+01 2.196355297787384231e+01 -6.076955040808071828e+01 -4.487570309120445522e+00 6.573187101651492448e+00
2.807477482219232456e+01 -1.124858266327237999e+01 4.971039349324615841e+01 3.003625812242603033e+01 1.409524378628132979e+01 -4.192508969048917677e+00 -3.322526961967137993e+01 1.349802185002738142e+01 2.378164598264978125e+01 -5.673160979297860251e+01 -4.807023538119420181e+00 2.160794547833838397e+00
1.032897718807658549e+01 -2.149965680137159296e+01 4.413561722545772170e+01 3.641766123292345014e+01 6.878210594720675530e+00 -1.265327431768188404e+00 -2.891904913275959643e+01 8.388114532080029662e+00 2.640101095212147442e+01 -4.927502252052791221e+01 -1.288214180560771993e+01 -4.726673013430653381e-01
-1.585950425397276931e+01 -4.376049465552895867e+01 2.715007339166729139e+01 3.338130120644660792e+01 5.776963748154773093e+00 -1.055252394249193237e+01 -3.164606026885880397e+01 -5.224168870438165690e+00 1.705512211823002744e+01 -3.896524733024378406e+01 -1.512748312446042753e+01 9.847873736298637937e-01
-4.285068799229844672e+01 -6.272486591327375294e+00 3.819313327441531669e+01 3.535100665327743741e+01 -5.107368071088020933e+00 -1.202804013773949876e+01 -2.681255374536835845e+01 2.011742253215819676e-01 3.304403793330708083e+01 -3.029586211725935385e+01 -1.019428914562283595e+01 4.635177395107908715e+00
-5.991407203268339288e+01 -1.793136622184847706e+00 6.831753428864487887e+00 8.022129848516581063e+00 -2.584738308822417707e+01 -3.404819799663364677e+01 -1.671725795048205043e+01 -4.224428330599488746e+00 1.535678718240440688e+01 -4.518253086477543690e+01 -3.647373931696219529e+01 -1.222858921508150054e+01
-6.343856177834235410e+01 2.294394383719021846e+01 2.018173208199583257e+01 1.115906792104983758e+01 2.414554533364862809e+00 -1.525394329375989244e+01 -3.145355464455567684e+00 -7.366255375214089796e+00 1.087855545970383275e+01 -2.596977687714406358e+01 -1.384193885687735559e+01 1.825463591450473322e+00
-8.663774566507049713e+01 1.249191126028648746e+01 1.023163645893001394e+01 1.209391448337978403e+01 2.794438054931981164e+00 -2.002468656389258861e+00 2.099996550868080014e+00 -1.570720621443565967e+01 9.539614518032156099e+00 -4.722393453326687585e+00 1.805386871858619013e+00 7.303239757091123607e+00
