-1.031659770564590985e+02 2.375649633279541817e+01 -1.147529735037043608e+01 2.905139731117233026e+01 -2.017915064873211151e+01 1.746805460250818243e+01 3.212256117471687933e+00 -8.537705860536654257e+00 4.661637978646607117e+00 -2.560720825239753751e+00 1.903599754557520640e+01 -1.699583110776172079e+00
-1.115588809014966785e+02 3.015701554846528154e+01 -8.380368881976114181e+00 2.734857523961953518e+01 -2.735553689086983553e+01 5.673595300313325041e+00 -9.017279883895511716e+00 5.805508419994267477e+00 1.771872390054597091e+01 -7.372179235381839391e+00 -6.210954032841180528e-01 -2.107226165731899137e-01
-1.054904846588801064e+02 3.226908068425255038e+01 -7.067611895604457573e-01 2.954333321401536949e+01 -1.902899770781371203e+01 3.918711781687271412e+00 2.611075477297726266e-01 1.117127165692814117e+00 2.358946509942175140e+00 -1.148339161487903937e+01 7.699300850071439051e+00 -2.638848462438947884e+00
-1.019084490272397261e+02 2.505843042794483821e+01 -1.619448210835274793e+01 2.234051163941704488e+01 -2.485930381786420540e+01 1.691189305635122508e+01 8.389365001005078426e+00 6.717621153738902784e+00 3.188936264376047269e+00 -1.617818357777146332e+01 8.004671605187642314e+00 4.704937753282870672e-01
-1.041227345856997033e+02 2.284672463494739958e+01 -2.902883821695433753e+01 2.702098104052417327e+01 -2.428308164728147389e+01 8.905843095097822903e-01 2.098233704083082962e+00 1.359802098673794646e+00 1.767067698114739294e+00 -1.334203003518225739e+00 5.419742137223535039e+00 -4.905981399974733037e+00
-1.352301083714507968e+02 -1.837742401127996672e+01 5.803658851423568521e+00 -4.577248304299650350e-01 -3.667490160321954562e+01 1.800054361278110804e+01 -1.439190930920874756e+01 3.146141972773314865e+00 -3.009074791590617082e+00 -1.319982037898891924e+01 2.413962699744007168e+01 -8.383103851599075895e+00
-1.180937171476950027e+02 7.072695266925709490e+00 -2.150422831423613346e+01 2.576808439243544768e+01 -1.345520327995278187e+01 1.012208432838335526e+01 -9.866106844010767318e+00 -1.905975506476265569e+00 5.226059167690529250e+00 -6.328611028699260288e+00 2.217389823307266283e+01 7.434173478825610637e+00
-1.069560692104575139e+02 2.068446524153566912e+01 -3.540227944010889871e+01 2.127994124810051346e+01 -2.275649398456849326e+01 5.752948981202912648e+00 5.267821278482562875e+00 3.301791740759683069e+00 1.559342662030838156e-01 -9.589794047607757221e+00 1.103342604171858810e+01 -4.170564729276660110e+00
-1.054983057440924625e+02 1.754353187440153050e+01 -2.167002105212571195e+01 2.540113440086816610e+01 -1.690190971265210607e+01 5.111544352389918444e+00 -2.578109004038510399e+00 -2.615612667359137777e+00 4.421209459711844758e+00 1.563586728422853289e+00 2.004810318842166339e+01 1.257490574938945560e+00
-6.084924095449355264e+01 -7.019485482560679657e+01 -4.864915379414715346e+01 4.635101258393399348e+01 -2.964268768217313621e+01 -1.496675806884857707e+01 7.068662123904925210e+00 2.340935007280416968e+01 4.096635198944073686e+00 5.622605619609089445e+00 3.976018816335519546e+01 -1.889216569300387505e+01
4.382188928907502401e+01 6.460555357997324499e+00 -1.949887332637677417e+01 1.253693364576920644e+01 -3.466063597080690784e+01 -1.015921456230343267e+01 -3.509497987472268488e+00 9.656415672580777709e+00 -1.141211954455479471e+01 1.082589132105310448e+01 1.945860464669745227e+01 -3.366297200577413662e+01
4.697254440978939272e+01 -3.997776908103899984e+01 -3.679742610305553541e+01 1.990946907647572672e+01 -3.235557350426265089e+01 -2.561728477809609572e+01 -8.114084805298436009e+00 3.456870087896015242e+00 -5.752271148500096132e+00 1.762062541343238209e+01 3.088135225506402293e+01 -2.448198579260474261e+01
6.690789472183513453e+01 1.141682592043416022e+01 -1.251968217362197677e+01 2.302699956566145190e+01 -2.725043875243218849e+01 -3.784741676545576361e+00 -1.821366021878818486e+01 6.103299023609577212e+00 -1.681994306373698400e+00 3.003834402526244673e+01 3.005764997960411833e+01 -2.255925787472335386e+01
6.102714571433894264e+01 -7.725049548129721444e+00 -2.609630262930037503e+01 1.680009323672622124e+00 -3.647326358441594607e+01 -7.889624739601612369e+00 -2.363318982086263453e+00 -7.927885073339743016e+00 -9.935580665730718408e+00 6.050673210225994580e+00 1.362545466374632852e+01 -1.162350444867978538e+01
6.463797451193146060e+01 9.353381176892845872e+00 -4.741847289284964795e+00 4.934915174441169228e+00 -4.104786819273204657e+01 -1.976291244153966176e+01 -1.560638346276662070e+01 -4.318150981938273958e+00 -2.059282090505933915e+00 7.215697911336915737e+00 1.241808355528943153e+01 -2.522054114448517481e+01
5.626161318787771393e+01 3.491526344656192293e+01 -7.545220474050566395e+00 1.088980591990143409e+01 -3.332219052827682049e+01 -2.305153396451369474e+01 -1.293084253119823757e+01 -3.582307672319128500e+00 -7.658835458951164021e+00 3.974467601454391819e+00 1.534911867584422751e+01 -2.393922418985290079e+01
4.655728926929408118e+01 3.967466709794538104e+01 8.180953457890849378e-02 1.453179407694069880e+01 -4.243936412690422344e+01 -1.407192113711185399e+01 -2.493918033877092455e+01 -5.800090945457134772e-01 -1.480028708601243714e+01 6.355026544065101035e-01 1.287353696169283168e+01 -2.694925250548867979e+01
3.795468030047345565e+01 5.686173060450850869e+01 8.089671319936272198e+00 2.144757780634446220e+01 -3.419868201317567724e+01 -1.236854788045887865e+01 -2.834987904997229435e+01 -9.841349143335659022e+00 -2.174690478094215962e+01 -7.487520839601520706e+00 2.604332450658774079e+01 -2.627843554757976818e+01
-1.288709566813938956e+01 2.919446211967652260e+01 2.308465606380512014e+01 1.391556147627387396e+01 -1.821281331069385345e+01 5.082771856807724475e+00 -2.744015591187126546e+01 -1.942522815075398412e+01 5.541262931095889854e+00 -1.965490868804785851e+00 2.582415517972276575e+01 -2.198036599644424527e+01
6.231714675610257714e+00 4.451455897050169597e+01 6.744230889252670558e+00 2.481848757721401455e+01 -7.927267785643176801e+00 1.525548098081107895e+01 -2.169504637098452804e+01 -1.134922239252901832e+01 4.795021556749828662e+00 -1.979205011560172878e+01 1.173632150625033077e+01 -2.983910986447283165e+01
9.164789428493477885e+00 3.314491422697644651e+01 -1.795178136774562461e+01 1.060802349325043537e+01 -2.701523871462799065e+01 -3.726258740390450352e+00 -2.340309509703426727e+01 -2.088698444838972268e+00 1.329099997942478950e+01 -8.409880780492750674e+00 3.437302315763016036e+00 -1.988583804572343894e+01
-2.872098752574555380e+00 3.374439814960708617e+01 -1.476324366108768871e+01 2.144453639231323194e+01 -2.218103717429584520e+01 3.337850664836464532e+00 -2.911978462651685007e+01 -2.478229115096936397e+01 1.032604579447007964e+01 -9.805183131693649301e+00 9.872295349237884210e+00 -1.472043790960448106e+01
-2.219761669043269592e+01 3.982736705278361455e+01 -2.196920352862841241e+01 2.243233341082910925e+01 -2.539390364692918922e+01 -1.420090405641836462e+01 -3.394032780341679967e+01 -1.608610264916428179e+01 7.407934236102185821e+00 -1.148539516846819453e+01 3.627548880248863572e+00 -8.476509841478158336e+00
-3.401406303811502596e+01 3.886499482369283953e+01 -2.696470325973889359e+01 2.569808169634929840e+01 -2.289944209194278102e+01 -9.670382083383937122e-01 -7.813299446969095285e+00 3.217982891674112444e+00 1.412697824961551518e+01 -1.608485874624867584e+00 3.133564142285536924e+00 -1.603682777737317267e+01
-4.051160833672966533e+01 4.243958879491832192e+01 -5.104954597826025342e+00 2.427149259765089440e+01 -3.149338942713403711e+01 -2.249741008596470415e+00 -9.405799633269236182e+00 1.073303143124592740e+00 1.838177129678263810e+01 -9.483977192868778161e+00 1.765472388779930846e+00 -1.195891260418036950e+01
-6.334051913443985882e+01 3.329768295247279752e+01 -1.311354968479714245e+01 2.806023274340725138e+01 -2.110606760155609862e+01 -3.852317700600870864e+00 -1.958465463079582136e+01 -2.665389357880464871e+01 -6.717511202305574969e+00 -1.896083746091380107e+01 3.398675678848221526e+00 -3.111911401419191758e+00
-8.671341021131570415e+01 -8.847994884654296399e+00 -5.248718432813216594e+00 1.336695550564543922e+00 -2.826382613008219380e+01 2.119105887620428774e+01 1.255009505012139037e+01 -2.074671332865831985e+01 -9.797005148037168709e+00 -8.572603697211203411e+00 8.270925950522219239e+00 -2.705116874576275698e+00
-7.329337427314287368e+01 4.280342990972867767e+01 5.825789355418255155e+00 3.371274133504492454e+01 -2.002967247049343058e+01 6.564690452578359370e+00 -1.832372610945435198e+01 -1.422698136931669310e+01 5.405492297032980176e+00 -1.477773954871161699e+01 -1.419523297382649929e-01 -7.180595886180748622e+00
-2.706535695391431773e+01 2.184980887392522320e+01 1.983054995927649244e+01 -2.904911416502729082e+01 -6.855056048971205485e+01 3.243245074930403860e+01 9.439247016319484374e+00 -2.869975423040011719e+01 -1.722418751147031202e+01 -1.778510750620365855e+01 2.904591870537038378e+00 4.969303079709121107e+00
-8.294345869859515119e+01 -3.893316610698986580e+01 5.587508306675180947e+00 -4.716317078350870418e+01 -4.030961036407616405e+01 2.616223168048375669e+01 -3.996019138570154894e+00 -2.570247071615415635e+01 -7.831230792015060338e+00 -2.230894435948274435e+01 1.120845410075793325e+01 1.530610057857357198e+01
-1.548846127340681846e+02 -2.611761804649160013e+01 4.025834960134054086e+01 -3.150927939608989448e+01 -1.605198238261048971e+01 2.098976644532180558e+01 -9.755087533359054319e+00 -1.153633322044745668e+01 2.550072687099898872e+01 -4.076072325885435887e+00 1.282311392492277236e+01 7.708724867631845612e+00
-1.711347468607443716e+02 -1.926880964178128508e+01 5.435891487791396770e+01 -2.238851154085826778e+01 -1.734189221401732794e+01 2.961702597944969995e+01 -1.182167234637375941e+01 -1.494499236019256116e+01 5.536261029564165881e+00 -8.344003036788613770e+00 2.272428645289522109e+01 6.956072881535256158e+00
-1.966271472522750514e+02 -3.007235858952486396e+01 5.995290516897703981e+01 -1.904843147762947098e+01 -1.207255374761504996e+01 2.474975894285159228e+01 -1.312193344700773423e+01 -2.062964334010329281e+01 1.499660834375909602e+01 -1.523904667964185045e+01 8.009042493729092271e+00 1.453442757274565622e+00
-1.136442231200500999e+02 -1.802621961012329521e+01 4.020447645956502924e+01 -1.770766162686881273e+01 -2.078172843422996152e+01 2.934179378930414828e+01 -6.084715412455249606e+00 -1.680786755838447277e+01 2.645138852199427149e+01 -1.606069937298529027e+01 2.099609281094554802e+00 4.219355617214517906e+00
-2.144547938093608082e+02 -2.287823290420153555e+01 6.437964237541862644e+01 -1.479343557469709225e+01 -2.300981307730304337e+01 3.478854324131840059e+01 2.883089386132523302e+00 -7.271738890680191858e+00 2.005339003764604300e+01 -1.823246202027276297e+01 8.988337333784123473e+00 -4.599531236409407420e+00
-1.587002187438774286e+02 -7.275339805644970070e+00 4.517426984062446849e+01 -2.474172988140423968e+01 -1.907132216411424253e+01 2.916807448234870392e+01 -3.853853067588901560e+00 -1.707640338963748761e+01 2.418659089716218347e+01 -1.041142505380373073e+01 7.502121193034227531e+00 1.050739365416920146e+00
-1.245544245836363899e+02 -1.235787645965222126e+01 3.873622410975487185e+01 -2.422962494937151590e+01 -8.204820196025799817e+00 2.393104547592950837e+01 -7.947499805173036336e+00 -1.216214015245504854e+01 2.570758909003023973e+01 -2.025931886770762702e+01 8.929838154822050456e+00 5.627578386943595135e+00
-1.674633394417636509e+02 4.360546178258619676e+00 3.922825333553785754e+01 -2.786481892518462544e+01 -1.076080560894842364e+01 2.714735205978877630e+01 -4.505387751114753314e-01 -2.046990274034996915e+01 2.057728306857841005e+01 -1.428598448019783085e+01 1.273593858182801419e+01 1.981786481427354918e+00
-2.268708827456580650e+02 -5.579521780170997758e+00 2.367879613876503697e+01 -4.904267998613556045e+01 -1.653854081338434412e+01 1.663091127338645947e+01 -5.434543958687120480e+00 -1.755182685690027000e+00 2.692962999785974176e+01 -2.649138060853466925e+00 2.117497818244993013e+01 3.858924533934587231e+00
-2.010387861426340521e+02 -3.870752168832081175e-02 3.145522030501729205e+01 -1.456381902395824568e+01 -2.102727102550699811e+01 3.621712562969128868e+01 -2.974175105620322501e+00 -7.332757772128978502e+00 2.501759969655552140e+01 -2.935538409937242932e+01 1.889974115232991991e+01 -4.914921003911850050e+00
-1.527591925985306034e+02 2.257476884101284398e+01 5.694268305468656877e+01 1.828405157876685649e+01 -3.100600747392831380e+01 3.010691372379732300e+01 -1.239701888929029749e+01 -2.057927479228553125e+01 1.678420671751111115e+01 -5.065660787029393042e+00 2.869573907194232021e+01 -8.201695410247975104e+00
-1.195720834320925405e+02 9.827201861414087247e+00 4.931007493133387243e+01 1.625748070915586929e+00 -8.612073701049208552e+00 3.494968974218609503e+01 -7.723803203397312522e+00 3.214934677197628154e+00 1.338785987080730777e+01 -2.743052442996589946e+01 1.576898475032950131e+01 -1.357894929762317737e+00
-1.265791122200520817e+02 1.106750327518362020e+01 4.636968917096536558e+01 -2.944972235140855155e+00 -3.993874289773518882e+00 3.488838280413151693e+01 -1.352187561398540794e+01 1.219760432304366127e+01 1.195144808218628896e+01 -2.363924293104975050e+01 3.605074342702260459e+00 -6.780211130139417008e+00
-1.443047564893578283e+02 3.557884715410206233e+00 4.111034300737522784e+01 4.325603648970060000e+00 -1.935613728055674088e+01 2.763705977818981552e+01 -2.167481986057826049e+01 1.391268933341083702e+00 7.637347896481076148e+00 -3.079221006459485821e+01 1.067429842878033597e+01 -4.131271292053353861e+00
-1.265627290906654423e+02 6.247997378064063412e+00 3.041008401728844746e+01 3.900300182315751041e+00 -7.787158819932812115e+00 4.037868320143276435e+01 -5.341875053824109543e+00 5.273070757193825564e+00 1.910769575304276913e+01 -2.508570677042089869e+01 1.043142527535481534e+01 -5.523603361231645970e+00
-1.472528906663990824e+02 -1.826478056079553625e+01 -1.837814509899912796e+00 -2.958976173873258020e+01 -4.340333032542363156e+01 7.987413770272900670e+00 -4.138464800770184127e+01 -9.042098568527570990e+00 6.744660226444798568e-02 -3.442768938675583001e+01 1.801109836572298617e+00 -5.831037162468353685e+00
-1.229212118435463594e+02 1.365212536830909684e+01 1.374375171652054561e+01 -3.062455438123011575e+00 -2.213749920832305662e+01 2.562787362647769385e+01 -1.509792140828887597e+01 -2.157288892669351643e+00 4.305314059757157530e+00 -2.227667730724698458e+01 2.438727728313173770e+01 1.397628635319291135e+01
-1.139761368231666694e+02 5.974758417710951619e+00 4.505576879149193914e+00 5.021086313488023478e-01 -1.565690046084945841e+01 3.824518694223016979e+01 -1.799694111563223231e+01 2.796311574364779506e+00 1.260320715067163455e+01 -2.533797765442825067e+01 1.105357081299874267e+01 -2.509660242201595892e+00
-1.055935373490791136e+02 1.758026707947588818e+01 1.278092429831536947e+01 1.882209089716547723e+01 -3.066423587742702406e+00 3.462883763168413509e+01 1.748501100820953225e+00 8.305197311146189421e+00 1.255388048441252025e+01 -1.182080889181102989e+01 1.115624117251909730e+01 1.401290245439441584e+00
-7.234184509862085122e+01 1.041350019570885799e+01 -1.130715894035569136e+01 -8.243451287169580866e+00 -6.034308330928546127e+01 -3.658505395483186096e+00 -3.210543643023856930e+01 -3.471113835003578174e+01 -5.635918119259184067e+00 -3.386941106459521222e+01 3.696171046271734983e+00 -2.972996839859064266e+01
3.810703344455828301e+01 4.467545865212775169e+01 -3.683447343063990687e+00 -8.478150614987097100e+00 -2.959643816493528590e+01 3.108816595669088301e+00 -1.416177405905098041e+01 -1.405799508528893504e+01 2.058554066047731723e+00 -1.138458210432357021e+01 1.016648921299182540e+01 -2.398970557419157323e+00
-2.161428524570269794e+00 1.329195383928852614e+01 5.937039945899769577e+00 1.152082729973683684e+01 -2.811803441915087731e+01 -2.726494716022846543e+00 -2.761189480176131639e+01 -3.681151709509455827e+01 8.624256015230798766e+00 -1.268498110850299732e+01 5.479306184830130988e+00 -1.201427399992122602e+01
-3.119972545190409363e+01 3.462461648882712240e+01 -1.658420202196908333e+00 1.951125179365019235e+01 -2.416546791087944968e+01 1.874441660241243035e+00 -3.606444875450331722e+01 -2.121812789389752751e+01 2.005882530950241716e+00 -2.226231559857276210e+01 -1.616236879868648302e+01 -2.528289110148763896e+01
5.331732498028994627e+00 -1.051257510595442035e+01 -1.751879758231290651e+01 3.875910077834175738e+00 -4.503779540621300015e+01 -1.919000389812999074e+01 -3.289314396319637268e+01 -2.151589192688041052e+01 -4.160409487607349632e+00 -2.975548094181348091e+01 -1.300706993158543767e+01 -2.312429803486029201e+01
5.223318144775397798e+01 6.171612421458947750e+01 -7.223926448496712283e+00 -7.320349920784058106e+00 -2.492278633841944924e+01 -1.034291626221112814e+00 -3.406462046080162054e+01 -5.266875885880975439e+00 -8.984419180799360305e+00 -1.601702802743613674e+01 2.578030567420982067e+01 -1.081525645359912602e+01
6.067451479017853444e+01 4.287231728428820077e+01 -7.070989423782119587e+00 -4.461401288134768883e+00 -3.232332380039281361e+01 -1.191972452053835241e+01 -3.269732119307138163e+01 -9.271546186209885576e+00 -1.152298211994200550e+01 -7.226426386162057014e+00 2.949669529016886571e+01 -1.121354453712248755e+01
6.632616110033042389e+01 6.464533321753731343e+01 -7.347239894429856477e+00 -2.110734348745111078e+01 -3.629134007464399758e+01 -1.450158210942008274e+01 -4.063336463517320851e+01 1.415154992471616247e+00 -1.672091254425582108e+01 -5.155755729456574343e+00 2.903544259803472372e+01 -1.217849100670121487e+01
5.391110810869392367e+01 5.525347357302919704e+01 -1.271552036391049256e+01 -2.206500049104835881e+01 -4.097032008922154489e+01 -2.232421574998640423e+01 -2.736581492044003738e+01 -5.883711078817854379e+00 -1.715316597411264965e+01 -1.258992013871461424e+01 3.361681029072398985e+01 -1.511585895716077133e+01
3.439037150280887545e+01 2.809093776821757871e+01 -4.438249088884830051e+00 -3.045646596876532186e+01 -7.161340676329359667e+01 -2.107806077678442236e+01 -3.561823848797471470e+01 -1.858965827948810556e+01 -2.709542242038252269e+01 -1.621509899700254209e+01 9.216133424239659533e+00 -2.569960986424753813e+01
4.538090201790559775e+01 6.340097286013607203e+01 7.157438782893486007e+00 -1.321478278883163071e+01 -3.472666329754134296e+01 -5.079804323948638789e+00 -2.270898418025295129e+01 -1.120329756099634366e+01 4.385324627058691860e+00 -3.625130450580074104e+00 2.378418477196882819e+01 -1.240758353615553133e+01
3.741287710252028376e+01 6.029974352435878870e+01 1.073268493097745058e+01 -1.288356158819749808e+01 -3.276453215607234881e+01 7.257696662802688436e-01 -2.831579522505901281e+01 -5.572357280401876167e+00 -7.906671950556482642e+00 -3.313637252430134073e+00 2.725566862196063056e+01 -9.569339370288789226e+00
3.132744737311711702e+01 4.137378759957238117e+01 4.517045818783836708e+00 -4.018497431599927339e+00 -4.474242281424017165e+01 -1.370775032383296121e+01 -2.326541064736144904e+01 -1.745935356026518548e+01 -1.579863178810189339e+01 -6.061068212417080048e+00 2.973774960857910088e+01 -3.410826041128903796e+01
3.778350164348579199e+01 6.834786976043527318e+01 1.334025836940034893e+01 4.115082136432940629e+00 -3.573231182530787464e+01 5.055154470988810544e+00 -1.376096894655423242e+01 -1.175443761427202460e+01 -4.709650644416694121e+00 -1.236380127886725155e+01 1.445002919079266057e+01 -1.624066283488708962e+01
2.734113804331230568e+01 4.578111941413425257e+01 2.488000604867918852e+01 1.926192416077962832e+01 -2.743032906888640099e+01 3.513431134652869048e+01 -5.839528315986157736e+00 -1.792329711172420303e+01 -8.499198101721898269e+00 -6.551841190114087610e+00 1.748806090515442779e+00 -1.657506527329658397e+01
-4.938099301157119214e+01 1.568237282028083079e+01 5.820723083396225661e+01 -3.118837062350696687e-01 -4.089962864784730812e+01 2.623423193028868639e+01 -4.553734348956011146e+00 -2.460951347535375788e+01 1.239767063732972829e+01 4.898135542231565331e-01 1.214853312918891604e+01 -2.026887701358916516e+01
-9.468886800163153339e+01 -1.784349770340054775e+01 4.918405288451776158e+01 8.452392557458322520e-01 -2.398436613717009180e+01 3.277895591147684939e+01 4.502775829064324498e+00 -8.197963968024476245e+00 1.348272405298260601e+01 -1.045985548623535522e+01 1.328475888373551328e+01 -5.188500072471411428e+00
-1.391806103646101747e+02 -1.918897295798362990e+01 6.022028456819404596e+01 7.008079335497332529e+00 -2.345840323865768795e+01 2.278468913392685380e+01 1.535867603866316600e+01 -6.165068347056926079e+00 1.464067446332153466e+01 -1.350104844875465915e+01 7.309950575669835082e+00 -2.602734328513706785e+00
-1.346476482628787039e+02 -1.657951548923391272e+01 4.529174784349289951e+01 -8.414175420238828806e+00 -2.756145409093925736e+01 1.727044372524963123e+01 -7.218947519139717883e+00 -2.525549270820625125e+01 7.463796187137393900e+00 -1.694392622241743140e+01 2.114442125286267515e+00 -1.666658343961635591e+00
-1.823741480695119037e+02 4.949711318920222425e+00 7.687214556990659275e+01 -1.276465293369061804e+01 -3.331252309374973919e+01 1.725575085960904786e+01 6.288132108256345276e+00 -1.308690161739572666e+01 3.691003872371747541e+00 -2.161720831322811165e+01 1.340074956787463201e+01 -6.016792594431825236e+00
-1.845813069091875036e+02 -1.050101045694962920e+01 3.572128370249781426e+01 -1.970994697205664892e+01 -3.543607750636312659e+01 2.420082053493497654e+01 8.440223120838252768e-01 -2.318595513771740713e+01 1.495032930375359115e+01 -2.177524349955302441e+01 -4.025748405835413379e+00 -5.333921286465324485e+00
-1.519363547256291724e+02 -7.484596510189056140e+00 3.452689815279067886e+01 -6.257250737705740917e+00 -2.579438382806045738e+01 3.318871045179882628e+01 1.068355361988425578e+01 -1.362413533667236010e+01 2.130417003133365483e+01 -1.379214023131225275e+01 1.233840497393185487e+01 -8.689582586070745407e+00
-1.540487395288304242e+02 -1.227093922364209710e+01 3.951635648699407000e+01 -3.324982701703099952e+00 -2.483915521626115819e+01 2.625722216046133184e+01 4.938099601812631079e+00 -1.312179965887499122e+01 2.072545699367242023e+01 -1.296871547256965940e+01 1.916010303528107528e+01 -1.041559872594629610e+01
-1.637773029015801285e+02 -4.054721702113729620e+00 4.830142671743528382e+01 -5.138935540705964478e+00 -3.368490471265224073e+01 3.180307949506245535e+01 5.390900921663005718e+00 -1.149096320302221663e+01 1.705647854297618693e+01 -9.267243816016275559e+00 1.229268469403394803e+01 -2.291787964226730878e+01
-1.737009923410005285e+02 -1.401217915592949481e+01 4.036033368764244500e+01 -6.868350370986274100e+00 -3.973713502542354092e+01 1.714418350350547016e+01 7.932639445068262241e+00 -2.116841331385634106e+01 1.051345644168762483e+01 -2.276820794058270891e+01 9.856794485117816862e+00 -1.509858329019741774e+01
-1.483112408263968973e+02 -1.757344027043465218e+01 3.410520778592918134e+01 -2.654171796643145509e+00 -3.449774739671509849e+01 2.223419151172564412e+01 9.363936029444797526e+00 -2.177945618346424439e+01 1.818214965021786966e+01 -1.223811190532116910e+01 3.547059445211745654e+00 -1.806624052514440848e+01
-1.457552560627443654e+02 -1.840529516406188293e+01 3.672841324646147143e+01 1.015608589809433582e+00 -3.288021769280602769e+01 2.118403520311240840e+01 7.702737806296758194e+00 -2.101743973898096840e+01 1.950100218310685918e+01 -1.357888832420882608e+01 7.646783610071839377e+00 -5.643148542409266000e+00
-1.860093815426684500e+02 -2.826508616396823115e+01 5.014136791676899918e+01 -2.196879629411676049e+01 -4.354698256518135224e+01 1.928752101136862507e+01 7.604633149675009918e+00 -2.139418996511212612e+01 1.507742389662248428e+01 -9.514766337230179616e+00 6.920788276748077728e+00 8.134405062976703960e-01
-1.389875800571371656e+02 -2.114918507796463132e+01 5.445583172247492598e+01 -9.096491816414181031e+00 -3.425256598295449351e+01 2.526783367831367144e+01 7.700973448719494741e+00 -1.270428694809414516e+01 1.625717687977608250e+01 -1.170345862335598497e+01 3.693250193371814927e+00 -1.626343845702868762e+01
-1.498573135897075304e+02 -3.890019640965506653e+01 4.728544912735155492e+01 -1.132626083812106899e+01 -2.786901657526365739e+01 4.097207705868945027e+01 1.487830796157988011e+01 5.411879160668497946e-02 1.304298717585131229e+01 -1.462437510593764145e+01 8.497077765237230906e+00 -1.099618604986071801e+01
-1.607896784015755998e+02 -5.050890445237745041e+01 3.459500695203426801e+01 -9.799436044634790122e+00 -3.922813916212727747e+01 3.039595320463197226e+01 9.461898185939096706e+00 -2.119333990026889580e+01 -3.163919593853651957e+00 -1.375326142870492951e+01 1.589782407400583963e+01 -9.985785661070039509e+00
-8.958041477715758560e+01 -2.623053174955815692e+01 2.616652289699652201e+01 -6.046820296794342298e+00 -5.608190659279583201e+01 1.643959052210646377e+01 -2.377577080342521576e+00 -2.457753966901601927e+01 -8.949259295972623818e+00 -2.297098965164471807e+01 7.025262982895860375e+00 -4.448074141716895191e+00
-9.361591974304712949e+01 -3.992579607683660470e+01 -1.626690897775283862e+00 -2.162467439886988885e+01 -4.097397233256694449e+01 4.745250935546886240e+01 1.830003943094039442e+01 -1.120207536192190112e+01 3.192181105038167210e+00 -1.037267723417180854e+01 1.247527778840466794e+01 1.377591132950972863e+01
-8.269171027454292755e+01 -5.154946407199782143e+00 -8.207301254411065727e-01 -9.799217916826176378e+00 -3.771956283028906398e+01 3.838468370884087477e+01 -3.715791303513243271e+00 -1.333298019057146888e+01 -1.696302637371373878e+00 -2.549265292006429462e+01 2.063938670130624153e+00 5.384952255776457086e+00
-9.468120834214485626e+01 -2.121213465640069185e+00 3.020910262165987348e+00 2.124510164167944914e+00 -3.999477017381688881e+01 2.803203839947104470e+01 -6.460603227271174198e+00 -1.411043228409201156e+00 2.010179082864802957e+00 -2.291301342983372891e+01 1.673777264763807437e+01 5.692250957292865898e-01
-1.173002953902896479e+02 -1.481523582716447685e+00 -2.731705087792405173e+00 7.205082619349585826e+00 -2.028165181515528559e+01 2.531773311738357535e+01 -3.521568239018634916e+00 -1.024290147050572752e+00 5.454570345640367357e+00 -2.030119914070522213e+01 -4.667373883659342582e-02 4.828103671323642487e-01
-1.275555418682722575e+02 1.265398315757521175e+01 2.930034649085951237e+00 1.704387718667810248e+01 -1.881589299575774987e+01 2.830024799946249203e+01 8.363149933197577823e-02 -5.441561402782520318e+00 -7.429032059945259725e+00 -3.102062120843659443e+01 -2.143697585716438869e+00 -7.975816977565576948e+00
-1.236267637994055661e+02 -7.378583768281838040e+00 -1.879782780641741624e+01 5.817645089409689163e+00 -2.383591665789633396e+01 1.427477146283259479e+01 -7.640186249402156626e+00 4.313325952734388125e+00 1.085956321601837971e+01 -1.583199487715316423e+01 2.351319272246190906e+01 5.252788905044305956e+00
-1.046989756180003184e+02 1.093179985494181494e+01 -9.358878308710742999e+00 1.751386079712767696e+01 -1.958591074424007417e+01 1.579185112731192220e+01 -6.642130795219075345e+00 -5.242001545932716944e+00 -6.213651272708085038e-01 -2.032472002556567148e+01 1.737037846293717536e+01 -2.883005046465640930e-01
-1.196479994601496486e+02 -1.093056812520434073e+00 -1.061141068159008682e+01 2.194601612932980572e+01 -3.099205601728904469e+01 1.733305799800170277e+01 -9.224661892357865156e+00 4.628553271930614166e+00 1.407702041453240405e+01 -1.257871470928541768e+01 1.334031763271906001e+01 8.840590685942613547e+00
