-6.542011409207458428e+01 1.641514389866948420e+01 -1.078376248697586703e+01 -3.316584683230951214e+01 3.587431380891712251e+01 2.627111601211195691e+00 3.521066068501768598e+01 -4.854158582061671723e+00 1.659163016415683245e+01 -1.047800259737157802e+01 2.570931559505680042e+01 -5.658165052240374138e+00
-8.582274541359649334e+01 1.112624602679430907e+01 -5.936792188347606469e+00 -2.713651832656097085e+01 3.966402140897717032e+01 -2.192467490461880608e+00 2.872417747845652514e+01 6.435761508331063752e+00 2.414092112794665113e+01 -1.094433846254038833e+00 2.634886814717332726e+01 2.156929872074199839e+00
-6.359813141067428433e+01 1.923401819942532143e+01 -3.456354051759715773e+00 -2.642033935230860564e+01 3.371246236648332228e+01 -7.068639672263044460e+00 1.939650239197252191e+01 -8.848898944937143796e+00 1.484973767958135582e+01 -1.797914294496867882e+01 1.665546012346936777e+01 -5.066348098071284944e-01
-7.899154602865249331e+01 2.004345345355538655e+01 -7.030797820891059757e+00 -2.295863102919374299e+01 3.007680925697495411e+01 -3.447657861266169910e+00 1.569557493876741638e+01 2.630266977548769702e+00 2.072648560323452926e+01 -1.786345171137421417e+00 1.535905049775325182e+01 -5.914788102244740386e+00
-5.886226030719458180e+01 1.446458952706380785e+01 -8.159798691732996545e+00 -2.723266363934619250e+01 4.427264079154272736e+01 -6.365706012628790766e+00 2.335224661405435853e+01 -2.076846017432213287e+01 1.078919607592517949e+01 -1.923147082479267667e+01 1.164382582385845843e+01 -1.832094139962576307e+00
-5.528834467411087417e+01 1.442901297657108373e+01 -1.034247187020713987e+01 -2.528412005154277864e+01 3.901158188319027431e+01 -9.127392613642793862e+00 2.149919032484577741e+01 -1.972368112064847878e+01 1.084471872657971758e+01 -1.116382028082393951e+01 3.111958794721143562e+01 -7.674207058141167437e+00
-7.706347977115622427e+01 1.353093615295206931e+01 -1.232517748397825841e+01 -2.912448750590019841e+01 2.181181211696772948e+01 1.143605494644760689e+00 2.821572859644604847e+01 -2.771620360806315020e+00 2.532335329231032972e+01 -1.107733739597852152e+00 2.953198774849708386e+01 -1.046818883154477575e+00
-7.171630457949481752e+01 1.814013027277374235e+01 3.887749979655237276e+00 -2.129134630826364116e+01 3.697356157043017788e+01 9.635177990145049609e-01 2.758750149627531201e+01 -4.785954448775173731e-01 8.364192309915090107e+00 -2.563814951241388229e+01 2.213101160675003598e+01 -8.821184825963408471e-01
-6.410591050404916302e+01 1.379572740374733186e+01 3.161231406332063898e+00 -2.257941022018213317e+01 3.728208216628107863e+01 -1.006040788634955874e+01 2.804226202056299400e+01 -1.119655959488476782e+01 2.284408235902120765e+01 -5.708416963700548408e+00 1.937704909990554114e+01 1.409670070754187599e-01
-7.519989756716111629e+01 -4.305272598874184453e+00 -2.348834366518809702e+01 -2.456313167764672301e+01 4.168041956182056396e+01 -1.224728526742261536e+01 2.407464227789900235e+01 -9.379000108011480208e+00 1.244697441261299886e+01 -5.205207414165959001e+00 2.363414090791110311e+01 1.800295250576905426e+00
-7.185164209263274415e+01 2.952651422036782947e+01 4.078874622821007989e+00 -2.267564844636131838e+01 4.070071858073009707e+01 -5.493680084770400818e+00 2.491434056949546161e+01 -1.174063818503737977e+01 1.405582341186278406e+01 -1.821218310985680944e+01 1.326356738025939030e+01 -1.354540641593579053e+01
-6.468716661171140458e+01 1.139616438939478371e+01 9.376300988447370255e-01 -2.534900626452618155e+01 3.867495410034724301e+01 -2.144141617894506524e+00 2.393612603618724677e+01 -3.153322203363293497e+00 1.824474312746054494e+01 -5.374789307365440472e+00 2.246003058946665476e+01 -2.691195988101178660e+00
-6.228284091664536248e+01 1.413725595028726723e+01 -1.378122529506952176e+01 -2.265157503134810923e+01 3.780252030977901256e+01 -5.629662348888746060e+00 2.700357341370601105e+01 4.644401817064789384e-01 2.083699554041463387e+01 -3.816857730568374407e+00 2.716656187927672050e+01 -3.579826121261416638e+00
-7.127427085205926005e+01 1.830809628954783719e+01 -5.705043045522149470e+00 -2.455514573165454095e+01 4.032625725511127257e+01 1.247286273758028807e+00 2.820554394773555984e+01 -2.942550835611117854e+00 1.790871842507705125e+01 -1.031916390219054236e+01 1.851017549045018384e+01 -4.998003955315259539e+00
-6.699816760043441377e+01 2.525380379032988287e+01 2.655903388917673968e+00 -2.927522261169094264e+01 3.449140820396672780e+01 -1.252794615949355617e+01 2.521419163900370108e+01 -1.060153722873776516e+01 6.479317097604239351e+00 -2.452924123020552827e+01 1.793948024435056965e-01 -1.714462487630368059e+01
-6.519427470441279127e+01 1.169572275186000532e+01 -1.512003060521321496e+00 -2.700963403526854023e+01 2.240554413502042408e+01 -1.506570984673478364e+01 2.151424873457805020e+01 -1.134998671271973691e+01 1.609737934119410596e+01 -1.967025496752816593e+01 8.428942136264842233e+00 -1.311867143204933406e+01
-5.022714087009614303e+01 7.701738397364004562e+00 -4.554150350842476769e+00 -3.698706931316178270e+01 3.207453767244960119e+01 -1.083946573761774346e+01 2.625673166643895939e+01 -1.629963321758945938e+01 5.252753820326899081e+00 -2.160267235559679477e+01 1.567385345840656363e+01 5.368287421784103230e+00
-6.162246093048192108e+01 2.450224076836186526e+01 -1.680246468353778155e+01 -4.028374626324064423e+01 1.884354016958586797e+01 -9.235552238436969930e+00 1.989473622699604505e+01 -1.795810394023530421e+01 1.360747901071966659e+01 -2.072434734984852156e+01 1.106504116736265431e+01 -5.225258251323628755e+00
-5.895296854359450123e+01 -9.763430147900415079e+00 -2.170597393453623170e+01 -8.225197018021262352e+00 3.886337170460330981e+01 -1.569582700572148681e+01 1.939142331004788744e+01 -1.288861097101776743e+01 -1.382387203371866491e+00 -2.259498455909437808e+01 1.868978508527106897e+01 -4.725701929689731351e+00
-5.985487506983231043e+01 -8.825973244018383568e+00 -1.400879500634140484e+01 -1.673481517077120628e+01 1.850189519006305261e+01 -3.225457518951179381e+00 2.557251107595904926e+01 -1.973557785595292557e+01 1.344080137980114209e+01 -6.560103346888245035e+00 1.582266896593073824e+01 -1.647445927646006325e+01
-5.705734865278271428e+01 -2.321790077019290877e+01 -1.092841151245686859e+01 -1.434029870872552870e+01 2.884594577742561938e+01 -1.060198683673073816e+01 4.083323370897960558e+01 -1.868835001918458261e+01 -2.453136747076528845e+00 -7.504953608021249778e+00 2.649056478316986585e+01 -2.227494870736200028e+01
-3.926362643508206673e+01 -1.982511793718679627e+01 -2.085083837988991107e+01 -1.295539889212260753e+01 3.287904101654284972e+01 -2.693499162249013423e+01 6.290960250746348237e+00 -2.454774239935191815e+01 9.731109576944120931e+00 1.123747787225518557e+01 2.763023537092785631e+01 -1.275589590243861693e+01
-6.513950366151006222e+01 -4.183274848934912882e+01 -1.283846225310510647e+01 -1.973397314732967089e+00 2.749366543699501264e+01 -8.503363617627208271e+00 3.893592313639298652e+01 -1.787596121712207164e+01 -9.759691563492680189e+00 4.088302720301673077e+00 2.607718728406668518e+01 -1.594274172999301697e+01
-2.363418208601332182e+01 -4.776820064646292607e+00 4.864177028449522489e+00 6.421988774693877744e+00 5.620225923650430389e+01 -1.934219395579548362e+01 2.165194411991615198e+01 -2.784598834115280752e+01 7.169613641503406853e+00 -1.437000216808626440e+00 2.589720414207266685e+01 -1.907210065323579684e+01
4.067867987417406539e+01 1.728409865840306736e+01 1.688162980235516475e+00 1.261893174628152181e+01 4.308919990586556992e+01 -2.512235556367415512e+01 -2.086627351414358600e+01 -4.544729166179212854e+01 -6.493497820327571723e+00 -3.138142841730411359e-01 9.823491275473859474e+00 -1.465368194388031853e+01
3.806728252152414882e+01 3.049384623382129433e+01 -6.069403398473895983e-01 -2.802785897430088990e+00 4.703786252264504242e+01 -1.385147822724336564e+01 -1.218270123214776568e+00 -3.450399943148624970e+01 9.534557904276232065e+00 -2.577983458226925872e+00 5.560106637458456902e+00 -3.027878366358304518e+01
5.026200975818412076e+01 -2.794987148416661427e+01 -3.917941202777056731e+01 -5.139650791377700756e+00 4.327848845225091878e+01 -1.975690087578239229e+01 -1.844766670652003882e+01 -2.596603018223506609e+01 -2.238546573512228743e+00 -1.442491572492663821e+01 -1.656435503288191224e+00 -1.057028168894300002e+01
1.166782032482452962e+02 -3.955195398146236130e+01 -6.140795732980909349e+01 -1.433658976750677283e+01 2.949255321007668584e+01 -2.880344981508503110e+01 -1.515713887940198568e+01 -1.038137257511527523e+01 -1.607363770506541201e+01 -4.267768148416231533e+00 -1.060519826017376488e+00 -1.279223094263449489e+00
1.022115975991728334e+02 -2.180385007552443710e+01 -4.774244494515853887e+01 -1.577244260026932210e+01 3.779793398599980492e+01 -9.995711028848703883e-01 -1.353616181820442499e+01 -1.659513305237546632e+01 -2.199228228410569841e+01 4.692449520214700520e+00 8.847126271792690844e+00 8.173741349966039849e+00
9.870510811068015755e+01 -2.438626069270421226e+01 -4.383198052266590139e+01 -1.416600526853437714e+01 4.330352041343486036e+01 -1.267590907135112133e+00 1.268010382277751980e+00 -7.395200630508220740e+00 -1.544443495294492585e+01 3.825612468277718392e+00 1.120017898004818591e+01 1.944699917294295588e+01
1.323951932654177881e+02 -3.760436035403151322e+01 -6.080857563935009580e+01 -4.280070284134400538e+01 5.270316140774905023e+01 -3.960559496706164850e+01 1.540353930674529082e+01 -2.644976908751078071e+01 -2.170693612492762981e+01 -1.268233546422587033e+01 1.836303559556023401e+01 -1.374768251036604383e-01
8.908341542212500030e+01 -3.788655511479923632e+01 -6.442448987149646200e+01 -3.533443616335588899e+01 1.212142019063828968e+01 -1.020856495967168875e+01 4.494643541370170858e+00 -9.297135094796757926e+00 -2.540731167913648392e+01 -1.300759080825101499e+00 8.480623300769048356e+00 9.168725370696382271e+00
7.750575682767647834e+01 -3.620412858627692998e+01 -5.739841601293743167e+01 -4.021901090992384553e+01 1.009565204841090136e+00 -1.338883577803124680e+01 -3.829362249671169671e+00 -1.799654191321052821e+01 -2.488315045766128719e+01 -9.381646237874274874e+00 -1.107064488595176588e+00 5.013008159507774231e+00
9.927124073839893015e+01 -2.330090157828285058e+01 -6.058681496976893754e+01 -4.365311428663866167e+01 1.296542611538657042e+01 -1.673692090259469012e+01 6.136014606107382363e+00 -7.859976723086862904e+00 -2.423296458176820067e+01 2.384218120540170460e+00 -6.239608786183405087e+00 1.249172322549866765e+00
9.102308345036414039e+01 -2.180079820758992071e+01 -4.083556242887073040e+01 -3.463474757388615899e+01 1.633084142589954268e+01 -9.299286117969270293e+00 7.811225254779706972e+00 1.291329243052692366e+00 -1.640204853363540849e+01 4.399780178646934381e+00 2.265232420642265598e+00 4.955324603697271790e+00
7.322061591732779107e+01 -4.319720728606071702e+01 -6.130806389770803833e+01 -5.193953755737579314e+01 1.930778467247273200e+00 -3.717111034884846532e+01 2.222020361614355011e+00 -1.030081388000340148e+01 -5.037340054338297080e+01 -1.088119874072955895e+01 -1.615634142683304475e+01 -3.507789129667331807e+00
8.376279398126465026e+01 -3.088146879425724833e+01 -4.797932957413692634e+01 -3.094530623538431513e+01 1.762421564782273409e+00 -1.447296063643775099e+01 5.783590606652858845e+00 -8.610156189465147492e+00 -2.080570162707315163e+01 -5.858896911908205496e+00 -5.444595898401968448e+00 7.194065430381538562e+00
1.147182697103171876e+02 -3.191596895949364310e+01 -4.805379822314027649e+01 -2.958474456315234846e+01 2.227068261265849713e+01 -1.541407911102982098e+01 9.802859750201060152e+00 8.534059927916221255e+00 -1.465879797818821828e+01 -1.262736095771637679e+01 -3.855367536041483412e+00 -6.034327871927965603e+00
1.280611478112763848e+02 -2.635805564645795229e+01 -5.489854197253316670e+01 -2.383328928124461044e+01 3.631829437889601309e+01 -2.124561926207699614e+01 1.811317922122165314e+01 -3.290949172390064348e+00 -8.342615522066912703e+00 -7.367167059765433734e+00 -4.938117055186799220e-01 -7.096179443927979058e+00
1.213593942515832680e+02 -3.279812530663063086e+01 -7.356779713312974422e+01 -4.204290126687241269e+01 3.516349207530632981e+01 -3.461267838702390520e+01 -2.171563956652843075e+00 -2.787870145113011944e+01 -2.013074135075263982e+01 5.297206902127475914e-01 -6.850842778223404039e+00 -1.818972825971126639e+01
7.954608159707910886e+01 -2.956231685885301630e+01 -4.056639595371714790e+01 -1.424152801251169720e+01 1.371593335505525957e+01 5.589083865513333471e-01 -9.151173914539088017e+00 -1.498988896572559426e+01 -1.231094093067650164e+01 8.055570216148493223e-01 -2.899878572076688421e+00 -1.922019323553229020e+00
1.405994437979093732e+02 -3.107590173033469938e+01 -5.477201794903764664e+01 -2.064629180089638538e+01 6.725553411489846667e+01 -2.785597679631225176e+01 2.372032822547780029e+00 -2.916090306573462954e+01 -1.241420627864190251e+01 1.444105825886661254e-01 1.225740980355835319e+01 -1.083262585598404826e+01
1.060885130766302069e+02 -2.749089642819032164e+01 -5.360460787072472755e+01 -1.470751543780544957e+01 4.351435384508825166e+01 -4.896694996440933423e-01 -2.011161074666949844e+01 -2.754347984778641489e+01 -1.756895972828343844e+01 3.945195553565676860e+00 5.829857279359760724e+00 2.597519990728907491e+00
9.641360009886187754e+01 -2.981322253892292906e+01 -6.218296146015501336e+01 -2.034705011312894385e+01 2.646624771281368282e+01 -1.405660761063326625e+01 -1.198630555780466445e+01 -2.178313429300249027e+01 -1.664870027080065285e+01 9.330716727207626349e-01 -6.265784931926205559e+00 -1.343048196425118412e+01
8.243359629242030451e+01 -3.270155341624553813e+01 -5.062849947429588582e+01 -2.053581875168200455e+00 4.191637781701998478e+01 -6.495171693648016387e+00 -1.311184559957605700e+01 -3.213662024044216281e+01 -1.915958862223992298e+01 -4.302784666649196232e+00 2.239344338386497046e+00 -1.781643258021017306e+00
9.741209456844086390e+01 -3.822089423280085896e+01 -4.914251710815732821e+01 -2.602543632439294896e+01 2.947469526147015273e+01 -8.333002017319325105e+00 -3.851679332207923689e+00 -2.420189272085700694e+01 -1.752142373583980373e+01 -2.521584320208224206e+00 1.884356997755048502e+00 -1.745038777565007138e+01
1.282765756556568988e+02 -2.188565826079959109e+01 -3.724504363977018784e+01 -8.941716498620873921e+00 5.159764120647079721e+01 -2.701977564996771619e+01 1.518547289694044977e+01 -2.556767260508193829e+01 -1.424140763213161520e+01 -1.540561394362497083e+01 2.750074325879243986e+01 -1.286872861720413574e+01
8.259481977907714167e+01 -2.948299925324799986e+01 -3.277904332718534874e+01 -3.154469154717139734e+00 1.872104904729966535e+01 -2.496633548828866367e+01 2.021738299360319857e+01 -1.100587176438979853e+01 -3.823004266180342370e+01 1.095797521430716870e+01 2.866194091589419202e+01 -1.141584805482253628e+01
9.910685899325278569e+01 -6.618507240129345348e+01 -5.295475428026942666e+01 -1.482757914884076200e+01 1.535977858060490320e+01 -5.398069314612005343e+01 1.610258596798543707e+01 -1.823731384672947797e+01 -4.333250334922151126e+01 1.064914503886875963e+01 7.881861359001458567e-01 -3.065517313710587999e+01
1.013558137495667921e+02 -5.178577146255450714e+01 -3.126742976836491295e+01 -2.586189438646404604e-01 2.392527540778029760e+01 -5.529350701604204232e+01 1.427548506777358028e+01 -1.731366905746196849e+01 -3.297183118905140020e+01 1.085813747103882321e+01 1.096158291559093101e+01 -1.449283288084787991e+01
1.062666120849850273e+02 -5.900908232493222272e+01 -6.612476984142652725e+00 -1.257361305876744773e+01 2.927755613832073323e+01 -5.224221285928661018e+01 1.538867227918616720e+01 -8.210075322676924969e+00 -1.836184342394757607e+01 1.127673347595787057e+01 1.986196811479592128e+01 -1.245217524166084999e+01
8.360540423911119490e+01 -4.776964857485806704e+01 -3.246599982507775906e+01 -1.472340479800890378e+01 1.255025950140772295e+01 -6.471852670948311470e+01 1.279964641729966601e+01 -3.205523133592794238e+01 -1.609948600155600928e+01 -7.054258455539228478e+00 1.111123705721825594e+01 -1.732859664840249536e+01
7.915928093644785690e+01 -4.754664931310495035e+01 -2.077051487818578579e+01 -1.495434101786122127e+01 1.279130955562320615e+01 -5.850160758191715615e+01 -1.758230965222296049e+00 -1.548553891602826127e+01 -2.505497504977289580e+01 1.573677622405353738e+01 6.833821122289195138e+00 -2.158232932985219676e+01
7.649706858073795956e+01 -2.883512377501337198e+01 -1.088432055527900566e+01 1.060043528906251176e+01 1.985525063080049080e+01 -2.909343157575719729e+01 -4.737307962080923751e+00 5.350732563119198204e+00 -1.036878401220422319e+01 1.151045782902596848e+01 6.667941634812329710e+00 -4.053621395710324649e+00
9.133621449784197921e+01 -3.458931514514534200e+01 -3.027377105076653585e+00 2.050359517101351514e+01 3.150834932892680484e+01 -4.542608185676388644e+01 4.102318064218092530e+00 -6.250003380176059053e+00 -1.152788028148403221e+01 1.334049086291291530e+01 1.486505890803943686e+01 -1.097176678036084496e+01
1.015048332508879838e+02 -3.138677892526960989e+01 2.932848132772078564e+00 1.170672315597026669e+00 4.691432858071920009e+01 -5.825873919818295121e+01 9.978794492963015017e+00 -1.167561466843731566e+01 -6.316065337930916179e+00 1.008978970369826378e+01 2.486972786190783680e+01 -1.900569163222565194e+01
4.992119999500776828e+01 -1.663684528327316769e+01 -2.871734833739875148e-01 6.751420486809467825e+00 8.651321903639155764e+00 -2.834406428503107378e+01 -1.449209046522829070e+01 1.664222661558591554e+00 -3.763246565243355324e+00 1.553184194688678055e+01 8.071953003974446261e+00 1.957570034098604639e+00
7.777627162396007066e+01 -2.230557433451428295e+01 -2.486400900648026280e+01 -9.979002992190180166e+00 1.209920151870485938e+01 -3.354733241252780829e+01 -3.950105605569667944e+00 -9.254686266297129649e+00 -1.720510537941697393e+01 8.577684033718384171e+00 -1.350039880856218666e+01 -2.847037507136277057e+01
8.945449181686086604e+01 -1.231160928134358290e+00 -2.171700927228108924e+00 1.321522485610556075e+01 3.104040235639131851e+01 -4.035469467979844183e+01 4.098825230906621542e+00 -2.759499814151942232e+00 -2.122481109133169142e+01 2.439758969483493090e+01 2.373670815765175135e+00 -3.048847590871244506e+01
7.707901647777042342e+01 -3.383947952749641885e-01 2.263779890902328162e+01 1.036116411865826237e+01 3.784905843623050004e+01 -4.668216517198334969e+01 4.525139200525347682e+00 -8.295475495220030027e+00 -1.645767027008201211e+01 1.351875318327804010e+01 2.576444358300987503e+00 -2.599106452585236937e+01
6.626269739442879825e+01 2.292272898601284936e+01 1.329817511068674918e+01 1.508713935229675229e+01 3.125724410988969737e+01 -3.274554673837822349e+01 -9.346918658679616243e+00 -1.650266657560925410e+01 -1.048469132296512463e+01 1.354159271260659025e+01 -5.804673326875141370e+00 -2.293806579910822308e+01
6.304172738858997604e+01 2.501679147925415236e+01 2.203502715316798088e+01 7.685814617245725344e+00 3.899979148788834493e+01 -3.546504770964644138e+01 -9.856562042881367169e-01 -2.373743101110726883e+01 -7.819910659384598617e+00 9.568471593414535903e-01 5.017867063499855007e+00 -2.683236235169935213e+01
2.307581367215160384e+01 1.169312732751581407e+01 -8.568333214628015781e+00 -1.948246004374301776e+01 1.787446641580661932e+01 -3.962345891384261165e+01 -2.573106043302999879e+01 -5.076127736392243861e+01 -4.103684774349321174e+01 -3.160390481793707096e+01 -1.914782797901116851e+01 -4.353865895299253452e+01
3.881485775049311826e+01 2.316242100646037727e+01 2.650905069459733454e+01 -7.128503805896129641e+00 2.809912475413410604e+01 -6.010705583078495096e+01 -1.445026533180817907e+01 -3.775936417661301903e+01 8.538379607593795662e-01 -4.360619631844343758e+00 1.491989994001032294e+01 -2.716508124035557969e+01
1.384140314598707278e+01 4.579684689125118524e+01 1.679771524973326535e+01 -1.009020585450231167e+01 2.687431502912534853e+01 -3.158529081217361068e+01 -1.199242330537159873e+01 -2.006556639693480903e+01 8.385501895722500265e-01 -1.590306936137904970e+00 4.399650895116331561e+00 -1.920432592138452677e+01
2.158452817448448968e+01 2.270058997647896959e+01 2.623790169406087358e+01 -3.663056303948651893e-01 4.484491145295403669e+01 -3.328346837231123345e+01 -8.433505887749076280e+00 -3.501773241715120832e+01 2.875068129036386200e+00 -9.782444622264764078e+00 1.115050522448378523e+01 -1.815631729195665756e+01
-1.781611792670647532e+01 1.652162610355640382e+01 5.653463264947276024e+00 -3.206555593992831632e+00 4.191018569595038912e+01 -2.530892476352514819e+01 -4.410903940574213422e+00 -4.031656357009421754e+01 -1.425487223494743816e+01 -3.184388700408716844e+01 6.656011702995550117e-01 -2.835294966801779282e+01
-2.591907142654336837e+01 2.581634281348855353e+01 1.464933949432064608e+01 -3.168396093780326339e+01 8.437531881151402402e+00 -3.607471240805924140e+01 7.824271270540119616e-01 -3.227506899450786904e+01 -1.465831599410024921e+01 -2.531940991613509340e+01 1.565818521233814042e+00 -2.095946193031686988e+01
-6.742486703900874012e+00 3.184368859319502576e+01 2.463689969231757004e+01 -1.565449328845892651e+01 2.931353504682619260e+01 -3.750324949315132272e+01 1.382001850383592512e+01 -3.328210551794970229e+01 7.463806887158068726e-01 -2.232311478303786600e+01 3.546130023447542357e+00 -1.591136424728118470e+01
-1.708476911565647072e+01 3.287114715563089362e+01 1.386488671863727618e+01 -3.097631635110298376e+00 4.235330202219864049e+01 -3.090799752979317816e+01 2.780252527408011431e-01 -2.334375016784239421e+01 -7.631796493622262645e+00 -1.432911077343721296e+01 -8.121101206524983240e-02 -1.707416882247918011e+01
-2.252026174870199782e+01 2.359026837641609120e+01 2.413366701171153039e+01 -8.977042033504403662e+00 3.735779544465754043e+01 -3.734799415939902190e+01 1.154244520908029159e+01 -2.559853886322563099e+01 -1.151487997815705810e+01 -2.085701437387639956e+01 5.366845067335281882e+00 -2.347212673348089140e+01
-1.676383600359406145e+01 2.871062236705416382e+01 9.897194508273647884e-01 -2.629811447119292467e+01 2.579419775934366754e+01 -4.064123217518684328e+01 2.341771730074655000e+00 -2.502558446449357987e+01 3.163294171863958226e+00 -1.879015952147095447e+01 6.120853285517623421e-01 -2.462513350725911465e+01
-3.212523436047057146e+01 1.756237506565078732e+01 -4.624699179816124328e+00 -3.135226278641686903e+01 2.568281592521307743e+01 -3.360000835333843838e+01 1.063980930380714618e-01 -3.287477676665719173e+01 -1.236105525080080092e-01 -2.019777448900335060e+01 4.325525527881247001e+00 -1.901737255736814802e+01
-4.715246996378770916e+01 1.298194550302176964e+01 8.079984892869696012e+00 -1.892702841815220793e+01 3.398372994454868490e+01 -2.920743805663611425e+01 -2.362045460019179366e+00 -3.911724170591988070e+01 -1.919576619016663699e+01 -3.447808130426735573e+01 -6.255212021873843398e+00 -2.065433905146741722e+01
2.645357353981466275e+01 -3.871807484518190989e+01 -1.302268517794282587e+01 -3.423202418209016429e+01 3.510523342294455063e+01 -3.400366177115463984e+01 1.722368222498050017e+01 -3.858673635404929314e+01 -1.490100465472539426e+01 -2.299078413820574340e+01 1.489681827747273779e+01 -1.492302470236705147e+01
-1.788685971172648692e+01 -3.027527404519823051e+01 1.978311148960847277e+01 -4.132726750060001564e+01 -2.449563331228610696e+00 -3.303639170480423815e+01 9.300449482993709438e+00 -3.982320746943638312e+01 -3.302972500584794524e+00 -1.371939560180102546e+01 5.374035769456094513e+00 -8.944558131138769852e+00
-3.279512597131792262e+01 -1.907073450823673255e+01 3.902786424420160927e+01 -6.330198215510507431e+00 1.857025364255156319e+01 -3.032434397913326052e+01 1.674253266485024838e+01 -2.040954207086650030e+01 -2.554890775115723933e+00 2.786775189352803217e+00 9.125405709584601510e+00 -2.773551112859935230e+01
-3.817664754989451836e+01 3.164834262609307114e+00 2.200681355302467068e+01 5.512552544452052672e+00 3.651555057114607905e+01 -1.747795485744615007e+01 5.784476440970211186e+00 -3.146719086906972151e+01 -8.143220022682733372e+00 -1.787659005047067495e+01 -2.792403504494500588e-02 -1.559534969766862744e+01
1.184258928504803876e+01 2.862067254687252671e+01 1.178068700259247592e+01 -1.679787804606318957e+01 2.033166875111519900e+01 -3.209393889832955438e+01 9.742788012505995354e+00 -1.022520906563236487e+01 5.135948088236815146e+00 -2.010939121673887087e+01 -4.807990213300253224e+00 -2.429101309709641754e+01
8.854428151844813044e+01 1.461861403405149851e+01 2.122639058914612775e+01 1.706772670040275486e+01 3.125208281145525291e+01 -4.380437196482247941e+01 -2.418834420497536275e+00 -2.793403960296579314e+01 2.277799654427355769e+00 -1.141155934398637051e+01 1.545366951128510635e+01 -2.362527805751796706e+01
8.669358490198055733e+01 2.096558747804997580e+01 1.013276096999984510e+01 1.785460915834998374e+01 2.657419786652486948e+01 -4.246840045545803832e+01 -3.740232899615366868e+00 -1.418060917008997279e+01 -1.287802163593849247e+00 -1.736513872203200748e+01 9.496109997487138799e+00 -2.045006458250476911e+01
6.657430001449372980e+01 2.299913311210201172e+01 9.024992785711262400e+00 2.016519832330884299e+01 6.486145078286435606e+00 -3.826305890146123545e+01 -1.862485484143113723e+01 -9.388194180255300836e+00 -4.139689414990007421e+00 -7.338030947158985740e+00 -5.154074578259635331e+00 -1.940847191234573188e+01
7.786641268891710865e+01 1.595282526682602864e+01 1.069305813737628341e+01 6.362054383083971310e+00 8.392177426900614634e+00 -4.395023317812359664e+01 -1.734112246742443375e+01 -2.450975706254426711e+01 -9.521390877823320054e+00 -1.180654931726631318e+01 -3.050499058850909329e+00 -2.234012296575998135e+01
7.463108218660255488e+01 8.271005857137989636e+00 1.105757174091223760e+00 1.224991785243383191e+01 2.589307070330212213e+01 -7.817348563723172106e+01 -2.133305282257876456e+01 -3.440425696593474925e+01 -1.489342826578797130e+01 -2.722102615008603266e+01 -5.361718750879974849e+00 -3.037573109958960771e+01
6.496977096184248524e+01 5.877006707408668262e+00 1.100555428550697101e+01 1.351431580661721021e+01 1.899492004266701173e+01 -7.204050466258817664e+01 -2.304232481365478691e+01 -3.328177340205596124e+01 -1.642742065215959713e+01 -2.675473533286527328e+01 -4.980163981758847669e+00 -3.260978945199079249e+01
6.840262802445820967e+01 -1.417955546326171046e+00 1.768302483524692548e+01 3.879231961319967059e+00 2.814781758735785999e+01 -7.519183256931745518e+01 -1.977555733298137142e+01 -4.719820602787217467e+01 -1.197708184594708491e+01 -2.622339831055634818e+01 -4.512048654689362337e+00 -3.665634510415959824e+01
7.140277869524626908e+01 1.016305041381542296e+01 1.393830353215344786e+01 3.392697414551983925e+00 3.720485925682612560e+01 -8.584055864400210112e+01 -2.795992385803883451e+01 -4.158143307314230697e+01 -1.990957528422750311e+00 -3.585750988024673802e+01 -3.704954219440212526e+00 -3.296388473424138965e+01
5.869495460992307301e+01 9.828365964172942171e+00 1.069598065569977585e+01 1.793329070907011769e+01 1.732551083212994314e+01 -8.178558060528811779e+01 -2.712971734859680595e+01 -3.345938667354383256e+01 -2.085515241351541249e+01 -2.066759218659341713e+01 -2.804186413409675449e+00 -3.733569162793295959e+01
7.114106616894028434e+01 1.011050819851707772e+01 7.542127833531990788e+00 3.098474149899308472e+00 3.751832401544211848e+01 -6.595779688269703911e+01 -1.356898638551296621e+01 -4.038540095004147901e+01 -1.587339262338732127e+01 -1.173441553128569481e+01 2.345101055086487918e+00 -3.096452371442494211e+01
7.560359368094766808e+01 6.839221749544493356e+00 1.306108065076320557e+01 5.859281887588068116e+00 2.972236021518393301e+01 -6.389431449521660511e+01 3.047826035274451062e+00 -3.440442964963813210e+01 -1.183228986377006819e+01 -1.794396449440471031e+01 9.019378973416838363e+00 -2.868751998637424805e+01
5.719521142922289414e+01 2.013648095843490893e+01 2.438763578453879433e+01 1.505332252951771821e+01 1.427438448355954037e+01 -4.297639712857406380e+01 -1.068766306069234417e+01 -1.828280799204181051e+01 -1.020228887350576130e+01 -2.773176412497476484e+00 -2.547639311906747750e+00 -1.872398025031629487e+01
6.867041108570576569e+01 2.036533827290304188e+01 1.447245997562012754e+01 1.932231116061193177e+01 2.576998354245437284e+01 -4.672447883890080078e+01 -6.968798161272668601e+00 -1.885784255166456802e+01 -5.129003788472511260e+00 -2.942276731038000470e+00 7.878030707001399513e+00 -2.269844823324098115e+01
7.537749802781476660e+01 2.147700398567579683e+01 1.927232446998679194e+01 1.289358466789375512e+01 3.461570268535953687e+01 -4.842321877653907336e+01 -2.292519072586522544e+00 -2.010464274553167030e+01 2.493037556463625126e+00 -8.278898665927542311e+00 8.272339721761593268e+00 -2.080926785199763174e+01
6.165178939147555326e+01 3.174978833911395171e+01 3.074639567423035658e+01 2.598205202534016678e+01 3.440937561274492396e+01 -5.080927439142043056e+01 -1.003873555364481440e+01 -2.122209868885332895e+01 4.808918259256287797e+00 2.684162597028244335e+00 7.416094620444752650e+00 -2.646934307240169559e+01
5.675391301462318694e+01 2.643257009772456101e+01 4.724376521275799234e+01 2.282382135876754958e+01 4.714711977750948790e+01 -5.491077648766962227e+01 -5.002814910327140652e+00 -2.739128138376260679e+01 8.065170798649949901e+00 -1.001602340333398544e+01 1.990848152255590264e+01 -2.482063020743364490e+01
6.100661357209422420e+01 3.302883068272972622e+01 2.121437994180340780e+01 2.380302768610339825e+01 3.153502662553407276e+01 -3.616504838664432242e+01 -5.448241719418112083e-01 -1.702359614180752345e+01 -6.163623350374771270e+00 -2.667400440201205036e+00 1.704051802436602614e+01 -2.425138554088581699e+01
5.822094253416851473e+01 3.020268184126853228e+01 2.644854374217742787e+01 -4.446352323246868465e+00 2.743090607411271264e+01 -3.478410225687649415e+01 5.722494079015563173e-01 -2.091372516347795241e+01 3.408972867810716956e+00 -1.543214930032242549e+01 -1.669155228170062122e+00 -2.285376958783798784e+01
4.878735051430101066e+01 3.828505184299066855e+01 -2.631732322157204429e+00 -6.931196536300232580e+00 2.094681865369129525e+01 -2.711167740541594640e+01 -4.890162518464403973e+00 -2.493432768941568156e+01 -1.127943123315516516e+01 -1.398767045519384133e+01 -9.440841979277957208e+00 -2.090501771669440245e+01
4.642998671460844662e+01 4.164541072360577800e+01 2.378011633111398027e+01 -7.911232374218407415e+00 2.371776429501447936e+01 -2.004968135264454432e+01 5.933076498163011081e+00 -2.020528396311487640e+01 -2.508217416168638358e+00 -1.159881249558799254e+01 3.055657952619703632e+00 -2.233434857015664221e+01
2.593934933751041427e+01 4.535839177155835955e+01 2.940964386713050516e+01 1.023380737090797332e+01 2.886159994924623362e+01 -2.247576468277045691e+01 1.816145783566842198e+01 -1.819236978875538568e+01 -7.158012432056136021e+00 -1.007962061528324327e+01 1.145767081530122944e+01 -2.620176131540149456e+01
7.923587516077983395e+00 2.991747409805753932e+01 2.865937882060067921e+01 2.120942796026863419e+01 4.662317128755196904e+01 -1.400125643449671209e+01 2.015646445032838230e+01 -5.656330279804658190e+00 1.727326480233311923e+00 -1.795888585480271615e+01 7.120825846014655625e+00 -2.198675512270182963e+01
1.051875687306257134e+01 4.815505976390952014e+01 1.862091755224068024e+01 -1.872788828338501688e+00 3.908146010139668647e+01 -2.217557787213982579e+01 1.709274430434031800e+01 -1.356866810377084853e+01 6.169868228082206585e+00 -1.998717677849784735e+01 1.073346143700656441e+01 -2.860657578635030518e+01
4.916493723094589541e+00 3.752444911354892554e+01 1.057312251526747104e+01 -1.141531559318980804e+01 3.622047755803412628e+01 -1.868017838377418371e+01 1.367347072591667967e+01 -2.810721909312286115e+01 6.826317161836090719e-01 -1.942225172529160915e+01 1.329540862108056309e+01 -2.241569848855777636e+01
-8.970821516744269530e-01 4.270911882353753697e+01 1.028308937630221465e+01 -2.746019736614305629e+01 2.169055547957896124e+01 -2.972041948390432609e+01 8.382565575959276316e+00 -2.067918256855214310e+01 3.794134641487525439e-01 -2.797530688349978334e+01 6.422459009071310732e+00 -2.571881488123755588e+01
-2.551199850621108567e+01 2.974903552366255965e+01 3.638047803350928433e+01 -1.035837995761224306e+01 2.864409272432245857e+01 -3.007920294224669533e+01 1.609049796296783086e+01 -2.254058421966598758e+01 1.082770624468702714e+01 -2.637773553127487602e+01 7.310490570970509694e+00 -2.527362855981426293e+01
-3.860381197522046648e+01 1.985122242675942772e+01 6.801764487007561755e+00 -2.581665502378022481e+01 4.081794649322824853e+01 -2.832437800647043247e+01 6.965745388107528413e+00 -3.335623280669485524e+01 -6.758854570129333439e+00 -3.498484916204317585e+01 4.029942367584502527e+00 -2.505844280849788674e+01
-3.898255661900206803e+01 1.191034945015966429e+01 -2.312571215571509242e+00 -3.983085921409520580e+01 2.095571630309496669e+01 -2.859309243290060820e+01 4.815082880209630822e+00 -2.440358292238934723e+01 -7.727512234181073580e+00 -3.395149956910681510e+01 5.359886858889641559e+00 -1.878465955768010076e+01
-5.099770917600200448e+01 1.191250680172102960e+01 -2.775276517000941467e+00 -1.921371551646971199e+01 2.602710324990236046e+01 -2.298527090121023875e+01 1.482292910485205262e+01 -1.473646214679253141e+01 2.082901716445957341e+00 -2.222392389571106719e+01 4.859906689558803450e+00 -1.556105290254398454e+01
-5.878704579712993450e+01 -3.262732858005095160e-01 -6.015498995269100035e+00 -1.656237520263362484e+01 2.998521142050169885e+01 -1.998316895532867221e+01 1.193646002337340839e+01 -2.163676711613754122e+01 3.281556161278936123e+00 -1.378500991802514974e+01 9.087502727644013234e+00 -9.995985444614149174e+00
-5.155885603696367525e+01 1.533865783157067675e+01 1.607988240279952130e+00 -2.123543785092411795e+01 2.140851601933821158e+01 -1.764011165552602733e+01 8.460334832066134680e+00 -1.207728502296521356e+01 6.542139722265932988e+00 -1.248850587867867112e+01 1.081653264297235495e+01 -4.555256962481637473e+00
-2.418510071863847699e+01 1.491353320542437544e+01 4.122060512207862182e+00 -1.963514198572198666e+01 2.571235926927463566e+01 -1.953444945724196202e+01 1.543482248251884670e+01 -2.036087587943233501e+01 -4.437449035009286558e-01 -2.583436644066915733e+01 5.840263150181601581e+00 -1.005790333871350484e+01
-3.328760838457253612e+01 1.908401835799541857e+01 6.981566130962527872e+00 -2.693711189792351135e+01 2.982100253699887915e+01 -1.310219359852236565e+01 1.126979469268672673e+01 -2.768001024734022764e+01 -3.474165885167393775e+00 -3.051459426524776575e+01 3.000591182458611339e+00 -2.349340590565247311e+01
-4.879733725363040264e+01 2.133474906512208236e+01 7.413067906283002273e+00 -1.429316139868364388e+01 2.706406824740797390e+01 -2.607026975936054214e+01 9.918824541030829778e+00 -2.188432875868954852e+01 6.596715850236273049e+00 -1.531636251137759430e+01 7.653624882620345460e+00 -2.737199757579715254e+01
-5.477480235661293761e+01 -1.062689164428458177e+01 9.380460592771012074e+00 -1.444961858894641349e+00 3.623528301323401735e+01 -1.840411063090803623e+01 3.868588545327862960e+01 -1.382277386353049486e+01 -7.733556890518745064e+00 -2.804245629226192449e+01 1.358393355827611160e+01 -2.102601115635437168e+01
-4.744369505341902027e+01 5.778453154059244312e+00 7.280237955982968856e+00 -1.827469345898476760e+00 2.917134274578371134e+01 -2.636862349653417326e+01 1.014928329815004204e+01 -2.054646713840408268e+01 -1.909096783742886272e+00 -2.805560261225980412e+01 1.711530954135723803e+01 -3.867110218284633749e+00
-6.307620720521661895e+01 1.408819842007254763e+01 -1.052379879432019383e+00 -1.068353938015616222e+01 3.451152415545376329e+01 -1.345701447447065036e+01 1.314716070098335798e+01 -1.212091193675283307e+01 1.638396043184307160e+01 -1.032881971279196875e+01 1.011579726437840776e+01 -1.887618473287399112e+01
-6.343631790574534790e+01 1.964529569598126812e+01 -6.307236981604015469e+00 -9.949954450912716908e-01 2.783992054639456271e+01 -1.557186246477165881e+01 1.142987710166468673e+01 -8.503246826593631624e+00 5.803495155138314487e+00 -1.336601350308078295e+01 6.807346510417429997e+00 -1.186933927580327008e+01
-6.773267737123379106e+01 3.651368281014724548e+00 -1.091476042248008094e+00 -8.271472231365834205e+00 4.046315979714395894e+01 -1.745592195342288733e+01 1.924519830647064822e+01 9.461247199514666306e-02 2.616423890742628444e+01 9.916592631735487995e-01 1.991005691545053580e+01 -6.976478812884608693e+00
-7.141932777540799293e+01 4.511041605718761893e+00 -8.276060118679662736e+00 -3.371210638280369665e+01 2.186562353067958497e+01 -3.564850156898998534e+01 9.899115382915132599e+00 -1.770453861533474083e+01 1.004012543007057268e+01 -1.054809166643089213e+01 2.357139176246248979e+01 2.929330261197060636e-01
-6.642366475072773824e+01 1.273764368272116254e+00 -1.330784401062103406e+01 -3.667870002196416124e+01 1.770320421561294566e+01 -2.268831280022901353e+01 3.247778596185759170e+01 -2.162845241079320413e+00 8.551352434538367575e+00 -1.845573893192547033e+01 2.378980785357040162e+01 -2.798812913742937170e+00
