-9.376292601441363672e+01 -2.990709741961197210e+00 -6.464887549007274359e+00 -7.640384380298879563e+00 -1.141318855895133311e+01 2.485107102394424228e+00 1.445095942492840280e+01 5.969042696872431719e+00 8.076961766973075996e+00 -3.019480329689811171e+00 1.499603607972089581e+00 -1.631357041161195509e+00
-9.436859428210529188e+01 -9.481435824403092738e+00 -7.833430362665069424e+00 -1.113810247820320676e+01 -9.012820226919540545e+00 -7.348009830454603097e+00 5.546131682616207925e+00 -7.443827141067349551e+00 -6.918341522162893220e+00 -1.859420351990433673e+01 -1.287593838137006763e+01 -5.386319637940662375e+00
-7.946888504760397609e+01 -7.610477459447978710e+00 -6.977886289008122134e+00 -7.611120132950202066e-01 2.570491128755060917e+00 -9.131496476860320399e+00 -4.491390310809920683e-01 -1.213685221148464777e+01 7.207769579956604389e-01 -3.209180215346029819e+00 -4.739121813509496128e+00 -3.944148989090621171e+00
-6.504064386835064226e+01 2.699641117081830188e-01 -1.412648062202501009e+01 -2.347455949014426224e+00 4.165091976315425382e-01 -7.476340088160929653e+00 1.756133108282310840e+00 -5.745932633427323744e+00 -7.883198389643950588e-01 -2.183828151499918491e+00 3.245444474151640835e-01 -1.893923917353084008e+01
-6.873618483933229584e+01 3.259063854849670427e+00 4.424876284805694393e-01 1.413560389507800608e+00 -6.488759669693410004e+00 -1.253985123296324389e+01 -8.653795626746796366e-01 -5.278309055807402395e+00 6.271190559018935851e+00 -7.023943988652607828e-01 2.836126324995166037e+00 -1.084132067209934647e+01
-7.813798460681903180e+01 2.139218827918510257e+01 1.594269371092555154e+01 -9.350597512924997412e-01 2.238144300853038615e+00 -7.677992714236069105e+00 -6.102640104627237605e+00 -3.283167113575487850e+00 1.271588535580072943e+01 -2.634221929441895149e+00 6.151506648501110064e+00 -9.254313489184683661e+00
-8.288104316610898081e+01 7.558353006053817325e+00 -3.332606554350443506e+00 -4.187468202307359277e+00 -7.879037141776914055e+00 -1.196772917646471512e+01 7.503497418727729240e+00 4.052726218553948101e+00 1.608058234717511192e+00 -3.627199911502611229e+00 -6.399457665189629552e+00 -1.453678674523111525e+01
-8.419369517255003643e+01 -3.258390015620691305e-01 -8.317076375375556552e+00 -4.002635488801958630e+00 9.104127593601781809e-01 -4.197260877461694850e-01 8.178298872162006461e+00 -4.637022533255652945e+00 -6.108523393551053005e+00 -9.446439361905039078e+00 -1.244115953936760910e+01 -2.551923674650304452e+00
-8.522995233163572948e+01 -5.624839320961803502e+00 -1.673341381875753342e+01 -1.673271375352871360e+01 4.244591692621220602e+00 5.676699055129092564e+00 8.757896637957824026e+00 -4.776950732927879528e+00 -4.553607774885673365e+00 -1.242806459061181457e+01 -1.370141141790618278e+01 -1.207518815108689658e+01
-7.942826682143942207e+01 2.937913156229554623e+00 -4.185081116905106313e+00 -4.411065030030014711e+00 4.551234597012254746e+00 -5.492449305788012381e+00 -1.052607060743880929e+01 -1.529598715069570147e+01 4.523132944179057979e+00 -6.257400016061232861e+00 -1.062852842412887711e+01 -9.536669416721572645e+00
-7.894150524432211569e+01 5.581433591374786118e+00 -3.362435460964066092e+00 5.928261306853043422e+00 -2.365599309380486126e+00 -2.351623727107478246e+00 5.929350558317358022e+00 -8.757189735256465823e+00 -5.011834084461723293e+00 -6.678240442038129387e+00 1.279241273945622037e+00 -2.127341446369106848e+01
-6.794476385328650281e+01 1.641977543554246921e+01 1.731371767906738413e+00 1.288564934062815581e+00 -2.658748784951384114e-01 9.731468963706580766e+00 7.879927164435487796e+00 -1.404465163965023677e+01 -8.897274175527313034e+00 -1.275732192674498400e+01 -1.353771776329291576e+00 -9.859557860138828289e+00
-6.617509606197604910e+01 1.011960587271202172e+01 2.114212834429273880e+00 1.424564850331350829e+00 5.889129683014493466e+00 3.733720352561307188e-01 -7.920250075145218727e-01 -1.051944865667263862e+01 -1.878047263346754203e+00 -1.304866393010263614e+01 -1.143945502579286710e+01 -9.729747967004893638e+00
-5.879376861654822051e+01 2.252544724389144548e+01 -1.347899915387848147e+00 1.823808905563557303e+01 6.545158028966042707e+00 -2.510976973420744773e+00 -2.305159882828190732e+00 -5.992591144797403402e+00 -2.561110758334991466e+00 -1.383533553597368027e+01 -1.076808656785276952e+01 -1.730814303148876832e+01
-2.087361108037057988e+01 4.227174334500325159e+01 2.264374749999692682e+01 1.741973725015704133e+01 -3.923704479495509378e+00 -9.879479413456259351e+00 -1.732609056269906489e+01 -2.330963654701299959e+01 -2.830904393808678776e+01 -3.791662090380988559e+01 -1.338241242341253567e+01 -1.615186128831547308e+01
2.938002262468277337e+01 5.751048728683731781e+01 8.143661393312284780e-01 -2.957208187763978646e+00 -2.270019503994318200e+01 -3.054889602187626707e+01 -3.530906418412500614e+01 -4.409187328694949315e+01 -3.587857634420397090e+01 -3.674401628005867337e+01 -2.007571890794573122e+01 -1.970794670419666872e+01
5.901566008300078181e+01 1.124640083456807957e+02 -1.252994240432874218e+00 -4.877384116993715324e+00 -6.724629700357581896e+01 -4.719564220856864978e+01 -4.846440245626222776e+01 -1.778516761545020941e+01 -2.141865180275654978e+01 -2.693795951933587318e+01 -2.953967630981316006e+01 -3.100375082244326563e+01
5.757042770419921141e+01 1.298292944052472251e+02 -3.961436669052434922e+01 2.429158596393602210e+00 -7.715651677293604394e+01 -4.637807063956365994e+01 -5.248005815029475229e+01 5.378513863851639876e+00 -1.016065439968896733e+01 -3.092970649476098544e+01 -2.842890011498847613e+01 -3.737224436365838187e+01
1.904901163177363088e+01 1.218093495494701415e+02 -5.123512314368797149e+01 8.574607010613981117e+00 -6.490108506235318941e+01 -5.773245607714144256e+01 -3.302997597084983283e+01 -2.875088923334434554e+00 1.002360457678987871e+01 -2.586704506024761230e+01 -4.417130068452381408e+01 -1.384929576574299048e+01
-2.067044141742909602e+01 1.274050266979857611e+02 -6.998666295817119476e+01 -2.639309827109827200e+00 -3.869045521327295489e+01 -8.113035738251596740e+01 -4.206969506994924757e+01 -1.685068721447451168e+01 5.195018803830643961e+00 -3.501516971150040547e+01 -4.559415462414260389e+01 -2.614300813222735798e+01
-4.870870857491256345e+01 1.334205868690564216e+02 -6.617400138097478646e+01 7.618084466788014097e+00 -2.207917396856669257e+01 -7.188886076092801147e+01 -5.205364275453897704e+01 -1.381996988157991346e+01 9.865417093227643264e+00 -2.838831628602074630e+01 -2.607134002024760022e+01 -2.733215574408717785e+01
-5.463175022946855108e+01 1.350660910290862375e+02 -5.330234300648275791e+01 7.825404654969874585e+00 -2.694756818874130033e+01 -6.440763000161362584e+01 -5.466097999003464736e+01 -1.583686080634832827e+01 9.785840457303516260e+00 -2.405779213903466740e+01 -2.297026761509940229e+01 -2.914163115216587485e+01
-6.556534784544578542e+01 1.240993973529353269e+02 -5.188351685077354603e+01 1.564275168117886494e+01 -2.160663696019389945e+01 -4.869772487724141996e+01 -4.739296756338139716e+01 -2.180629325331518586e+01 -7.335821491522997562e+00 -2.731450734376993950e+01 -3.269783351258256232e+01 -2.556803977224214819e+01
-6.338129687486043906e+01 1.170894905759146098e+02 -4.251587370731247262e+01 1.022865676897752429e+01 -2.224367963344808174e+01 -5.241443295754847043e+01 -3.419540300277118661e+01 -2.488934034586605115e+00 1.012768478207842193e+01 -1.661846084075950003e+01 -3.644468099409714767e+01 -2.760070865117184624e+01
-8.144889723326065223e+01 1.131978726780798183e+02 -3.141918422333100125e+01 9.740636745984719624e+00 -3.917535416905435852e+01 -6.818853226327044581e+01 -4.738449713311001688e+01 -1.068896796974510544e+01 6.734325899828931483e+00 -2.067212815099120959e+01 -2.389975904125725492e+01 -3.761049059561790386e+01
-3.614350466389342387e+01 1.084121477035387784e+02 -1.685199869711961895e+01 1.524128915996961986e+01 -5.224975753041555748e+01 -7.609323636626359644e+01 -4.601891758126600962e+01 -8.407510547402377910e+00 4.679055951583356965e+00 1.585467420881865097e+00 -1.455534328966094115e+01 -3.886717022921856568e+01
-1.159841572679110122e+01 9.918900513830857335e+01 -3.859442269993799357e+01 1.609571964468413086e+01 -3.588931936098028075e+01 -6.799989073234451098e+01 -3.197830935978167943e+01 -1.650993738860510973e+01 -3.637760323745728552e+00 -9.408518136600296344e+00 -6.991898567898783057e+00 -3.852688844733107487e+01
-2.364973392181552470e+01 1.021870290482364680e+02 -3.772028102049382881e+01 8.043564520336122570e+00 -4.134366545823760219e+01 -6.274505595845072037e+01 -2.786417461260023032e+01 -2.139457968150919598e+01 -1.424949864872379912e+01 -2.272127774419704593e+01 -2.225241637734660927e+01 -3.830644125221434138e+01
-1.788998461142988106e+01 1.235633073702252034e+02 -2.249208919723558253e+01 1.984304782390067690e+00 -4.759035648506365135e+01 -5.507614539740882975e+01 -3.793474058665427151e+01 -3.394228053668043543e+01 3.118439062136595386e+00 -1.475740306836852156e+01 -1.915851668569055732e+01 -2.914640426861087263e+01
-2.379972894442598630e+01 1.101412040628150351e+02 -2.389214878654539120e+01 -7.171878185744304801e+00 -3.390212774563261178e+01 -4.062299790156613000e+01 -2.224379007342690073e+01 -1.489126598217921682e+01 1.288562911607317218e+01 -2.252476161253654396e+01 -1.774553717836448286e+01 -2.234243883559888388e+01
-3.665267123026295337e+01 1.012643842008150443e+02 -1.566587297166037374e+01 3.083755983161981629e+00 -2.972370384802600185e+01 -5.184164453657071192e+01 -3.215574538452411701e+01 -1.239197597873778278e+01 3.020076156682220159e+01 -1.761982242721036584e+01 -7.205079903548207376e+00 -1.833359477669682036e+01
-1.015798507746833792e+02 6.629491384169156731e+01 3.532376347248327875e+01 -9.611824737041605005e+00 -2.033967928654703439e+00 -8.074081075666114771e+01 -2.716502654621064394e+01 8.485398433744212099e+00 -5.326138824007005113e+00 -1.200650317848148418e+01 9.131320155199405875e+00 -1.127358596220133435e+01
-1.169805942787321840e+02 -5.780395202560182355e+01 -1.042150498559452387e+01 -2.944985892040379749e+00 -1.664394068900908241e+00 -6.686382891991263477e+01 -1.160880538512570581e+01 7.795003932565071736e+00 -2.499962633837682446e+01 -2.465405126250215773e+01 8.803566426715647708e-03 -6.337119997121181569e+00
-1.003802903051853974e+02 -8.165956474083782268e+01 -2.692168500249341889e+01 -2.746798919972701469e+01 -5.789213767026754454e+01 -4.906663944914785702e+01 -1.618567381929016591e+01 5.875853360091325861e+00 -1.916002814516340180e+01 -1.883219165272305418e+01 9.684968008123927774e+00 -1.183498519818132877e+01
-1.042221439257252484e+02 -6.654816134351369783e+01 -1.185044198053624065e+01 -2.912048211783924856e+01 -5.255228879428163680e+01 -4.053188328694136544e+01 -1.412853696395932879e+01 8.068820612090554789e+00 -2.905884127254113736e+01 -3.202252349611538307e+01 1.072501244850587554e+01 -1.778575482483964976e+01
-1.639169175091146968e+01 -1.075290848587155068e+01 -1.832610901985383478e+01 -2.458610743231000129e+01 -5.780041596752793964e+01 -6.108561645661819028e+01 -1.949758954918797826e+01 2.853641766206744812e+00 -3.678401717568821994e+01 -2.459740531808435193e+01 -9.772488753619962054e+00 -2.310315385697339963e+01
4.052357847438159411e+00 -3.808174228806827699e+01 -3.934602448977672395e+01 -3.273332961978774591e+01 -7.223420295101571753e+01 -6.337163569885449022e+01 -3.440095758491173683e+01 1.098602925743977110e+01 -2.943041920153672919e+01 -3.528608744141156706e+01 -2.111316041148267431e+01 -2.826210075265056432e+01
6.190825371088120477e+00 -4.273887550293686388e+01 -4.872059794752053108e+01 -1.958309211143969719e+01 -6.822497868941997012e+01 -4.644855969106387761e+01 -3.042907652253511941e+01 2.457866800844377053e+01 -2.628819869317131008e+01 -3.881597169482459719e+01 -6.521124654122493425e+00 -3.159608617291088706e+01
1.861600402574433843e+01 -4.829695008131829326e+01 -4.974668228588090813e+01 -1.660662845355327732e+01 -5.419815341194279767e+01 -3.127457037240839455e+01 -2.800570412722276004e+01 2.684466846595878309e+01 -1.563017401114607452e+01 -3.211155922807476770e+01 -1.033926010326972644e+01 -2.499755493191857170e+01
8.956624597014272382e+00 -6.275571999415279834e+01 -7.087304697580722745e+01 -2.196228588078906085e+01 -5.855114116376127953e+01 -3.971551398533021882e+01 -3.174635195297321033e+01 5.486929074807632034e+00 -2.111557679820153055e+01 -3.589289732091509677e+01 -2.790974107731559783e+01 -1.817301119392671183e+01
1.145281286740090820e+01 -5.315783793134456658e+01 -6.558014896798178484e+01 -7.408250732300707853e+00 -4.505275534716499664e+01 -3.023130359619653973e+01 -3.240255404387838212e+01 8.892039127274550481e+00 -5.412108559557331056e+00 -4.327084444311076794e+01 -1.524224636127643961e+01 -1.265604660253307578e+01
1.075659617056993511e+01 -5.617489535753799146e+01 -6.150587092727251104e+01 -3.253443916804314551e+00 -3.920152190935289127e+01 -2.467531047780283515e+01 -2.093393283192087750e+01 8.180957627796566101e+00 -1.736667993104857644e+00 -3.955948986296262149e+01 -1.538705150437809266e+01 -1.318773882242910922e+01
9.387010233780372914e+00 -5.533287025910244239e+01 -7.067854805241674399e+01 -1.325691697530285751e+01 -4.362918598011810900e+01 -3.368382954788914674e+01 -1.694709461623669711e+01 -4.035462644117271402e-01 -3.767137504901073353e+00 -4.047358084938898770e+01 -1.262047463229661126e+01 -1.038869959938524445e+01
1.230917097347602507e+01 -6.160876757406357740e+01 -7.290188393252597621e+01 -1.570519979834006108e+01 -4.553561218042946024e+01 -3.461505118112864920e+01 -2.989822838094079671e+01 -1.351116291806831882e+01 -7.670047716375433922e+00 -4.814479831158170953e+01 -2.009623486196946729e+01 -1.286826397796397359e+01
1.607932553349470695e+01 -4.097944554855554600e+01 -6.967784808074321745e+01 7.546402478584979256e-02 -4.210775370063569767e+01 -3.605964937447002683e+01 -1.857516697124907523e+01 -3.917056557314471554e+00 3.016388856642123972e+00 -3.810649756532770738e+01 -1.986681786989712606e+01 -4.018483828827726256e+00
1.385466710715252070e+01 -4.461210991995875474e+01 -7.332665290760172638e+01 -1.182577162558398243e+01 -4.481207202129105127e+01 -3.721904236433576330e+01 -1.500880505081277860e+01 -5.308947964991957313e+00 5.095800481386636438e-01 -3.596427212844142218e+01 -2.495193523327973395e+01 -8.800395415275438893e+00
2.344800079451290387e+01 -4.349830428361090640e+01 -7.342059047500573854e+01 -2.600407900605145528e+01 -4.053655023971610660e+01 -3.667555728667024084e+01 -9.271336494642845594e+00 -6.938948262070947948e+00 -7.612647516695418837e+00 -3.486991648570757718e+01 -3.054853525190544161e+01 -7.760282969659774821e+00
3.478641646298751766e+01 -2.318983911389622676e+01 -7.160767649440889215e+01 -1.730684425718836650e+01 -3.201761269999106929e+01 -3.612278149350993317e+01 -2.797783784452649414e+00 2.736786620931694891e+00 -1.616902690841571300e+01 -2.793332612785815172e+01 -2.965181221744009576e+01 -4.304131468970799901e+00
3.277695593364745008e+01 -1.869835250007375294e+01 -7.696720410531514744e+01 -1.711420663901489547e+01 -5.423431122850769981e+01 -3.949205437371716698e+01 -6.807118254772027477e+00 -9.170517490691022289e+00 -2.042090965742237074e+01 -2.201700570589995465e+01 -2.353237691443584367e+01 -1.180061022797543657e+01
3.987614866674505265e+01 4.160458087008549910e+00 -7.410438146030088546e+01 -1.152458933273064545e+01 -5.137451394124796877e+01 -3.636155865774750140e+01 2.783807809419061474e+00 -9.287378224055755638e+00 -1.235583540419188964e+01 -2.064737979022763881e+01 -1.897847771154163610e+01 -1.897361397667491545e+01
2.121864821515000443e+01 2.318717646289938727e+01 -6.341942466982997928e+01 -9.890643333265145998e+00 -6.607476577488110081e+01 -3.864625708169295137e+01 1.384485929303810314e+00 -6.985802322672365783e+00 -3.278445363518237343e+01 -2.533334459702479791e+01 -2.276367738435318344e+01 -1.787709732793219786e+01
2.613182073500620817e+00 2.478819986791781815e+01 -4.015215152857315672e+01 -1.916964746350857673e-01 -5.420985630312921444e+01 -2.269886412915978724e+01 -1.294831705800197064e+01 -2.899400939765814655e+01 -2.306739073023168629e+01 -4.056473316219556580e+01 -2.118604859828955966e+01 -8.537623739688186220e+00
-5.871122648596060856e+01 2.188105183900154316e+01 -1.209485557546647172e+01 -4.719931384713922284e+01 -2.610214530316503101e+01 -1.047180089383646440e+01 -5.431195837646816571e+00 -1.993330480190887499e+01 -1.092479748561547126e+01 -4.387140439723982865e+01 -2.055587077243683325e+01 -9.416759093123412416e-01
-1.295680293436250565e+02 2.414129739081763759e+01 -1.995146193388199052e+01 -5.513519256379046851e+01 -3.612793737955682616e+01 -2.292211150984538293e+01 -1.909660239665419112e+01 -2.614251138034576627e+01 -1.489044329051325199e+01 -4.173143008722495750e+01 -1.599629430280534592e+01 -2.633442971725137305e+00
-1.600533576021573765e+02 2.110440613179141423e+01 -2.677375526916092952e+01 -4.318945024878669869e+01 -3.194960817966663313e+01 -2.591826132492053603e+01 -2.139053411789647186e+01 -1.623787119844716287e+01 -1.022716673153518840e+01 -3.200002360356899800e+01 1.235541668016648664e+00 2.237350545918658007e+00
-1.673991325379295745e+02 3.714101588998708792e+01 -3.050031893633274649e+01 -3.762752362447064058e+01 -2.736845074551339252e+01 -2.271512807953821422e+01 -2.183439053812097441e+01 -2.447797354841217299e+01 -2.182293537140564510e+01 -3.780417528578560393e+01 -1.933837951429835300e+01 -1.416935746714695554e+01
-1.721761122453166877e+02 5.506565647770267447e+01 -1.842448181787768746e+01 -3.802642019721095323e+01 -2.744244064211318346e+01 -2.714485064693493399e+01 -3.402637802671356404e+00 -2.569521913293234405e+01 -2.313302970816305404e+01 -3.362931626845050204e+01 -1.448276449630690443e+01 -1.163781228371385801e+01
-1.842949655382121819e+02 6.979404802604472025e+01 -1.436939665527174270e+01 -3.318441452841136652e+01 -2.400887683115017524e+01 -3.227263967818862511e+01 -2.519109212979264711e-02 -1.558675993548341765e+01 -1.051242464289805412e+01 -1.931815839970929005e+01 -1.637511437192275565e+01 6.522624171188904363e-01
-1.904674053008775445e+02 7.263343985308753759e+01 -1.250839032865117595e+01 -3.955203709288757352e+01 -2.689780337236404506e+01 -3.520934785029945857e+01 -7.900732484574322534e+00 -1.437240257078236283e+01 -1.742915809342546041e+01 -1.733511714677097615e+01 -1.970746750442822304e+01 3.195847354306147636e+00
-2.170606476571717280e+02 5.021555003973284670e+01 -3.437098248363538744e+01 -4.750957967082710098e+01 -2.589972218502091295e+01 -4.211114657568867159e+01 -1.873744407033309756e+01 -1.472084683319674525e+01 -1.858145931244114024e+01 -3.451017384568505975e+01 -2.574545581487333479e+01 1.274943416760862647e+00
-2.281041611427877456e+02 3.495252818218610003e+01 -1.241332163553933299e+01 -3.378825884682144221e+01 -1.436561414019743310e+01 -1.383600562098544451e+01 -8.156267086167265035e+00 -6.015748325770895022e+00 -4.194424777092155665e+00 -2.393006730022638706e+01 -1.212086680936052829e+01 6.299808189926301871e+00
-2.291309121305744725e+02 2.592080277260541976e+01 -1.544491427068614087e+01 -4.225395288207600686e+01 -3.515939939212262999e+01 -1.764484206520801379e+01 -3.976288984495907730e+00 6.968710262522418653e+00 1.869468916115417301e+01 -1.225304284148397294e+01 -6.000945769838178734e+00 4.804947819899847872e+00
-2.201823231899789164e+02 2.552768718388437463e+01 -1.938013361593436912e+01 -3.621947071934653195e+01 -3.225306212673449124e+01 -3.479602989966436155e+01 1.462212747474830987e+00 1.881526201116122721e+01 2.509014119739976323e+01 -4.601711913537829268e+00 -7.209169968518864380e+00 -7.588638134931269263e+00
-1.984359205809653872e+02 2.898393586381309106e+01 -2.220654035792165715e+01 -4.481777360457203940e+01 -4.632282098209741150e+01 -3.547562819656876343e+01 4.184182912325898229e+00 1.871043998532762487e+01 2.750347611572711060e+01 2.401734901054075610e+00 -1.226826825046091685e+01 6.170347360236291934e+00
-1.940607343185072295e+02 3.543204898712154005e+01 -9.186911330621509109e+00 -4.397901429586934796e+01 -3.499831128133898517e+01 -3.685385485632373559e+01 -5.622849401009673009e+00 1.567843102010410217e+00 1.670699430283981712e+01 1.027229333757205509e+01 -3.117080338272112172e+00 5.046066452250999035e-01
-1.870054645333385110e+02 1.764884673134476856e+01 -1.365619861483445163e+01 -4.739750972720815270e+01 -2.655883500755997773e+01 -4.636319797667049158e+01 -1.918655062507517783e+01 1.467700917087227097e+01 1.780781605467821294e+01 4.640763507987236913e+00 -2.318199071853628723e+00 -7.604493223363407495e+00
-1.942130263514181365e+02 1.790526408754123366e+01 -5.213060453580622422e-01 -4.614634126910607392e+01 -3.875893219040649740e+01 -4.466855779892864575e+01 -1.867293044330196494e+01 1.867581552132116229e+01 2.229454148040929340e+01 -8.131668192782812721e-01 -1.819990602304838223e+00 4.162221587359780983e+00
-1.877291699024697778e+02 1.380812751847628839e+01 3.383564934897965060e+00 -5.777541060401043893e+01 -4.747570132621543593e+01 -3.870579321144200691e+01 -2.402087667813565730e+01 8.181696005233867197e+00 1.338076059989800015e+01 -5.867302115251497696e+00 4.008547337440060421e-01 7.396380384865257618e+00
-1.775942857259930179e+02 6.840344570100235444e+00 1.835798994456835587e+01 -5.249128681390095608e+01 -5.197439464756116934e+01 -2.925960064281817097e+01 -1.143160578556796736e+01 -1.334490746727514221e+00 9.816359674679956626e+00 1.988704924727775047e+00 6.487095913104608869e+00 4.155496778221367649e+00
-1.566276379981536877e+02 1.388543337208990280e+01 2.663856767332960018e+01 -4.565734076129514563e+01 -6.811702284288919884e+01 -3.969554587535564849e+01 -9.402043080546963694e+00 -5.234378922551051083e+00 1.177780822852855280e+01 -8.693088739845801882e+00 -6.346144452591962803e+00 -2.704025805006933236e+00
-1.325198144473291677e+02 2.072803705721637613e+01 1.796261163703406538e+01 -2.465782207506894608e+01 -5.261168745736596009e+01 -4.965718009074468853e+01 -1.914479871839454717e+01 -1.046872252528164005e+01 -4.103571722580037218e+00 -5.215270937581291122e+00 -1.010411208731353483e+01 -1.470874845076477655e+01
-1.175660592206083948e+02 3.244527956230455601e+01 2.207367553714207276e+01 -2.764411701864562687e+01 -3.105480189558031157e+01 -3.501221163539757697e+01 -1.560808643932889517e+01 -1.597053450154407273e+01 -3.108190207488728873e+00 7.687387691545359836e-01 -5.773879830941987201e+00 -1.102717949336648218e+01
-1.466678251572522811e+02 2.797449842907695228e+01 4.521713862824169539e+00 -4.553935229428896747e+01 -4.181097711036687770e+01 -4.685414383865949617e+01 -9.311777604693563859e+00 -2.329725752349905576e+01 -1.463067383437782532e+01 -1.703810727528049540e+01 -1.742025601351708275e+01 -1.023511361854103185e+01
-1.690098626962337107e+02 5.346926878348162404e+01 1.314752408638254977e+01 -2.580452840777951806e+01 -1.827423811828537481e+01 -5.357028045961726548e+01 -1.053964208300557925e-01 -2.300597633407999254e+01 -8.581773808037540974e+00 -9.356766664984665027e+00 2.431386130758331987e+00 -7.798374679593139902e+00
-1.960806915974329740e+02 4.781545730571772879e+01 2.423142550105339410e+01 -3.288397868854631412e+01 -1.666234708257701147e+00 -2.510338765134684991e+01 -1.531523063670801754e+01 -1.201590624091633686e+01 -1.439010829477758513e+01 -2.865473301409513951e+00 2.528987699956071111e+01 -1.463431616035606986e+01
-1.999688506172114444e+02 3.569833934643994411e+01 1.767525387049035146e+01 -2.818793088394503954e+01 -8.339203575731463758e+00 -3.180327709375226775e+01 -3.567144918572094525e+01 -2.822446793902147988e+01 -2.037369986574116609e+01 -7.824600627631721927e+00 2.046358405527908531e+01 -1.792726232217640714e+01
-1.609866253557386813e+02 2.229959356965647643e+01 8.928578755161360903e+00 -1.637468674822460812e+01 -1.041109909395890876e+00 -1.915303049289228454e+01 -2.267016357699285578e+01 -3.507897938323077369e+01 -1.499688182456370811e+01 -8.634798846780006087e+00 2.426861295415954523e+00 -1.483034674640687722e+00
-1.410202261497358336e+02 4.437908976753583090e+01 3.141714540770020037e+01 -2.157687189197969246e+01 -1.167524437200190768e+01 -2.356448226692067038e+01 -1.499694191166284440e+01 -2.867365249787194159e+01 -7.760493959038372580e-01 -1.198291240835153992e+01 -1.942678281178834254e+01 -1.560565342665141131e+01
-1.278090538043605875e+02 3.735355740484127551e+01 3.297337357494512133e+01 -2.034517104007417387e+01 -1.093136907906119326e+01 -2.905598507276130604e+01 -1.685418533076617109e+01 -3.540573955319150912e+01 -1.637240838763655404e+01 -1.033730966113841987e+01 -1.386612647038517920e+01 -9.685494566685505902e+00
