1.768580929631556131e+01 -5.181003327152172488e+01 -4.328448117150800556e+01 2.475515288925985757e+01 1.235048011348517605e+01 -6.986914435430732873e+00 -1.717731503248030478e+01 1.471756536993878406e+01 2.009788356141539722e-02 1.318106198293423148e+01 1.834376244212337692e+00 5.730827839541769997e+00
8.656259290962381669e+00 -6.081471831055892352e+01 -4.536978315082343016e+01 2.297801138460452464e+01 9.881559739702744594e+00 1.005250663869014360e+01 6.143763368080404241e+00 1.418466593425097599e+01 -1.078445430782339720e+01 5.059518613559607303e+00 -1.194290138088312681e+01 -1.526564770906310287e+01
3.407650810479854897e+01 -4.983446572513147999e+01 -4.622736879863020931e+01 3.082437984011743382e+01 1.702076107986128761e+01 9.559036961632349616e+00 1.072085482532595258e+01 2.349128131385805318e+01 -1.714398095008737144e+01 4.842567931723458230e-01 -1.199850421750842955e+01 3.286879140578138347e+00
2.649395663827361602e+01 -5.308353483831992747e+01 -4.757787632182967030e+01 3.631494198261891881e+01 2.548173793948238952e+01 1.935695269897797033e+01 2.436027772206412578e+01 3.450749673753028901e+01 -5.965051497648035550e+00 2.228226745763222993e+01 3.118907899581261578e+00 -5.354333725281138712e+00
2.115833699577940052e+01 -5.290039750180332589e+01 -3.868468039075311538e+01 3.216656599645443748e+01 6.889344524110688539e+00 1.141076542116625703e+01 2.006105390466947114e+01 2.737861720408697863e+01 -1.150116721088143024e+01 5.382015956799373058e+00 -3.255703905436346801e-01 -2.096740985789126377e+00
3.070282726607483426e+01 -4.562513987529739268e+01 -3.361358043947159047e+01 3.025762424665770567e+01 1.090401395204014534e+01 9.771247725779156568e+00 4.190059654928093735e+00 1.280267572156030198e+01 -6.783137493182898048e+00 1.755217790119350241e+01 5.963195122095044098e+00 8.879707819561955873e+00
3.159856869774883137e+01 -4.881760441672324191e+01 -4.382053175579787307e+01 1.177026074246391829e+01 3.370748397987051170e-01 8.526246156714870850e+00 1.470726996555284316e+01 3.192739662495878861e+01 2.704668635382942554e+00 7.779856422577156927e+00 5.692881530222400954e+00 3.777900973631030279e+00
2.461640125833492121e+01 -5.672421575627475221e+01 -4.961464651738641862e+01 1.621408101386862199e+01 7.050375373334966334e+00 1.349967764190820141e+01 9.430875700533070116e+00 1.543044002469194353e+01 6.459738276214821440e-02 2.911127672180803572e+01 8.694764137056047559e+00 1.102377467070198414e+01
1.644226402415537791e+01 -5.264264322683227704e+01 -4.202238296742198997e+01 2.915802246218538585e+01 1.779693769419463933e+01 2.084113797472165075e+01 1.071981332392630115e+01 1.137981843010418892e+01 -1.838626180075765504e+01 6.776355394609213434e+00 5.339357122838731762e+00 -3.315028699343741447e+00
3.130663445114899091e+01 -5.089159540140823879e+01 -3.931289291565876454e+01 3.138630117510876971e+01 1.278241280480281006e+01 1.913885918039271772e+01 2.306378562460279724e+01 2.842055758658583997e+01 -7.342191280753462834e+00 1.017144389855577202e+01 -2.404881838714710285e-01 3.811551262900117365e+00
3.433154978500422772e+01 -5.932688307401754457e+01 -5.832672743875293975e+01 4.237074087009149537e+01 2.272545258944844448e+01 1.306916329236805119e+01 -2.826192243681559191e+00 3.423710457302404819e+01 -5.536692442324481434e+00 -2.214858857976569340e-01 -1.550722181658873389e+01 -3.936668181990559567e+00
5.985103338269721007e+01 -8.407594302903076766e+01 -8.837983342146924315e+01 4.377361305838712724e+01 -7.964819045055774538e+00 2.139926200207236917e+01 -1.319261957231692506e+01 3.212328937699648179e+01 7.653742206119390268e+00 2.650325686966319338e+01 3.511647932319945653e-01 1.018359740390882884e+01
5.660375274944534141e+01 -7.104694456771082400e+01 -9.055423698264587529e+01 1.365934566566703623e+01 -1.030473160637208396e+00 1.088331271596705996e+01 -2.341144382126196177e+01 2.763593383017224347e+00 -3.301436266157700317e+01 -1.181604832906496227e+01 -1.589501736624694495e+01 2.865155376899921613e+00
-4.393879715253581963e+01 -1.135637576068020849e+02 -8.159935502627942583e+01 1.966024428900237098e+01 9.082901549325450574e+00 1.516809185365514878e+01 -4.679420611800103380e+00 1.673145761016573374e+01 -1.061146835706622760e+01 1.702315007438294447e+00 3.332315316752566758e+00 1.805055139110177009e+01
1.266267908104572655e+02 -8.576226774267715314e+01 -1.362137251443573973e+02 7.317992972390092632e+01 6.111310990863952242e+00 1.336571110696713305e+01 -4.681362412803160566e+01 3.316825258633174656e+01 -3.937953555113878679e+01 -9.558210428035746276e+00 -3.690666373433781899e+01 1.767333481006005869e+01
4.016534236951932790e+00 -1.103788991008501625e+02 -9.628505863032503953e+01 5.787224318864912931e+01 2.206616418678849811e+01 2.100909211139541455e+01 -2.549151084247237264e+01 1.387367346584597882e+01 -3.249891683236168660e+01 -7.321996340209756760e+00 -1.167255857318660617e+01 1.489342407843234639e+01
9.093359389920053104e+01 -1.007066087450050276e+02 -1.008196965983110260e+02 8.982265059110113725e+01 -1.252502370507399831e+01 3.990825730204379340e+01 -3.280527653415497014e+01 2.093378484830744668e+01 -2.852520339955716366e+01 -5.778654779474613257e+00 4.052327308530845329e+00 2.165471185067494275e+01
4.534045305270470294e+01 -6.175361616692087097e+01 -7.386606645501557011e+01 2.467217004895188026e+01 1.630213382817633061e+01 2.096576657094689722e+01 -1.537624075536763080e+01 1.154895658249117218e+01 -1.788408608409026712e+01 -1.375416444351601708e+00 -4.967287925792252423e+00 2.343590530978281450e+01
2.842170686063777651e+00 -7.947357111316114242e+01 -7.776373331945737277e+01 1.232908656471624198e+01 1.670739035889695145e+01 2.140907080785312289e+01 -1.502601152769709181e+01 3.894292720542479103e+00 -1.565167532393593319e+01 1.708056618028669593e+00 -1.763500397086227967e+00 2.145098872665210621e+01
-9.164515602167746522e+00 -8.426704330018485223e+01 -8.079781525945357146e+01 3.089185785316985289e+00 1.260592759843595800e+01 2.280476577902042123e+01 -1.127806967778560931e+01 7.546047941531464076e-01 -2.049068794703377705e+01 -1.067363043429931713e+00 -7.698872639698182141e-01 2.264739150119921263e+01
-5.447111136495685457e+00 -7.780223010116124271e+01 -7.113298531262874747e+01 2.551138914796539314e+00 1.222386938808793744e+01 1.944235956463404591e+01 -8.919430411920755475e+00 9.948188196544002215e-01 -1.650376305797851728e+01 -2.657685349626375704e+00 -1.816600058223891923e+00 1.782515362339221809e+01
1.171314291626648156e+02 -5.529103055289249369e+01 -1.022442007072164074e+02 5.026654659622990096e+01 1.023231632232510790e+01 2.735813298500855240e+01 -3.335231394900585400e+01 2.500896162136848133e+01 -2.283763622727944664e+01 -1.498976810875449317e+00 -9.788876859019890020e+00 3.757644837060921361e+01
-3.332625103398714117e+01 -1.313609465549400284e+02 -1.127598132513747089e+02 2.892110872995766613e+01 1.451033502070311165e+01 1.549056323846110672e+01 -2.829035070307641675e+01 9.908018467333477020e+00 -1.937361376648703271e+01 1.306945196021071176e+00 -7.051689248595952364e+00 1.905592106346234971e+01
5.726865579017240293e+01 -5.590294544944508459e+01 -6.954245091029207515e+01 2.734076301784366336e+01 1.709606517623556243e+01 1.951467765089870809e+01 -1.895754270688767562e+01 8.959718180132067999e+00 -1.296638510769281183e+01 4.414903334152135095e+00 -6.111231331792355448e+00 1.545705998697311756e+01
1.067250555044010127e+02 -6.311698496414183523e+01 -8.851321370535455912e+01 5.724626727902757750e+01 2.502579206589019556e-01 3.419998011152543427e+01 -3.590853275902847486e+01 1.054781801724282175e+01 -1.459998990416407061e+01 9.677628415065846923e+00 -2.260001417048429939e+00 1.559625324498273358e+01
5.056279617452302233e+01 -5.618355248800173740e+01 -7.048134163217825687e+01 1.990478883647224961e+01 1.919665631833502317e+01 2.400599665149943718e+01 -1.524132344979293663e+01 5.125972549716410143e+00 -1.634164997855546986e+01 3.778728067120864065e+00 -2.007093274585465714e+00 1.792963051008253572e+01
-1.042846346083096698e+01 -1.125098003870043897e+02 -9.591735994848491487e+01 4.320624234223757298e+01 2.322162488374825529e+01 2.640908963553903277e+01 -1.682452798905222124e+01 1.120883169474298491e+01 -2.869965598674223983e+01 4.195589851390703062e-01 3.547555183110653765e+00 3.085793889440911641e+01
2.376428705814657594e+00 -1.142442642912833577e+02 -1.235510476754993618e+02 3.225613624518328493e+01 2.811788197086038821e+01 2.097501460617373681e+01 -4.288975700378491496e+01 5.482932488101290858e+00 -2.485584002416804950e+01 4.273761070379944904e+00 -9.561329045432971796e+00 2.385993028649201619e+01
1.035310640741054300e+01 -7.296573496259249225e+01 -6.895208824255016111e+01 1.765749108456876115e+01 2.216520805519416371e+01 2.277064911713586071e+01 -1.649020146926439168e+01 -7.181963594003053508e-01 -1.285614748890517411e+01 5.622776717149454484e+00 -3.213878528301927773e+00 1.222845991511442243e+01
1.460502125618813629e+01 -7.682077809288381331e+01 -6.502373416613647805e+01 3.368974964748822742e+01 1.906378745605604763e+01 1.642867883072918644e+01 -1.335842413008201923e+01 1.049057432470631213e+01 -1.558683739040371208e+01 1.860297045880018985e+00 1.504061593628344573e+00 1.892379448307936940e+01
2.474852992001383090e+00 -8.349947736961459555e+01 -7.787979271735017051e+01 1.371813411432698437e+01 1.571829825994043262e+01 1.956310266416643628e+01 -1.619672813560595870e+01 6.389632998767895700e-01 -1.727914796481507054e+01 -1.455859794366678894e+00 -9.692363042860574041e+00 1.003674042521515197e+01
4.828882080285455913e+01 -8.404086961391166710e+01 -8.979801933374224632e+01 4.835017267226829318e+01 1.678305126852650631e+01 2.496981092825009796e+01 -2.556430751071238205e+01 9.455324971825396219e+00 -2.347144990109842411e+01 8.464090031421715565e+00 -9.591513722234594752e-01 1.691167681743777962e+01
-8.730651058599647740e+00 -1.022155632161767898e+02 -9.674241428502345741e+01 2.563760073351676283e+01 2.901216187347176856e+01 2.359351955995641248e+01 -2.555524557355006365e+01 -5.587789215739163984e-01 -2.436230606080093253e+01 -1.491566972933309199e+00 -1.258428059876675142e+01 1.725517213679069073e+01
-1.603185058154900844e+01 -1.047168240195530871e+02 -8.717098806233656205e+01 4.677435943674322516e+01 3.523855628413409136e+01 2.887110620179919351e+01 -3.124159929902645416e+01 -5.153533778885474703e+00 -2.782972008417551990e+01 3.829934576052216322e-01 9.625347093540082000e-02 3.723281628162169454e+01
3.620290282206184429e+01 -1.057517893592635403e+02 -1.076288324439262993e+02 5.513828779616329712e+01 1.001398678184923519e+01 2.023301889316704916e+01 -2.443451767177047884e+01 1.203618426196241842e+01 -3.168197138488438469e+01 1.279114311719777497e+01 -3.154899827378911947e+00 1.858476679107581830e+01
5.707628608098409018e+01 -7.338296839813727956e+01 -9.183926657990733133e+01 4.589908745478835073e+01 2.228293027656674141e+01 1.934850246630936255e+01 -1.367303658699640323e+01 2.332045107677533125e+01 -2.719759471328498535e+01 3.857971830521209622e-01 -2.140651793075473819e+01 1.557146478656329869e+01
5.479252933165582107e+01 -6.290757343482717090e+01 -7.611193477225327797e+01 3.169516034242197833e+01 1.695677313831585309e+01 2.920209704983604126e+01 -1.081830365545663142e+01 5.582487766630417347e+00 -2.793622763315821089e+01 6.275600140751487643e+00 3.171497083018329111e+00 2.297132908216047298e+01
5.054646728399279709e+01 -6.094493438912286365e+01 -6.762746035276224177e+01 2.431262853881591468e+01 3.115242170800735622e+00 1.046843301449726482e+01 -2.218148875979612811e+01 -8.052342046049032476e-01 -2.324474050811531356e+01 -5.998154523617649225e+00 -1.973835774298235535e+01 -6.530093006339980910e-01
7.646545277506348270e+01 -6.467923361883435973e+01 -8.898504276226313436e+01 5.113771246375766566e+01 2.119053248983849613e+01 1.733194962844323683e+01 -1.996686153644431982e+01 2.373703626385917786e+01 -2.399999012445801583e+01 5.804537543134727251e+00 -7.974932512439768750e+00 9.745223282066888260e+00
-3.155647280859888326e+00 -1.012214556122944060e+02 -9.788066871644537059e+01 1.119654283316719656e+01 5.964330453887746408e+00 1.067510450048994741e+01 -2.205775319192792949e+01 -3.552751026699096926e-01 -2.310340621161067887e+01 7.523255544815017792e+00 -3.401348600640746955e+00 1.476582067396441467e+01
2.727310349396861966e+01 -7.516468656214831867e+01 -7.164295173102414083e+01 5.419963335779121394e+01 3.862208575632060104e+01 3.753920899031164993e+01 -9.040824192925341896e-01 1.888437778609591433e+01 -2.128808530022774903e+01 5.636076609598417164e+00 -1.106728792033247366e+01 1.434469277950846156e+01
3.801270913654398242e+01 -6.961019400979728289e+01 -7.634800976689017205e+01 2.621189901942518219e+01 1.313336725369542890e+01 2.300241094377982165e+01 -9.759127244848311733e+00 8.228355647829662445e+00 -2.291419071961566090e+01 7.462797613375769856e+00 2.203857474620072310e+00 1.433989705340447429e+01
2.133083019183922602e+01 -6.414460946491698223e+01 -5.511001383980264023e+01 4.170297591685176997e+01 4.252686121283947074e+01 4.544946896959755378e+01 6.311149878662558166e+00 1.455295169508443642e+01 -1.479722375438687365e+01 4.390355622995009810e+00 1.454131890896047441e+00 1.234432198153644755e+01
7.855763065311384707e+01 -4.763674213004949820e+01 -6.736800172700236544e+01 2.773724203426733581e+01 2.903110002713361837e+00 2.336596580017292979e+01 -1.067415741164384313e+00 1.068368346652197687e+01 -2.457012579778418626e+01 1.130524967171275819e+01 3.113095842377151978e+00 2.349340492767713329e+01
2.359138099864826188e+01 -7.250301717730195605e+01 -6.228924756937168183e+01 4.799242149252529543e+01 3.019910319188276304e+01 2.985215287720857447e+01 -1.599235661645352380e+01 -8.560144034941785662e+00 -3.995128354222878642e+01 -1.072282815980865678e+01 -1.273781383968388781e+01 1.659380674472735251e+01
-1.977343848575762308e+01 -7.424267085133703858e+01 -5.343989017544179632e+01 3.406232493923535287e+01 2.824206639638019567e+01 1.926429907380995843e+01 -2.669596882720393083e+01 -3.215799164358873252e+00 -9.759388655087530839e-01 1.913731962429150002e+01 -6.372808133412219078e+00 -1.053658023485962936e+00
9.243968534884325550e+01 -5.129548026895804469e+01 -8.930434951124453846e+01 5.570413761018561161e+01 2.435029969475345979e+01 2.750563282084751648e+01 -4.446789794946380425e+01 6.224222807054382578e+00 -2.213322664727843403e+01 1.375841489219971869e+01 -1.913304718608995358e+01 -1.257971433506586578e+00
7.676082854635897945e+01 -5.901932693970597654e+01 -6.972372706306134660e+01 4.717134549368040553e+01 -3.628545367135043165e+00 6.252963639691255793e+00 -4.264465262147781743e+01 8.135508763998173798e-01 -2.023701051537188533e+01 -5.051727977066422071e+00 -2.224697064271500579e+01 -2.677782669139649574e+00
7.341381397736282111e+01 -6.393519920732083506e+01 -9.306803365715171594e+01 4.335646927201780443e+01 1.027347098309211759e+01 1.108965402137499368e+01 -5.590933052339852338e+01 -6.367791190752993380e+00 -2.518493445707721889e+01 5.159415795769533908e+00 -2.621972107743675195e+01 3.153894300225515313e+00
8.441325689792829223e+01 -1.285972825593177760e+01 -3.461438757401630539e+01 2.816024808176045013e+01 2.138276506821214795e+01 1.576436091848686161e+01 -1.668565753456832468e+01 7.619671574245234780e+00 -5.680015100570762421e+00 2.175341080931208371e+00 -2.234445242350993155e+01 -1.393043024585813683e+01
1.510976089385035834e+02 1.558704169751874602e+01 -4.510177120178337873e+01 8.581453312688005042e+00 3.488403414283954618e+00 2.012953022513015355e+01 -2.102011130337196931e+01 -6.111373687131224308e+00 -2.032302185050478727e+01 3.641460657640279486e+00 -2.150861657666015603e+01 -1.855132480143360141e+01
2.189926243464926756e+02 2.222225933902052475e+01 -7.773827399882726752e+01 2.306753017586200727e+01 -7.099158885634341942e+00 2.235693465069849850e+01 -2.674224490707034008e+01 6.861215801712391205e+00 -3.507623415612377471e+01 1.414330533363770748e+01 -1.933371362725995368e+01 -1.014449509438586006e+01
1.865352295454912905e+02 1.873575285209287067e+00 -6.575250965941575032e+01 3.100284475152866293e+01 -2.155249340948017078e+01 2.380065027876878503e+01 -4.229061710685951425e+01 -3.157152531452069866e+00 -1.798099322949676804e+01 7.866534012685923116e+00 -1.685306467842996625e+01 -1.576572733404294091e+01
1.917813559150128526e+02 -2.411232030486644362e+00 -8.784171988035915035e+01 2.086298034630527098e+01 -1.689280459999795880e+01 1.704766231000856180e+01 -4.646884897174592055e+01 -7.611852377125481794e+00 -3.390545771460976709e+01 5.319210328794858000e+00 -2.679630370591376121e+01 -9.481328595123581948e+00
1.751974797992306208e+02 1.406456807027681277e+00 -8.058998712943181886e+01 1.801337195991577644e+01 2.230122699951867737e+00 2.913054337548293304e+01 -3.296567347463955855e+01 -2.952462197386197307e+00 -2.882974890698495329e+01 9.968490364850477903e+00 -2.126686622512326252e+01 -6.152775456138152244e+00
1.052729109189953931e+02 -1.905768109552668932e+01 -6.870787770573259934e+01 -2.423592590022277449e+00 -5.539440040764940676e+00 6.665154131969000417e+00 -3.518793922350556613e+01 -9.369905705864123746e+00 -1.633100414477016216e+01 1.337515281147203972e+01 -1.170630291848981130e+01 -7.894680624974371064e+00
1.600452110951547979e+02 -1.978323066082350934e+01 -9.060800313422822683e+01 1.314877845093241859e+01 -1.900427499153967403e+01 2.530138104885327976e+01 -3.640304369680396235e+01 -1.495743124969385107e+00 -1.958319399845612807e+01 1.520217286172478666e+01 -1.162725034243673683e+01 1.097021855613520280e-01
8.742685246060739246e+01 -1.076753733811002967e+01 -4.203030097362595541e+01 1.275041212671368385e+01 2.066663301964201338e+01 3.158182269300868938e+01 -1.119753180946319304e+01 -6.579949844925876867e+00 -1.755127340364047228e+01 2.854542592628174003e+00 -2.048826460843923769e+01 -1.907446930230802451e+01
1.201751964514681390e+02 -4.889203692758036013e+00 -6.099108328886315178e+01 -6.100767449079693705e-01 7.855081620508127749e+00 3.128260857679571316e+01 -1.145857786140951440e+01 3.912469802501550298e-01 -1.497607582144983063e+01 1.235311058006068130e+01 -1.234045759895266414e+01 -1.003547335177506739e+01
1.476166800050348797e+02 -4.378357786113415528e+00 -7.170861412568009996e+01 8.141887721061607408e+00 3.605458696582127587e+00 3.440728092235310953e+01 -1.819356410666443935e+01 1.331970704755734314e+00 -1.968118443759469471e+01 9.133999983109822196e+00 -1.926870801361218710e+01 -9.455019098317659854e+00
1.279443629259048123e+02 -1.244951769517001239e+01 -7.267051804176432483e+01 2.082886348937903698e+00 2.096259731912825330e+00 2.956778932486326283e+01 -1.601804185086633225e+01 3.065969430409905438e+00 -1.626127482912951905e+01 1.293218713266153408e+01 -1.408312066191329670e+01 -6.531921104236748654e+00
9.607229943894188295e+01 -8.019244366137218805e+00 -4.786172045111286621e+01 -9.894477141055883607e+00 -5.063922462669014024e+00 5.988937593656217473e+00 -2.416584205732079482e+01 -1.388958312772219017e+01 -2.096691455661504833e+01 -5.309705416897928743e+00 -2.384706094112321395e+01 -1.962055609705389614e+01
1.143748307706957235e+02 -1.044697412931247982e+01 -6.464904246468151428e+01 -9.062174347969893518e+00 -3.725278755399406894e+00 1.841915005224074520e+01 -2.062766974469032633e+01 -7.493895901673907289e+00 -1.992081085347221148e+01 7.122657164499819338e+00 -1.279842948832288663e+01 -5.210602462854467376e+00
1.676341587893129201e+02 8.966441336583237387e+00 -5.456352904266310588e+01 3.901822256746393691e+01 1.356311303703052573e+01 3.105773895695065079e+01 -2.851914482586212074e+01 -1.789124062632827084e+00 -2.106042365036474706e+01 2.280863709067678258e+01 -4.048665301602369482e+00 2.948220268736593930e+00
1.049329837118555417e+02 -8.039721273512942190e+00 -5.367262414204739684e+01 7.571470557197036433e-01 7.656235771979611471e+00 2.198801703567790611e+01 -1.893319690888509399e+01 -6.082143429600269435e+00 -1.542150382973713363e+01 7.420256983215502089e+00 -1.608315200805906642e+01 -1.136015747207166982e+01
1.515811092080847118e+02 -1.087628008144100633e+01 -7.909246435452055835e+01 1.431132528362224399e+01 -9.344143980018191797e+00 1.807368706563926253e+01 -4.005737547857791014e+01 -6.225849853643479648e+00 -2.450355934583883055e+01 4.727879672380946197e+00 -2.768630533301701746e+01 -1.217888782975042794e+01
1.660312356946684815e+02 -5.881940523984201530e-01 -5.736387585448935056e+01 3.138986232523934206e+01 -9.751836699999071101e+00 2.232463688385961831e+01 -2.931020035415254910e+01 -3.697147436710006563e+00 -2.462070189960974886e+01 9.081977662524346684e+00 -1.508405476706479931e+01 -1.205817585118220947e+01
8.070984250237569313e+01 -1.506997338254268470e+01 -4.523498719056861006e+01 -1.403533117218706749e+01 -1.015739656036298477e+01 1.919503179080980892e+00 -1.934608848885295274e+01 -1.150604144550958097e+01 -1.716630795861910030e+01 -3.947317369139547338e+00 -2.026803667040226742e+01 -2.230197291016666128e+01
1.538655180191220211e+02 8.768655343908699606e+00 -5.116877156994182485e+01 1.235003868145143890e+01 -1.502044768750876891e+00 1.447668862950688329e+01 -2.305491120128788651e+01 -2.882184088354813767e+00 -2.113299777446586702e+01 1.087601683796135532e+01 -6.741695892941050872e+00 1.118388813340416732e+00
1.425390582952059333e+02 9.385125105240891941e+00 -6.349166856667189052e+01 -9.023556021777004332e+00 2.335619670303002771e+00 2.335138862971826867e+01 -2.227395625149110003e+01 -6.939602682518157373e+00 -2.130996738030867022e+01 5.937103366660375414e+00 -2.078153399810528867e+01 -1.039777690748667283e+01
1.023052319613911152e+02 -1.590976360484290808e+01 -5.766463484246996529e+01 8.521890456276640435e+00 7.706148173521143008e+00 1.728122627055670080e+01 -2.177555646392239908e+01 2.322882002734786511e+00 -8.698338046054240991e+00 8.750364871730285543e+00 -1.722076415792972881e+01 -7.418514829504287533e+00
1.480012925365505794e+02 -5.022876422346106651e+00 -8.870961121973988384e+01 -1.886020059899515644e+01 -8.054532950032063710e+00 1.334652405375277873e+01 -3.178782489998447147e+01 -7.524063977766560107e+00 -3.398361523257983663e+01 -3.354833854589330144e+00 -2.366608211416611596e+01 -8.621344856729823647e+00
9.058374315804655907e+01 6.298102446053657211e-01 -3.137293689481862557e+01 -1.960885449410772141e+00 5.342920536311308588e+00 1.159073135150705625e+01 -1.827506237908288256e+01 -1.395680269796137907e+01 -1.929132247237939879e+01 -4.672929319452071795e+00 -1.826549028746063641e+01 -1.464433955534036258e+01
1.368846815421727570e+02 -4.234824285757465834e-01 -5.594242939976616213e+01 1.316657033898488116e+01 5.937353932240548637e+00 1.791566165893615192e+01 -2.053289837672804197e+01 2.730923112348238035e-01 -2.215662076830376037e+01 9.829249724885134043e+00 -2.265927706158499255e+00 8.540755932542111850e+00
1.159923221264029678e+02 6.806070414188855722e+00 -3.831863228810851751e+01 -5.381159423355570404e+00 -9.991573429315094845e-01 1.961159239674750410e+01 -7.515094210514175366e+00 -2.067654434968701160e+00 -1.142636246004647838e+01 9.316237018754591759e+00 -5.542302974497248513e+00 -4.609452864969947328e+00
1.277159620703945677e+02 8.389613577301407998e-01 -5.664893324117464601e+01 6.110236630362101407e-01 -3.969258283984259172e+00 9.887724434280606545e+00 -2.355778086043704533e+01 6.393206076067681209e-01 -2.043427871104687910e+01 5.597085084165294155e-01 -2.307452603406714431e+01 -2.027487983699863605e+01
8.567343021790938451e+01 -3.131021923054204592e+01 -5.709610288187197824e+01 1.305908928891332010e+01 -3.248930167605708963e+00 2.809896774129222674e+00 -2.341039634899562216e+01 3.408251793248774586e+00 -1.472871928973818711e+01 -3.216852400120552957e+00 -2.581097346145273264e+01 -1.796632028390704505e+01
7.380627442127419613e+01 -1.638386234114267737e+01 -4.013356271518787821e+01 2.172924339967004315e+01 1.811754720149725983e+01 2.542637667629263376e+01 -1.480362477216869799e+01 4.691258684773136345e+00 6.118639206536894193e+00 3.265236985560822802e+01 1.127119107960757205e+00 -2.527476798523828894e+00
1.113144664213461823e+02 -1.797519658977721946e+01 -4.322954334492720818e+01 4.055209454899952703e+01 8.407558987032578202e+00 3.255940319789230841e+01 -1.767014839069273791e+01 -1.412745168151020803e+00 -1.682839057984194397e+01 8.323465562395536921e+00 -8.447491508186253384e+00 -2.965616294777365880e+00
8.646411262994162428e+01 -2.482663694921750164e+01 -5.174378753303849976e+01 1.095023991262084451e+01 -2.909079044443213746e+00 2.825876094819839146e+00 -2.675191553490296315e+01 -6.849926869289101994e+00 -2.555704075311787449e+01 -1.326319382729221807e+01 -3.333169451692268126e+01 -2.223332111492396734e+01
7.760602122439166806e+01 -2.730151913616614223e+01 -3.659444137123487195e+01 3.975930743629787401e+01 7.002989476557509363e+00 1.115070989041042893e+01 -5.847515321326224758e+00 2.208457166983603415e+01 -9.415511267353339875e+00 -2.450989139817526752e+00 -2.405323349945524214e+01 -1.743424178477491182e+01
1.086481514804661970e+02 -8.624749711293617338e+00 -4.263509078941630293e+01 2.057314480010080970e+01 4.190636867197656379e+00 6.198489804359083699e+00 -2.952716841233371170e+01 -5.558601459666826727e+00 -1.905380019837473782e+01 -4.217014630135248687e+00 -2.698001971003752431e+01 -1.856026419392394189e+01
1.153491009120584039e+02 9.007824632402900988e+00 -2.876579659816040646e+01 4.853688205767106467e+00 1.680906792576848829e+00 1.299075018163792983e+01 -3.126757613867617192e+00 1.087384602253721155e+01 -7.245898645449246445e+00 -8.410875282454538748e+00 -3.144191638708332448e+01 -1.987861989136933971e+01
1.220636446104781072e+02 -8.077123029122336817e+00 -6.125789832002904234e+01 3.712990467612738765e+00 8.753567365892436669e+00 2.181415090869039375e+01 -7.382336451005114597e+00 1.243318764911145458e+01 -1.277790548634829726e+01 -6.638778120357340384e-01 -2.854355342236505422e+01 -7.863328854311620653e+00
1.207576344345993959e+02 8.425912897580094096e+00 -3.399328072517506882e+01 2.254274202224407020e+01 2.568479697784523452e+01 4.165848353191634601e+01 2.191846129146495681e+00 2.621707041352416279e-01 -2.794271423098538421e+01 2.174832603336319004e+00 -3.128409951902833441e+00 1.581833326113728511e+00
1.249879367392505003e+02 -1.366197430543531866e+01 -5.790184233088197630e+01 1.738676998207960267e+01 -7.477863889712764944e+00 5.131101703560826621e+00 -1.964884594883920954e+01 -1.557545593625340175e-01 -2.848028576416114532e+01 6.433043954444630508e+00 -1.709648008065978786e+01 -2.333187222881321787e+01
1.093186435066290869e+02 -2.943792329322417523e+00 -2.693909395146802765e+01 3.404836522505327423e+01 1.217718458359684419e+01 1.537991926322871272e+01 3.946553917833587555e+00 2.693282008280910489e+01 -3.068712628218976946e+00 3.150716515836653908e+00 -1.694252816262664751e+01 -1.239639487498915393e+01
8.149075532752665652e+01 -2.142176629285146561e+01 -4.125036312431512187e+01 1.384226654336030649e+01 6.404508262283403752e+00 1.989401408712410912e+01 3.577540342429411879e+00 9.324690820997638241e+00 -1.891608305258938572e+01 -6.309934233680284166e+00 -1.896938154909175012e+01 -1.741191886681837531e+01
2.454397029141365039e+01 -4.526714613193133374e+01 -4.818287695031359874e+01 3.726784741629503017e-01 2.120707393227007742e+01 3.701309982177876634e+01 1.111568722295880463e+01 5.912966989490223924e+00 -5.270694741944138784e+00 7.170531084619037543e+00 -2.818204186253597143e+00 -1.728967778950937451e+00
8.560879781285561307e+01 -3.920374286686080012e+01 -7.660089898558680943e+01 1.830009189017575721e+01 1.955027949726778402e+01 4.964298964045158868e+01 -4.331944146591151679e+00 -2.406264434056895052e+00 -3.723893888044248968e+01 -2.401276520347112697e+00 -2.054348038047563207e+01 -1.424751203560717272e+01
1.324930064184524667e+02 -2.452825828440538558e+01 -8.967067634410690857e+01 4.471488328755665265e+01 2.623324042221523911e+01 4.630727421304662528e+01 5.490128935479212657e+00 3.025896954149750684e+01 -3.784033344154434531e+01 2.733843600797675677e+01 3.392139653286613932e+00 1.835595221339089278e+01
1.303438908129509741e+02 -1.666389970942288201e+01 -6.208523817318089755e+01 3.107235586410051909e+01 1.221200878288300551e+01 3.891232211409214869e+01 3.690737067670448734e-01 1.198694187235708419e+01 -2.635944813544829657e+01 1.063448360740886756e+01 -4.668425704220688033e+00 1.659035090704286564e+00
1.536454423752712728e+02 1.835013843743995920e+01 -3.438183477845452529e+01 2.396490263771318041e+01 9.984943596756663098e+00 3.425071996820788911e+01 1.984749457041527521e+01 2.593088233862733816e+01 -2.130405672646216431e+01 -3.642213738645843080e-01 -1.700570610702053642e+01 -5.178170976222091326e+00
1.957343775204468557e+02 2.350537566479088980e+01 -6.724647358446631529e+01 8.559523801412455057e+00 -7.203013200050346398e+00 1.089176408736194190e+01 -1.269809550026267786e+01 1.188430391238315309e+01 -3.936167952323603458e+01 -4.245939405536544697e+00 -2.815516918505004895e+01 -1.593137089800011807e+01
1.096142732503094521e+02 -1.163522019142830821e+00 -3.583496950443839069e+01 7.062589378574049448e+00 2.780636097554872732e-01 8.834519133677590119e+00 -1.385098449005089094e+01 -1.807422588258601692e+00 -2.512159523417746954e+01 -1.962172881685928871e+01 -2.625884166631272265e+01 -1.555995397354145204e+01
7.418345038024281735e+01 -1.715861309185068606e+01 -3.680678241384416083e+01 6.558436490788743356e+00 1.035491252250193739e+01 1.729336072041481032e+01 -4.089093311581478929e+00 -2.604262131242085054e+00 -1.946246760957460609e+01 -4.604144994699664650e+00 -1.491897668890441153e+01 -7.459535022414760519e+00
7.587227417051016687e+01 -3.749111514827468028e+01 -5.306263322341791167e+01 2.986557049892772397e+01 9.984766918132962132e+00 2.929491419393426810e+01 1.141880683067810409e+01 1.144290226479567707e+01 -2.951305482677945591e+01 7.613376798208197904e-01 -1.868820853708855623e+01 -1.542050445156100658e+01
1.101950398141616461e+02 -7.289924395132339363e+00 -2.939482476591883398e+01 4.130888559715279484e+01 1.121289511113682202e+01 2.878979452868094313e+01 9.282253715772842639e+00 8.150059495276352095e+00 -2.713105185255837881e+01 5.860075474339485169e+00 -4.730608558779042738e+00 -3.256553229735310140e+00
6.321990584115798129e+01 -1.724239958540923112e+01 -2.471346484998215232e+01 1.567616279408756164e+01 1.217313198545067365e+01 2.281598703227582803e+01 5.892178787197840384e-01 -5.241729419975087012e+00 -1.564829622849740076e+01 4.662108462356526317e+00 -5.490190794783355699e+00 -6.971012404283241537e+00
6.298441270083482380e+01 -5.454651217513633554e+01 -8.546189199796856428e+01 -9.983946304238868308e+00 -2.589508184241489630e+01 -4.666064030441603450e+00 -1.269651046878303191e+01 -9.558662377818924583e+00 -6.127009958854773686e+01 -3.005528735494606352e+01 -3.354464342440018498e+01 -3.826207342990309712e+01
9.582128370955697960e+01 -2.587219342310811498e+01 -5.304169644934675887e+01 2.116292287255055271e+01 -1.752918954149298214e+00 9.907390460549414968e+00 6.065117263006594150e+00 1.876263881026765645e+01 -1.915049705500002020e+01 7.959350425296903175e+00 -1.552282525343019159e+01 -1.339666884764933386e+01
7.394302762783560468e+01 -1.632607724786943848e+01 -3.098760608052237586e+01 1.549543957957057927e+01 1.363375744689265723e+01 2.719673368317724993e+01 4.692805079669885027e-01 3.646242188278863594e+00 -1.024227303624480889e+01 4.885247657155620260e-01 -1.225098883261828675e+01 -1.568783981340998857e+01
9.101683837489815687e+01 -2.325608254075492454e+01 -4.727963127189912740e+01 1.607197703514526310e+01 -7.749323220139139323e+00 -7.082335176552828848e+00 -1.979491293586895395e+01 -7.576904581765196767e+00 -3.018271010615692518e+01 3.425413995698666003e+00 -1.742293289346881480e+01 -1.524578724737805402e+01
7.672716635000968211e+01 -2.786068955637276900e+01 -4.109801817268914448e+01 3.008272156711945300e+01 1.108392976865834001e+01 1.474947659702490554e+01 1.295114688086210819e+01 3.373044701121504829e+01 -1.723765298740760343e-01 1.417777872936068739e+01 -7.759413261662136740e+00 -8.613420853842800540e+00
5.855822938467827043e+01 -2.302320652218178054e+01 -2.374038450252221111e+01 2.132239088695390450e+01 9.459408668412482513e+00 2.056960524690808612e+01 3.581502021310649653e-01 7.059596876738687854e+00 -3.406279945235012097e+00 5.851971177315425265e+00 -9.716635885315452192e-01 -6.184801093930287763e+00
7.312786537296636880e+01 -3.548978198489491831e+01 -4.400461050591205492e+01 2.949803160318489503e+01 -4.067141998430454208e+00 1.514175713642411658e+01 1.158127025617735484e+01 3.141351731730913244e+01 -3.149010328806826742e+00 1.499133706606412808e+01 2.572813840405672181e-01 -1.779544512420544677e+01
9.594934859248014902e+01 -9.824042054153547809e+00 -3.038246790104042461e+01 2.490749866684523539e+01 -4.633387903411598785e-01 1.291619671735705133e+00 -4.540952227669322383e+00 7.805343464984346724e+00 -1.805108427944407978e+01 1.328731166497093952e+01 6.956556376332043712e+00 4.780092219069748793e+00
7.468085429582220058e+01 -2.955976291810961243e+01 -4.308594340003558898e+01 2.358079910099756304e+01 -4.022018917781540637e+00 -7.314923632002447995e+00 -3.409045035311377259e+00 1.615832134513509999e+01 -2.301866413656814103e+01 -9.093431550570944211e+00 -2.810257915812173479e+01 -2.137947359733045616e+01
7.733330442306615282e+01 -2.074006592217286737e+01 -2.885164943314895680e+01 4.499739582470658661e+01 2.201581543719027678e+01 1.989926344623268051e+01 6.368773017099894851e+00 1.043378274029361208e+01 -2.138503116721844322e+01 1.442514640887570643e+01 -3.986548165294774293e-01 -1.064523744750710321e+01
8.575413085974250293e+01 -2.740597232008703088e+01 -4.183634814589595408e+01 3.641473872906040299e+01 6.120870367223519182e+00 1.819525269499325049e+01 3.917754743388099037e+00 8.634953503593569835e+00 -2.475445521077396194e+01 1.431435064122029566e+01 1.704275612914436300e+00 -3.051004237962544607e-01
6.348572689089193943e+01 -2.609112548971513945e+01 -2.190825755414169151e+01 4.186932061159613738e+01 1.019595724245525403e+01 1.908287319468182019e+01 1.594507420769732242e+01 1.734393894485195631e+01 -1.911594708831168532e+01 1.772956696229264217e+00 -5.211637339171547367e+00 -1.055272097803328535e+01
4.122326792281745611e+01 -4.777390045080275627e+01 -4.398351343310569206e+01 2.630482979429720913e+01 1.922016047634160429e+01 3.464330093382699971e+01 1.610807507677396444e+01 1.535092524588296747e+01 -1.191707692684653708e+01 8.441964168063673668e-01 -1.373012556756874147e+01 -1.328799875867048108e+01
6.737611071332696611e+01 -4.533942569745015305e+01 -5.515129747364925095e+01 3.329905950798483616e+01 6.293591035597794203e+00 1.155471756953556195e+01 -1.080523786560660726e+00 1.723144797187048383e+01 -2.335854404787447436e+01 -5.746737166967098354e+00 -1.959273349639165929e+01 -1.499799429733956302e+01
8.242210240056553516e+01 -2.262210480361608234e+01 -4.055242327955706827e+01 2.326883419413213616e+01 -1.250758933431341369e+00 1.728501414295219973e+01 6.493400402688807915e+00 1.319381778916969239e+01 -8.845117746878498721e+00 2.637755915959575503e+01 6.282900759769303178e+00 -3.731280993050194894e+00
6.498563488006809052e+01 -3.493458206395220600e+01 -5.056609029402284250e+01 9.688037101231328663e+00 -1.070331664667299343e+00 7.852678117026412608e+00 1.023033903938916467e+01 1.964670467838431733e+01 -6.584753543994851910e+00 1.980260224820795045e+01 -8.768474973498715741e+00 -6.784945824793656044e+00
7.009229941058991642e+01 -3.589874017500390124e+01 -4.856881120887211978e+01 2.172401789609033784e+01 -1.492809744824880935e+00 1.061915170892548588e+01 -3.757359434824039113e-01 2.938547953424739401e+00 -2.673399468265167656e+01 5.987226694797527671e+00 -5.951604231503991649e+00 -5.273431538404018681e+00
7.105147216920119035e+01 -3.072282159727778250e+01 -5.293401779427823328e+01 4.595752383932214968e+00 -5.097754598568852380e+00 -4.765267509995450901e+00 4.195364381661705444e+00 2.620242368676299805e+01 -4.430772135325709016e+00 1.573707608027105209e+01 -3.313878899759388208e-01 1.974290441935359297e+00
4.526441694156152096e+01 -4.976242149600056308e+01 -5.233999557267263469e+01 1.795278769398946039e+01 -7.333353645288503309e+00 3.271912644578410578e+00 1.478521617018237366e+00 1.712447299806473922e+01 -6.529637096658087003e+00 2.474794928063543153e+01 1.178339562817546593e+01 -3.147864169013613100e+00
6.340599272200709891e+01 -4.498421219787374525e+01 -4.835854361631274401e+01 4.268153737899584144e+01 5.630720647646663579e+00 6.968071097799265701e+00 -8.685590254092920404e+00 9.772496204763001515e+00 -2.093800614267356508e+01 1.197161977131110078e+01 7.792318504029851489e-01 6.026387821168707859e+00
6.894286805296931675e+01 -1.987366302743160418e+01 -2.569563057840097997e+01 2.919583674311050103e+01 3.906648089654497724e+00 4.662312091663009639e+00 1.332287555518367661e+01 2.423938400503687518e+01 -1.456884133378925483e+01 2.962400280982142142e+00 4.215026508860586496e-01 -2.615784510099923743e+00
6.523155164009187956e+01 -2.759237371963101282e+01 -4.213906532662041116e+01 6.556932904283947039e+00 2.861810728037882945e-01 3.900571102152747827e-01 6.173901494198180018e+00 2.250062471300561384e+01 3.994773148936381357e-01 1.549560653872034344e+01 -4.198452001630223585e+00 4.524809075666921032e+00
3.927040118023524684e+01 -3.782351798767147244e+01 -3.379373044710777663e+01 2.037319436256133187e+01 8.546023243602384412e+00 7.958268860710930426e+00 9.103854726311533696e+00 2.008629533528878142e+01 -4.094333576807325237e+00 1.392053926460870983e+01 8.846529033324740610e+00 9.266905945047050341e-01
5.492537777182879211e+01 -3.405492786557064733e+01 -3.682835440558130813e+01 2.951995531686520735e+01 1.459621652782350942e+01 9.753099306762585741e+00 1.575467596489615874e-02 1.444772490103783902e+01 -8.681849534928879564e+00 1.332101856162141118e+01 3.165008557246102860e-01 2.286277343776192961e+00
