-8.986061639037967552e+01 -1.684647239487805814e+00 -1.382834924976385338e+01 -1.689207451427214579e+01 -1.137331030836648793e+01 -1.855932647197889551e+01 5.964562265369483640e+00 -2.144134440477224501e+01 -7.555901789087513976e+00 -1.275087480020619601e+01 -7.783230756389121652e+00 4.127486769209463446e+00
-8.362938577592817069e+01 1.030022505787547260e+01 -7.275276965890303593e+00 -2.395867300317294379e+01 -1.026784006973081276e+01 -1.378407671855518757e+01 6.610865107372610794e+00 -8.467521630130994126e+00 5.018368123332074937e+00 -1.076242402443920199e+01 -2.249220201049787704e+00 7.291406133040590376e+00
-9.185198349804834095e+01 -1.044427009827726405e+00 -1.460643410522816410e+01 -1.429494979173118985e+01 8.185777033626489896e+00 6.065330657220309174e-01 1.197604102404238802e+01 -6.999461264380315129e+00 1.758403670404234065e+00 5.481883221832483777e+00 -2.280405540974039358e+00 1.711806806422035976e-01
-8.161647139408781015e+01 -6.675541166131136350e+00 -1.225207951515765181e+01 -9.254439462861547838e+00 -1.832953156413998919e+00 -1.907319509822395842e+00 -2.363569224091134569e+00 -7.627068595808033535e+00 1.108522315310663586e+00 -5.892233248380605914e+00 -1.175620832687846828e+01 -7.654410852021209521e+00
-8.555435231214508462e+01 -4.910517856113266966e+00 -7.735024810844365106e+00 -9.592559370478635827e+00 -1.796236657244140389e+01 -2.695792021038405295e+01 2.417253138444458216e+00 2.465239700200112516e+00 -4.846420917377180615e+00 -1.383065755847332490e+01 -1.256259069817378382e+01 -8.381227586404316199e+00
-8.225261705217505437e+01 2.194632572177200869e-01 -1.673505931658772639e+01 -1.118823282474916425e+01 -1.251313839312026444e+00 -1.596879267233334154e+01 -8.941721591533728031e+00 -5.567838319547520953e+00 -7.142659194371311138e+00 -2.165373579397749282e+01 -2.986612354425816296e+00 4.003891959817108770e+00
-5.899267257770891604e+01 1.622186841912591149e+01 -9.751542300137315822e-01 -6.555790876751019347e+00 1.289678817848720627e+00 -1.340454301457747732e+01 1.655290577502345428e+00 4.206949529863317494e-01 -9.095293525558014736e-01 -1.278918869405885061e-01 -5.300442918212642240e+00 -1.320833418942833504e+01
-7.811530048266384085e+01 -3.076367903890672384e+00 -8.033989570564591176e+00 -6.861026653030442013e+00 6.032204863323515909e+00 -3.846957367865321054e+00 4.781480490614619105e-01 4.688920198886954438e+00 -8.595169397342131035e+00 -5.086914232963379412e+00 -6.394409796534587187e+00 -7.282792992235908258e+00
-7.252053590947366501e+01 8.402693828000478149e+00 -7.430168417929662539e+00 -8.604665123286912021e-01 -8.073078369554411715e-01 -1.504570224914829879e+01 -9.484408960297121993e+00 1.557377342535570808e-01 2.879871117430207184e-01 -1.775401748355760745e+01 -1.450280533920329340e+01 -1.236026836045264687e+01
-7.675125056209029140e+01 -6.129287670744684391e+00 2.491608763959818340e+00 6.936079483966859804e+00 -8.817885078530254717e+00 -2.105757899231751296e+01 -5.551793882397598523e+00 -2.381430294511896140e+00 1.560017758894822748e+01 -4.431073504202368341e+00 -1.723067490868438156e+01 -1.613374238579749687e+01
-7.942028733806492369e+01 -1.000236184740747447e+01 8.644553894616290313e-01 -4.907194526471152507e+00 -3.131603907616186344e+00 -5.177773441787214992e+00 -2.529749449253563043e+00 2.795134339459570239e+00 9.686203470627420486e+00 -6.575509395011431835e+00 -1.095579250674193794e+01 -4.976082101101151345e+00
-6.279794642248339187e+01 1.256924272536729958e+01 -4.440372211303765582e+00 -1.870504536605466939e+01 -1.070639862209180615e+00 -1.093115748082550098e+01 6.282346986940273048e+00 -5.166150638359572334e-01 2.400593877751989069e+00 -4.122901171427574951e+00 -4.303250985684816676e+00 -6.078572718820373311e+00
-8.685130742238422386e+01 9.563865223851379938e+00 -1.208617594199052547e+01 -1.344626673913655779e+01 -1.408670802937315614e+00 -7.615608567772024884e+00 -3.820068546135056753e+00 -5.612056163363629224e+00 1.664901885895538447e+00 -2.482506084293110149e+01 -1.497282669027186586e+01 -1.347568787327646334e+01
-6.857301093998404440e+01 1.669393375989594119e+01 4.378938938800409630e-01 -9.411509575961584773e+00 -2.010690733340256831e+00 -1.448004145859417591e+01 6.977719088384612967e+00 -4.537933580126000344e+00 5.492727241606742972e+00 -1.038992153625123649e+01 -3.242330117269895950e+00 2.918286710811377027e+00
-6.792379243533841304e+01 1.311163038153003768e+01 -1.394290331673256000e+00 -1.246099504229233546e+01 -6.196639176262409343e+00 -3.552044750050717514e+00 8.123143176488701656e+00 -3.471893155748148274e+00 1.501588747808593194e+00 -1.518822095374842007e+01 -1.142116699830528859e+01 -1.579755646974681760e+01
-7.022269954859710595e+01 1.430875322437133512e+01 -1.359778416792972422e+01 -1.234162194124570888e+01 -9.119024838983301962e+00 -1.385628143133913248e+00 3.276274669012099849e+00 9.788784715463403785e+00 9.085908724349147647e+00 -7.069226827790635603e+00 1.588092596556100133e+00 -9.376372809868968261e+00
-6.017170482544985077e+01 2.866696768980902021e+01 -6.502970198450656270e+00 -5.451125228107518872e+00 3.911844272841670911e+00 5.937899589788345978e+00 5.898933275192385750e+00 2.278175656948864702e+00 -1.154916477784994733e+00 -6.770865779564865683e+00 -9.784233655420660369e+00 -1.044394765971154371e+01
-6.501727234812096867e+01 7.598159471180608193e+00 -1.721865223993203386e+01 -1.475548226142383612e+01 -7.538537619627015296e+00 -2.941254487457678479e+00 -3.975660311247601442e+00 -1.749859658484802516e+00 -8.807108274546903814e+00 -1.145548771943491673e+01 -8.456666176187678019e+00 6.402843471474050085e-01
-6.869417437984986918e+01 2.598742548646357786e+00 -3.680397720202627454e+00 -2.438722222818172014e+01 -1.214227232346421559e+01 -6.513163052233944761e+00 6.499155346145423451e+00 2.601614830295007508e+00 2.122245971551129706e+00 -1.367560444947272380e+01 -9.807933845808973761e-01 1.487280978308383572e+00
-9.085052832600001693e+01 2.982909377363891057e+00 -8.901879838266724576e+00 -2.218903272650010550e+01 -1.121506300622501584e+01 4.886806127839396829e+00 1.315664336754700159e+01 6.337272398097132609e+00 1.589858583230252975e+01 6.118271966122335037e-01 1.557539770095840659e+00 -2.497663605929929087e+00
-7.161548034010347408e+01 2.578114954958913074e+01 8.493667263838204917e+00 -5.863596170679428177e+00 -4.729184400229444307e+00 -1.877035751182084544e+00 -6.042066980134934706e-01 1.144987168043419823e+00 9.504405719170625488e+00 -5.449084505220914032e+00 -2.596742704344058073e+00 -8.743628138127249372e+00
-7.762319298190428185e+01 2.212331922633745407e+01 -1.168539232018893692e+01 7.605207127395145150e+00 -1.278925902899382683e+00 -9.661997134842224000e+00 -5.947881680291292383e+00 -9.403984568243917153e+00 -5.596929769742279070e+00 -1.811530928057033307e+01 -1.036054979300902978e+01 -3.616608984372359004e+00
-9.937444914887788627e+01 3.939608524302679271e+00 -5.421207495822336853e+00 -6.013914890368611266e-01 -8.952114794192484126e+00 -2.507813711910236520e+01 -8.400506042981470856e+00 -1.466794739579109930e+01 -8.153853386573448603e+00 -7.041115368734098823e+00 -8.067521219839719038e+00 -6.276433265372322268e+00
-8.176810180149644225e+01 1.112474117097697857e+01 -1.011998888363986460e+01 -8.716689847721939444e+00 -5.510414983410003131e+00 -1.005161748078926109e+01 2.724481905371617607e+00 -3.398755950559739780e+00 -1.140650607974988962e-01 -9.959949623540151009e+00 -5.821366339105486176e+00 3.325116483595736749e+00
-1.223288301660672062e+02 3.396368029277851264e+01 -3.276614355537338241e+01 -1.366485999508521232e+00 -1.912072973064898918e+01 -8.209990188030879210e+00 9.574588364146981334e+00 -2.135135682705206506e+01 6.322848292209864773e+00 -8.421866299531949096e+00 -9.240910971709830335e+00 3.943363891190084125e+00
-1.921284371432398643e+02 4.983944984770631237e+01 -2.622281342119013203e+01 2.838360442712525966e+01 -3.321011434823459041e+01 -2.456847632442965335e+01 1.624206758827714481e+01 -2.990297737678487522e+01 1.134022807162171986e+01 -1.077328031882978721e+01 -7.644552308414374053e+00 6.827543155313618328e+00
-2.055781115257595673e+02 5.549520504289687750e+01 -2.110820600253615709e+01 3.228342611658701600e+01 -2.700954683223142183e+01 -4.880113793495275409e+00 1.501368050742048510e+01 -1.707141878357669640e+01 1.702021004282375571e+01 -1.964596441750845202e+01 -1.456779386330325110e+00 1.204261665994765274e+01
-2.298789609928678601e+02 6.550101146095278182e+01 -1.500552136055340036e+01 1.632849923546599058e+01 -1.935068663803978239e+01 -1.959452693642322441e+00 6.287454888798606589e+00 -7.960430444743334277e+00 1.094542489157253051e+01 -1.823702758453804762e+01 7.156152427656945481e-01 9.886964065978844474e+00
-3.075928662127697066e+02 5.186434347843532322e+01 -7.592763232402536033e+00 3.538451552599720884e+01 -2.969733646285225603e+01 -1.239839652400193515e+01 3.960404088261008759e+00 -4.990626917657057682e+00 8.840511344970487073e+00 -1.936349914408705430e+01 -1.313212662482047932e+00 5.115384791434207656e-01
-2.313527695795513637e+02 6.918927572914508062e+01 -2.114008568335626137e+01 2.541447094119441275e+01 -2.137262401742626849e+01 -3.426399747752701508e+00 4.885620535863306912e+00 3.555564829670413651e+00 6.644339021706406001e+00 -2.126062465725827622e+01 3.378879600916283810e+00 1.424016697376279339e+01
-2.475717835844032493e+02 7.966804415819908058e+01 -1.951254855820506862e+01 2.141620852012022169e+01 -1.916475292057615576e+01 -1.801179654332965452e+00 2.381174538695731702e+00 -1.945024825945184110e+00 7.966941740351344947e+00 -1.748725727991608636e+01 -3.442900426577997663e+00 1.162612265494855635e+01
-2.521253364087152136e+02 8.737013010838995797e+01 -2.215955512713722797e+01 1.732522966976500811e+01 -2.428386607463906088e+01 2.907966175865235314e+00 5.514959583647934593e+00 -1.443310892481856378e+01 6.682975962948797033e+00 -1.339499496780860888e+01 -1.180134890901538558e+00 2.053960073202088843e+00
-2.204122601594494881e+02 7.290798927525401041e+01 -2.202487193067361915e+01 2.049790742982500902e+01 -2.344647469120652516e+01 6.990528352856942185e+00 4.554654309265205647e+00 -7.545636999725386929e+00 9.420636087668295744e+00 -1.801312041874369640e+01 7.459365908859433958e+00 -2.200553774181766009e-01
-2.573600890825272245e+02 8.313694364515350799e+01 -1.850546584835746700e+01 1.463001099568242935e+01 -1.780098243685058890e+01 -2.334383673914869117e+00 6.209410713251081404e+00 -3.260801586561208332e+00 6.528315834886499580e+00 -1.498021911322496358e+01 1.784811195878124757e+00 1.048009888626786790e+01
-2.817497656625932336e+02 7.099251396620388732e+01 -9.884509437847496471e+00 1.442223863736265699e+01 -2.351708045981171580e+01 -7.444423542844749164e+00 3.794612694129388508e+00 -5.695632431333175205e+00 1.606807480368585672e+00 -1.279403431555391180e+01 8.045518969020267974e+00 7.491609970509955474e+00
-2.453340525470648004e+02 6.394799289930611508e+01 2.393468087144188683e+00 -8.000119255021960196e-01 -1.584375623489774476e+01 6.812971746877582113e+00 -5.265115409175162853e+00 5.851303770843336416e+00 -5.050743022890971545e+00 -9.414323839599106236e+00 6.274481412278504422e+00 2.641640148202538896e+00
-2.692594732973807368e+02 4.376328688899746311e+01 1.931506720607234939e+01 -8.121260438643844282e+00 -1.031610252863775123e+01 -3.620244327040957444e+00 -1.898351707777354491e+01 -6.521383350024847481e+00 -1.491560418721985393e+01 -1.804928268962249760e+01 9.839709372048041303e+00 -1.058214006630363890e+01
-2.176431243401172537e+02 5.993494892870499768e+01 5.023399366628876095e+00 -1.375360020881204726e+01 -1.086427187125893923e+01 -5.098374204156797873e+00 4.146668082989611648e+00 1.227884278040382071e+01 9.700293730103344281e-01 -9.232002015487374535e+00 2.940932210077811249e+00 -1.101452226184982663e+01
-2.313688168763266049e+02 5.068920195329769740e+01 -9.833496811263843895e+00 -1.987766413012117894e+01 -1.347736471445153583e+01 -3.995261940183640892e+00 -4.529699247554156649e+00 5.654232457342170726e+00 -1.298458442174970529e+00 -2.155821209785870352e+01 1.229930633064389545e+00 -1.514932238275526011e+01
-2.367199600164143476e+02 6.089987512146664983e+01 -3.461469801921553735e+00 -2.814173257317997212e+01 -1.633202081276551709e+01 -1.474404476604860115e+01 -6.970597676941372001e+00 7.231631034320729512e+00 9.042708270719579389e+00 -1.923414176896139338e+01 3.915907148007918614e+00 -9.657474417706794156e+00
-2.210646663661401305e+02 7.031027348711361924e+01 -8.673361602305845963e+00 -2.728931735040383799e+01 -1.418208584938766137e+01 -1.884665601689244596e+01 -2.158955546686599281e+00 1.086721806702995785e+01 1.637732610899651320e+01 -1.856336793073137059e+01 9.381818041269143649e+00 -2.241353832344614272e+00
-2.119796751046419274e+02 5.538235045704576009e+01 -1.987156786416983323e+01 -2.806135654064543772e+01 -2.183742351181925390e+00 -1.380532715912656805e+01 -5.779552470545104015e-01 8.995874112845097414e+00 1.236676500855122818e+01 -1.665268343252247263e+01 1.600718451339844961e+01 1.410807746473604851e+00
-1.907432531957842912e+02 6.842226676596288826e+01 -1.678453597931691021e+01 -2.491482809206237903e+01 -7.498222759179864028e+00 -7.833768686937696124e+00 9.254749466741515107e+00 1.848837907329813124e+00 1.206763324548312966e+01 -1.892229134943105606e+01 8.246813855255410886e+00 -4.037362618632003297e+00
-1.863894691734319622e+02 6.249253340471777562e+01 -2.986897550917030841e+01 -3.567698567297662748e+01 -1.913998661625534936e+01 -2.062597500436540798e+01 1.242168023474858884e+01 -6.953867007565635028e+00 6.442674932935492649e+00 -1.561030090720195496e+01 1.546317752821619074e+01 3.737688197974949667e+00
-1.700173945451956286e+02 3.441388637971216724e+01 -1.178349010555236198e+01 -7.207451273563406646e-01 -2.812211368550480017e+01 -1.088663509939134855e+01 2.342463614823594753e+01 -5.410684452826933111e+00 9.754503253901622983e+00 -1.696265971808148976e+01 -2.202521892086653388e+00 -4.161303406673471650e-01
-1.655964147631860897e+02 1.025326849611572655e+01 -5.042368529839904134e+00 2.490262471451020332e+01 -4.812561663693537639e+01 -2.201268272360754352e+01 -9.240064694908118881e+00 -2.846316605217912610e+01 -8.948219315945252106e+00 -2.793341028650506530e+01 -8.622208712322603219e+00 5.533271239844513190e+00
-1.706114972713311886e+02 -2.233348057545926935e+01 -1.425841702184980875e+01 2.369475541819035769e+01 -5.803128356213147754e+01 -1.454257703850631422e+01 -1.198678964396886215e+01 2.158054738681550067e+00 1.523018855696313345e+01 -1.327260004120729420e+01 -5.462356050737457558e+00 -1.101786490196023394e+01
-1.642108359684079915e+02 -5.457869799567902191e+01 -4.027548143569096339e+01 -3.975602963078879615e+00 -7.507859057267417313e+01 -3.547448208474701659e+01 -1.712182908020864147e+01 1.044631054544564108e+01 1.861721433895514011e+01 -1.502202648328931289e+01 -4.071265357208410762e+00 -2.195771962448804970e+01
-9.050966009412280755e+01 -1.012302456644130011e+01 -3.535865680973286374e+01 -4.185822436477509179e+00 -6.242305053830455819e+01 -4.098217154443985066e+01 -1.897949811396443565e+01 1.529295632483314904e+01 2.090393798602558562e+01 -2.273432802381942963e+01 -1.379657456116033742e+01 -1.540261818600007260e+01
3.449565075084767329e+01 7.312885786622230455e+01 -3.466510712361980495e+01 -1.053616594143511698e+01 -6.000846105078280601e+01 -1.214804307501830039e+01 -2.460019476720759712e+01 -1.144908090295844438e+01 -7.160290365146282809e+00 -2.250631349298224748e+01 -1.791896993581609010e+01 -1.411123653313518211e+01
1.054125433106319889e+02 9.094524455685197495e+01 -7.476413771215129600e+01 -3.098593253643179679e+01 -9.262693318664832987e+01 -5.836853186848065533e+00 -2.670144557374176486e+01 -1.831869333031615099e+01 -2.125325390221795629e+01 -1.038806987675275550e+01 -8.931685569048793738e+00 -8.667789546629160569e+00
1.265590179516726153e+02 8.258407798922227983e+01 -8.322651371743717164e+01 -4.550600310347209643e+01 -8.778558263220295999e+01 1.657418848100950726e+01 -3.199246661616718868e+01 -2.836990950109861487e+01 -3.197388853148985532e+01 -3.556949472171573312e+00 -9.094118590518620593e+00 6.118290543603611908e+00
1.237116119791030968e+02 7.043462691817433097e+01 -7.488932072341253843e+01 -4.573708469682489408e+01 -8.371177101663178632e+01 6.265156170217897724e+00 -3.244929833817930387e+01 -1.796264460836811594e+01 -3.699011976550544745e+01 -8.858382070860418622e+00 -1.586976886486085903e+01 1.318623447411964911e+01
1.330570119112837517e+02 7.935191784655370384e+01 -7.435976049734895810e+01 -5.773518284436757142e+01 -8.985151081552105268e+01 2.008023085241978833e+01 -2.560060026055257865e+01 -2.984935102739752466e+01 -3.568408403819872632e+01 -3.027826476153906654e+00 -8.539757528464559044e+00 3.246863080158217230e+00
1.154212856688051403e+02 6.175949261294636727e+01 -7.758503628067512636e+01 -4.213936676843817963e+01 -9.141269891555032245e+01 2.748280820308073302e+00 -2.257831782169214208e+01 -2.260259919335798884e+01 -4.071619780681341183e+01 -4.179542546942372816e+00 -1.655824599268966324e+01 3.323432850374533842e+00
1.045698560594946116e+02 6.318264492078938588e+01 -8.518132930231212185e+01 -5.621792225313143376e+01 -1.027706491073474240e+02 1.451429156792213071e+00 -2.930712281719056023e+01 -2.391262188133836730e+01 -3.948484306426308876e+01 -7.853233906344214255e+00 -1.238417126832228377e+01 1.027090633064081082e+01
9.981638496771003588e+01 7.079696434379761172e+01 -7.403248444161275188e+01 -4.647922288362953225e+01 -1.032359907442082942e+02 2.898801642301991777e+01 -3.324636667926294820e+01 -2.395827060113458984e+01 -2.407446198403981441e+01 -1.632958530420632570e+01 -3.630077120668226076e+00 1.272594837094605325e+01
9.639185553792604821e+01 6.598814695631662630e+01 -6.167767610701908865e+01 -3.227307879003112134e+01 -9.643450665143170397e+01 2.181315914670982181e+01 -4.545187984397205128e+01 -2.088837009871775052e+01 -2.813319988535329941e+01 -4.512129031632023946e+00 -4.619822277363095253e+00 1.454135876457397636e+01
1.077112655273233486e+02 7.008871471109048912e+01 -7.093904928410623256e+01 -2.367646044029706687e+01 -8.287039064031606017e+01 6.620953477206002802e+00 -3.999414768874861181e+01 -1.432565346333528922e+01 -3.497688801003033632e+01 3.647626827567407304e+00 -1.204328131103491017e+01 1.444500139371199054e+01
1.142395529071083899e+02 7.209568695533593541e+01 -8.240096210232174201e+01 -1.475273510916549036e+01 -7.891551971677387201e+01 -1.320242116478893735e+01 -5.414582293201509344e+01 -5.248651045131834003e+00 -3.458689131132791772e+01 1.379852189785237471e+01 -5.711071707008727572e+00 -6.911046765694319749e-01
9.301649786296081857e+01 5.278952450235406957e+01 -5.973676834777629097e+01 -9.686018755102125510e+00 -7.727722605709286086e+01 -1.037991545225042778e+01 -5.983574660480022089e+01 -1.117430134648513729e+01 -2.815506892557011653e+01 2.092968184509285479e+01 -6.450067124586849943e+00 -2.153306585047354105e+01
6.916278061013986189e+01 3.391190392844623602e+01 -5.143517806776819867e+01 -9.654595618018557701e+00 -7.478397126443005050e+01 -2.447380308005160288e+01 -6.936130272215805803e+01 -8.781408829362799651e+00 -2.734430538157517532e+01 8.712387622080385308e-01 -7.692494965203906077e+00 -2.169172726331825984e+01
4.530936231687115878e+01 4.744142370016009380e+01 -3.618405317864424831e+01 -6.976335847505268362e+00 -7.510937143126463411e+01 -4.065874765057029805e+01 -6.111212363606929898e+01 -1.614987898485197526e+00 -2.432099266751405509e+01 -2.529377165157648122e+01 -3.716604451676543519e+00 -9.256315665458791919e-01
-1.105141713371868839e+01 4.272298917966472942e+01 -3.848999797885622964e+00 -4.129505374083893621e+00 -7.371403504437350307e+01 -4.251107031643107348e+01 -1.820856273047631646e+01 -7.761951230559668957e+00 -4.471090792076786613e+01 -2.876221674467784339e+01 -6.132868078499372544e+00 1.054897433219142933e+01
-9.612419487920871575e+01 4.884456810319679221e+01 2.146810942665067046e+01 -2.268709215570233440e+01 -9.056489292529806789e+01 -4.490953078214194250e+01 -5.450013723443656311e+00 -1.831078677845520275e+01 -3.140463184815882869e+01 -3.410571822889889404e+01 6.838489225064403598e+00 5.491607121060404495e+00
-1.416714753246507428e+02 7.295461405027896262e+01 2.284962955219963732e+01 -2.817778247568758587e+01 -8.142053804632448077e+01 -3.068870558409712146e+01 -1.819254829963993103e+01 -1.009666639752248329e+01 -2.797301417855517514e+01 -3.977329778373494662e+01 9.661848588346295230e+00 2.246440871336226497e+00
-1.739158833277494125e+02 7.826114626571401800e+01 1.531616618139966590e+01 -2.989093458206567533e+01 -9.047501913014184538e+01 -4.879360440718879488e+01 -2.925651807507307467e+01 -1.172898579474793834e+01 -2.426172798167113243e+01 -3.731047041577608070e+01 -1.157173718088904835e+01 -1.041928557978019043e+01
-1.863458644928465162e+02 6.096213766659748501e+01 6.698000263040412960e+00 -3.399754529765395716e+01 -8.647534821591050047e+01 -3.088937438470278352e+01 -1.265954204587898069e+01 1.015055862051585933e-01 -2.142974975765316970e+01 -3.570235869777511084e+01 -6.902422679386980064e+00 -1.012739478479746325e+01
-1.895090906906146984e+02 6.537795784473719607e+01 1.822987991464665170e+00 -3.888416780560645236e+01 -7.295260419274822539e+01 -3.110967348825552037e+01 -1.957033528677476397e+01 -5.190911079774186199e+00 -3.045115498800419651e+00 -2.177962156841605434e+01 2.919610511202190395e+00 -2.627087305392238115e+00
-1.963320266520070732e+02 8.785665189033896638e+01 5.069503143012352275e+00 -3.872964874634426735e+01 -6.761071345078249806e+01 -3.729385633765418362e+01 -2.588598636743101267e+01 -3.935892890937108923e+00 -4.390352647324712976e+00 -4.916810878064461932e+00 1.150529934051559344e+00 -2.782906174822907808e+00
-2.030741148668198832e+02 7.913356010224927672e+01 1.089110199376550181e+00 -3.910063898543218386e+01 -6.736272690195893631e+01 -2.741457430996499056e+01 -9.508686077755143629e+00 1.484622015352596858e+00 -1.059436073808431189e+01 -3.190995159732209707e+00 9.390963937158657515e+00 -1.322372816760976733e+01
-2.030514377577598850e+02 7.603818912433212063e+01 6.768923157509174615e+00 -4.101040193993016203e+01 -6.678148779012951763e+01 -1.783634040523004671e+01 -4.143456612694717656e+00 1.136662929802225364e+01 -6.744071333847454497e+00 -6.078908811884158325e-01 3.345352572079096198e+00 -2.230947732806306050e+01
-2.190963514449812521e+02 8.692444925594560345e+01 -9.284911442885634969e-01 -4.846304635036617725e+01 -6.709158392026786544e+01 -3.585960338820219562e+01 -1.301929136114096686e+01 1.356875475837910727e+01 -1.193763693397939285e+01 -6.523191627916347990e+00 -4.040358169718620829e-01 -1.390688510321869842e+01
-2.306476646898855449e+02 9.597239057800256035e+01 9.392852393774719033e+00 -5.170943677682657835e+01 -7.535694223241236500e+01 -2.725525047384357080e+01 -2.024804998418084523e+01 -6.709575956650990491e+00 -3.132184094437522504e+01 -1.531328701364322953e+01 5.993983037955947779e+00 -1.330333371156721611e+01
-2.125490824288601743e+02 1.145554871926835432e+02 7.572786325622624659e+00 -2.677038958925157530e+01 -5.350755884537169038e+01 -1.568539673406947088e+01 -1.236384526441025145e+01 -3.441870753438747155e-01 -6.834696094842013459e+00 3.734714695638086557e+00 8.911724750447529431e+00 -1.305238333920458516e+00
-2.054186273361454482e+02 1.240513800923299357e+02 1.441188464936005964e+01 -2.429988235947130804e+01 -4.732882902236293887e+01 -1.212194743214291748e+01 -6.874482170917094237e+00 5.103719883941145952e+00 9.998647910474773859e-01 1.941109968882749826e+01 4.588427412916119330e+00 1.337171561512614293e+00
-2.034086601737897126e+02 1.003047011765447252e+02 -7.102677380496083437e+00 -2.259194669770987929e+01 -1.761718149681154699e+01 -5.757961248732504700e+00 -1.294419403047563755e+01 9.573542527302794980e+00 -1.951909935117908113e-01 2.149794225070180786e+01 6.329275878897397511e+00 2.985588298504926463e+00
-2.212747138881683213e+02 1.117905347428385596e+02 8.842723580847046350e+00 -2.437875746391159737e+01 -2.084450623717049567e+01 9.243662976202502435e-01 -1.137625213865022644e+01 -2.015765840480030491e-01 2.322989139308921036e+00 1.316743284800432789e+01 -3.605305110994388329e+00 -6.326823913955639256e+00
-2.040168032300482537e+02 1.044552673867407435e+02 -1.299987788321012516e+01 -4.979848394698436920e+01 -2.635195342903102755e+01 -2.640406522088018093e+01 -1.807603487862910185e+01 5.142353973867221484e+00 -5.329332260774401142e+00 1.653749082976941764e+01 1.410042955969006151e+01 2.188139114557873022e+00
-1.908201292344513718e+02 1.231617155004375377e+02 -8.302947537915184029e-02 -3.554742591185890888e+01 -9.870872136094167359e+00 -2.297874172046766716e+01 -2.677699561248386217e+01 8.722091574837136374e-01 -2.163566065303963892e+00 9.754270712064139204e+00 6.264798120541453130e+00 7.290914558591142125e+00
-1.790034261729319383e+02 1.256317773752747797e+02 2.905526218741976585e+00 -2.292131178531354152e+01 -6.165080586563325582e+00 -1.952377248165227641e+01 -2.939404033737375244e+01 -1.818848719817544080e+01 -2.128177817519754100e-01 1.134373085790290325e+01 6.995108468052617212e+00 3.863650633045019767e+00
-1.760203038366819328e+02 1.277543742428383098e+02 -3.639075929416879074e+00 -1.950179857699047403e+01 -3.412023618631518040e+00 -2.398801054220682971e+01 -1.245504587481671877e+01 1.189329597018070395e+00 9.512551051057513973e+00 1.284838546690930805e+01 7.752204899391790249e+00 7.978083428594057835e+00
-1.970415286008093858e+02 1.264749984853162914e+02 -8.928518142225270182e+00 -1.190191342864228830e+01 -1.147624142805260927e+00 -2.804149535161054629e+01 -8.963763335719086456e+00 3.365986820712486338e+00 4.586670656278102776e+00 4.770827270134907039e+00 4.884775299153587547e+00 3.526308527608098764e+00
-1.913707604273822938e+02 1.090182755375190027e+02 -1.953631143907933421e+01 3.453547357558571562e+00 4.724012613511444414e+00 -1.459250135855915431e+01 2.560842644931808909e+00 6.248967250792176742e+00 2.188412918173645139e+00 1.019024587874775634e+01 1.187645471905556249e+01 -5.815453391100089853e+00
-2.161607845966752279e+02 1.141851196696444077e+02 -5.711377967773199060e+00 2.827139685571438577e+00 2.565436398475338109e+00 -1.687244357287999463e+01 3.347079915816168594e+00 1.024862260072852393e+01 8.247797016115111290e+00 2.008452514390827659e+01 1.389470947561818903e+01 7.401879039539302596e+00
-2.332629267939940405e+02 1.093231222020570073e+02 -1.670622604644469877e+00 -9.965281730762157508e+00 -3.394089496309029119e+00 -2.986203093704920875e+00 -9.770458400633636131e+00 6.073747743284451772e+00 1.227582687614397550e+01 1.142990953314644642e+01 4.733122066678583373e+00 1.469690459544784922e+01
-2.667839538632740073e+02 1.152348814795164174e+02 2.087840822436251464e+00 -1.138707883226297568e+01 -3.836861954088649274e+00 2.339177855365189018e-01 -8.034376152198726473e+00 6.840962487245535684e+00 -9.882661538462000905e-02 1.064321566036349864e+01 2.484734729915707874e+00 1.102219199672777172e+01
-2.762954033900749664e+02 8.774415222591929364e+01 3.243053238416382378e+00 -2.273470976475592309e+01 -1.647860510522937716e+01 -5.218718949112242989e+00 -8.187970511979557386e+00 6.232427721537350251e+00 1.494875008158544016e+00 7.078582670725461767e+00 -6.867944665408399985e+00 -1.383660863765996840e+00
-2.207415588194506313e+02 5.374152858781025799e+01 -4.438921119491366696e+00 -1.518595025396712828e+01 -4.055017897917365133e+01 -1.656340542410171679e+01 -7.051468172302396198e+00 9.803568770731487803e+00 9.147078677953730974e+00 7.622218263614234601e+00 1.146857944587347333e+01 1.892511009381520504e+00
-1.968711894767160402e+02 3.473737231856507890e+01 -1.045043601347935791e+01 -3.766838064670352537e+01 -8.128920055404483946e+01 -5.648216152033861448e+01 -7.844168657146614265e+00 2.427616149725128381e+01 2.272388001677177272e+01 2.712431665504475831e+01 2.075285047053259646e+01 -8.655031403896806808e-02
-1.748302709158261052e+02 2.791266798369172619e+01 1.804618606820060478e+00 -2.956600328748582029e+01 -7.370569704841631165e+01 -3.998872324030819669e+01 1.157405111369315520e+01 1.354217788048800841e+01 9.646762342765788034e+00 2.509408487169451618e+01 1.216193019218400551e+01 -5.936395032424245599e+00
-1.637459881409979801e+02 7.658414108280314103e+00 9.068719329965373888e+00 -4.096079080137251083e+01 -6.187475691007280432e+01 -4.069840181082879838e+01 2.511272419722994531e+00 5.884617081654115012e+00 7.036738944715642319e+00 1.348233066779451583e+01 1.241277691312913944e+01 1.185655965158882452e+01
-1.356503712650623754e+02 1.648587716665951319e+01 1.611068962272465299e+01 -2.707702327739635706e+01 -7.102882944188716863e+01 -4.973581096286905989e+01 6.172024569799328120e+00 7.903180558501942343e+00 -4.299042922023680546e+00 1.103484519858702662e+00 1.115376501422599276e+01 8.092543554999766187e+00
-1.132969196916849484e+02 3.273603518787329847e+01 1.562405062058202887e+01 -4.518050069503978250e+00 -5.425246388558132793e+01 -6.073908809156920086e+01 3.617017539069026455e+00 1.534028024590405082e+01 -4.175059340253874929e-01 -1.088743758677700946e+01 9.993817961098327984e-01 5.371948333322578151e+00
-1.371904873465072683e+02 4.998330637026639067e+01 1.644002051609502146e+01 -1.442009542272059974e+01 -4.234775597046076712e+01 -6.002636584329013658e+01 2.060357555826776377e+01 3.538863471706687136e+00 -2.971935549327668902e-01 -4.624998471161785751e+00 -3.195740376032584429e+00 -1.351895368316269419e+01
-1.789128633418472418e+02 5.227896803586467911e+01 1.842035034322003639e+01 -2.607708989851985848e+01 -2.636575506052816209e+01 -4.882622941799618843e+01 2.980117884397276740e+01 -1.012050320452644492e+01 -3.165275508246871539e+00 2.972871380507831063e-01 1.843184244723182985e+00 -1.273072318954478632e+01
-1.871815784127838924e+02 5.096547665748718536e+00 3.935855073429478779e+01 -3.224209880588061594e+01 -3.744414076735338881e+01 -2.705825327191681851e+01 -8.993355120680590620e-02 -1.131005770269335109e+01 -6.433189895680573755e+00 2.408881470499784072e+00 7.889306882850243063e+00 -1.653265434330811701e+01
-2.027813784493461640e+02 -3.084152016981566646e+01 7.862373166721997109e+01 -4.459739236562595011e+01 -4.982995088877751044e+01 -1.806071243723278030e+01 -2.651893710772831536e+00 -7.792287733484748458e-02 -9.150615990088795115e+00 6.484808215471545623e+00 2.410803605350638090e+00 -2.556763554624612311e+01
-1.870833944534419402e+02 -9.768259550990068263e+00 4.364857780286151012e+01 -3.396218889928219653e+01 -3.100933148050548382e+01 -1.871972740410958380e+01 3.357483315611762276e+00 7.748571499814874919e+00 -1.237199537722406006e+01 4.882206833907754451e+00 -4.772963417960461641e+00 -1.871187848505557128e+01
-1.607108453358931115e+02 -1.843351655237818854e+00 2.252253156250083421e+01 -2.019408677316381429e+01 -2.236581598946239779e+01 -1.645219958253137449e+01 1.311664385096352348e+01 7.042185354126396568e+00 4.031725602900441352e+00 1.335165207073581151e+01 4.747863798506774202e+00 -3.106696526385172774e+01
-1.535056228812931067e+02 1.361191838927650055e+00 1.461537949325395402e+01 -3.283132988662866580e+01 -1.779895937109091975e+01 -3.847469499182906816e+01 1.179429444377121161e+00 6.072317445854412910e+00 1.204724694656168182e+01 6.143840825060742361e+00 3.108478737738173958e+00 -3.095854879252438607e+01
-1.215739788757070130e+02 2.432950485949498542e+01 1.844907498867470252e+01 -3.106867182428372587e+01 -1.199373059264981123e+01 -2.443350869125902847e+01 2.278554349327264106e+01 3.525337473571483748e+00 -4.521949165760434930e+00 6.699776953663517887e+00 1.176812078689593832e+01 -1.491780760232472502e+01
-9.840541949299210955e+01 3.096665832907303439e+01 1.274914949314112178e+01 -2.923782725661606463e+01 -6.438541960990463053e+00 -1.412852188270279186e+01 2.106045525874941404e+01 2.110988976682182106e+00 -1.388346272677332571e+00 7.491815165397051501e+00 9.471345536810044763e+00 -9.662114783878516633e+00
-8.005232160529280350e+01 4.126558463663780429e+01 2.242169425481080225e+00 -9.270530050973626146e+00 2.539540667221017456e-01 -1.093038528755371175e+01 1.733171686031609937e+01 4.067744972735670039e+00 1.061477079217139874e+01 -5.543676608758998370e+00 -4.858357481019380586e+00 2.016704633145617542e+00
-7.828208918845105302e+01 4.199951531349263689e+01 -1.512713836891037555e+00 -6.548265346828220146e+00 2.693802914883093536e+00 -9.997214826939661236e+00 1.951103602442561424e+01 1.528345359300565587e+00 1.621287902757786981e+01 2.211961409841500803e-01 -6.920198976602036645e-01 -2.414094793993302623e+00
-8.715534466160676175e+01 2.662299381730524317e+01 -9.761875221174539874e+00 -7.574279870979346185e+00 4.200434262650632355e+00 -1.999141717382256189e+01 1.109890106714128066e+01 2.015677001443390459e+00 1.237205895434399849e+01 -5.341288736035669338e+00 -1.181920039442863946e+01 -1.161994144208528645e+01
-8.386508563045417475e+01 2.316229100726103596e+01 -4.323440137496477931e+00 -2.759928902485504487e+00 1.705165061245941871e+01 -1.448062433408890826e+01 1.378322771830010218e+01 -8.827020756324479578e+00 -3.630039862638554382e+00 -1.130950741768986845e+01 -9.629225610411381808e+00 -4.965628080316083270e+00
-7.286538264389290021e+01 2.586681855892250681e+01 -2.259417606071421059e-01 6.366332403190522626e+00 9.716984711997096014e+00 -2.468288438293339659e+00 2.729562840565297321e+01 7.969849099893642208e-01 -2.402079535069288951e+00 -6.708152464767852763e+00 -1.277213349456912361e+01 -1.211165646141138907e+01
-5.957263587177060771e+01 2.973697612284400904e+01 3.151981014665523606e+00 9.239372499202840316e+00 1.306651695169722416e+01 6.439995568888784661e+00 8.556088109589286006e+00 2.285435780346167789e+00 1.110466138212487408e+00 -2.392560581537320985e+00 -1.084251318894489735e+01 -7.868201103205853641e+00
-6.223936723628705892e+01 2.882590861672024118e+01 8.029399825711655225e+00 8.144870071630840869e+00 6.029164270797291003e+00 -3.130687675164701034e+00 1.477676531480611999e+01 5.043707086881074275e+00 1.730536529731822482e+00 -7.057906983098343190e+00 -1.390241738691931239e+01 -4.912004840443445097e+00
-5.376268868822361924e+01 4.863716949385762689e+01 1.381971120297867373e+01 1.024698894474928501e+01 1.220455343915636348e+01 1.564582097511944703e+01 1.624293489298713666e+01 -1.706502363766509156e-01 -2.262269865651486800e+00 -7.153528102762512830e+00 -1.194714247170724608e+00 6.220519399868397414e+00
-6.656015912037803162e+01 3.983752537504462055e+01 9.164557032916516022e+00 5.475392445484088100e+00 1.275937336195697824e+01 6.305388123157197988e+00 1.040591474907129133e+01 -1.062635223295918419e+00 1.698780181309869164e+01 -4.197601157458574761e+00 -4.114042428467394430e+00 3.687389443464378136e+00
-7.578728155045061499e+01 3.187927633291396745e+01 -1.358903816567014644e+01 -3.354102938103383558e+00 -6.757050665422185132e-01 -1.118700109509720164e+01 -3.104825768396679564e-02 -1.198937453546239418e+01 2.920375516714411646e+00 -1.819684399732529378e+00 -9.334503086343017841e+00 -1.273044148450448709e+01
-9.268573037479301036e+01 2.083813294202324329e+01 -2.525298228057494043e+01 -1.191373104042913411e+01 -6.871545841043658953e+00 -1.305788751443771289e+01 -4.440644779273415388e+00 -1.451604725003489449e+01 6.515428316554229049e+00 8.826892960807026789e-01 -3.414093584096745904e+00 -2.028602310780419415e+00
-8.979146781759349949e+01 2.240421629972114914e+01 -2.586878068402001674e+01 -1.171315606877313265e+01 3.328858885466453366e+00 -1.379785832452221683e+01 5.471093302501083500e+00 -1.486666522647260358e+01 9.530927339341968008e+00 -7.344631043375649426e+00 -2.713715635102823320e+00 -2.046153196605871472e+00
-8.936097765207811960e+01 2.443902005587052884e+01 -8.662849120492679411e-01 -3.898944628688950864e+00 -3.799364392477492469e+00 -2.392803040241397383e+01 1.133824694046678516e+01 -2.447557872735137252e+01 3.174767960810020995e-01 -1.020715976554432558e+01 -2.044970216875660185e+01 -8.843295252203962065e+00
-9.128837175105796575e+01 1.843977748176493492e+01 -1.181036413702440235e+01 -1.861304828367967801e+01 -1.195905988509813866e+01 -2.897196892001587898e+01 2.081098768573735214e+01 -6.883701500404448836e-01 -4.372307359403218019e-01 -1.407873820948662669e+01 -2.872312690713330241e+01 -1.567567965547390685e+01
-7.520696634087207144e+01 9.574404753972551418e+00 -1.502522981681320324e+01 -2.549641490211558903e+01 -4.894855736444299055e+00 -2.044912708046111760e+01 7.808282716724264994e+00 -4.887852191526696366e+00 -1.635660844645041578e+00 -6.683685435837828592e+00 -8.149391868964508845e+00 -7.477742130598975301e+00
-8.531606108892106022e+01 5.007954184432085398e+00 -1.025416821617854879e+01 -2.615367377391124393e+01 -1.439603971070579647e+01 -8.146775506586138249e+00 -3.952788376543905358e-01 -1.699837187811775152e+01 -5.403684934267864115e+00 -1.443201147995662481e+01 -2.759259736307000388e+00 -1.599475695713304191e+01
-8.340814231930420419e+01 -1.836368591790410676e+00 -2.140492245773597446e+01 -1.758454677146366762e+01 4.351056213947403606e+00 -7.490014271588089079e-01 1.172479873293118402e+01 6.726989262619865073e+00 1.399742507316900131e+01 7.991010955292386697e+00 9.005647266133118833e-01 -1.113902778112676195e+01
-8.539155930532005812e+01 -2.526366823975342957e+00 -1.489728613614603603e+01 -3.450629664330161273e+00 3.247543983545318369e+00 1.081212309295553275e+01 4.835437410359137544e+00 -8.233047910723266583e+00 1.494394816356015809e+01 4.563124863151031718e+00 2.692535225264670817e+00 -3.417656615951254473e+00
-7.698077287017758863e+01 1.948260373363084597e+01 1.462050705980999865e+01 -1.117161292896041402e+01 -5.635247237419035216e+00 -1.660685410177636656e-01 4.826483107442500753e+00 -6.573988938069846855e-01 5.306964958376129360e+00 4.968197393366477144e+00 2.792505774155566112e+00 -1.799617787673517544e-01
-8.604822715736585792e+01 8.263999575698715461e+00 -3.266477383062714512e+00 -1.076910828478283477e+01 4.088492839697457804e+00 1.420306569310130840e+01 1.098863954879320914e+01 1.591054414284249319e+00 6.479506797123553596e+00 -3.036740430591940765e+00 -2.369046787746126093e+00 9.648892240702615197e+00
-8.185976077865356615e+01 1.764065548614999912e+01 5.236700722007308961e+00 -3.554768521568415718e+00 -2.597526949706518984e+00 1.591966259983450982e+01 2.196650434249272266e+01 7.082919460870007455e-01 -2.543739075670175057e-02 -5.845718789725147246e+00 7.174373258609368698e+00 2.276578618180822300e+00
-6.513621458740263392e+01 1.451338583359388856e+01 5.869252701953182605e-01 7.415123201624430394e+00 -1.180760759844853780e+01 1.345271369134192163e+01 1.687046580489967340e+01 8.228891481558008536e+00 7.481040051536338886e+00 -9.278324028434745685e+00 2.991108581586393034e-01 -3.370110143436095385e+00
-5.204598452167417122e+01 1.164129808496961971e+01 1.602400984774581705e+00 1.318330139627551034e+01 6.232047757933701249e+00 2.292703178873411574e+00 1.687880823657549456e+01 1.312520423880887321e+01 8.150190014399560923e+00 3.580910545684157675e+00 7.417153891775590147e+00 -4.359159039715765793e+00
-5.960800459510588212e+01 1.439324248608977186e+01 2.713759120688126192e+00 1.205092092946074089e+01 1.926639394098154412e+01 1.190676441098937133e+01 1.650277805370715711e+01 1.397426616115699005e+01 1.618645222454996713e+01 6.915780687471858590e-01 1.040896162160185057e+01 -5.710921564394318750e+00
-5.768493196546639723e+01 2.678229771255648473e+01 9.388769154968443331e+00 1.507721899276262256e+01 1.305276623250697376e+01 1.078756567609590533e+01 1.864748526190815525e+01 1.391816838236581333e+01 2.108749746827398397e+01 7.454583508481661625e+00 1.185733859390463962e+01 -1.386462639023423193e+01
-5.019412048428828399e+01 3.386743223482476850e+01 1.662842653472115018e+01 1.579291066542951683e+01 8.920062482871648157e+00 1.823148270585296871e+01 2.876199033736079258e+01 1.255555902626968034e+01 6.698040853391253435e+00 1.750529576052963332e+00 8.069780342807280960e+00 1.275495522640583745e+00
