-6.612638076939666121e+01 3.855762178483240632e+01 8.352929034459286584e+00 -5.412840467116752485e+00 2.870206485546078667e+01 -1.350108146418550703e+01 1.144405222542379974e+01 -4.712213888499831249e+00 1.069299430701060771e+01 -1.665137167258328432e+01 1.905364068645759446e+01 -1.487082460703892117e+01
-8.094423075748960628e+01 9.243615014637079241e+00 -9.145050463695046261e+00 -2.880081773406039503e+01 3.011228818103218430e+01 -1.943327833033430352e+01 1.270473859609935730e+01 -1.100333480199941150e+01 1.871992443429985187e+01 -1.908267586621603584e+01 1.480661977595076451e+01 -7.504405987622984497e+00
-7.670127343209244941e+01 3.107097147339271004e+01 3.354212504983872023e+00 -3.121907462337302164e+01 3.741043128002185369e+01 -4.018687692841164782e+00 2.551491832472664711e+01 -2.245588013256261117e+00 1.209402705111534004e+01 -1.816797570805788098e+01 1.500107160878096835e+01 -1.505483633793125264e+01
-7.278667599130767485e+01 2.221122109189747817e+01 1.405889414481178790e+01 -1.658473339323498053e+01 4.144607965348512124e+01 -2.861061134593513522e+00 2.078910695259129326e+01 -9.263107479753424300e+00 1.629656110619670528e+01 -1.707742051373517356e+01 2.032768115882531035e+01 -1.118923858549048944e+01
-7.526360933921364449e+01 7.802477937969724664e+00 1.145894976848595981e+00 -2.345158434062388508e+01 3.078254746569835376e+01 -1.527994699798725264e+01 1.935843599908778856e+01 -9.124445577406591568e+00 1.656198351477454267e+01 -3.173394152470269347e+00 2.745389633964408205e+01 -1.257776976948214553e+01
-8.161274056617958195e+01 2.312136301435397456e+01 3.997870320194349958e+00 -1.346967249493143548e+01 3.904325732248210556e+01 -1.906522431099357107e+01 8.722416783558893272e+00 -8.696668102827770142e+00 8.773508556094068211e+00 -1.852383918203242175e+01 2.072176568880602332e+01 3.650792273841648061e+00
-8.502722850311818092e+01 1.360195477714252732e+01 -5.066869860478681042e-01 -2.051702244335822911e+01 2.817386388986329848e+01 -1.353601763687749049e+01 1.422938514464092918e+01 -1.369766335776142796e+01 8.205318203244500452e+00 -1.297254809093170991e+01 1.902138213967371172e+01 3.008956704214150513e+00
-6.730943258321235589e+01 1.679298222686475484e+01 -9.559867652499750790e+00 -2.415344132076014461e+01 3.201959666308174945e+01 -1.091444014854543809e+01 2.194252994723364480e+01 -1.462459264895264965e+01 1.934198303610477865e+01 -7.179606808452176026e+00 1.593161816525207541e+01 -1.254789870553098119e+01
-7.663667028132211101e+01 1.892563826893055534e+01 1.202448318703723595e+00 -1.501622053490085484e+01 4.621721538335734181e+01 -7.633990467442584027e+00 1.923175260890295135e+01 -8.398052482122366769e+00 9.391602442257882544e+00 -1.624612093605257002e+01 2.701031968030969921e+01 1.800987264031113089e+00
-6.934813941324695463e+01 1.489526793838579621e+01 2.730838966767231479e+00 -2.082822459797885273e+01 3.354704250784781294e+01 -2.165763194470855524e+01 2.375806674107089833e+01 -1.727998555797757074e+00 3.022218035876036879e+01 -7.437879756313900970e+00 2.254036991858959738e+01 -2.385656568617996243e+00
-7.471256398202923776e+01 2.727598913560192528e+01 -2.007039752122317111e+00 -2.822610182177333016e+01 1.921892903651242079e+01 -1.888878010104054539e+00 2.522218132432885795e+01 -4.262672445472364124e+00 7.457305944653554342e+00 -1.742024899836921037e+01 5.472690705415934609e+00 -3.035871148615729709e+00
-7.835155455119240742e+01 2.827380323973189036e+01 1.123674913419738530e+01 -1.817209558224936217e+01 3.295651741985663818e+01 -2.029127838358005675e+01 1.370914464026819957e+01 -1.565432370789239691e+01 1.993001882053781770e+01 -5.777809886980817211e+00 9.846839726585990604e+00 -1.155175235952249579e+01
-5.290550366376836422e+01 1.625624028452933345e+01 -4.153064002791030163e+00 -4.657505412992664162e+01 5.856953645300035483e+00 -1.439283953633615720e+00 4.464508301391543199e+01 4.327789903476690903e+00 8.512615264846232321e+00 -1.883647993831089096e+01 1.235529832648991011e+01 -1.751160540422761969e+01
4.068638103066869149e+01 -2.331596340856503602e+01 -3.278434933985425204e+01 -4.361729974256344633e+01 -7.865314036804603504e+00 -1.094576512723859452e+01 4.178220748352222813e+01 -1.985406746883037599e+01 8.468409908927228003e-01 -1.499728667879371180e+01 6.147400800725980829e+00 -1.645340236296179626e+01
-5.127952449026587090e+01 -2.279619485662915679e+01 7.436540909884506334e+00 -6.130909059063428401e+01 -1.969191746874371063e+01 5.628146282867252381e+00 2.590192652546547691e+01 -3.765283244984238564e+01 -4.831866473504420334e+00 -2.003230144126402479e+01 -1.187855896015144452e+01 -2.789693016037760032e+01
-1.796449056100274788e+01 -1.383519524574110804e+01 -8.348462450630586007e-01 -5.870094428518076768e+01 -6.864990712824020846e+00 -5.818110604285275045e+00 4.061012878703471074e+01 -1.962072754914012762e+01 4.530507162209922001e+00 -1.173574049641115380e+01 1.755671426307035077e+01 -6.337769495782429985e+00
-1.690679531743718300e+01 -1.336613372399208366e+01 1.568001869672337234e+00 -3.595089099825879941e+01 9.850653079520892419e-01 6.214259122578462247e+00 3.797742075907898140e+01 -7.119421983416060584e+00 2.325363683247404367e+01 -2.933527293146743098e+00 1.227495173255785943e+01 -3.141041973289539158e+00
-4.243892822287880051e+01 -1.165560590149434361e+01 -1.712938758736242661e+01 -5.132045419551329246e+01 6.513405084480272222e+00 1.250278564990104435e+01 5.044206731371752994e+01 2.682725331013678272e+00 6.487471478262577307e+00 -1.411920654928717056e+01 1.394036950814359699e+01 -4.068644780143628736e+00
7.926154163604331337e+00 3.692931752602898854e+01 1.968351417704857109e+00 -3.668304565625537350e+01 4.418386994834512471e+00 -1.781365546644958897e+01 1.080441154025973560e+01 -3.275151603183131499e+01 -1.197431901615200545e+01 -2.254078915635186320e+01 -1.317923991531585770e+01 -3.543565417898396674e+01
6.188268573397498784e+01 -1.251166700672879450e+01 -2.836257698776176994e+01 -2.040988321777309267e+01 -8.672155489635697379e+00 9.512913326061891439e+00 2.770748738932262967e+01 1.040873553608434321e+01 -1.682982546452162831e+00 -9.253884807784658051e+00 -7.472534076818205584e+00 -9.287708382554631825e+00
1.027214549603942970e+02 -1.438152959547293719e+01 -4.595200883844835005e+01 -4.476030597117579646e+01 -1.042947374843476638e+01 -1.909051686899424727e+00 2.604311522245022203e+01 -7.704618901620104765e+00 -7.631987364547377695e+00 -7.809230620946308932e+00 -1.373945313422898629e+01 -3.421637815434941388e+01
1.001354467869450247e+02 -8.042324280651815371e+00 -4.216338109584405913e+01 -2.736119000723399708e+01 -4.318267309533418086e+00 -6.290285650031588460e-01 2.973109339385571559e+01 3.884451451829062041e+00 -1.929264913501386847e+00 -3.243982359074770727e+00 -6.968317792028653201e+00 -2.794853389515322206e+01
1.313111867930679182e+02 -2.100793540494114708e+01 -3.941212299564588761e+01 -4.306547626217714964e+01 -6.363809242943709421e+00 -3.209918211025502899e+01 4.362775288288837316e+01 -2.409378937860479297e+01 -1.148555367432200569e+01 -1.158504346395367079e+01 8.511951762899776952e+00 -3.115616579682187748e+01
9.518837867497640559e+01 -8.295542314165007980e+00 -5.231806344799393571e+01 -3.230670432900093658e+01 -7.891612627205823571e+00 -2.718090410030620774e+01 3.055171370513580698e+01 -6.934996059167321647e+00 -1.158071875464878175e+01 -1.119242191183917257e+01 1.727883806501677277e+00 -3.910911801103323171e+01
1.075206455676605231e+02 -7.095133965938356546e+00 -4.550546086558894388e+01 -2.401697013133116343e+01 5.247743049668846638e+00 -3.075467126904478121e+01 1.142091235964275064e+01 -1.489178546896430788e+01 -1.024393512007999973e+01 -1.224983649634168081e+01 5.467870690793789734e+00 -2.433331462314537674e+01
1.011969189360486894e+02 6.101129406859525872e+00 -3.708527274481933489e+01 -1.758702840118005639e+01 2.656509313935168848e+01 -3.202422449199421806e+01 1.486028810944780787e+01 -2.392421959726970826e+01 -4.391134439885098217e+00 -1.253748258387276593e+01 6.882808035568682925e+00 -2.572658368417858199e+01
9.809743237414798500e+01 1.873186229343542175e+00 -3.884740145868143912e+01 -1.907653926325901850e+01 2.403230923628683513e+01 -2.411728700867302777e+01 1.536469575388826669e+00 -1.441859414630097369e+01 3.504086362953415801e-01 -1.634490525899773417e+01 1.700017085249057924e+00 -2.664060062343299862e+01
9.107719622397993930e+01 2.550108816374059018e+01 -2.268445052923241434e+01 2.575002608386689040e+00 4.666141731246656832e+01 -9.538449091834653615e+00 8.463138729850484765e+00 -1.626951546573014085e+01 -1.066202589163447101e+01 -2.078955261955898592e+01 -2.370231476435046947e+00 -2.722631687497845121e+01
9.132071779911153442e+01 2.195199185273447995e+01 1.259650255266440588e+00 2.562194749554752349e+00 5.045258920368941347e+01 -1.559927728428821858e+01 2.484720599215501480e+01 -1.953480230415992835e+01 -2.083510501130807935e+00 -2.684668343721252626e+01 1.019160014717195040e+01 -2.099692350368845695e+01
9.458931422594264404e+01 3.462581172236981786e+01 -1.356338222756372502e+01 -2.898603511438536451e+00 4.440728966753830775e+01 -1.792493467549637387e+01 1.565781185610924098e+01 -1.850653953817953123e+01 -1.073425765265884024e+01 -2.184064006183932349e+01 2.870341000106232165e+00 -2.664570497037161800e+01
8.554901791757835383e+01 3.241270049168467438e+01 -2.710514616276372912e+00 -5.159449390775598943e+00 3.066039469003891327e+01 -1.078233924642459307e+01 9.332405210455499756e+00 -1.160962135833664277e+01 -3.817318968266425472e-01 -1.656471301736016244e+01 1.970228952447924620e+00 -1.836560339380797657e+01
7.171950666550003461e+01 3.822549420700356393e+01 5.474951649633821305e+00 -7.744176266785195217e+00 6.639876593863919041e+00 -1.384062898588424417e+01 5.327122287661431699e+00 -1.790697280848996087e+01 -1.013668310212301726e+01 -2.472206602798269159e+01 -8.522466505615003740e+00 -1.788002000465025887e+01
7.611343686050551582e+01 4.955360312736338813e+01 1.034290405121332768e+01 -6.651752766030049058e-01 2.127163637813319852e+01 -1.159731408400918795e+01 7.826933919156911834e+00 -1.312519657635772141e+01 -2.981890139112792326e+00 -1.442013559358266406e+01 -4.326170168803665561e+00 -2.405870973125415091e+01
5.952340733431029207e+01 5.746744331573304265e+01 2.047814522857030539e+01 4.806854508520185476e+00 2.378388403882800617e+01 -2.024024231469304169e+01 4.793838518165168594e+00 -1.331272815997506953e+01 5.869806086996742778e+00 -2.002056095833493288e+01 -7.339228189687474924e+00 -2.567552390889078850e+01
2.881673737272291191e+01 4.202319798320044697e+01 9.013832904218531894e+00 -1.957956188071838355e+01 3.132796428793787413e+01 -2.736253807417113393e+01 -3.192783621436987573e-01 -2.762137259758279129e+01 2.310350919683725301e+00 -2.018989255986002362e+01 -7.094854559955607876e+00 -2.878157286142380400e+01
6.944109753901206439e+00 5.488334673702132704e+01 2.559359267025192253e+01 -6.580095232232009650e+00 3.614747654658555831e+01 -2.395465644102517189e+01 1.696078122596835058e+01 -2.056786594989792860e+01 1.302718585452587785e+00 -3.314717945168291635e+01 1.831296443108247907e+00 -3.004411858552926162e+01
9.292117468092524035e+00 4.136504047069757917e+01 5.780716819751219759e+00 -1.489569155849614823e+01 2.576465228748951120e+01 -2.834240857690387827e+01 -1.263356428611606130e-01 -1.803720550203570738e+01 -4.130086708408191032e-01 -2.599461552112430596e+01 -3.534508938315382043e+00 -3.146789637496167558e+01
8.134998064093474923e+00 4.057122697289305080e+01 9.527705177415509041e+00 -2.442519801782367850e+01 2.007571916100521747e+01 -3.117903626126113892e+01 3.334472663631616651e+00 -3.605048506758646454e+01 4.521091166103377468e+00 -2.153650364721622879e+01 -4.737277681909050742e+00 -3.237483803754203393e+01
6.512641696305635719e+00 6.399353319887590885e+01 2.204697818909332341e+01 -1.076413693449814701e+01 2.908378443882789099e+01 -1.447692383987655695e+01 1.578851452367583263e+01 -2.423737766386580716e+01 -2.038510743921035484e+00 -2.537462466895306079e+01 -2.497439098146899017e+00 -2.228799617963961666e+01
-1.625348627073897934e+00 4.803523047445908389e+01 2.729414678575558639e+01 -1.813906253263741064e+01 3.475113001148012870e+01 -1.709256983472888081e+01 2.024904883196936822e+01 -2.134295219486376993e+01 6.431229188837448874e+00 -2.295354283148498453e+01 1.036321227569585446e+01 -2.605722522414303199e+01
3.674541882255721870e+00 2.045115403050949254e+01 -1.187978310993690556e+01 -3.237910324101959958e+01 2.325965529311079294e+01 -1.996246178181783648e+01 -1.189138846686915052e+00 -3.622973469765613430e+01 -8.288511925520671397e+00 -1.323352002173225372e+01 -5.490534288714292721e-01 -2.542250780966272217e+01
1.282158569068213794e+01 6.156368507865908057e-01 -2.130386155861268094e+01 -1.274133813479776123e+01 3.684154892484056631e+01 -2.363578308605327472e+00 2.321048155484619002e+01 -1.181284066328727889e+01 1.019950034097788638e+01 -2.014873404762984777e+01 -3.492864561554096081e+00 -2.315002992676014770e+01
1.130554407250652993e+01 1.215995221332128828e+01 1.597079134133805312e-01 -2.145566086019119467e+01 2.174283179225347240e+01 -2.214536276180958652e+01 1.192092200348310271e+01 -3.134337340513919656e+01 1.368005719966289391e+00 -1.919608526874471366e+01 9.549076145847340769e+00 -3.211005129117274493e+01
-1.079009199689210385e-01 1.942855263226282148e+01 -2.319412015541941940e+01 -4.304356370371336027e+01 1.055478876736619576e+01 -1.026967573431497982e+01 2.509014854797738536e+01 -2.393355103674712581e+01 -8.732219648735526363e+00 -2.863590046636156217e+01 -9.572486585813255289e+00 -3.373384567105742349e+01
2.137952487609684482e+01 3.918886289911336007e+01 7.459654641519285256e+00 -1.707474648591758637e+01 2.168728973021705286e+01 -1.699366259858375372e+01 2.753202381490585537e+01 -8.388447950778004980e+00 1.040269304561068608e+01 -9.708976393080519074e+00 5.687026220728034431e+00 -1.825758272281893824e+01
7.974444625093519790e+01 2.168129149804525468e+01 -6.782589265551316693e+00 -2.105858296270126573e+01 -1.136059960985106443e+01 -2.060818083456781835e+01 -3.365372501122655180e+00 -1.559942904530264229e+01 -1.309289098675902707e+01 -1.594761112741756293e+01 4.991154040091267952e-01 -5.954929301998697966e+00
1.065570519745136693e+02 4.518539408719514938e+01 4.985797973127995775e+00 -2.322885465843128117e+01 6.844660556226456194e-02 -3.593108129090876446e+01 9.046382301614807275e+00 -2.852826510383263070e+01 8.290907606480779179e+00 -1.768353042174783951e+01 1.007541148392930452e+01 -2.525579661206423765e+01
9.731200649005783987e+01 4.900664396821998992e+01 8.183175714093675168e+00 -4.030434702074400377e+01 1.214155078154663059e+00 -3.768338356405499923e+01 3.588208446580763322e+00 -3.720528342694625934e+01 3.820192564534245161e+00 -1.696264043379161279e+01 8.387910898862733777e-01 -4.487291705586236645e+01
7.732372343423122629e+01 4.505367511669933833e+01 -4.627460147211814423e+00 -4.102806934518793014e+01 -1.096220086805655569e+01 -4.250072430370404675e+01 -1.492708616062972116e+00 -3.393512278849095765e+01 -1.281779797862919779e+01 -2.555639205603601027e+01 -1.468258570648213635e+01 -3.935133733626832964e+01
8.657135260360981022e+01 6.340194895831280064e+01 1.178099542233252350e+01 -1.833277311334207127e+01 -5.318598000951896054e+00 -3.361358177418098592e+01 3.205135913613211152e+00 -8.533215598718664197e+00 1.898149443072447040e+00 -6.780955096767649515e+00 1.714275823513239594e+00 -2.380529109671568477e+01
9.034746891322481588e+01 5.225627424623928619e+01 1.210452542868799597e+01 -2.306435303950404858e+01 1.864259720651074659e+01 -2.636826952428344839e+01 1.293166546120098204e+01 -2.723658000012166980e+01 -1.531382625604722048e+00 -1.254434390976549452e+01 5.727447258471303648e+00 -2.565601082380990050e+01
8.028041149095659534e+01 8.138012311828407519e+01 5.383241018951342660e+00 -2.507282101108297567e+01 1.210943889309406529e+01 -1.866492445955818624e+01 1.138172856816945711e+01 -1.190624568931311877e+01 -2.750441729000074886e+00 -2.012386897434934596e+01 9.906724776651737230e+00 -1.472988619572877411e+01
7.450466991698388597e+01 7.149771084169881874e+01 2.261863578885169090e+01 -2.058968863595971399e+01 3.093755601870409322e+01 -2.444995698679505125e+01 1.686636902767226687e+01 -2.170476730093025353e+01 8.875505423407979322e+00 -2.035056951770128819e+01 5.411801724530257651e+00 -3.417258825178494419e+01
6.197302918957765883e+01 7.256088973024314726e+01 2.675217968531813995e+01 -2.332806434837371512e+01 3.036296616597503473e+01 -7.623559240303289464e+00 2.099842685649269924e+01 -2.323429147339653156e+01 2.534563489838164596e+00 -1.760546851687136893e+01 -3.736723532056912767e+00 -3.071292756530327850e+01
5.127463149513882712e+01 5.680439379741832084e+01 1.600136288269091622e+01 -1.023862708897344120e+01 1.727874435609129833e+01 -1.272756303515564014e+01 1.229757151746113131e+01 -1.412630378938020215e+01 -5.628597101347942555e+00 -2.179359235119520832e+01 -2.524538654817523486e+00 -2.818686460236546054e+01
3.132059028426444414e+01 5.422531892756187233e+01 9.188837010912113357e+00 -5.200938476102734853e+00 1.394418319965969388e+01 -1.868326605259589712e+01 5.259087589192649403e+00 -2.130006464094233110e+01 -1.020706073392399915e+01 -1.879392392722115801e+01 -7.033395773762695313e+00 -1.469523947850511547e+01
1.196059706817474222e+01 6.575978609855391710e+01 3.142692157931021057e+01 -9.345589178781104067e+00 4.000722259862833141e+01 -2.047598204026994040e+01 1.929081011418296754e+01 -1.754233862699668123e+01 2.108142823018144263e+00 -1.618645179442725279e+01 -2.624456344734636737e+00 -2.682809201931645049e+01
1.559836538949464568e+01 6.756206494555243580e+01 2.294904377881298174e+01 -2.815796184855850015e+01 2.596148425900120316e+01 -1.663480608677049943e+01 2.854059519327484651e+01 -1.945280375277408780e+01 9.369137062860307452e+00 -2.331470788442750219e+01 1.416303219468465358e+01 -2.406500674942272511e+01
-5.296993770557523185e+00 6.064209006712238192e+01 3.053204153156172396e+01 -1.564206540052591876e+01 3.594682928297107338e+01 -2.297847301807942699e+01 1.901904836504925456e+01 -1.920468684898481371e+01 1.148247249515782542e+01 -1.576418707351201931e+01 1.104167320481332126e+01 -2.992188080456344679e+01
-2.339061807263890103e+01 4.929416969700926643e+01 2.454198546022984928e+01 -5.324749074735310117e+00 3.567917011279374861e+01 -1.979061062490638534e+01 1.175990800965580974e+01 -2.591805800220466693e+01 6.349703440970266399e+00 -3.119984259873496057e+01 2.726497116407683219e+00 -2.124626208983468700e+01
-3.756294227345142644e+01 3.490222439625012640e+01 6.829920555744074306e+00 -4.167181282988480717e+01 2.473161136495232171e+01 -2.134207016956106884e+01 1.212893669127861784e+01 -2.922635029998748379e+01 -4.072012866117157515e+00 -3.527860896802891233e+01 -3.900099308419659572e+00 -3.916436015226085487e+01
-2.972120318876784495e+01 4.863548656461674113e+01 7.420294100078455912e+00 -1.061292664499022109e+01 3.300472061096841969e+01 -1.088946148927552215e+01 1.229889858762901866e+01 -1.623822523256281869e+01 -3.387624217480873945e+00 -2.188431717702350454e+01 9.926679086415276743e+00 -2.026300155639012246e+01
-5.187779543828930429e+01 2.394968634926952689e+01 2.409444147742532571e+00 -2.216961969869830185e+01 2.736966642731626820e+01 -3.693827912200752905e+01 -9.767140238076819969e+00 -3.340737192750624729e+01 -4.073604845313168354e+00 -3.258439395969107011e+01 8.226527733779009921e-01 -2.658425623862800080e+01
-1.690268358585815989e+01 -7.178707396125724927e+01 1.093350179227490671e+01 -6.525690258934761800e+01 4.047649836217527053e+00 -8.664720892398825924e+00 -2.868548899017706155e+00 -5.942912803062459659e+01 1.371254601238522675e+01 4.023091625714649844e-01 7.372505167913593560e+00 -1.708428906933666624e+01
-3.718722712194244195e+01 -4.880911305226740637e+01 2.684113814997188996e+01 -3.303179646332246477e+01 6.527618793902643546e+00 -3.677492920146137489e+00 5.014980465694376388e-01 -4.785633318462355135e+01 8.583149923621782307e+00 -7.373918793313185560e-01 1.688447598870742361e+00 -9.934566548000930197e+00
-3.746517992147668252e+01 -4.681698220613991168e+01 8.805501704428742027e-01 -5.692844563392321255e+00 2.847692682482231419e+01 5.075697207803833599e+00 2.262960825029822587e+01 -3.588154591009842420e+01 -2.773723233360426477e+00 1.306876372369498895e+01 1.075196827182955062e+01 -1.544222279591708613e+01
-1.698555440464928523e+01 -8.963780951271218100e+00 2.873677347252208136e+01 -1.127637085813465845e+01 2.794464557809236638e+01 -1.031247531194312117e+00 2.660864498215073581e+01 -4.878687549528223144e+01 1.313724641727064935e+01 1.604563746137758073e+01 6.770120020612429457e+00 -2.815675547499058595e+01
8.104180262782419675e+01 1.330852289528378662e+01 -6.232477282095080895e+00 -7.428900799369586139e+00 8.911196818897860084e+00 -1.650416077556087657e+01 1.393989310465601505e+01 -3.852231146812096085e+01 2.238901421805087111e+00 2.589498704156629572e+01 1.390620456174739950e+01 -1.933890205222655112e+01
5.157821456429012841e+01 -2.391445506607804106e+01 -2.692539473084728741e+01 -8.029577005501408848e+00 1.133897031741025430e+01 5.749845422247082283e+00 1.664669264433737084e+00 -1.216109828854428976e+00 -3.309938688508701432e+00 -6.978730158107193660e+00 -1.074918961472329570e+01 -1.643454051314137132e+01
1.037679841085650025e+02 -2.940890980571637670e+01 -4.254316239839840819e+01 -1.054784109992426000e+00 1.569588581448856068e+01 -1.127956103873563798e+01 1.175737649110211080e+01 -1.562561472326186340e+01 -3.185892250559310135e+00 5.962030420363740646e+00 -3.228010324272822196e+00 -2.168799214637850881e+01
9.038526028822261082e+01 -2.210787704475085746e+01 -3.608385673302396413e+01 3.148844672009947221e+00 2.352819613910751073e+01 1.301792587944494484e+00 -1.984795336978175673e+00 -2.130750929938635707e+01 2.133085290196083950e+00 8.631786784554497771e+00 -2.237418990299653743e+00 -1.144200979878568702e+01
9.530693653253649700e+01 -2.024501165173075279e+01 -3.888616866517169512e+01 -8.439974345575517845e+00 8.535519486513967635e+00 -5.374206179985378640e+00 -7.954505562187143219e+00 -3.301894660107096513e+01 -6.044326135128036626e+00 1.961224694729275697e+01 1.610989835529824221e+00 -2.539185759449340907e+01
1.220505146888451975e+02 -3.498360804946456426e+01 -2.746881634034039976e+01 -2.556983849929468278e+01 2.887434978171772926e+01 -3.336781725120667375e+01 1.088768706982978607e+01 -4.981797411193150538e+01 -2.643939196183646700e-01 1.660070694718239181e+01 1.087688661465948670e+01 -4.473997007062602904e+01
1.183218772895811810e+02 -3.132498040486078139e+01 -2.914672103230492439e+01 -2.139996025629514520e+01 3.760803458788163312e+01 -4.318778279757439975e+01 1.841468493183745281e+01 -4.480454625458406781e+01 -5.902095178986781043e+00 2.057639286165534642e+01 1.089946680321842365e+01 -4.213411773417398365e+01
1.047962297528652300e+02 -2.493602439196292408e+01 -2.912506439039432138e+01 -1.340693575719265240e+01 1.669291197680912475e+01 -2.382340669120475951e+01 1.600533846010130823e+00 -4.050716184302899592e+01 -1.116669909978990560e+01 2.302295933924083471e+01 5.167534108317935804e+00 -3.940953219090860671e+01
1.006958687087722666e+02 -2.955727002840801632e+01 -2.730004026798253847e+01 -1.384283404762651415e+01 1.680999320203724068e+01 -2.664682987998656927e+01 4.933251106648880224e+00 -4.058875675293423768e+01 -1.281264403897823101e+01 1.648471862707662083e+01 7.052846905618888940e+00 -3.668605154900070886e+01
1.107792960078899824e+02 -3.287222401702523911e+01 -1.978001483687887685e+01 -1.787143599932809579e+01 2.677780581986845476e+01 -3.509787675212200497e+01 1.705754534838872161e+01 -5.067974651953501564e+01 -7.710113527770348973e+00 2.259223773424064774e+01 1.149096429798872876e+01 -4.629850657967710958e+01
9.774841848560151902e+01 -1.555076066087036146e+01 -3.237535433980401223e+01 -2.612940248699778323e+01 1.763687889371230355e+01 -1.317189507156044748e+01 -8.882532268715758406e+00 -4.414805801211274172e+01 -6.214161440660904034e+00 2.508860931631289404e+01 -7.911972038093621151e+00 -3.601611452557951054e+01
9.385192915168661898e+01 -1.952085596325899886e+01 -3.605517561936793669e+01 -2.242255493555057910e+01 1.781433908445563574e+01 -1.640892035142113059e+01 -3.726858924457947531e+00 -4.542221064588240154e+01 -6.880706527108708670e+00 1.770693724006943626e+01 -1.355367789991948513e+00 -3.044983114981840799e+01
8.795180946923915144e+01 -2.608791256944558512e+01 -3.075469637133166856e+01 -2.361642678627167591e+00 6.539237008553108410e+00 -2.394975430185000320e+01 4.282158270005693268e+00 -4.152156912098030261e+01 -1.682302423686296322e+01 2.271156170900882643e+01 -2.446931476893918767e-01 -2.678291760362357010e+01
7.323838956233689146e+01 -2.911630122642359808e+01 -4.465893648420438566e+00 -2.000812290797168558e+01 5.036028793295124650e+00 -1.218285490146165984e+01 5.413296398175191371e+00 -4.724599534305811233e+01 -1.456791594203966866e+01 2.749941062199333430e+01 6.002264324678649565e+00 -2.877571514415320308e+01
8.665520808218536786e+01 -3.854580620070742469e+01 2.695731303474013796e+00 -5.113663275488212534e+00 8.961216526509952374e+00 -3.368456274045465904e+01 2.094108963101509602e+01 -4.436633594615850029e+01 -7.515109429836640764e+00 2.144691461544669409e+01 1.193915698272206072e+01 -3.881078721477131666e+01
9.052136511571936239e+01 4.531631628394833022e+00 -1.845259584618516513e+01 -1.211271223888257431e+01 2.589899810309918848e+01 -1.868055529681237914e+01 7.568308265546047409e+00 -4.563056555863909125e+01 -1.100754796212228159e+00 2.030434121724475460e+01 9.810040413677228344e+00 -3.075166532501430794e+01
8.166091163061295788e+01 1.209422847487782171e+00 -7.576013034150366643e+00 -3.944446298976207466e-01 3.137065439612864282e+01 -1.502412853520888447e+01 -2.487776146940720690e+00 -3.742922229568078052e+01 -2.499075705210957565e+00 2.028732701607755473e+01 7.727940312708992288e+00 -2.154524147021951563e+01
7.804526316626075300e+01 1.643715425178341860e+01 7.138407249647103825e+00 -5.331471263697604712e+00 4.698391589208449659e+01 -1.845512738181082568e+01 1.154660700241896709e+00 -5.410656700729576585e+01 1.104064657299005958e+01 2.245405537228942983e+00 -2.884714609222664539e+00 -2.210528679358353799e+01
2.984468535755144813e+01 2.050669145024729190e+01 7.825546852536883868e+00 9.147909592036549853e+00 3.542257877537043953e+01 -1.186246841877250091e+01 1.182678821685110293e+01 -2.207755946826795324e+01 9.132494086774656239e+00 -5.388801655329936935e+00 8.208797280417492459e-01 -2.802196068534093243e+01
1.684190887543739734e+01 1.898758561481759699e+01 -2.673925657844122838e-01 2.055143692257530574e-01 3.938577238314616125e+01 -2.276204575094629234e+01 8.573738390491127959e+00 -2.812079677357901630e+01 6.449761509478723731e+00 -2.208985341351628939e+00 1.054902916367231214e+01 -3.322136833234691267e+01
5.862956505022377485e+01 1.695116146250140332e+01 -7.692453677223996422e+00 -9.092655062834612778e+00 5.576127053229500063e+01 -2.600873137444779459e+01 1.458095247532982341e+01 -1.894800819009537918e+01 1.250251675212213343e+01 -9.281939343637379380e+00 1.474474048327616060e+01 -1.858667518348672232e+01
6.507346944061052341e+01 2.387603667889359116e+01 -9.277315576837704469e+00 -3.448301295289936341e+00 3.650499753489724242e+01 -2.800149742550905074e+01 -3.239706146223475081e+00 -3.456925431631297130e+01 3.665316275952614333e+00 -1.137621123027054981e+00 1.477874083355411372e+01 -1.857308003392501661e+01
4.825131099515314759e+01 1.494826155236191312e+01 -1.105269828221357287e+01 1.025168892621884886e+01 2.348075354715692598e+01 -1.419300491178344537e+01 8.549563099343739925e-01 -1.358487078699767636e+01 3.353305115976877637e+00 -1.241056467882513559e+00 -7.179898115168728445e+00 -1.493474944440823293e+01
5.986431205973467939e+01 2.314650056515354848e+01 -9.195895077906442339e+00 -4.527800001017001641e+00 6.649584482832483445e+01 -1.634711025964100628e+01 -2.576380984358801918e+00 -3.607937247945397985e+01 1.104716431788749631e+01 -7.255510074484576855e+00 1.080998521732474060e+01 -1.498335396789186014e+01
4.391820215060968025e+01 -1.792385632413300733e+00 -1.479292139708746490e+01 -7.567983151193021563e+00 6.402146967314979520e+01 -1.086995215279969429e+01 1.091021397687284455e+01 -3.897874141541936410e+01 1.269896771679551328e+01 9.161554000738158621e+00 2.091216192990771816e+01 -2.866435218220938452e+01
6.845068672925314957e+00 -5.796423781276041076e-01 -2.119692249134262596e+01 -8.525720427098653076e+00 5.661276261482451844e+01 8.549341056905439551e-01 2.492895293111874366e+01 -1.105111570973115320e+01 1.143289713481241243e+01 -1.834340472696520230e+00 1.798071870237509362e+00 -4.007827483391560008e+01
-1.084261979939209652e+01 1.104499252932943598e+00 -5.672033528587695272e+00 -3.639023640882057542e+00 6.066114984442553748e+01 2.076565708670944144e+00 2.369990605816247609e+01 -3.865488767728113118e+01 8.289671839063736059e+00 8.230636744178791986e+00 2.002035932491413917e+01 -2.568230318019381286e+01
4.383760858094486679e+00 2.041502373778899226e+01 -2.393726715906677072e+00 -1.203499085728696016e+01 4.134312140761511500e+01 -1.474211203131144066e+00 1.901412310126981708e+01 -2.053469771767725405e+01 8.518051672953138365e+00 1.248068715436467135e+00 8.642611364764368531e+00 -2.489857374284143532e+01
-9.806977721518736146e+00 2.378515195449025299e+01 -2.511991774243029774e+00 -1.000817915629236765e+01 4.463859806367126737e+01 -1.412694357435623083e+01 1.336099361700048149e+01 -2.843089039316745925e+01 -2.097119610467097939e+00 -8.608484340565345505e+00 7.029544745090126057e+00 -2.540218428081324475e+01
-3.426262052774233524e+01 2.043355334841525561e+01 -1.687340900643961206e+01 -1.631998823537120913e+01 3.021885575699344884e+01 -2.055390662312625949e+01 5.185608243323308386e+00 -2.236987080382883164e+01 -2.040411823799236135e+00 -1.974680642913434525e+01 -4.483281965262461810e+00 -3.543502439667639692e+01
-2.658716694424805382e+01 1.521852799104435761e+01 7.419580813083803683e-01 -7.219554798551635066e+00 3.800581905581543651e+01 -1.568242723981913400e+01 1.012871295622007395e+01 -2.515536929031636149e+01 1.201900037434962698e+01 -9.708747265622074352e+00 8.131648449399746070e+00 -2.765282523095131495e+01
-6.282789731410357348e+01 -6.513033678563211915e+00 -7.637157274849122324e+00 -1.795140196498601881e+01 3.423709134379014074e+01 -6.533534086820731446e-01 2.323886181653859495e+01 -2.436157923985246399e+01 1.011710164093362607e+01 -1.958708743394409879e+01 -8.265363851462201872e-01 -3.213553109766677807e+01
-5.905108089828615903e+01 2.009630580160754221e+01 3.804634525729493344e+00 -1.151060767960371933e+01 2.410431420778387945e+01 -1.564877498362565511e+01 1.292116158239942614e+01 -2.225759077904807270e+01 -2.256777913718232220e+00 -8.215248111634764427e+00 1.276336165825245317e+01 -2.722739224999517660e+01
-4.879880910457865184e+01 2.554811063643909108e+01 1.132748634023961642e+01 -1.499824586872388998e+01 3.963733980173302029e+01 -1.283357196162796399e+01 1.823674224248377485e+01 -1.265311395330546951e+01 1.097523377717602244e+01 -1.014466725807953118e+01 6.579612304376322385e+00 -9.263939272329455576e+00
-4.478550047385219557e+01 2.152321796020022049e+01 3.332247758149281758e+00 -1.069274893765492962e+01 4.209384005952803420e+01 -1.784336355601488577e+01 1.332943492379927264e+01 -1.645488400049958955e+01 1.113772892165156136e+01 -5.375411949100442399e+00 6.337357133915721086e+00 -2.464933171129977296e+01
-5.227215982530431404e+01 2.365074352698439952e+01 2.897213220419339041e+00 -2.658939424512953309e+01 2.422653446187749182e+01 -2.177237611265073269e+01 1.558579408317128312e+01 -1.921449426644735325e+01 7.525506968311954203e+00 -1.228408753525319774e+01 1.066386983050447768e+01 -1.852109758678215456e+01
-4.065340819822203855e+01 2.399192936051242242e+01 1.053853482061908320e+00 -2.746523372523591178e+01 3.616859770460600032e+01 -1.300236408389547726e+01 1.551743245008750094e+01 -2.521257794624005300e+01 8.040318406936926010e+00 -1.565368410706618363e+01 1.067898862931768811e+01 -4.109513380793337944e+00
-5.564523402418760156e+01 1.569347551887294756e+01 8.813318108554478059e+00 -2.395627370326587879e+01 2.555227038168197851e+01 -1.970663600500319035e+01 3.919159744076456775e+01 -1.058978102143348465e+01 2.131080028217319722e+01 -5.312980372647286842e+00 1.534316854152739040e+01 -1.328023660389859373e+01
-7.890382298276571760e+01 -1.355865410899496748e+00 -4.530393773181573991e+00 -4.019412552546903328e+00 4.754737760614631270e+01 -4.576960283126878082e+00 5.119402011394611662e+01 1.794582772025813711e+01 3.293244352764826743e+01 -4.987329993776034698e+00 2.196210954397657744e+01 -1.050607495058091878e+01
-6.628987993188408723e+01 5.660682803902149729e+00 5.105199477916432471e+00 -1.947056804483629477e+01 3.560244782709010281e+01 -2.072074298456887220e+01 1.952229740304464656e+01 -1.220587985373274087e+01 2.545315712799285990e+01 1.576387223439684737e+00 2.024158686150733999e+01 -1.168657133817762173e+01
-6.957051994213503576e+01 1.200294188155923436e+01 6.883314818142130420e+00 -1.551416363188898018e+01 2.351308254750439275e+01 -2.990094816715490822e+01 1.016217921662593504e+01 -1.402716294274808995e+01 1.951076045225221378e+01 -1.069574720414395053e+01 2.516728875100648466e+00 -1.404642498673480233e+01
