-1.472250367719904602e+02 -4.387950389704451482e+01 4.400289553882056026e+01 -8.389047740902862316e+00 2.159401299083026693e+00 -3.460736284801485541e-01 -3.361212884445400562e+01 -3.465830048283482512e+01 5.718689687608481620e+00 -9.415646331525108437e+00 9.989611225937650829e+00 -1.300446082417673566e+01
-8.793200827665653208e+01 -3.030323224442370389e+01 3.167259365316981601e+01 9.909490288343850040e+00 1.219482819067169999e+01 8.161949506901946094e+00 -1.537024397780686513e+01 -5.744385805019826208e+00 2.309347587801132207e+01 2.042270987353060008e+01 3.252099938002649537e+01 2.049401065041895720e+01
-8.405935725368595968e+01 -2.973846804095303753e+01 5.303981810724977208e+01 1.328743764073729849e+01 1.886520357433629158e+01 2.169149420830973440e+01 -1.982669415276277647e+01 5.731586810757612227e+00 1.505674052334074098e+01 8.865756331340447716e+00 -6.924372866917325453e+00 -2.236852972838547160e+01
-6.132837101085083020e+01 -2.272606151059191149e+01 6.255153255012034208e+01 -1.305587286605554898e+00 -7.773160284379646789e+00 -1.411495036076562926e+01 -3.558949480332822901e+01 2.070967842843336459e+00 5.194463338996042623e+00 -1.512229413575476755e+01 -1.171210009070165547e+01 -8.897967381337057446e+00
2.325098892381502935e+01 -3.569482750097948554e+01 4.229330696961692126e+01 1.991722235504794325e+00 3.712133721337527614e+00 -2.403591918744609757e+01 -1.782186078704540222e+01 1.033331227794286811e+01 -9.516033047645233722e+00 -1.239070629370255716e+01 2.370952775864378470e+00 -2.401750161082350132e+01
1.338886205780330485e+01 -3.570652565014297863e+01 4.876348512839241067e+01 9.391638466063582769e+00 7.981039785326417224e+00 -5.160680426004421228e+00 -1.263096478402759715e+01 1.124943875498845181e+01 4.871647018786079641e+00 -3.434253213540037653e+00 -1.085968721308671192e+01 -3.165225511752603893e+01
1.622706794611399417e+01 -1.430110560283002030e+01 4.618726989718965115e+01 1.366515775139708211e+01 -4.391894433249124985e-01 -2.447403043129906308e+01 -2.175565901557018833e+01 2.146425636822385741e+00 2.308505643103211824e+00 -7.462651203564435676e+00 -1.250852338484280679e+01 -3.138924429519352444e+01
3.139916120384172160e+01 -2.568083831220997126e+01 3.175425599706428414e+01 5.865997475854143772e+00 1.688432122631894572e+01 -2.961495435536516396e+01 -3.114788461718162793e+01 6.875453771412076698e+00 -9.683346641524608334e-01 -6.626212479969346703e+00 -1.021859760370323400e+01 -2.818482777973755304e+01
2.882948465606409627e+01 -1.304755488809997033e+01 2.753956762978645401e+01 5.505206129900067857e+00 1.574688648460053031e+01 -3.008990947961437357e+01 -3.180218977807463432e+01 9.494008198631483708e+00 3.351490357288455346e+00 -6.699789194786026414e+00 -1.531000608064536550e+01 -2.437160909455646873e+01
2.412470131599856416e+01 -1.902767954201415179e+01 4.072128085098761119e+01 2.402085458938073348e+00 1.646199590082713726e+01 -2.560503632246713934e+01 -2.404398738477151198e+01 1.201259352226232302e+01 4.782718905486955663e+00 -1.436149744190162103e+01 -3.023021180306662892e+00 -3.453971849434590524e+01
1.946809264495196246e+01 -1.114650251005808945e+00 4.296499542075954992e+01 4.061316746809874090e+00 2.009398628148785804e+01 -3.429527558662100262e+01 -1.884499912900702157e+01 1.182584084466592067e+01 4.110803338074114244e+00 -9.340786940495579671e+00 1.506152265291566650e+00 -2.819258738029715516e+01
2.345663691650906912e+01 5.400395092386413687e+00 4.408845598854126990e+01 -9.192744545242259591e+00 1.460645637824742238e+01 -9.987738578390619182e+00 -2.489786284657630233e+01 1.032142715928058951e+00 -9.130088740220990928e+00 3.914105904590637230e+00 -7.575204889196193392e+00 -2.345035799000653043e+01
-2.578950083925105830e+00 1.172916010191282865e+01 4.726954742300674894e+01 -1.446359026827527927e+01 6.267529911018387523e+00 -1.187325241355913619e+01 -2.414240099573857634e+01 4.441405689095613951e+00 -2.015753783733148197e+01 4.041992675897396747e-01 -2.945891588741231804e-01 -1.745980344932051054e+01
-2.880811077618440308e+01 2.888085216486524054e+00 4.204427881619486840e+01 -3.837860613380369301e+01 -3.017727808376036158e-02 -1.845164298261680358e+01 -3.566504208426412958e+01 -5.042079141276389898e+00 -2.504504124071435101e+01 -5.371373945093222524e+00 -7.253928440758059537e+00 -1.646675854931065786e+01
-3.166760287359505810e+01 1.125686228888494433e+01 4.901962954889714297e+01 -4.059244456578423410e+01 -3.675716647880901355e+00 -2.178601782345734250e+01 -2.635893793392395423e+01 -9.207138958709359500e+00 -2.669274914727521875e+01 -1.398911481614644892e+01 -1.390923057102153493e+01 -1.031363103538297743e+01
-1.011682359738125214e+01 1.555721611303676966e+01 4.992872487117962521e+01 -1.952892278387029990e+01 2.597588880863408178e+01 -2.676721361901512353e+01 -3.553291105148505125e+01 -7.508923168263255121e+00 -2.454003983602914474e+01 -1.065852102982811545e+01 -1.051490294235503065e+01 -1.220134542106972120e+01
3.676575925026870806e+00 2.830182712160811320e+01 5.971489025026730246e+01 1.694598544406290319e+00 1.479509432726283080e+01 -3.509507116701200857e+01 -3.425839260860958291e+01 3.080711675965142948e+00 -1.263143047885616710e+01 -4.935678371683490440e+00 -5.111152997548293886e-01 -2.127232265753637108e+01
1.948052646846679181e+01 3.888909576424369163e+01 4.476136081929728050e+01 8.944220961845342543e+00 1.499191918607325746e+01 -4.106627499326690156e+01 -3.396694917878994602e+01 1.167582890538943374e+01 -9.890198631290470388e+00 -7.478210803078337854e-01 8.416863899233664625e+00 -3.372104524455937025e+01
3.496711437825415913e+01 2.348654947820832462e+01 4.553909695084219322e+01 9.803225343104823963e+00 -3.700588460808975189e+00 -2.879366994338059271e+01 -1.697508576591356899e+01 1.115910295806192920e+01 -7.999846177465586905e+00 -8.110453831094620369e+00 -1.781783895337341495e+00 -2.567022198931080368e+01
3.591965292026402068e+01 3.302839197102998270e+01 2.303694845002081593e+01 -6.262403077817981334e+00 -1.072311768742809335e+01 -1.129661329984965512e+01 -1.477160341683029543e+01 -3.896004637645080315e+00 -2.624775771861058615e+01 -2.039667877390856177e+01 1.861029062434776726e+00 -3.714645664055835539e+01
4.590151642286603106e+01 6.472628661737911671e+01 2.793583303399252316e+01 -1.264210476026813090e+01 -3.216169255504433977e+01 -2.115731667005814742e+01 -2.318840247122502518e+01 -1.666106576415176121e+01 5.313973950205246322e-01 -7.485431123069453463e+00 -2.196433214917761667e+00 -2.589801199278952026e+01
6.116442986799015102e+01 6.113038966325314050e+01 3.162209009755304834e+01 -1.042802224406418432e+01 -2.757027830284217984e+01 6.323538305685195482e+00 1.107321210137757639e+00 -8.736779009907465365e+00 -1.082817993963827163e-01 -3.587025987791324866e+00 -7.078957707175144165e+00 -3.232728871538213866e+01
4.644523183974870051e+01 1.776484487363820719e+01 2.548841229613995729e+00 -1.601059898949888805e+01 -2.521175003886398258e+01 -2.063854011276875156e+01 -1.188913458555422586e+01 -8.829988342867739703e+00 -2.231868919508990246e+01 -6.482146702048509290e+00 -8.586028359779501073e+00 -3.891981020572624317e+01
4.659725599723118705e+01 7.930787713058873578e+01 3.910503755178721974e+01 -6.900093812014148398e+00 -3.491509982734846318e+01 -9.534106826148859071e+00 -1.032529853923098528e+01 6.236016925309608716e-01 -4.028386664961652208e+00 1.251178626984953723e+01 6.119452435241194976e+00 -3.764073397410108868e+01
1.705311819435525322e+01 4.399456384625138128e+01 6.620098622996715676e+01 -2.254700733591104722e+01 -3.336151314275646484e+01 -3.085802577776485123e+01 -3.781754021702040802e+01 -4.770264250252948202e+00 2.061845892404978287e+00 3.134458637128167524e+00 -6.852248816821106203e+00 -3.323970518402143881e+01
9.376005589980170640e+00 1.957993343316410773e+01 5.150689486433060438e+01 -2.193089846686975264e+01 -1.299507365345106180e+01 -6.008931434727916354e+00 -3.006072079562564614e+00 -6.696747377136347268e-02 -1.196488329353332780e+01 5.844155297533689009e+00 -7.421514335506966376e+00 -2.902855827599521632e+01
3.329973074183523174e-01 2.732505698043280873e+01 7.343009978172756291e+01 -8.157612409707198253e+00 -1.431007216109693836e+01 -3.830913745736953047e+01 -1.567721057185124778e+01 -2.705200508808293769e+00 -5.075779739022381776e+00 7.791833977685373114e+00 -5.687126371352782428e+00 -3.049347024940922779e+01
8.926957649610102408e+00 1.733380374492750775e+01 5.117583948812296057e+01 -1.061663776977921714e+01 -1.372466246962069292e+01 -3.412548794382976070e+01 1.356726595206919850e+00 5.684866334409027999e+00 -1.030440580349101864e+01 7.771628246345184010e+00 -5.995973772343395680e+00 -1.406045759726939970e+01
-3.674645925369908639e+00 1.055015777839875390e+01 8.167443021260581304e+01 -8.700456825991079057e+00 -1.283678868607849921e+01 -4.489687867845158564e+01 -9.931498979845333253e+00 -7.440581351391495346e+00 -1.884829238026054199e+01 1.725023922484131589e+01 7.534589988241380709e+00 -1.295811192440264037e+01
2.902152851867900729e+00 1.143111262863801159e+01 7.811488128465470027e+01 -1.192389158324092513e+01 -1.932457032364423100e+01 -3.262753591741218884e+01 3.001983265979235149e+00 -2.274203978668735360e+00 -4.828736914521349455e+00 -3.956278621214968094e-01 -2.179987324316261521e+00 -1.367494424777484419e+01
3.740137406090520145e+00 2.626197836565873356e+00 5.262603329307204802e+01 -2.392010584423387343e+01 -2.439233049021054001e+01 -4.382323661392010905e+01 -1.065168373768756283e+01 -2.220190389016161703e+01 -1.545506604859497024e+01 1.149956818678917525e+00 -1.515868584744719882e+01 -1.422316447664451644e+01
2.523534731496354766e+01 -6.211926931403611185e+00 4.535594835539252756e+01 -2.249378182956350614e+01 -2.495552201303369699e+01 -2.031164083793207809e+01 -4.449129827661073122e+00 -1.774284530384594305e+01 -1.723743241527046521e+01 7.391681220992552426e+00 -1.066537087421604024e+00 -1.180935125998280455e+01
-1.652519681781359662e+00 1.517005831112568082e+01 6.004462718696257184e+01 -1.645325731448613027e+01 -3.182389028802869291e+01 -5.507222748426320891e+01 -1.836328516801919974e+01 -2.719141863669803527e+01 -1.095832698942018624e+01 -5.476141632829257588e+00 -3.471157130590692219e+01 -8.943712263539163487e+00
9.258705510033218289e+00 2.034125478619319694e+01 5.623074665051854737e+01 -1.814215257070974019e+01 -2.037813892489693046e+01 -3.158374085982045543e+01 -1.056185777176039764e+01 -2.493689044823231882e+01 -8.224167626206021708e+00 3.695407485158686889e+00 -2.121083485136837865e+01 -8.068586665987902862e+00
1.544302768560467420e+01 3.279540916050048338e+01 4.938164853084604999e+01 -1.146737943408971105e+01 -1.696975556911510807e+01 -1.810529243121993659e+01 -1.224114755406009181e+01 -2.533309947235347437e+01 -3.227290407135019024e+00 3.468835194939222877e+00 -1.319031763287013703e+01 -2.365442470838543976e+00
-1.576714890398648450e+01 2.720204773775041929e+01 7.700502304844761170e+01 -1.556557357365439032e+01 -9.003143629469724019e+00 4.295001928610141739e+00 -1.978382551826462077e+01 -1.559073466785202378e+01 1.419110537071996347e+01 -8.762632151558438665e+00 -6.707153304540728556e+00 -9.613083739762640079e-01
-1.820449582721501258e+01 5.695678943718266396e+01 7.929102703624626258e+01 -4.767141274465013012e+00 -7.331118552281916223e+00 8.334400491895877394e+00 -1.896852435306557183e+01 2.890305991543481667e+00 7.681142498959053100e+00 -7.498595483925795335e+00 -1.291462915480946094e+01 -1.414804186322732527e+01
-1.854115980494450611e+01 4.578094657148506030e+01 4.849775863509243123e+01 -2.879493037797085719e+01 -2.674022540882492649e+01 -4.562896583614086232e+00 -3.799656442451713190e+01 -2.056449547308575987e+01 -5.806235431049921125e+00 -1.115203125895063607e+01 -8.363775808267050138e+00 -1.018827313317059335e+01
-9.489477062331474144e+01 2.870041454075164467e+01 6.580806433681044609e+01 -3.040848915349850756e+01 -7.057778309944486850e+00 -1.653602053637349911e+01 -4.193761550053788056e+01 -1.747311062188444808e+01 -2.695955911235231817e+00 -8.943625841014450017e+00 3.144109346165877561e-01 5.288721477943177263e+00
-1.562192334428901859e+02 7.417139395534418256e+00 4.345659911344231574e+01 -6.334526353962363032e+01 -1.306882021700451624e+01 -3.166787550404999152e+00 -3.440557631463351385e+01 -1.679352938630957226e+01 -7.153777393055611888e+00 -1.806512506088014192e+01 -3.454241255557912282e+00 -2.215459344121465080e+01
-1.610237635881403548e+02 1.272391586175304212e+01 6.747030308237181373e+01 -3.180145390587454912e+01 1.583240808961653556e+01 7.948661943860847678e+00 -1.313575984225175297e+01 -1.027893784985168502e+01 2.029268487602880811e+00 -2.289373934135651112e+01 -3.314560721686595768e-01 -1.067216707051578695e+01
-1.944402779858519352e+02 2.936110064286158661e+01 9.355166868319867035e+01 -3.984809701167942819e+01 -3.363246090548273060e+00 -3.448007934359010207e+00 -3.350523332084739536e+01 -2.455785280558702510e+01 2.136872717551637102e+00 -1.109908937913604632e+01 9.158037281826709730e+00 -1.523858375856142366e+01
-1.373701561896166368e+02 -1.209959353859905917e+01 6.221231087505448443e+01 -3.889303418811012847e+01 5.212538214223684463e+00 2.244613534614097716e+01 -7.704340634820233902e+00 -8.443488152367862654e+00 1.541214874921783817e+01 -1.469374349431161164e+01 3.347965998343996219e+00 -1.186754158621682720e+01
-1.397820477416241260e+02 -1.178772941270195140e+01 5.322427506188876123e+01 -4.793265935588794946e+01 3.301831606044359546e+00 1.019569260693739032e+01 -1.053278461349320594e+01 -6.182133851862215757e+00 1.035166342602784084e+01 -4.211035936679203395e+00 2.473228580158703060e+00 1.048378585645153072e+00
-1.876805024445653203e+02 -2.468360252425379642e+01 6.791717271194072225e+01 -5.812484461095184685e+01 -5.413580100466232281e+00 1.197046362139611020e+01 -5.305085224348307982e+00 -1.301398415707069844e+01 1.139228888261832395e+01 5.790419744215565601e+00 9.521633147993391333e+00 -5.052419610833533525e+00
-1.376345682605488605e+02 -1.835577261220648992e+01 7.392267344026106457e+01 -5.714126757044387972e+01 6.839359651674306484e+00 2.178045522957797431e+01 -1.022140814359639904e+01 -1.073830873921227003e+01 1.703803802124794231e+01 -8.583232354597244651e+00 1.389819143093194764e+00 -1.634077183369229136e+00
-1.565450684724239636e+02 -1.546297622136957273e+01 7.632209597309872606e+01 -6.445011966102552492e+01 1.721108178604810490e+01 3.108995949533207792e+01 -2.092457614956640555e+01 -1.109032516490281006e+00 1.262944086026154089e+01 -7.219181861199218453e+00 -5.877698415485858030e-01 -5.580802044474644674e+00
-1.348676169419993300e+02 -2.086220848977081133e+01 6.846300044810340069e+01 -6.178842504967420268e+01 1.677032183859554948e+01 1.289059832624989710e+01 -1.573703255008823731e+01 1.207899147410968155e+00 1.201268671565286539e+01 -4.975741427162704511e+00 1.231233626667349368e+00 -3.509750899775578858e-01
-1.337948265646752759e+02 -2.698385425657959047e+01 7.861392401535456997e+01 -5.517675353090279344e+01 1.710166340819098352e+01 1.191577864777142537e+01 -8.396311309256249800e+00 3.139965034589429216e-01 1.096410621840167643e+01 -3.014130475222875027e+00 -4.137196686777056875e+00 -7.541772286821403881e+00
-1.039987139896444575e+02 -4.593402279350324591e+01 7.544356269253276537e+01 -5.447049240418911609e+01 1.618245599725573669e+01 1.707092579577070524e+01 -1.689668790501421469e+01 -4.417778560496647522e+00 1.212959968455506576e+01 2.268078524081926339e+00 -2.842487220847863760e+00 -6.739217839886340045e+00
-1.161870834144804689e+02 -8.249224541009533596e+01 7.890660115077545811e+01 -4.014749001772527492e+01 1.218977493023139402e+01 1.967579435627990136e+01 -2.571455369846068351e+01 -3.808627829918739494e+00 8.750552050192203168e+00 4.798373076902812784e+00 -3.623995692704256033e+00 -1.433856401102032407e+01
-1.026421683390522759e+02 -5.779145582845247020e+01 7.456539649486757071e+01 -1.608245972982787109e+01 6.269252431754553712e+00 1.687865023826238087e+01 -4.055597577153713473e+01 -2.104149008681160637e+01 1.421677479253990839e+01 4.199080251302468092e+00 -1.476925558167014252e+01 -8.925104908349069888e+00
1.406291686898297932e+01 2.217510698209803621e+01 5.788852159670757658e+01 -3.614255261277995146e+01 -4.466926841040774754e+00 2.153070577869934166e+00 -1.757283034474561134e+01 -1.176313646681923508e+01 1.162642409952937861e+01 9.012775403591504642e+00 -1.033911374579624365e+01 2.322865561067263940e+00
1.632062427087547007e+01 -4.096242492244027744e+01 1.554565614356389602e+01 -5.245167455290047087e+01 -3.127585737912592379e+01 -4.201600095858462680e+01 -4.378099406718459363e+01 -3.858986348359744056e+01 -1.069222600175131177e+01 -1.104388496192845182e+00 -1.871541649140096908e+01 -1.601036923889483177e+01
3.418973750637940157e+01 -1.793280328891324160e+01 3.066564073641662702e+01 -3.547961533705072412e+01 -5.048776493162637102e+00 -1.488207157611187270e+00 -1.438772674177787181e+01 -2.199742857469231083e+01 1.003018308050102014e+01 3.673215477950208907e+01 -1.002936530746544364e+01 -6.084790813932185571e+00
2.859497399423100461e+01 -1.372695401427362327e+01 2.885399453107026702e+01 -2.687040356838040367e+01 -1.227167566708809154e+01 -1.425666723416943427e+01 -2.663045082469608360e+01 -2.964189065652241339e+01 8.149239590654911325e+00 3.502990995578488764e+01 5.831261176315781114e+00 -1.025125717505324019e+01
3.794103295271948184e+01 -1.961508569996806273e+01 2.048073468642335015e+01 -3.741012593785428919e+01 -1.652526526836686660e+00 -1.005849429619889435e+01 -2.422926992348754283e+01 -3.106367178950188190e+01 3.672396881912320943e+00 2.578963573484267613e+01 -2.424363889379516745e+00 -2.001708791568475476e+01
9.389767773895744796e+00 -4.732661873646513584e+01 1.163411459550543547e+01 -3.849836332064448641e+01 -1.940771178342064118e+01 -2.349852244482730157e+01 -3.701091076973214200e+01 -4.688110519278834687e+01 8.354499535762363038e-01 4.018124974378822856e+01 -1.022380994538614374e+01 -2.184573662617852463e+01
4.583263927654309677e-01 -5.326623877326392886e+01 -4.517557020102076493e-01 -3.254847625224580554e+01 -2.484182018700500549e+01 -2.895689052995931689e+01 -3.012849459064655377e+01 -3.789224305637403489e+01 4.015139400266449776e-01 2.347899649506273789e+01 -1.253539445889945725e+01 -2.829940926492814768e+01
1.994825902793017747e+01 -4.332529312630978779e+01 4.303605447481414714e+00 -3.782995794314769000e+01 -3.710383575484121899e+00 -6.485627421986265517e+00 8.629567984057127106e-01 -4.070257575071895673e+00 1.023369389662390105e+00 1.221526560265830419e+01 -8.696272627197382477e+00 -1.886931784323920169e+01
1.577344590555262993e+00 -4.131740610129361357e+01 1.137832573150321203e+01 -5.540478973470978730e+01 -1.590562325086151318e+01 -2.378594296494183524e+01 -2.771908851641170202e+01 -1.546990017152016961e+01 6.279242799993808077e+00 1.018344061252226851e+01 -1.570636043205476895e+01 -3.740227018450140406e+01
2.059388904436591972e+01 -3.492002342083371502e+01 2.206090771667363981e+01 -4.324542726238166068e+01 -1.042688008145180589e+01 6.165266490379517350e+00 -8.571134962700622140e+00 -8.941615254291162884e+00 1.858804269035056933e+01 1.822595958703353958e+01 -1.683106976617555972e+01 -2.625138159708718533e+01
2.364486697695959094e+01 -4.456611248166166916e+01 2.449094962363288985e+01 -2.356651880092103113e+01 6.949467449792771090e-01 -9.881237002077729592e-01 -1.411455865724945014e+01 -9.539055367092505122e+00 1.266742275641572490e+01 1.932655628767263423e+01 -1.290596037648541561e+01 -2.675125034930449885e+01
4.775216729034256247e+01 -2.771856589029674822e+01 3.483680525698774844e+00 -1.716525147820240704e+01 1.593940409479296605e+00 -3.414409933144708198e+00 -2.273792174052227111e+00 -5.136201965675227576e+00 -1.794171239092620995e+00 2.240132936946894660e+01 -2.871726871901885580e+00 -2.090917873087208534e+01
3.700396814080120578e+01 -1.038200700884601346e+01 2.058001533405219519e+01 -1.379076271576080259e+01 -2.396025711027193950e+01 -1.384237496086122654e+01 -3.596876731809748762e+00 1.508679192664388768e+00 4.696066315854372064e+00 6.804431202108712107e+00 -8.985903261398858533e+00 -2.643723976364969275e+01
4.118252774652753345e+01 7.070110344368457866e+00 1.610019588293702952e+01 -2.080912106957892860e+01 -2.324230072869382724e+01 -2.256604098748761889e+00 -9.688237466409979959e+00 -1.762873931254718585e+00 2.549202328246526594e+00 1.049198201749609893e+01 -4.296987968053484153e+00 -2.100200101876625780e+01
2.225531382231040567e+01 3.406919660441316466e+01 2.222194420628800060e+01 -2.372092244003483330e+01 -1.377787177978140676e+01 -9.481621158240979952e+00 -1.696128012935551865e+01 -1.021555671869976578e+01 -2.493587831597950721e+00 -6.798256509949935023e+00 6.718669364736915561e-01 -1.905980393726063937e+01
-1.405672476163373474e+01 3.045672105979647171e+01 3.902105616688721312e+01 -3.550881538313688424e+01 -1.816043606255734488e+01 -4.174766014249045476e+00 -3.387214358480657950e+01 -1.989888428614986537e+01 -1.718777718382257547e+01 5.341003129887392120e+00 -1.056472114986738653e+01 -2.600322375194186009e+01
-2.323167537492996360e+01 1.837452039465029685e+01 4.036516145770347208e+01 -3.019158394774598975e+01 -1.765663691808238767e+01 -5.412197269785208320e+00 -3.085121643176282902e+01 -2.334340663039161967e+01 -2.336866153100241661e+01 -8.182705560996744509e+00 -1.472069631167623527e+01 -2.788195699845890729e+01
-3.011672406196124641e+01 1.792230237074791788e+01 4.839892592411290195e+01 -9.146342167001193957e+00 1.053470681707813883e+00 2.639192152733491525e+01 -1.780530976250210173e+01 -3.352883745160153239e+01 -7.022206550508340861e+00 7.528657517667419086e+00 -9.481066054431886769e+00 -1.278370750467538919e+01
-6.117585053641575144e+01 -8.298682959289070737e+00 3.733267005553933870e+01 -2.885326386921839870e+01 -7.226763198168502100e+00 3.256137310522044004e+01 -2.504839204335571523e+01 -2.034111806764737551e+01 -1.481415354820452990e+01 -5.951126598871002038e+00 -1.229707917417131213e+01 -2.683760105217119474e+01
-4.222134255585139329e+01 -1.567190121463773522e+01 2.633084461000251508e+01 -1.896846033647887708e+01 -3.011208680838797846e+01 2.042914536654093993e+01 -1.408072911815859563e+01 -2.546991188820263119e+01 -1.900088198321480348e+01 8.014104435366874668e+00 -5.746030768519124088e+00 -1.863132636018483268e+01
-4.479693627957372826e+01 1.567259442816408921e+01 3.234794242217691362e+01 -1.700593687615604921e+01 -1.649444233077418431e+01 2.370376191583797620e+01 -2.155444607103359189e+01 -2.314634020141209447e+01 6.417255556566962227e+00 1.323407367299824955e+01 1.186161780314117919e+01 -4.765526070991986884e+00
