2.654147609662991414e+01 -3.117394526757140483e+01 -8.178906828411204089e+00 4.480348463180459362e+01 1.633870102668016955e+01 9.173794556512049780e+00 1.787517865201910894e+01 2.601256970355409237e+01 4.342127949963162870e+00 2.329260376989704184e+01 3.872947552504201418e+00 -8.536794093066424338e+00
5.412515789464256954e+01 -2.252994266842746640e+01 -1.853647216312099033e+01 4.271477219370517986e+01 2.072555515259666947e+01 1.519710041395448741e+01 2.488024195867829302e+00 1.211630253797993007e+01 -6.381946619576293500e+00 1.693832454294462053e+01 5.594153841916325476e+00 -6.495693179535961370e+00
5.746124087053250662e+01 -3.108412109252333977e+01 -2.781426490013068786e+01 4.597233300651757304e+01 9.713502717083283500e+00 -1.933873553515091048e+00 -7.583622202252702671e+00 1.434812212010115573e+01 -1.258792428147748410e+01 1.080124680032017537e+01 8.498083245962263499e-01 8.524928517935639327e-01
5.450768903151875833e+01 -2.502369996812816666e+01 -1.826122066686484402e+01 5.420540592124849866e+01 2.504548209500910261e+01 6.227532696917479349e+00 -3.012498595254334610e+00 1.570254650320701728e+01 -6.627408885349228562e+00 2.593362877375014364e+01 1.303519293322455042e+01 2.386335674779385130e-01
6.903609079611284471e+01 -2.778839374212330426e+01 -3.671454706006541358e+01 2.414366303025207827e+01 -8.900697980699887601e-01 3.211071107854481355e+00 -3.048854047220581620e-01 2.175353701967312503e+01 -4.062593382586915602e+00 8.180072538732808596e+00 6.246366992527119244e-02 1.283295390743969833e+01
4.008638980888503056e+01 -5.378650265510873396e+01 -5.665477101077606648e+01 1.996071610678467678e+01 5.943425435802568657e+00 1.383057975776065085e+01 2.705017762666564796e+00 3.294721920252239045e+01 8.880297714553764266e-01 -3.966745612153815603e+00 -1.391421619351783789e+01 9.804257269149816878e+00
9.591280899726381648e+00 -8.390765476733582773e+01 -8.276573590632099808e+01 2.143317654826844176e+01 6.372579711207063902e+00 1.340005160832383879e+01 -1.674014009408213610e+01 2.124380023011234186e+01 -4.741451078226423199e+00 -7.638839390903253701e-01 -1.708744954466754962e+01 1.730274616376354757e+01
1.319401859327984283e+01 -7.863918807763869268e+01 -7.876450179794561279e+01 1.697843168198510000e+01 1.164417863845371670e+01 1.527331436148631560e+01 -1.674199813174938001e+01 1.175914748654556341e+01 -1.418290672206515168e+01 -1.265500294495705980e+01 -2.725988148857072702e+01 4.717081995610294065e+00
1.915384870150754892e+01 -7.361398864600681691e+01 -6.870304827703787964e+01 3.298776926715443381e+01 1.903011597753710049e+01 1.360794050195127980e+01 -2.192269457211131112e+01 5.447837474715088391e+00 -2.733302516035140783e+01 -2.019831142138602331e+01 -2.060906646061847169e+01 1.490459177141513791e+01
1.106275213789378427e+02 -9.768757937600807395e+01 -1.391881410881126726e+02 8.039098019293710706e+01 1.925111354185753498e+01 4.712549083905061309e+01 -2.174072338874431054e+01 4.046236966844119110e+01 -4.241973710798858122e+01 -4.308341682437074383e+00 -1.120496439738454697e+01 4.008734424914200645e+01
4.088435282607217403e+01 -8.079386228336609577e+01 -7.082969396201588097e+01 6.204108894265179686e+01 1.730729163040732743e+01 2.434616235779503413e+01 -2.719407530469203493e+01 5.032525616798262824e+00 -2.131195290856119584e+01 5.922075520215464906e+00 5.432539689849298359e-01 2.176666054811621365e+01
3.105353725547050914e+01 -8.561606478203037796e+01 -8.644557221325987939e+01 4.745869038522437222e+01 2.653519507405173528e+01 2.634934770051307140e+01 -2.913844857617543127e+01 3.884155085428447229e+00 -2.329575964209216465e+01 5.265807011081069078e+00 -4.577986976844718114e+00 2.135600509066239283e+01
1.042227431501237156e+01 -9.913102364944683131e+01 -1.083099198515706689e+02 3.274983504016103808e+01 3.340981044833545610e+01 3.245203868386782631e+01 -2.916076214505490682e+01 9.351652132617479296e+00 -1.845077096999080624e+01 1.616139578088184425e+00 -1.556176012672437459e+01 2.490176424755112805e+01
7.405184973595979159e+01 -8.774534891965518568e+01 -1.194721862558917280e+02 5.925779442290672705e+01 2.850947322250756955e+01 3.067442131148641238e+01 -4.284173357022618234e+01 1.665787260506244394e+01 -2.246614468100420936e+01 1.141010570019949100e+01 -1.637307207248395002e+01 2.094829974287367591e+01
2.439582846438239727e+01 -6.999245612341984213e+01 -6.799090920462950294e+01 3.449838828246907951e+01 2.190122790151766807e+01 1.342052437205159876e+01 -2.600174776310561953e+01 1.021439869236838760e+01 -5.741441204014115840e+00 6.327824738390916970e+00 -1.200533825020069045e+01 7.283218077625132736e+00
8.174272902986038503e+01 -5.768028658773380357e+01 -7.428216149398689083e+01 4.441291858952092753e+01 3.521368084858685243e+00 2.584263161569716516e+01 -2.425533310387624653e+01 1.146575917838187664e+01 -1.382880125920932457e+01 4.237433682926019074e+00 -8.321523117006114134e+00 1.713103450466502053e+01
1.191232599797736498e+02 -4.847843922503693648e+01 -1.033658827800703506e+02 3.762383153095740340e+01 1.600214833223478550e+01 3.092398812333244251e+01 -3.241715268683538653e+01 1.904097486998185218e+01 -2.017261971977330148e+01 4.133840690651455319e+00 -1.276571872695242860e+01 3.082948704160656561e+01
-2.243986894839499158e+01 -1.060905954451840074e+02 -1.030504922739040836e+02 1.667371042821215843e+00 1.207258747580105052e+01 1.847217270212100004e+01 -2.529256027287659947e+01 -2.881580110122573313e+00 -1.932755239346360909e+01 1.511253358794554025e+00 -8.219323444052523797e+00 1.763907087339838498e+01
5.276865747397992834e+01 -5.901115977736340312e+01 -7.666996249832371291e+01 2.809805731521766248e+01 2.297140897030648432e+01 2.726563424326368690e+01 -2.324028483508612553e+01 3.749366447765521304e+00 -1.559026780570559900e+01 9.321606725769393975e+00 -4.124704478434278343e+00 1.881813617581692810e+01
2.156630433855562501e+01 -7.429830506715640581e+01 -7.009298003705015390e+01 3.233430719257847130e+01 2.045849859237473467e+01 2.313178771329898353e+01 -1.651843818141415454e+01 4.168593763424470744e+00 -2.068894429290853054e+01 2.123862857172408525e+00 -7.634379639855359834e-02 2.072469971225168450e+01
7.416899455858728629e+01 -7.698938170207813414e+01 -8.523897172948599632e+01 6.312837224165709671e+01 9.335723677450538105e+00 2.399351458132557369e+01 -3.263641328776096628e+01 1.313965774755287086e+01 -1.694495579795112050e+01 1.064134665504490052e+01 -3.171421662616375592e+00 1.697856847830270510e+01
6.277172369215993797e+01 -1.065211576675196739e+02 -1.029088600520066592e+02 9.982400139093417124e+01 7.875967716310401379e-01 3.272638484585687024e+01 -4.792138327243534945e+01 3.135030467115755926e+01 -9.834781839756447042e+00 1.564875558177812209e+00 -1.323708323713377055e+01 1.655314039961204386e+01
8.429897438067570192e+01 -9.353290358884359534e+01 -1.067177679398725445e+02 8.395529922351556706e+01 7.297708401331169270e+00 2.541131358176684785e+01 -4.568467782504003338e+01 2.176647613091313005e+01 -2.117904594726657308e+01 4.628707258037461081e+00 -1.095086514168344394e+01 2.318609635575490557e+01
2.279468239638481108e+01 -7.792697290489078910e+01 -7.780396355009322917e+01 6.058877555364218637e+01 2.558026422163498381e+01 1.160541544236359357e+01 -4.440208977300196125e+01 1.866991330564035678e+01 -5.194194021911209269e-01 1.032427795732093045e+01 -2.138579440721745328e+01 1.407632882046242173e+01
1.682005591173177805e+01 -8.121998165269968695e+01 -7.444900959345758906e+01 4.427023354474934536e+01 2.453569535654552780e+01 1.415080162566645150e+01 -3.068688108184743868e+01 9.675816987674178193e+00 -1.061443469664623152e+01 6.074746586373782620e+00 -7.319994470164491673e+00 1.767622181176463059e+01
-1.480448344381264825e+01 -1.116632390930381149e+02 -8.996739043472689445e+01 6.163130779224045597e+01 2.938819152828308034e+01 1.315101573652871458e+01 -3.975246906497409327e+01 1.268239714884973779e+01 -1.046020680325118946e+01 1.502923838252282707e+01 -4.753019291667296642e+00 1.584649653036198558e+01
3.888638747394411865e+01 -7.798937533964428326e+01 -8.957289220231824345e+01 5.352623443768007405e+01 3.326182163670800662e+01 2.107208047312997223e+01 -3.616105254171279171e+01 1.768249021817840472e+01 -8.642797375493170620e+00 1.263686510184746936e+01 -9.194695380103123483e+00 2.900236871881657663e+01
1.518952977794110026e+01 -8.432645674585435813e+01 -8.196265321975070606e+01 4.032759886337981925e+01 3.150150325329909862e+01 2.304530262811305619e+01 -2.276849897982217286e+01 1.625503818047472393e+01 -8.071768937518292830e+00 6.771105347356495940e+00 -7.060108722096528844e+00 1.965196160283074889e+01
5.761983197806532075e+01 -7.065781063528126538e+01 -8.388283607636449801e+01 6.586352778388680917e+01 3.468608105408789299e+01 2.625753532430525539e+01 -3.098172322745041640e+01 2.305441483911131684e+01 -1.030511470221194514e+01 1.150193101821369090e+01 -1.199383527047419662e+01 2.014945925604628485e+01
7.537589121292691630e+01 -6.353429158700156165e+01 -8.248728534197339002e+01 5.255564856625841230e+01 1.830830059419364986e+01 2.631665204101435762e+01 -2.818664827849130461e+01 1.389508120907209410e+01 -1.637888331431297217e+01 9.402910964364707525e+00 -7.714922267136666179e+00 2.255651978968820259e+01
-7.642806582124633152e+00 -1.050468228357167675e+02 -1.062069888445150809e+02 1.170754907768077580e+01 8.678134437906091847e+00 3.226184923704569663e+00 -4.891076994994349292e+01 -1.981055467651678015e+01 -4.082714625694920585e+01 -1.783387742282302213e+01 -3.011811556938335599e+01 -8.422855794143102592e-01
4.484146076967031291e+01 -1.018691763985482339e+02 -9.638437817047747558e+01 7.471092851421130376e+01 4.913701335217776744e+00 2.441693824419110470e+01 -4.168889816148514171e+01 1.437775775411726009e+01 -1.530296817202967929e+01 7.526977340814573481e+00 -5.124445114262497825e+00 1.748301277514368479e+01
4.317054776525606741e+01 -6.311584312509620531e+01 -7.004167828679044305e+01 3.835413159052269805e+01 2.320244575293654421e+01 2.115686562939874804e+01 -1.631067264680620355e+01 1.481679785728461951e+01 -1.625276543297774623e+01 4.647956217569504389e+00 -3.615387233811500067e-01 2.492873179538530337e+01
3.346357962923782736e+01 -8.559485015785466544e+01 -8.967754716898505762e+01 7.452529022336824482e+01 5.495981926009497442e+01 4.479380631086706188e+01 -2.120910797563518457e+01 1.957093493759101932e+01 -2.197577957901891921e+01 7.929383149733537195e+00 -4.883479003778904648e+00 3.431873460795525688e+01
-8.693328981994029592e-01 -8.206000598553106329e+01 -6.301565307728667165e+01 4.394110694670223438e+01 3.378700382240138111e+01 2.574989431511268734e+01 -1.942530496518834582e+01 -4.521112029171709956e+00 -2.611217718751002792e+01 1.215597409896814307e+00 6.419894871320628305e-01 2.084665762881113693e+01
-1.056454487602374570e+01 -9.301659260432955989e+01 -8.401573953421996066e+01 2.336973348128957895e+01 2.748648725780703472e+01 2.474118887806369926e+01 -2.079828885505026648e+01 7.466159605413272615e+00 -4.029768773981663443e+00 1.456565515938029520e+01 -4.866578000140217575e-01 1.219247539948977632e+01
2.216486821359299597e+01 -6.045836609309449017e+01 -5.222976263960208598e+01 4.192445312873981322e+01 3.300749368219533153e+01 2.667691615230978641e+01 -1.916612634479420407e+01 4.379509306240249700e+00 -5.420282575989213925e+00 9.461440432704538495e+00 -1.764682770072892648e+00 2.241644361952278075e+01
-4.071306113791079540e+00 -8.217958005123142584e+01 -7.475982501600586261e+01 2.819458708846914874e+01 3.079755604530120650e+01 2.607004951581398799e+01 -1.317204350483202724e+01 1.618824881771366364e+01 -2.280802858686302059e+00 1.112346769442960159e+01 8.185201859279009895e-01 2.579945205534250974e+01
7.183644384387588389e+01 -7.515797377575454163e+01 -9.928708084773855091e+01 5.837192657786299321e+01 3.155041134145719184e+01 2.266810650854307596e+01 -2.324621301515128735e+01 2.686957966730183500e+01 -2.335243994457183447e+01 5.071633400166092542e+00 -1.921059076072089766e+01 1.600216808403640556e+01
2.778740499533151720e+01 -8.843763101713318520e+01 -9.033269385248590311e+01 7.230502017658622549e+01 3.734939336403631671e+01 2.592707528636742254e+01 -2.323904470955482182e+01 3.329716326681520400e+01 -1.234327830073559085e+01 1.201488438896792488e+01 -1.801023453301325361e+01 1.285746321753578414e+01
2.743487905757401535e+01 -7.886649144203917672e+01 -7.608940065391763596e+01 4.248017871964531622e+01 1.151148761563358391e+01 1.608842601696432695e+01 -1.564811224206340867e+01 3.288245738923529160e+01 4.904390130015077176e+00 9.625355692669192109e+00 -1.775417752976945707e+01 4.996539955412541367e+00
7.149168690281794625e+01 -7.480838047452712658e+01 -1.033147652229854714e+02 3.549918992797189787e+01 -3.105108426754688900e+00 9.711798042476081250e+00 -4.767696395676419741e+01 3.150946655755006542e+00 -2.433060937670098411e+01 -7.843386688247524496e-01 -3.436275633464087775e+01 -1.449467963790532110e+01
1.252188901792278415e+02 -5.978669198973723553e+01 -9.547214933104656609e+01 7.196368372425166626e+01 5.086921033519045565e+00 1.841323200842796126e+01 -2.095511363451013054e+01 3.806910369321857956e+01 -1.615966045077219349e+01 1.794648346362231806e+01 -1.606277235873649190e+01 9.356221804203649128e+00
4.187772209344440455e+01 -5.470726035416828381e+01 -5.519296485234949046e+01 3.849061434041418295e+01 8.397331723801386261e+00 6.133292358405110889e+00 -2.248876586579483927e+01 2.243364182174915911e+01 7.704284601094638418e+00 1.074785810483827575e+01 -2.498899827598850010e+01 -1.454908286534030637e+01
1.069731845973476538e+02 -3.228819984443835267e+01 -7.225218905336248554e+01 4.573987521064231743e+01 2.663045914983415230e+01 2.100819715116155706e+01 -1.932892061559691044e+01 2.864979195521061683e+01 -9.363922578429363597e+00 8.081001545866344671e+00 -1.805212502575105304e+01 4.288903318835888712e+00
9.870342606093568349e+01 1.469555566800508473e+01 -5.606188834761312023e+00 1.447398677865655259e+01 1.028569141079670857e+01 7.923401608435484356e+00 -7.431420148591984187e+00 1.282314537080312622e+00 -5.016383602039327982e+00 -2.615667802316272716e+00 -1.198750209094562358e+01 -4.247675904144639247e+00
1.114429896519947363e+02 5.055236437236873215e+00 -3.394829988506300822e+01 1.494664684095619123e+01 1.642235186293191163e+01 2.106605122049258938e+01 -1.798179121874969155e+01 -9.466201594211069548e+00 -2.453298635027752539e+01 -1.047584691921805700e+01 -2.532155330583297825e+01 -5.232516534108210493e+00
9.498839607358158332e+01 -3.952248323940375840e+00 -3.944174365091900825e+01 6.122677870533481226e+00 1.234058594771912354e+01 1.497623516675137978e+01 -2.555400799264635836e+01 -1.614676531000825577e+01 -2.073891101581438434e+01 -5.263270319178838363e+00 -2.709660131760998425e+01 -1.807260740052391057e+01
1.298364868949312552e+02 3.882046684883913024e+00 -5.776280715230173257e+01 7.953649730408544727e+00 1.733267518535411256e+01 3.342549580454159042e+01 -2.173561798953242175e+01 -8.261868599593402251e+00 -2.106400377100831633e+01 3.673399860313063758e+00 -2.542234285146110651e+01 -1.426407330591041145e+01
9.108916075480104269e+01 -1.045379109710563270e+01 -4.623240788231235854e+01 2.009859035511543102e-01 -1.990356400009046789e-02 2.955745436736187060e+00 -3.085838925589647630e+01 -1.142767693913053506e+01 -1.613899358017272334e+01 -6.968387660496702551e+00 -2.899020675853187612e+01 -1.201006495989372169e+01
9.043262225422250822e+01 -1.634997299727237419e+01 -6.020793206176994516e+01 -1.756773048830410033e+01 -6.924375617881199929e+00 1.023345936931371369e+01 -1.983705287998528277e+01 -8.841257965276895447e+00 -1.750949191212583855e+01 -2.274950184516393303e+00 -2.233449121374065172e+01 -1.244123500832568219e+01
6.835253070029892797e+01 -2.954196195369090816e+01 -4.695581734142133712e+01 1.561438870355900121e+01 1.293707419300544004e+01 1.483740302012240342e+01 -2.178988508529691615e+01 -7.678446933752196557e+00 -1.722053945849822298e+01 -4.143370048005678541e+00 -2.049257884405973940e+01 -7.325052825900265852e+00
8.461194249300115189e+01 -1.531869546248611869e+01 -4.812243010142107380e+01 -3.518740110774353891e+00 7.642011874625380230e+00 1.852194331846094499e+01 -1.376949284761891690e+01 -7.537937242362219514e+00 -1.659620295786035982e+01 -2.364176157249079147e+00 -1.958191677574502165e+01 -1.181736450609029276e+01
1.715829024602866184e+02 -6.054846137274457973e+00 -9.328334548342536436e+01 1.045845538275790432e+01 4.496698619962282706e-01 3.046607058309024652e+01 -3.339322549326624312e+01 -7.888871326341746482e-01 -2.936166317251928959e+01 4.817407677759720563e+00 -2.502522474915576822e+01 3.058401166948634398e+00
1.586881993268962390e+02 8.495695022494636817e+00 -8.610233940674248743e+01 -9.625819528069596842e-01 1.392087258700565044e+01 3.985753578669428521e+01 -3.161152374301023826e+01 -7.086309455661792711e+00 -2.293924955171836899e+01 9.717139982849751334e+00 -3.438858963093095866e+01 -1.259147721212220183e+01
1.242025879442977896e+02 -3.161701074642604414e-01 -6.465440576416894203e+01 -1.383778649981100806e+01 6.472550591075668658e-01 2.263581647196541269e+01 -2.194397419367652091e+01 -1.428084570336954862e+01 -2.758544677016410773e+01 1.986289778903487013e+00 -1.812099564441754040e+01 -1.000900539648506893e+01
1.055393877501319082e+02 -5.056505411304235587e+00 -4.970451578975043816e+01 -8.142853408606004706e+00 1.669866940928785848e+00 1.680013945717064416e+01 -1.787790899876961603e+01 -1.417486675852927647e+01 -2.604806862496126740e+01 -6.702438865915789634e+00 -1.976805257846532982e+01 -8.658562451248386083e+00
9.209254803568036607e+01 -4.971305625660303207e+00 -3.360779284257161237e+01 1.145472137910626742e+01 2.051287065360160611e+01 3.056981112678464285e+01 -3.949783422112724818e+00 -1.460679663281910567e+00 -1.107881514242885679e+01 2.661758012987283983e+00 -1.595449953654800979e+01 -1.366017652935887128e+01
1.199147737401670213e+02 6.320426931105541435e+00 -4.126917079784388420e+01 -7.286738686471838644e-01 4.214451573532519646e+00 1.891882725559708689e+01 -9.706228012737096122e+00 1.788494846735524391e-01 -1.631951443980585736e+01 -7.903086745891481080e+00 -2.948792810593720048e+01 -1.535504843975692602e+01
1.186795091824384087e+02 -1.276009342102762290e+00 -6.570818792068119762e+01 -2.748568658243895513e+01 -1.651774306536322712e+01 -3.562323183390261327e-01 -3.257756331431668428e+01 -1.113553190821812500e+01 -1.560240257389088825e+01 -9.576442548126862242e-01 -2.770827226052918846e+01 -1.276061243157004554e+01
1.572698000698204339e+02 1.455306250113270394e+01 -7.757142409948320960e+01 -1.868257493150568749e+01 -7.362044706490297408e+00 1.310197333045017842e+01 -4.521708672905415938e+01 -2.098335256390610226e+01 -2.764780387185733446e+01 4.717099109896803810e+00 -2.999257801709358162e+01 -1.238476349101842189e+01
1.335645940509977549e+02 -1.252199712418988309e+00 -7.051033540962029633e+01 -1.159927301606527195e+01 -1.202292446402413262e+01 4.809893924281245958e+00 -3.632336228580101789e+01 -7.061953960798334151e+00 -1.649540908983119891e+01 3.289796487063915365e+00 -2.871946413342524806e+01 -1.328722175291317420e+01
1.237275952688337384e+02 -1.302197502861131362e+01 -8.098532921442446764e+01 -2.261956948619714858e+00 7.422882920573674603e+00 3.133444620340121389e+01 -2.679582257217744967e+01 -9.112682164335655699e+00 -2.664035974211843083e+01 1.916457257455821850e+00 -2.854419166217885717e+01 -1.173307204085514499e+01
1.160638060551598301e+02 -5.562540621695142296e-01 -5.419390535502199668e+01 -1.287003269604657518e+01 -4.394308527517020835e+00 1.495300843272665148e+01 -1.743685527124066681e+01 -6.940153852954813019e+00 -1.493298802528539504e+01 3.976121970344170364e+00 -2.286054606864504990e+01 -1.833476433678157491e+01
1.232521884897743547e+02 -6.713006950607383061e-01 -5.631164702444891645e+01 1.928154765183778707e+00 4.379452617371773826e+00 1.357430834805425235e+01 -3.247626325466363539e+01 -1.390278130289804537e+01 -2.240634894098161567e+01 1.168862016942247450e+00 -1.866991857926910114e+01 -3.838042147094710144e-01
1.529796095169629098e+02 -5.437215691771974946e+00 -6.595510977538043562e+01 3.103164076705772345e+01 1.183907555164790182e+01 3.429301949820844442e+01 -3.031986884740490495e+01 -8.262980281081174994e+00 -3.178880272299377907e+01 -3.686177709920138046e+00 -2.902996835668047027e+01 -3.693478836641085117e+00
1.086772629590327313e+02 1.903774937492240582e+00 -4.068516164724196926e+01 -5.012621519749711485e-01 6.248394592631834499e+00 2.078112682416664114e+01 -1.216150012891285037e+01 -6.473398361830781766e+00 -1.735831059704457147e+01 -1.007942451767074310e+00 -1.902579477625078397e+01 -1.127202659121380712e+01
8.165145940874836583e+01 -1.465516057288918894e+01 -4.378677186994437420e+01 7.383808672080670377e+00 1.434044038939215326e+01 1.933945147264667241e+01 -2.408952205484924036e+01 -2.122879644820752176e+01 -3.119806575913908375e+01 -1.316921584829397673e+01 -2.606710768924180144e+01 -1.017078098662696561e+01
1.397179132736871168e+02 2.208362251331536186e+00 -7.266846725229680715e+01 -6.042385858422576028e+00 -1.004838132308207399e+00 1.474693347024281209e+01 -3.004738617888066798e+01 3.398141946899214449e+00 -1.282859892986781425e+01 3.762352176657408620e-01 -3.353885979028699182e+01 -1.014195986204718558e+01
1.138698903722035425e+02 -5.734861584689782354e+00 -5.953252923050104783e+01 4.060340902641915051e+00 8.728507010669513733e+00 2.420366931094817886e+01 -2.926125482160876601e+01 -1.987352666949180247e+01 -3.347261225741300450e+01 -4.397401819365627240e+00 -2.459834454860681419e+01 -7.463368315794324914e+00
1.029421720216961091e+02 -4.469727921513950264e+00 -5.211963506837722093e+01 -1.096066662037691586e+01 -3.354380778882311898e+00 7.356020349085638621e+00 -2.308877519856029892e+01 -6.423233080131505623e+00 -1.511535858085659356e+01 -3.341315803837047405e+00 -2.917177659192665118e+01 -2.518157535324683138e+01
1.052690907236679010e+02 -1.297741480322715546e+01 -6.050412813248773602e+01 9.503836981055924227e+00 1.632732671149561199e+01 2.993653577887092965e+01 -2.479656208045739874e+01 -1.664627641846412232e+01 -3.123107602988139320e+01 -3.588073018516376500e+00 -2.674434993758800516e+01 -1.027818317375592905e+01
7.407634660408962191e+01 -9.539892521635586320e+00 -2.776624306283843069e+01 -3.413804970761224133e+00 -3.309997495789926525e+00 5.055356568681414586e+00 -6.293119135468126402e+00 1.088425418502786624e+00 -9.637715607551374575e+00 -1.013886630506690167e+01 -2.373187146824253091e+01 -1.924712934791328323e+01
9.921328256668958545e+01 -9.523579913770792160e+00 -5.405284315573923948e+01 -6.799378302412755204e+00 2.398183577238258479e+00 1.423943265765874955e+01 -2.729484824478308980e+01 -2.086724510997312265e+01 -2.975700980379414773e+01 -6.370185767356999484e+00 -2.102875888024607676e+01 -8.696510474504069776e+00
9.627386832142424566e+01 6.282087360226421779e+00 -2.804683085910869167e+01 -8.100715524323657490e+00 -1.280360706303199869e+01 -6.701683238396767273e+00 -2.056679439136575382e+01 -3.169283093968605636e-01 -3.507795162216606588e+00 -2.407267530854950266e+00 -2.770975952465585124e+01 -2.246182397622212790e+01
9.513416458901608053e+01 -1.226032024778346496e+01 -5.654910793053225859e+01 -7.091705350134105412e-01 6.930718999795102420e+00 1.392934005902313643e+01 -3.759308722040626094e+01 -3.065329415502206345e+01 -3.793079415613001970e+01 -7.384216503187216674e+00 -2.163170389756009726e+01 -7.996304745736261488e+00
9.333524846589247659e+01 7.943243479384685113e-01 -3.261410015176969068e+01 -1.396129797316239873e+00 -7.212631244863201729e+00 3.716571370356984705e-01 -1.858851634718828549e+01 2.872265961048139360e+00 -2.901045759322010476e+00 -2.171203220852753191e-01 -2.841058346659264799e+01 -2.331566820692932396e+01
1.211085265341865806e+02 -9.753532827055591881e+00 -6.551581116481878553e+01 7.142846467066651606e+00 1.000693448205820246e+01 2.159766985371535597e+01 -3.235510158536997949e+01 -1.491160484197033043e+01 -3.014870487042137270e+01 -7.607355702009860998e+00 -3.074674851907131412e+01 -8.113581466949822740e+00
1.760308237609592652e+02 2.270750609480406723e+01 -5.750840561597475187e+01 7.064614557088996882e+00 -1.465235938925171411e+01 1.089198208672622314e+01 -3.097119701743028486e+01 7.268943902461714401e+00 -5.833289533701234930e+00 1.337256249089844218e+01 -3.176436837251696232e+01 -2.221861118650488720e+01
1.449655461261000369e+02 3.258621273055649414e+00 -6.096685090499456550e+01 1.377613640653111560e+01 1.368325760824968640e+01 3.587124536412713383e+01 -2.107619139640232930e+01 -9.483117981014583364e+00 -3.054356922569182942e+01 -3.358100148174519184e+00 -2.914181324987206168e+01 -1.026759609781220917e+01
1.509360177242757572e+02 1.428239156819336841e+01 -5.436528706181469772e+01 5.956493403419288235e+00 -3.492988134880419260e+00 1.355642255749294023e+01 -2.747133157425563965e+01 5.629148985415692863e+00 -6.999610926330973371e+00 6.238333949011596324e+00 -3.215280856617351901e+01 -1.812276401630460754e+01
1.107038065952711889e+02 -1.338333488131564941e+00 -5.279942314178787655e+01 2.450042972841335320e+00 1.540840800330037652e+01 2.840795842207963773e+01 -2.386924568069560948e+01 -2.067204654705448519e+01 -3.303852965687393350e+01 -5.831953897671448672e+00 -2.224369496648133904e+01 -3.427647330238144274e+00
1.514190760201022385e+02 1.344418374844373432e+01 -5.843022474824220325e+01 1.364096784623711756e+00 -1.685720218040276208e+01 9.903231518692168223e-01 -3.753199880258420507e+01 3.032675204150073078e+00 -4.540818510941276642e+00 1.304295665815607030e+01 -3.307868763397392797e+01 -2.416968447898621619e+01
1.768922160689830321e+02 7.959508187713808525e+00 -8.649634773527299103e+01 4.349261523855982858e+00 -2.567361860319029021e-01 2.663497908527254410e+01 -3.754364197873042741e+01 -9.540394008095343992e+00 -3.445143371925520626e+01 4.098441145365007365e+00 -3.189327886835702230e+01 -8.099226893024516372e+00
1.416668082088438041e+02 2.708371002916016845e-01 -5.559268550227475458e+01 1.921287515867027906e+01 5.731917651759056653e+00 1.581834378682365205e+01 -1.897318102904610271e+01 1.518397272453265145e+01 -1.085835541894367395e+01 -4.452406737987208984e+00 -3.593222571687162770e+01 -1.523292091711928720e+01
9.005879320204184069e+01 -2.453173349753416588e+01 -8.368318148592922512e+01 -2.500763980040977330e+01 -7.260476011351109982e+00 7.676499721693664569e+00 -4.469549669556563032e+01 -2.959199924667522197e+01 -3.376055679145987654e+01 -6.145081967971842474e+00 -2.942241478925826215e+01 -9.166619262702473847e+00
1.564652669248486063e+02 1.134202614863488279e+01 -5.828955910858525158e+01 8.006894052214240887e+00 3.123269828575334195e+00 2.347954082774232631e+01 -1.521213595206326019e+01 1.625085380589721495e+01 -3.382101817220728446e+00 7.403448142594059256e+00 -2.813273210510384814e+01 -9.770284474601551139e+00
1.150938259551266469e+02 2.637207858894671464e+00 -5.091398561624208696e+01 -2.444635658586761462e+00 1.220799945243262385e+01 3.203604254083914782e+01 -9.129757364324056823e+00 -8.749358743884826595e+00 -3.213930816056094386e+01 -1.624818016175250790e+01 -3.768016363954376402e+01 -1.686140896863386729e+01
1.567297375933285366e+02 2.305459202975148258e+01 -3.439827350209495194e+01 1.929854409652166325e+01 1.383677025811433126e+01 3.242697447839480418e+01 -2.285210288047775151e+00 1.204781543671774102e+01 -1.506662231759789705e+01 -5.155888968644603665e+00 -2.379703994264151135e+01 -6.539180444925094093e+00
1.047254901250167052e+02 -9.546593625660404925e+00 -5.318251213531475230e+01 3.762360581186454223e+00 1.371672761745527325e+01 3.088958023476083525e+01 -8.677148708991726522e-01 5.602115365525010660e+00 -2.157077957956334302e+01 -3.641634069319494849e+00 -1.404680505474511776e+01 6.788172844324249944e+00
1.363091045432428245e+02 5.298665636133295109e+00 -4.175338530174040841e+01 1.783169804263843616e+01 7.105586331855063165e+00 2.316454912178377867e+01 -9.988316519286190243e+00 3.773565677117780126e+00 -1.655783954886954490e+01 7.127494661239213158e+00 -9.568650909636925661e+00 -4.044763438557007262e+00
1.298603677580568956e+02 -3.118349713516797017e-01 -4.345928134462673853e+01 2.176794371426658614e+01 8.047530959373666803e+00 1.458950974531337863e+01 -1.071397931911681489e+01 1.460553116832742582e+00 -2.802074245875397196e+01 -4.856990299823921831e+00 -2.279700891919678440e+01 4.635503245125329741e+00
7.432930144101987935e+01 -1.513669949084810007e+01 -3.537444728121923276e+01 -4.808798921204377463e-01 -2.611794010467448413e+00 2.202115821362926340e+01 1.500816987371202060e+01 1.346562950036274131e+01 -1.543254004586546557e+01 -2.306761766720427431e+00 2.517466226008817642e-01 3.906074216244475039e+00
9.318988263301218922e+01 -2.787035016050864300e+01 -7.718434999178191447e+01 -4.910869812198429329e+00 -1.411697097572166770e+00 2.787591824033074062e+01 -6.870660563454014991e+00 1.856465523995588729e+00 -3.883664262825346469e+01 -7.363124128478188091e+00 5.343564960931190821e-02 3.181726853628236640e+01
1.363094275065337229e+02 -3.664831993412417432e+01 -9.689077695217616792e+01 2.269704356428103864e+01 1.261510748110374891e+00 1.962268867144518936e+01 -1.717908367264831426e+01 2.961739929800601345e+01 -1.506919006430584673e+01 1.705369503060973901e+00 -2.759260487502051618e+01 2.620302537797820630e+00
1.132684201163299633e+02 -1.978977001158502702e+01 -6.559497398854703931e+01 1.049218935778631945e+01 7.158736469105473788e+00 3.034129523874354462e+01 4.568526847963020110e+00 1.925259434965844463e+01 -2.266876875145754866e+01 -1.051833429456254576e+00 -4.789417955113159486e+00 1.728460860280110722e+01
8.002252595434845261e+01 -3.715762532202157242e+00 -2.636748952211320329e+01 -3.758132037949688531e+00 6.696121283382048262e+00 1.959761418166345948e+01 2.469117211473014439e+00 -4.141178075586265273e+00 -2.233719712984600392e+01 -2.056855706219588242e+01 -2.877828418409317379e+01 -2.221857049666053285e+01
9.724379084891657499e+01 -2.147633291510986808e+00 -4.509293459038717344e+01 -4.650465857756644006e+00 1.304361674016231909e+01 3.208819642992510524e+01 -1.112914845704085920e+01 -2.236940025280192756e+01 -4.087782089299345500e+01 -1.517126556344256016e+01 -1.988478741720564358e+01 -5.230962364904851114e+00
1.153875842253953579e+02 1.041470012900070685e+01 -4.147214240274458064e+01 -5.247957403778092278e+00 1.383020233795902065e+01 4.231360789606668504e+01 6.987940240596288710e+00 -2.932869712932689055e+00 -2.755160213221639154e+01 -6.981037721380797478e+00 -1.960887452616505300e+01 -1.443155205331156132e+01
1.409434418571686365e+02 1.046677966068114429e+01 -5.206889222087508529e+01 1.549031133201522437e+01 3.047149271826918948e+01 5.725677631108561627e+01 2.622586992035088826e+00 3.680765651480497169e+00 -2.667000641080662859e+01 -1.079027826874012774e+01 -4.102849185082797590e+01 -2.891840158940200212e+01
1.836569921389724414e+02 1.372270453209003982e+01 -8.228775952794239856e+01 5.436031503932294839e+00 9.907655019637591209e+00 5.458283950496986137e+01 -9.961572636719077778e+00 5.540882107714851124e+00 -2.232258528634112338e+01 1.539780822996173093e+01 -2.443555612051493142e+01 -1.698542438419902822e+01
1.473049401422018718e+02 1.047483155074283623e+01 -8.273844647284363418e+01 -1.910687344195719461e+01 3.875474041770812228e+00 4.170174974765840403e+01 -1.780145398922099176e+01 -5.559822302092876534e+00 -2.446031599874599749e+01 8.511539333910725702e+00 -2.734947552021161243e+01 -1.745112073505919525e+01
1.086802622733343355e+02 -1.093802447219076690e+01 -4.763470536376313902e+01 1.084049055869939160e+01 9.525651719774595350e+00 2.765535811909705544e+01 -4.772558192847109027e+00 7.958035755713650516e+00 -7.040232917638850729e+00 7.670395170038490029e+00 -9.745904500744220655e+00 -3.917275838930489584e-01
5.599862353771789003e+01 -2.919438179522917665e+01 -4.526637447563180672e+01 1.049992078172235921e+01 2.501761615021187879e+01 3.485443322477722461e+01 -4.512853673145068356e+00 -8.979160357720308738e+00 -2.538313793978635857e+01 -1.092280193631127005e+01 -2.144357330112522320e+01 -5.661958836910729431e+00
1.222624785745446019e+02 -2.135716067995240941e+00 -6.823862479349941168e+01 3.553251935663090944e-01 1.588676914250201122e+01 4.076967789889577887e+01 -1.574634815740508920e+01 -3.219852859214052287e+00 -1.768106393788898956e+01 1.226061323254714175e+01 -1.855064879860280058e+01 -1.146304214725833148e+01
1.115310075359076336e+02 -1.559017375818548956e+01 -7.347807970522372045e+01 1.988197657040227329e+00 1.030910352283981446e+01 3.182474819977621650e+01 -2.339259668253709989e+01 -1.126239495112886857e+01 -2.893539509527666809e+01 -1.196767569557638300e+00 -3.060530614242344427e+01 -1.621446280433188747e+01
1.473714933371067275e+02 -1.427375988431960963e+01 -9.623677972294430560e+01 1.284645651413423906e+01 1.659817077371450011e+01 4.138103884042562441e+01 -2.966965707797228191e+01 -4.899418227766432210e+00 -3.509109363615733912e+01 1.751914452524820698e+00 -3.536305997036275528e+01 -1.280420183040696713e+01
2.105444813088877254e+02 1.025963981164537131e+01 -1.234709257353022025e+02 3.000280181827265125e+01 3.679133943825834763e+01 6.308478959305724487e+01 -2.108524349375607798e+01 1.900673260235902973e+01 -3.588737143239241334e+01 2.357273648066987448e+01 -4.426467406668659521e+01 -1.397652728372546527e+01
1.211469058044634437e+02 -5.674430973071902251e+00 -6.464129991843486778e+01 7.012643794587171797e+00 1.923858636552793300e+01 4.043376009947112948e+01 -1.120967001827490250e+01 1.620603813112278857e+00 -1.748372217497586334e+01 6.603526883317231366e+00 -1.948950283454296439e+01 -6.268386220900719508e+00
1.120731202562255930e+02 -1.131421993914914204e+01 -5.120797292107075549e+01 2.319702760227079352e+01 2.486142197961940781e+01 4.165590375589357564e+01 -3.830946549720529504e+00 8.279269944605257336e+00 -1.089372377550660786e+01 5.828459308272098127e+00 -1.968738392694236694e+01 -8.174983486670486243e+00
9.954347698757675289e+01 -1.432006656245304654e+01 -5.519038788713324095e+01 1.884230284960200308e+01 2.421966728534138369e+01 3.813349885157713715e+01 -1.545604494880535640e+01 -5.112860774831446520e+00 -2.270266480943277188e+01 -4.186485083925989059e+00 -3.244319620016786843e+01 -2.068873291663575031e+01
8.770847010244800401e+01 -1.712562176138775527e+01 -5.499501352144419286e+01 -5.466580325187102574e+00 4.650858692526011140e+00 1.960811869393992524e+01 -1.355105844700191398e+01 -4.174119082241070977e+00 -1.631379259607474808e+01 -3.913089414746519168e+00 -2.676651541192669725e+01 -1.890821376174449142e+01
1.689318172788421180e+02 1.451494120300529644e+01 -7.299264076714757721e+01 1.120311655831498143e+01 1.902620536277846952e+01 4.854040717005170791e+01 -1.425011604444489954e+01 9.618688110584802331e+00 -1.347165323119110347e+01 1.144791398530283111e+01 -3.104579750258019644e+01 -1.398603385195644222e+01
1.455861241655180720e+02 1.469101765661803061e+00 -6.554817385939438168e+01 2.044634116598363960e+01 2.430941953013333290e+01 4.836592976708257652e+01 -1.080960947253241500e+01 5.802733126386117490e+00 -1.935237940669594536e+01 5.173143378025804040e+00 -2.731063287534217565e+01 -1.027097184999927748e+01
1.149734886405479131e+02 -1.454880431923509354e+00 -6.585500215241681587e+01 -4.319577415715165181e+00 1.253296531688002879e+01 3.279969934773207996e+01 -2.880915165021695401e+01 -2.433643941866373694e+01 -3.466848535223746808e+01 2.569367715242294015e+00 -2.242879610044757754e+01 -1.478710027079418765e+01
1.008848958444583843e+02 -9.568968662379944146e-01 -3.966524416973398104e+01 1.132505539353528690e+01 2.233091126172062957e+01 3.310756207208504520e+01 -8.417092163070677202e+00 -1.797166600601519448e+00 -1.205498912216292418e+01 3.006584089468124610e+00 -2.258559805064074766e+01 -1.739228241755063209e+01
1.166448930840428488e+02 4.588736816738197000e+00 -4.969797604521841805e+01 3.685332281806485533e+00 2.001942501977003985e+01 3.757214850265777528e+01 -1.115618246323987250e+01 -3.025207861115488228e+00 -9.321896504024419272e+00 1.587803046313998578e+01 -1.206787993676457305e+01 -9.875616267634331535e+00
1.400386491667593418e+02 3.469013534690074785e+00 -7.302618591302652362e+01 -8.895936640542933205e+00 2.351054898494882917e+00 3.161300773234433237e+01 -2.378619411216808999e+01 -1.071990405951687642e+01 -2.545155603172438674e+01 3.875554311031461197e+00 -2.826755893387628049e+01 -1.972764825740336647e+01
2.044105163900258049e+02 1.242391490527765541e+01 -8.827307756136677597e+01 3.331738834240260161e+01 2.302743587956731020e+01 4.970922566283301336e+01 -6.349831537800091574e+00 3.152214155578874255e+01 -2.475325422622326954e+01 1.131117573787830999e+01 -2.426503856537992831e+01 -2.034410040031814759e+01
9.185480266759745405e+01 -6.862599954989088147e+00 -3.825853770798966025e+01 3.260974567711671490e+00 1.425460947695443359e+01 2.471843236199165261e+01 -7.523031369749772601e+00 -6.681860466680960897e+00 -2.162690433922374922e+01 -1.405557340128403077e+01 -2.929513065324401566e+01 -1.843261288202298687e+01
1.323115359800548845e+02 9.922164817963912142e+00 -5.082433463304825239e+01 3.588367920523605203e+00 1.229687589526132996e+01 2.719779034662672501e+01 -2.070111145719343426e+01 -1.203198342867683124e+01 -2.748804093187815312e+01 -1.877580334086820457e+00 -2.292876122686996254e+01 -1.082096372973711951e+01
1.342734878559487015e+02 1.845417923388618320e+01 -2.646097670933310297e+01 1.876605066953410983e+01 1.610630005582733304e+01 2.089970428764080168e+01 -1.501537766889882519e+01 -3.415507029277812912e+00 -1.757660901822662680e+01 -1.185873881158524767e+00 -1.850827567561324116e+01 -1.180714720615965341e+01
1.101936661538802014e+02 2.889233127645610022e+00 -4.533794199694879978e+01 -5.462056178949920238e+00 5.898714567257634656e+00 2.184993834282476399e+01 -1.435657642781288601e+01 -1.220588212875161283e+01 -2.429993319592891865e+01 -4.281895143779959056e-01 -1.918584785656168634e+01 -1.919570055502273220e+01
1.162779883726553010e+02 3.134073015295094677e+01 6.635232446887118218e-02 6.079181215569303909e+00 4.151446397378057540e+00 1.185935487525818743e+01 -1.469439585799610315e+00 -2.781101487348505152e+00 -1.290318551762034005e+01 -6.107580072076576272e+00 -1.477132637680313465e+01 -1.085818140734626169e+01
1.371487182141437415e+02 2.534679669341720398e+01 -1.519209078609912034e+01 2.331767254293054137e+01 1.908435314827724838e+01 2.510922176318169363e+01 -1.657512949411346970e+00 5.964215362715355795e+00 -1.167546017726873231e+01 3.868477876597316012e-01 -1.725444020916087595e+01 -1.270663022780497009e+01
1.167985993411093659e+02 2.503518116765619084e+01 -1.371779569991540804e+01 3.277813543144998842e+00 1.054849990437591423e+01 2.513419152782801902e+01 -6.754390883309652871e+00 -1.367041895982730715e+01 -1.700762368162603977e+01 5.113255660886700582e+00 -3.197688578590782260e+00 -6.504436632364384963e+00
8.650725371776604788e+01 8.017730974041752390e+00 -5.874919250005286031e+00 1.590213402851914637e+01 1.591605889020727282e+01 1.708479635546756015e+01 -3.001403929896629741e+00 -4.897860933073427958e+00 -1.467482258367326686e+01 -1.192111436711086192e+01 -1.691330544313600726e+01 -8.011991672345414983e+00
1.386315270650042066e+02 5.292124195637454953e+00 -4.232254789802632899e+01 1.970264492644851018e+01 5.882154246125321784e-01 5.216675170613636503e+00 -1.887755007597915125e+01 -2.196682882270852843e+00 -3.891630386992443391e+01 -1.518346516590920281e+01 -1.993020945038664138e+01 -4.133137189866719297e+00
9.929607961062069421e+01 -7.456714952679469377e+00 -2.855943933673409418e+01 1.566441027428556687e+01 -9.615352982789120873e+00 -3.919486162654349570e+00 -1.219007050110563029e+01 3.230970080731732530e+00 -2.010901121315487217e+01 -5.414738363788854869e+00 -7.255573969086322350e+00 4.021831643182349758e+00
1.307405211612166909e+02 -1.574865886600263032e+01 -4.640325391164300584e+01 5.725058015237402742e+01 3.745938642871704083e+00 8.719596709620409669e+00 -1.282538637678166182e+01 2.628442649359686101e+01 -2.640562158689801464e+01 -1.066261803910408545e+01 -2.247398195123938791e+01 9.447914128844416837e-01
9.709530626823874400e+01 -1.302546503108891862e+01 -3.204026359701222759e+01 4.342224181364009183e+01 1.869899012941024097e+01 1.003316339325146878e+01 4.857116267387038278e-01 2.725673367152933224e+01 -1.463482931648508512e+01 -7.044068348221553144e+00 -2.693179239722914886e+01 -8.913099575324908486e+00
1.422770012704120290e+02 7.521278151923567634e+00 -3.359611043290847476e+01 4.157528869688373163e+01 7.442345017750054303e+00 1.257478347670806329e+01 4.887623530475989853e+00 1.821679283664397886e+01 -3.241015407421558336e+01 6.077514417715201844e-02 -1.921012704755695566e+01 -1.125004832225821971e+01
1.072845723085496701e+02 -9.531614702849996235e+00 -3.159012337728252362e+01 2.999271814538594327e+01 -3.809741090863606239e+00 1.652866436869578459e+00 -5.154931261009478405e+00 1.502933792962506132e+01 -1.590809776406420717e+01 -4.817865184979973847e+00 -2.282522132221569677e+01 -1.851765602384612919e+01
1.094603720980099411e+02 6.283785168548921440e+00 -2.317403434618213254e+01 1.479300797002252210e+01 8.473200943550751596e-01 9.582916707293502867e+00 3.835154788816080185e+00 2.719220237915351834e+00 -2.409824607740966229e+01 3.726373754488498946e+00 -8.048225646530248412e+00 -7.339432268199367115e+00
9.586123211393908150e+01 -1.184896880978266154e+01 -4.037816495682032780e+01 5.561328447435934130e+00 -1.439236146955634865e+01 6.714362436956986535e+00 5.717533049817598467e+00 7.328674297256928760e+00 -2.789779293874757116e+01 -4.429541531186597325e+00 -1.381179277267916561e+01 -1.459950865344128168e+01
1.128935535466982856e+02 2.301046756345747291e+00 -3.170827552139033045e+01 1.944348073136725219e+01 5.296969009972248621e+00 2.083877832357867721e+00 6.383097157815562639e-01 1.031253957734620386e+01 -3.105064358512321832e+01 -9.247999134447569602e+00 -1.358583413350639901e+01 -6.858660543705644486e+00
1.049994875481710892e+02 -2.669771536393531264e+00 -2.585879021961471835e+01 2.913132365514709576e+01 6.001490016189208632e+00 1.297845513811945928e+01 2.770619891007065405e+00 2.275943251733746564e+00 -2.677624561998490194e+01 5.781784533251728142e+00 -1.341445310998336282e+01 -1.116202357412369039e+01
7.487431712489909330e+01 -3.027574602502303236e+01 -4.391325410658554063e+01 2.443302268484902129e+01 -4.609915975200670424e+00 -1.673128230111913917e+00 -7.905235178987147115e+00 5.051333035973424757e+00 -3.307627116075765628e+01 -6.019953361113166146e+00 -4.452064980388331428e+00 -8.109375013693574274e+00
9.245776364881987774e+01 -1.692205348599479464e+01 -3.389444073968643067e+01 2.640934384291089643e+01 -1.510860581769484945e+01 -6.178057999569850800e+00 -6.606862480415028216e+00 1.235605165319589283e+01 -2.654656638415466219e+01 -6.674859435288913012e+00 -1.436830244474359475e+00 -3.026095366627235883e+00
