-1.231030211153406526e+02 6.613958422832423523e+00 -2.248191005566917866e+01 1.956862328635643422e+01 -7.388301031490099646e+00 2.780836749792044316e+01 -7.782083655363496888e+00 -4.188830142370383314e+00 8.118476765841355913e+00 -1.843839702824659099e+01 1.603872281546210132e+01 9.865500736358088218e-01
-9.794869648409272145e+01 2.297788988961234224e+01 -3.415894040683993271e+00 2.742090709809703242e+01 -1.236352521678614558e+01 1.520610561887133727e+01 -2.413035026542264205e+00 -4.568344576094232501e+00 1.623755414117583395e+00 -2.282115351992859686e+01 9.002916599390694330e+00 1.300405411223096941e+00
-4.552948821515731481e+01 -8.253171043418862096e-01 -1.105121266493997778e+00 -8.330726744394393535e+00 -5.805221211765616829e+01 -3.120605247884796540e+00 -2.452465389326116707e+01 2.842060766203475808e+00 1.348187546652805580e+01 -2.999216105483285943e+01 2.328304825375584031e+01 1.271858683682851598e-01
-2.599372882829317177e+01 -1.524984179614256163e+01 -2.218967366859058377e+00 -1.982108643855933394e+01 -4.007302895102456830e+01 1.323878878669754755e+01 -1.138009949147251731e-01 2.204381501755818107e+01 2.848694253109758989e+01 -1.471596423504032458e+01 1.109386964609324266e+01 -4.900723721518030374e+00
9.718907588368962180e+00 3.185080646833685947e+01 1.145525253456790793e+01 -1.359525205153328997e+01 -4.198462747120878191e+01 1.582974630002093441e+01 7.372503969634191634e+00 2.034286106579755060e+00 4.143291874634396521e+00 -1.424859544740883699e+01 1.794581319234274375e+01 -1.469345774239437752e+01
3.828348187133039460e+01 4.097568230248393917e+01 -7.778084601207118531e+00 -1.226449790359351866e+01 -4.060405417910797610e+01 2.565941342807462444e+00 6.466726385486007977e-01 1.581280973828642900e+01 1.896916755482521211e+01 -2.006060989416307905e+01 7.663674921840874177e+00 -8.975941420044796004e+00
4.684490500866012042e+01 3.090403089010166937e+01 -1.985373836009344117e+01 -3.097398729027064235e+01 -5.376952099504305949e+01 2.256437110835598503e+00 1.161731268948558871e+01 1.039895924876159583e+01 9.547377142894283963e+00 -2.644967515697435090e+01 5.750273149010676654e+00 -1.193294264358356571e+01
5.541347808930123620e+01 3.190161499697853387e+01 -3.396173703099012897e+01 -2.448448709178850180e+01 -3.787452676100470228e+01 5.174375833007452741e+00 1.023907240091044102e+01 1.382334930706669240e+01 -1.950999748935489109e-02 -1.546879082461281740e+01 1.291993480141672634e+01 -4.576208146858906645e+00
5.152956135084262712e+01 4.767286047964913109e+01 -4.219784871175404817e+01 -3.765568201622505740e+01 -4.477642737257274064e+01 -5.298231485489345971e+00 1.590716882615423522e+01 5.210361779929083781e+00 -2.256647096449000411e-01 -3.240867946430054758e+01 2.086777990971144803e+01 -3.252132518918268378e+00
5.156299649126936657e+01 2.691862451334431228e+01 -3.836110032609119003e+01 -3.709373283274631206e+01 -3.441826837759900570e+01 3.230523330022789352e+00 -1.423138514322521919e+00 -7.319887872887957059e+00 -6.701980305229964685e+00 -1.614924553133463903e+01 6.030985769450380118e+00 -1.121034239254802500e+01
4.878326649464699472e+01 3.522623790060340099e+01 -2.384097681940289348e+01 -2.021150136080013837e+01 -1.468193600495377815e+01 1.066348330918143361e+01 3.550494192940926830e+00 1.878084824784765772e+01 2.170860768628372028e+01 -1.551780592705251749e+01 1.261696499521919002e+01 -9.647397889327308462e+00
4.564690646536530494e+01 4.459537893685983079e+01 -4.053512671166275538e+01 -3.261546680655548869e+01 -4.386100097526579589e+01 1.103009362741885369e+01 -2.036805588415962376e+00 1.752531323980543476e+01 1.253480566378864047e+01 -2.483506462059848729e+01 1.836154383823621572e+01 -1.035780440873118557e+01
5.111862211791924437e+01 5.424995960566013053e+01 -5.400293373557900622e+01 -1.999291735164559825e+01 -4.974587330266707852e+01 4.585499950417708526e-01 1.043034243822603990e+01 1.037160551786865526e+01 8.925983235265121607e+00 -2.893184067810772930e+01 2.668617799106709043e+01 -6.394632820578246779e+00
5.903641333151537651e+01 3.206804730815451876e+01 -4.007032515951803475e+01 -1.586390880580030682e+01 -5.352165532110556967e+01 -1.113222930482157480e+01 4.106764405763673409e+00 1.565481992598382632e+01 5.950954567420979835e+00 -1.181453305715292323e+01 1.292755671503420878e+01 -9.372509907985406841e+00
7.827906281813696410e+01 4.023585681943263381e+01 -2.348971658699488074e+01 -6.204150491075235863e+00 -5.697794300530075873e+01 -1.504145592513047980e+01 4.930819489305738657e+00 2.468862525060468016e+01 1.512071104048966674e+01 -2.605322799526737043e+01 2.436693773953867748e+01 2.263339830383798379e+00
7.482957217303871289e+01 2.699870605796363066e+01 -1.635211084898216782e+01 -1.653119569415713030e+01 -3.950555516793578192e+01 -1.656935817950413892e+01 -1.387015939594746250e+01 1.513941184226047199e+01 1.032106488747963624e-02 -2.700269161519074146e+01 9.128093775088412798e+00 -1.057290855108987415e+01
6.850430603148208775e+01 2.189541420967896457e+01 7.117273419305298887e+00 9.852047374963909476e+00 -4.481006915475605723e+01 -2.566664324928548790e+00 1.821217661403330190e+00 2.357878374101166230e+01 1.669362519907147657e+01 1.293866524288354469e+00 2.600973148520996148e+01 -2.391800867821006094e+00
6.560335276322510367e+01 1.143898397458925942e+01 -1.454840223540342237e+01 -4.296256105033513073e+00 -4.372917112935387252e+01 -1.780205377519886412e+01 -1.413369591981293460e+01 -1.078564664603601564e+00 7.563817032505972815e-01 -1.107217682594785302e+01 1.888782334759046577e+01 -5.802714472266669254e+00
6.443265223157993660e+01 2.476805875368507515e+01 -1.629989167703951081e+00 1.118005318432049755e+01 -5.619948900153175941e+01 -1.978082075136269680e+01 -1.728390520920581963e+01 6.818619564041781267e-01 -4.905754660736835859e+00 -2.100615498060877684e+01 2.687651393754812901e+01 4.980079043988427934e-01
7.353430868502222495e+01 3.965500478453792965e+01 4.549554510582549227e+00 1.725125468666237438e+01 -3.879495853331174260e+01 -2.009465578681522402e+01 -2.147818653067983519e+01 -8.756894108088506101e+00 5.270787922414225335e+00 -1.190371298574509851e+01 1.640915269332472448e+01 1.178828892808896178e+01
6.888290102069599641e+01 2.103708867670230021e+01 8.052325079033945343e+00 1.745047611181529845e+01 -4.196629186295383818e+01 -1.911741375986695246e+01 -1.589385084378254298e+01 -1.225360222680919620e+01 -7.223910673190975906e+00 -3.920580037006287988e+00 5.909236077562544764e+00 -4.913811884551999576e+00
6.177933302517173786e+01 2.503885614002623328e+01 -1.173184764877653485e+01 7.834381005197970538e+00 -2.776140312660809428e+01 -1.837944230780677657e+01 -7.881644457377834811e+00 1.039648036735147940e+01 -2.038429082425621708e+00 -3.758554697111810672e+00 1.641762171841453366e+01 -4.672975254939738754e+00
6.048994496726285774e+01 3.462526683525094739e+01 1.753970862343528481e+01 3.166100441595060744e+01 -4.165394152938647920e+01 -7.138501766387342684e+00 -1.241512093598711708e+01 -1.609011197806839277e+01 -4.092639347264837468e+00 -2.774192161042513760e+00 1.741634735323237848e+01 -1.038242666658626234e+01
4.556924445448161975e+01 4.050212262836444665e+01 1.601627178438033283e+01 3.860932320488296199e+01 -3.932967977894442413e+01 -1.765860527198930185e+01 -1.943939522903579586e+01 -3.301104563161509020e+01 -1.697200572871264512e+01 -1.432252230113322788e+01 1.497838222882241688e+01 -3.029178140663768559e+00
4.279544456180369139e+01 6.431476620380759357e+01 2.470881490013424298e+01 2.986776980509762325e+01 -3.848204132810818123e+01 -1.570199311811353304e+01 -2.560917088549762610e+01 -2.358266700277091132e+01 -1.511668549416951635e+01 -2.062241506700199523e+01 7.805725379491994076e+00 -8.309192231075563484e+00
4.578918870114890893e+01 7.152399001212134522e+01 2.667271780429395633e+01 4.122953822012813418e+01 -2.282850825249104787e+01 -1.909844376587786829e+00 -8.760658604916933712e+00 -5.087978720303297564e+00 -2.991596531300125150e+00 -2.633310755333033981e+01 8.486554368235458057e+00 -5.805651854403047096e+00
4.640974892233255389e+01 4.071467187822354106e+01 8.947859507507125443e+00 2.496329575600228878e+01 -3.017742592776211907e+01 -5.052381067866709152e-01 -8.449556851197121077e+00 -1.068098710413304886e+01 -7.329933109459972229e+00 -1.921209160226275969e+01 4.297827864384641039e+00 -9.917561282251092791e+00
2.409609781294272324e+01 9.295123245977970328e+01 4.370292750998820708e+01 4.165279149245728973e+01 -3.133508112075954699e+01 5.908220335560742775e+00 -3.887994391632480173e+00 -1.219853203987051771e+01 -5.234752006182617379e+00 -2.545950808579241809e+01 1.924654648045851246e+01 -6.255103236320041837e+00
1.728482834222327114e+01 9.966441600778776433e+01 5.150293308620437926e+01 3.594841863129335024e+01 -1.252028399091803124e+01 1.136212347783189358e+01 -2.530658669007897998e+01 -1.652869121222500581e+01 -1.056426390284884498e+01 -1.445241279811721213e+01 1.657043743837316541e+01 -1.354004141534526795e+01
4.294655443993319466e+01 7.142329655356317630e+01 1.539584022202540226e+01 2.592306143866699131e+01 -1.795965042508148457e+01 8.524730281541083698e+00 -1.409952357858893990e+01 -1.631046577163307632e+01 -4.778526753043482955e+00 -1.774492537342280585e+01 5.747372543951674295e+00 -1.726620179994027637e+01
4.296641343322353634e+01 6.664616539703527565e+01 2.044573134873232689e+01 2.421737220388592249e+01 -1.507162252736742047e+01 9.201505040142556879e+00 -1.418509450899411206e+01 -6.492576453902150213e+00 -6.512528805284039990e+00 -1.950862229735887610e+01 1.505427624296348244e+00 -1.477963092270298695e+01
3.883045430211640792e+01 8.473952128761388281e+01 4.678093438563328732e+01 3.963727818828736815e+01 -2.479363193768149642e+01 6.889530201679104238e+00 -1.009686669397852476e+01 -1.632886457587562745e+01 -1.135277428707439995e+01 -1.521753535909030930e+01 1.976360557900547121e+01 1.238898693740244195e+00
3.901738314721993817e+01 4.354548277308131077e+01 2.674177078797498108e+00 6.724526680597318062e+00 -2.429135244042155151e+01 5.045340565492995033e+00 -9.822069933971555145e+00 -1.269835989304093182e+01 -2.289516646931483379e+00 -7.720867306667273944e+00 -1.147148550007892620e+00 -1.742609690564798797e+01
3.122447432265874312e+01 8.214842106338215899e+01 3.546919160826796258e+01 4.087579112017648697e+01 -1.760403700580392794e+01 9.148852295944703172e+00 -8.241495384055047779e+00 -1.311351370273167660e+01 6.082449254304687081e-01 -1.768009303360562967e+01 9.210763418247344347e+00 -9.763269536100931845e+00
2.083839338337102021e+01 5.620687357838313858e+01 5.729709136569751138e+01 7.105926965931612926e+01 -3.006456850370796019e+01 -2.881566596402453229e+01 -8.913282938276356759e+00 1.282162943755998796e+01 -1.041502506706057218e+01 -3.029762227283736209e+01 1.677844793151567870e+01 -1.453359218718026469e+01
1.599260150659445756e+01 1.872979707654287296e+01 2.502586714791538469e+01 1.989751743268094231e+01 -2.872119219256367373e+01 -1.112782104983377351e+01 -1.802177805156529189e+01 1.044279714828037342e+01 -2.450575979119678749e+01 -4.771920944460498504e+01 1.152131967277351343e+01 -2.539707923540031587e+01
9.614247914811191009e+00 3.339661433290353187e+01 6.511115196124731597e+01 5.819090905434387651e+01 -1.026014734417005947e+01 -1.767742499292115710e+01 -1.524510845596038422e+01 8.396316843701988830e+00 -1.890810931915370929e+01 -3.085174122215195780e+01 2.997011371919995781e+01 -5.341991499041796487e+00
2.065322126800287705e+01 2.152690756601959521e+01 4.025976990388360122e+01 3.094179393413581280e+01 -2.441806047446578631e+01 -1.861557199275905816e+01 -8.561993714443504544e+00 1.506837223534960657e+01 -1.421914807846098938e+01 -3.527105487716992371e+01 2.717790731456777920e+01 -4.890235309466358871e+00
-2.824136769222762133e+00 4.171518061895749696e+00 4.411595893706741833e+01 4.176217386741275561e+01 3.441045406788355798e+00 -1.369062903225831285e+01 -6.667610985302036219e+00 1.651612432275803144e+01 -1.654706419635665782e+01 -1.780623659992951602e+01 1.068857845704172860e+01 -1.228947423023032925e+01
-9.105503500349325208e+00 3.227852218673181284e+01 6.767468012384577492e+01 6.498976140456625217e+01 -1.367265977736689386e+01 -2.004419777016233439e+01 -1.622179434949047305e+01 2.175585940084082281e+01 -7.861839728966101504e+00 -3.634996823932669940e+01 1.621838487847950461e+01 -1.285319701690982619e+01
-3.971257183511355038e+00 2.486485858654882719e+01 6.490742307365286479e+01 5.601382709329789122e+01 -2.172254574729342025e+01 -2.064281019283073348e+01 -7.941975265381147508e+00 2.304610308172025412e+01 -9.859118118870389580e+00 -3.479284712076106700e+01 9.546557003688404208e+00 -1.615184581665040042e+01
2.849676320549280106e+00 1.372404344206397298e+01 2.954135815153340161e+01 3.922560205430394120e+01 -1.918925971103444894e+01 -1.645777739318137023e+01 -6.076661176035823786e+00 6.260588617220284036e+00 -1.465931000045690169e+01 -2.794429842276042208e+01 -1.722167954412280599e-01 -2.617990354446363810e+01
-1.859223629589031646e+01 4.312927994821512812e+01 5.993236189723393181e+01 6.954408650967656058e+01 -1.952154744149568799e+01 -9.528463951970012502e+00 7.777048423093844143e-01 -4.121175498158645034e+00 7.946679135949006323e-01 -1.767818485252816174e+01 1.186956811409991097e+00 -1.962102342294651791e+01
-4.830681244213599967e+01 3.380306550107394514e+01 5.217502085695691960e+01 5.561188778067443650e+01 -1.776506044897024950e+01 -4.874168090918562513e-01 -4.820972261734503661e+00 1.057533919172484405e+00 -1.079795899306604134e+00 -3.824140728874445472e+01 -1.203564514163002919e+01 -1.456652666739834245e+01
-3.424071668358403286e+01 5.476986965423822085e+01 1.445775738760172047e+01 2.573708099880036571e+01 -2.073957260431046734e+01 1.253843248675830857e+00 -2.710461859601882750e+01 3.004448320942170181e-01 9.255921135179530079e-01 -2.616909549023965909e+01 2.346509568512020305e+00 -3.955645771928089083e+00
-3.800098969023775908e+01 4.691350260088865554e+01 1.534052421661958299e+01 4.346536925366716275e+01 -5.241124792648977682e+00 2.519303083995421133e+00 -9.508369794216640969e+00 -7.524473081086400228e+00 2.855254778415956984e+00 -3.020557410800529397e+01 2.312728678004876581e+00 2.225569114363286971e+00
-6.051476705119384292e+01 3.341240597770241294e+01 -5.921133096883979263e+00 2.065546270750180824e+01 -2.402373015156776859e+01 7.020747172058522168e+00 -1.588379811179591883e+01 -1.716383245331793006e+01 -1.658004652426585679e-01 -2.398539612767431350e+01 -1.806631365371521136e+00 -5.251820187152841157e+00
-6.844595205884681377e+01 4.208058022311409729e+01 -1.013276053138912225e+00 4.397681419242559286e+01 -8.878248638546793359e+00 8.021005067127260801e+00 5.807002341829566205e+00 3.085568151157948580e-01 6.038021165132526846e+00 -2.840700224800924190e+01 -6.938604296297883778e+00 -4.484586524635901128e+00
-8.206098712229626813e+01 2.840138722708219277e+01 -9.305134384426395400e+00 3.962731399068538707e+01 -1.225952224244059252e+01 7.948212388719100296e-02 -3.040141954795569923e+00 4.492016178804803417e+00 3.233244728817174618e+00 -1.649814634774990907e+01 -4.224137879282041652e+00 -1.363744098520111514e+01
-8.430713980421609222e+01 4.335821721955534258e+01 4.098555689800523538e+00 2.290220036016502547e+01 -2.733196472520433673e+01 -5.432056548438104926e+00 -9.501079231494703237e+00 -9.389097257430080390e+00 -9.641314277661976462e+00 -3.202047564657052448e+01 -9.185030739347228135e+00 -1.264940321890102126e+01
-1.008907346768484956e+02 -4.405697945354751255e+01 -1.149591345886689453e+01 -2.046780609054209066e+01 -4.070837146050207878e+01 7.260932377280775896e+00 -2.421059294366727066e+00 -2.497313859528657254e+00 -1.636089649821504821e+01 -1.915061855433904370e+01 1.708066212142587759e+01 -5.882299927444206489e+00
-7.884900079841082743e+01 -3.014019964072822333e+01 6.437061222608225997e+00 -7.116297049247078732e+00 -4.697319298937962628e+00 2.850195553889634859e+00 8.654903750249966166e+00 -1.227108796473994623e+00 2.444919555486754881e+00 -8.796045425677656127e+00 2.979341689215395661e+01 -8.980209207690908357e+00
-7.314119433774996537e+01 8.013008543287984509e+00 8.246936283802154932e+00 -2.590562284825402184e+00 -8.269820838143640884e+00 -9.644365406053733381e+00 -5.508892267872778525e+00 -2.029505930329912999e+01 -3.013172292186163226e+00 -1.851064546521743281e+01 2.540522671474005278e+01 -6.998986711916194814e+00
-4.006236192240905325e+01 -2.131220469745524326e+01 -3.371575252280880619e+00 2.472027187195923403e+00 -1.436029921743265447e+01 -1.876605682908340622e+00 -1.431428146230553189e+01 -3.597454135053423840e+01 -1.774396840886085869e+01 -3.473689801401409483e+00 5.697717392854489304e+01 1.779443878075333174e+01
-6.679038997838362945e+01 -3.615719649960846027e+01 -2.172636261952985492e+01 1.727889343061531413e+00 -2.356907537442156908e+01 1.267411834978245011e+01 -8.614820306983205001e+00 -1.724842433317258639e+01 -4.671492887308110298e+00 -6.614592837668232583e+00 5.016269720905593488e+01 1.623230120798695708e+01
-5.746981794654269038e+01 -2.799577395695743220e+01 -2.804567398100373765e+01 8.406146110420248618e+00 -1.539946957336294275e+01 2.099288811035441071e+01 -1.118075571451941741e+01 -1.871767174421751179e+01 -4.885873281090567843e+00 -1.220518664585620883e+01 3.207055311479363979e+01 -8.210731332777015723e+00
-6.003323829043255699e+01 -3.691845800912108189e+01 -1.982428622331629597e+01 1.704925642924222551e+00 -3.869109773243749117e+01 1.867741479467811549e+00 -2.011511908316845876e+01 -1.038060957081073354e+01 -4.497268783809373893e+00 -2.352761377727838976e+01 2.696067680652020826e+01 -3.103012736385040160e+00
-5.525679671369769608e+01 -2.404047709665804078e+01 -4.075985468586090121e+01 1.284539019178093255e+01 -2.875796520634347431e+01 2.754552227496791073e+00 -1.551857399121245962e+01 -2.718911516371136372e+01 -2.248995579624348196e+01 -2.030445206601450892e+01 2.327072811347693460e+01 1.290532746323434665e+01
-4.007836173392118440e+01 -5.095678593259934885e+00 -2.390414248608106362e+01 4.403232604546836626e+00 -3.625555689837334228e+01 6.536696490365725865e+00 -1.924451335477245095e+01 -2.928275768249950772e+01 -1.529276850942829924e+01 -2.010727053630225214e+01 2.353662562995442897e+01 2.431562384043933545e+00
-6.080473477830062734e+01 -1.004787843489905352e+00 -1.805802308298351377e+01 -8.571303058669569097e+00 -2.544833889700882423e+01 1.649142084208733294e+01 -2.439951765928480398e+01 -8.956865882740849827e+00 -3.879294114373843527e-02 -2.731136820075576566e+01 3.137754120891305476e+01 2.921362404133703627e+00
-4.510406848620391429e+01 2.650975995877173830e+01 -2.793724442045705203e+01 8.115814760649591619e+00 -2.313318862075799487e+01 1.473255856767222483e+01 5.273688149993368768e+00 -2.759652158922682119e+00 3.315875359745190210e+00 -1.261202255053133925e+01 1.445976135063070700e+01 7.055081311802409161e+00
-5.820041700383815453e+01 1.967629728308513037e+01 -4.271986435306241958e+01 6.930021035174219080e+00 -2.659279276795369285e+01 3.379464563866047655e+00 -6.640647385533211988e+00 -5.939842683488295805e+00 5.043679388623383275e+00 -1.411983673338836986e+01 1.894868918122344326e+01 6.495661832095947830e+00
-1.054000006310938602e+02 1.337208768448564200e+01 -3.177557747585398573e+01 1.449776074768568179e+01 -2.451894594679328065e+01 8.127121918608303019e+00 -3.367952951384989291e-02 1.249628938761409458e+00 1.342762764566200318e+01 4.062425032901734179e-01 1.986034675263565674e+01 2.760750538661760345e-04
