1.515797629825193482e+01 -5.935892686650423400e+01 -4.298465689104517651e+01 3.502834792397746355e+01 1.440767189254625436e+00 -6.670810649814531423e+00 -1.025590226185469866e+01 7.845453227732006596e+00 -1.709692388588648271e+01 1.303665561705708953e+01 -2.092200173336139279e+00 -8.941995872601353312e+00
1.829992992756280046e+01 -4.893266265221953404e+01 -2.837667546835372434e+01 3.765921512263790305e+01 3.510595402647881613e+00 -3.578597739800908339e+00 1.139912488326046436e+01 3.278481210145109515e+01 -1.392327799033061364e+00 9.724305274434890123e+00 -1.057358113310061398e+01 -1.252746122127263639e+01
2.270078617027125034e+01 -6.599584585529133562e+01 -7.399582375634537357e+01 1.566433473579675884e+01 1.341113829650207023e+01 -4.113565055934166992e+00 -5.963260510210037779e+00 1.704619262570218297e+01 -1.572401629777495380e+01 2.036618957998527435e+01 6.311767856971949975e+00 7.488654061848759369e+00
1.858938894957974242e+01 -6.114517464244735123e+01 -4.752020351403153597e+01 4.558213844957461447e+01 1.297977035932824386e+01 -2.903961487532231267e+00 -1.660847204209780159e+00 3.706117630002999164e+01 -5.257088313308269534e+00 2.175873475570256232e+00 -1.215783090282211987e+01 5.237948185905227483e+00
3.078334057921506428e+01 -4.800448714477218459e+01 -4.007760826575104574e+01 2.938153836785679118e+01 6.494099358130688060e+00 3.524959085737733311e+00 -6.447318214917878265e+00 1.192853480392180821e+01 -1.229711685720598702e+01 1.580468553585996805e+00 -9.937595787619663668e+00 4.457381967962932734e+00
2.111133126931576243e+01 -5.867774829063816355e+01 -4.589490548917881085e+01 3.851029767159838713e+01 1.216394552367542659e+01 1.422333484977768459e+00 -3.104851029262726492e+00 2.496514268324428798e+01 1.054090824878469501e+00 2.099230573905971653e+01 -3.465487881460710184e+00 9.290056258083793095e-01
1.269463284873345366e+01 -5.820190950719209866e+01 -5.173000519764381977e+01 1.122889684597048543e+01 -1.382999049146204840e+01 -2.770002758440850954e+01 -1.403097920450827729e+01 9.365661010033811351e+00 -1.869889784212886497e+01 1.481997139891020332e+00 -1.380707030744939345e+01 8.388438443620200857e-01
4.457398216950787528e+00 -6.307452728270715880e+01 -4.591694661929100363e+01 2.578852336168981907e+01 5.971446089960460668e+00 7.327699944785316610e+00 1.615879248596608253e+00 2.671912683562689139e+01 8.040510126978766436e+00 1.553871012804447993e+01 -1.003090864821490946e+01 -6.905906460620066412e+00
5.756080966678467803e+01 -3.613528977100308737e+01 -5.047683656587906853e+01 1.263926121792633595e+01 -4.788215361517275781e+00 -2.582260188336545248e+00 -4.384391959751397394e+00 4.403594957507056762e+00 -3.428592467439020908e+01 -4.971568733134514417e+00 -6.139188414016536477e+00 2.814966639591915509e+00
4.479814815469246980e+01 -4.510874814003864941e+01 -4.537631732541987617e+01 2.391136256563061124e+01 -1.805967666447387820e+00 3.844827684681022539e-01 1.878279533549476188e+00 2.194879383034363229e+01 -1.136610006616664315e+01 3.504838326470991028e+00 -9.561392433862387463e+00 -1.444176087078830051e-02
4.031043746803695171e+01 -4.287645834361497066e+01 -3.260828897262122439e+01 3.117608019984120915e+01 1.132359885709043468e+01 1.860592251078723081e+01 8.931045801453990407e+00 1.451796853384276176e+01 -1.172256179507850504e+01 -1.629394752454766948e-01 -7.311103991221781229e+00 9.437168180020645281e-01
4.559319996056151325e+01 -4.522883666861529406e+01 -4.788077844265291105e+01 2.620895314164813428e+01 1.642193251660420117e+01 1.909184813338256959e+01 5.861591823849590099e+00 1.168431198387801118e+01 -2.272982386457501036e+01 1.376428168283913900e+00 -3.366061760846034367e+00 -1.766621515890681948e+00
9.396497491381843759e+01 -2.501121946465882218e+01 -5.633215593812796840e+01 2.264765813268235206e+01 1.910573642453403664e+01 3.899162489770007767e+01 8.079032843441657619e+00 1.875880797558073709e+01 -1.649077968146331230e+01 7.993703923864970307e+00 2.780998005765131786e+00 1.701391058034111126e+01
3.021232205524992764e+01 -5.655780835042243382e+01 -6.277395354511685355e+01 1.585193722524770266e+01 3.186830034051124017e+01 4.628065949786400779e+01 1.119099947455748278e+01 1.951748737528966871e+01 1.980124584430345003e+00 1.413295023463139088e+01 2.440166972135111578e-01 1.662366039048405497e+01
5.656088612165466145e+01 -7.811394468010129799e+01 -9.646455872578683000e+01 3.773842321977757308e+01 2.925708366958732043e+01 4.778900653498352824e+01 -4.867795050354429165e+00 2.428394107767336862e+01 -9.097773183459207047e+00 1.379742845868566903e+01 -6.265302536794454369e+00 1.782086969389138886e+01
1.937642427493788944e+01 -8.035962797197335306e+01 -7.944866325604553481e+01 2.586437843623531307e+01 1.571923567690506118e+01 1.442610940559231736e+01 -2.794271358085840262e+01 -2.318778769028204678e+00 -2.471757998364614295e+01 -8.271982034235048076e+00 -2.037114027336963673e+01 -3.084594025061742073e-01
3.112206568059216849e+01 -7.052078395736731409e+01 -7.956692967129737326e+01 2.747978883656011817e+01 3.508811750495224402e+01 3.997805000888754279e+01 -9.570415316004877937e+00 8.457041642120273650e+00 -1.716569001725335397e+01 3.889079656324970546e+00 -4.388540346827432437e+00 2.084794019191235037e+01
2.981203895053758046e+01 -8.160875395706463564e+01 -9.588556606342726241e+01 2.798105248880060003e+01 3.719156560742508333e+01 4.348517684687794826e+01 -5.643063935554506472e+00 2.245529589708412743e+01 -1.474897472817887412e+01 -1.265054069850640506e+00 -1.131738704940861773e+01 2.600731702529316891e+01
1.601021528403493832e+01 -8.364180901790234657e+01 -1.007194721172154317e+02 -4.519568697303247617e+00 1.853428668214020192e+01 3.205412668034078649e+01 -1.229239453173228824e+01 3.959303772392855691e+00 -1.577700617968836561e+01 2.775056650231999988e+00 -9.752680160737448034e+00 1.445576728026292201e+01
1.154486773817461369e+02 -8.535507830333718005e+01 -1.053706273583592719e+02 7.610706497360301626e+01 -1.120938785314912067e+01 4.504579060915330047e+01 -2.919723246996646537e+01 2.256502769004300291e+01 -2.747733918805081998e+01 -6.253475529597523064e+00 3.962455294719988697e-01 2.282143004110460893e+01
7.385528621201112287e+01 -8.342942283376851265e+01 -9.972186440469232593e+01 5.469236380935687691e+01 1.491127601525398916e+01 4.363594422934264117e+01 -2.408963324798126493e+01 8.283355737598835589e+00 -2.616285744923364831e+01 8.904686764639194507e+00 -1.812969768417446836e+00 2.119462310281426909e+01
3.503754286495114911e+01 -1.060021906299381556e+02 -1.186085780188946046e+02 3.876358244384231710e+01 1.555390001919629839e+01 3.366783094596036818e+01 -2.325457886896091253e+01 1.935403710682739131e+01 -1.721101500070385981e+01 5.528867203210807268e+00 -1.458352022849368979e+01 1.991093759209329761e+01
3.223233595897276871e+00 -8.999273040167284421e+01 -9.188920003691646343e+01 1.856811002353769879e+01 2.830336359782149458e+01 2.501953420300141318e+01 -2.421536291536619956e+01 3.406930308219872749e+00 -1.482981966458981837e+01 -1.374217377494641124e+00 -1.311616288211615888e+01 1.666238517592658042e+01
8.316621737779047407e+01 -9.574228867143591515e+01 -1.249785216606886422e+02 7.037223434947662781e+01 2.097586393350912104e+01 3.766953644164975401e+01 -3.526984593628070996e+01 2.507385708964577020e+01 -2.599029627006225951e+01 5.280564658289864433e+00 -1.903618540016959315e+01 2.804288143107889653e+01
5.737827282046139032e+01 -8.905490754366913109e+01 -1.205820224114698931e+02 4.191018620543338358e+01 2.730571723176061383e+01 3.222020084840726639e+01 -2.569103334815072515e+01 2.563235994297082243e+01 -3.062827235756312660e+01 -2.699299046208128772e+00 -6.599889751056828402e+00 4.136982021256030606e+01
4.952580241502209901e+01 -7.292125845590926758e+01 -8.750134457026030077e+01 3.817113079905217887e+01 2.458838302623435013e+01 2.587025207621543643e+01 -2.515150416436953762e+01 7.158661999249143371e+00 -2.445109981031315627e+01 8.002113777043124543e+00 9.760669623809234974e-01 2.409082991741636803e+01
4.164696199592987824e+01 -6.007663292225329599e+01 -6.563226613183414315e+01 3.641160062442230583e+01 1.951702650451647258e+01 1.203363149830925138e+01 -2.997821270330506138e+01 8.707870241514191534e+00 -4.367545111340630726e+00 1.441484349842628099e+01 -5.708892896113320070e+00 9.395384033713455096e+00
9.641202517644798320e+01 -4.841815490052481863e+01 -8.572848672767045741e+01 2.588337460915109389e+01 1.240301268636937237e+01 3.327965365056856939e+01 -2.012660170080311417e+01 7.018990645817279272e+00 -2.011427509622551213e+01 7.901636461305523440e+00 -5.994299576465966339e+00 1.853115065727522648e+01
-4.721127698435406472e+00 -9.234419279921550583e+01 -8.587336254989534723e+01 1.733797505669931382e+01 2.955120300549011603e+01 4.420949236689020267e+01 2.007131745635460263e+00 6.631691702423769819e+00 -2.582455659338751275e+01 -1.335773945941571839e+01 -1.966002609786899669e+01 6.599837561478338444e+00
3.301052763384547717e+01 -8.661565835948296410e+01 -1.151848330651389460e+02 -9.319567476159399178e+00 3.178666785789226346e+00 1.679911873285432122e+01 -3.139929323732054556e+01 -1.083668897873869952e+01 -3.964340917024094324e+01 -1.676189715160532501e+01 -3.060369629711105333e+01 -7.436435424131291327e+00
1.786398799931708652e+02 -3.111984237810987253e+01 -1.040398782051749151e+02 4.569691574072044205e+01 1.661228412051054981e+00 2.787959717400400095e+01 -2.679084405742607800e+01 1.715338386334138576e+01 -3.712360789912665382e+01 4.139366116682693608e+00 -1.911080605890639816e+01 1.972767711475931662e+01
1.416113341827727936e+02 1.266093741462921507e+01 -4.753964090413722232e+01 3.967538838447243421e+00 3.679053744050224672e+00 1.610279475442710151e+01 -2.428128280012986551e+01 -9.397483264347320286e+00 -2.833392514525878880e+01 -1.015245118427516147e+01 -2.501132636837542478e+01 -1.934530667891083411e+00
1.551042487973714969e+02 -1.070195657371467490e+01 -8.499460166833861763e+01 2.222426231231190741e+01 1.420431506821678980e+01 2.207867210069898789e+01 -3.390177938640626820e+01 4.794410066039922924e+00 -3.580587008233008817e+01 -1.691826839848663866e+01 -3.933419767468600980e+01 -3.759081690409438181e-02
1.697183016707309093e+02 -4.857707206782782450e+00 -7.261053947415740595e+01 2.652955115625753280e+01 -2.009501358153834349e+00 2.003756191922991547e+01 -3.004816905833962437e+01 2.243802412454287243e+00 -3.327828730574463378e+01 -6.963505424988053250e+00 -2.411403497899895498e+01 3.494338644689328532e+00
1.507213870267836455e+02 -1.534259129268199073e+00 -5.887441073562651184e+01 3.017507769161949938e+01 1.285241926701822202e+01 2.065022849400864402e+01 -1.659202044178368141e+01 1.425466884963616998e+01 -2.825820227907871285e+01 -1.512193555430975422e+01 -3.059920258145369587e+01 5.151892843645823561e+00
1.399339923724893140e+02 4.690921676787544570e+00 -5.376325205180123135e+01 2.191606833465515791e+01 1.487681224279753067e+01 2.136516748284497780e+01 -2.327076774194568642e+01 2.981809080553565749e+00 -2.751487505960103874e+01 -9.226788822488035891e+00 -1.692464075727730233e+01 1.899698828672054063e+01
1.537483430661357602e+02 5.626776970343287942e-01 -5.712110758471411032e+01 2.544701140013556540e+01 -2.600015672478867224e+00 1.992847835391511069e+01 -1.874024095610465324e+01 6.340856729736772834e+00 -3.418864778374545921e+01 -1.118233736078213880e+01 -1.212263158197597335e+01 1.936990626420396922e+01
1.343252608728139421e+02 1.368302247993716492e+01 -3.108159715848645632e+01 1.307437630773388548e+01 5.920910102632636729e+00 1.760745070042633742e+01 -1.401369157538635690e+01 -1.091449809333587817e+00 -1.319575030587480846e+01 7.588373036167254782e+00 1.999339797639406169e-01 1.087296747947889131e+01
1.100826053009689645e+02 1.862179670385190278e+00 -4.731250747703045789e+01 -1.269900618938799042e+01 -4.992034503179798577e+00 9.393113751998697580e+00 -1.706914048007498508e+01 -9.834900702610969603e+00 -3.043080257477407358e+01 -1.480472283171539694e+01 -1.667584105488989721e+01 2.976654331394612107e+00
1.132984823955803222e+02 5.594584275401885520e+00 -3.971751872206283451e+01 -7.170640309493549580e+00 -9.587333910644712631e+00 7.069484585894151962e+00 -1.571220875122861038e+01 -9.804555938377124136e+00 -3.124183254743430638e+01 -1.023935335565226268e+01 -6.122838828940015077e+00 8.982616200767960635e+00
1.309022020636679144e+02 9.011433467204243541e+00 -5.149151224241546743e+01 -9.042353208763110217e+00 -6.060434352659349599e-01 1.488424414041659816e+01 -1.918602915577005774e+01 -6.265478055886101849e+00 -2.514056725877730969e+01 -8.033753175228049770e+00 -1.503282614439206100e+01 8.003209738888516611e+00
1.635286562410826718e+02 7.963414920903026939e-01 -8.001161685863070261e+01 6.886420475563890697e+00 -3.093825274046514640e+00 1.181135658998898208e+01 -2.857251814807496970e+01 3.234542778165554466e+00 -4.750762943381838710e+01 -2.043815082321320631e+01 -2.178868931883063453e+01 1.383982359184118849e+01
1.185983185768223507e+02 9.416585179255511306e+00 -3.998662729616764722e+01 -4.803523010895126788e+00 -1.938845220582838369e+00 9.270013516232667783e+00 -2.013997107826891053e+01 -1.125504758571459973e+01 -2.868668077012451079e+01 -7.083902455763932515e+00 -4.144497068628210101e+00 1.803294595876287687e+01
1.333163701181118199e+02 1.201635038099840003e+01 -4.204459333044626135e+01 1.636492410896078775e-01 -3.446815549556456304e+00 9.488486070128670846e+00 -1.960524546723348749e+01 -5.281006784982562152e+00 -2.382135734299998830e+01 5.252972528664625607e-01 -1.009629204962117388e+00 1.917037081375250551e+01
1.403452279417983846e+02 2.076168728175270317e+01 -2.988040670279010413e+01 5.848185984899853196e+00 3.789131118854427882e+00 1.460368228541118896e+01 -1.453646273969266289e+01 -1.628363412519377329e+00 -9.982223200053052636e+00 1.111816250677031270e+01 -6.435207397703719412e-01 6.646072646604920919e+00
7.915035074958717587e+01 1.217405486318827279e+00 -1.897498669097210211e+01 -4.092510526306677221e+00 1.657410724159145421e-01 9.424687529848021939e+00 -3.317992477693359810e+00 -5.455433268609896302e+00 -1.486154144115916154e+01 -4.182793299854036917e+00 -2.798735918552332613e+00 2.850148038634141123e+00
1.304541985005985509e+02 1.367343175583477333e+01 -4.377085847442030087e+01 -1.392948814723043682e+01 -1.586768727755928943e+01 6.412293438120537203e+00 -1.759137278737385301e+01 -9.100741836146582386e+00 -3.162542996605963808e+01 -1.148918217052795576e+01 -1.405148157216237514e+01 2.800100371945885236e+00
1.161836696232234942e+02 2.113111478639957141e+01 -2.058440615641256954e+01 -1.318053574924814342e+01 -1.175084033612165157e+01 5.066523737009362982e+00 -3.901295159864044848e+00 4.186543544624763413e+00 -4.806306354973411743e+00 8.579316480508059062e-01 -7.168960372894453315e+00 -2.461470153892977297e+00
9.882817487630202891e+01 1.221192398620581976e+01 -2.178095074399096731e+01 -1.589354666898904611e+01 -1.131315100167039311e+01 6.783603784423050342e+00 3.685166044450824074e+00 9.406344311167782024e+00 8.222255470120392040e-01 5.767176136857221636e+00 -4.947389398736600441e+00 -7.490509485105892651e+00
2.086104392242242795e+02 5.039985542213404557e+01 -4.135175623453319815e+01 6.451774653180745389e+00 -2.038488658882097582e+01 5.338911997919238317e+00 -8.257632638583842777e+00 2.360088594155654462e+01 -2.079067430197853383e+01 4.544406113241628020e-01 -2.008420399816069590e+01 1.804555916110452074e+01
9.876819836562926014e+01 1.955443987927962723e+01 -1.037500047180175322e+01 -8.954204106880744973e+00 -4.001669368768027368e+00 1.569313806668188427e+01 1.216858986963780609e+01 7.537936789174423780e+00 -8.852996685350849049e+00 -4.966599981449224543e+00 -5.363910084250953503e+00 -1.098002295627375169e+00
1.270899318200860222e+02 4.273353516896503379e+01 2.892530588011450909e+00 5.187021403732747782e-01 2.964659015221685401e+00 2.261088408512037873e+01 1.802323461095306811e+01 1.735180469928486602e+01 -2.491718784542003462e+00 -7.560451475872217664e+00 -2.043750789403003054e+01 -1.476314120582187073e+01
1.049686025256939672e+02 1.999929927060406953e+01 -7.123763358033086135e+00 1.047928924390189920e+01 1.107314209994449783e+01 1.946211587636490847e+01 2.827959560059416066e+00 1.084765209035365885e+00 -1.889435584626789222e+01 -1.808426959334383000e+01 -1.891068710482043613e+01 1.454884173474004339e+00
1.321105497275773359e+02 3.748842334404545795e+01 -2.661002774840124374e+00 1.320212364664962834e+01 1.363132866270152732e+01 3.400369623205470049e+01 2.312552663975010958e+01 2.082549518674655076e+01 -9.938772127655289168e+00 -9.939012352480029122e+00 -1.892396896974776155e+01 -7.165426681775699080e+00
1.690840496927987147e+02 4.306376017567074399e+01 -1.809201637947722929e+01 1.169728502051173535e+01 5.190817176570327263e+00 2.823023877249479696e+01 8.777869404408637166e+00 1.823966483971343067e+01 -9.359341813606402383e+00 8.404480072818496517e-01 -1.449300420549366031e+01 1.181957642442619250e+00
8.594547100746706292e+01 1.725072023639273411e+01 6.237521579595677323e-01 1.132030191829838550e+00 6.026913091435407210e+00 1.128513497814851618e+01 3.540699416110163256e+00 -7.548398529164486170e-01 -5.257872073884124475e+00 -3.518319625722581279e+00 -6.919107203318359822e+00 -5.365832563387542997e+00
1.863312440379230566e+02 3.860176838032511881e+01 -1.695281665128728221e+01 3.493310299727574630e+01 -2.078390547606823624e+00 3.196502041597458543e+01 1.358441276679459087e+01 2.745692275528205073e+01 -1.350940230672248177e+01 -2.561947444500711324e+00 -1.940450187908688306e+01 -5.862806471588100976e+00
8.446569415073666676e+01 1.656622452518035971e+01 4.318819150415845520e+00 7.608139273932881252e+00 6.880952501661884213e+00 1.097596870773334032e+01 7.152875699769539075e+00 5.472746619764540910e+00 -2.010823930261257608e+00 -5.383619016929375167e-01 -3.641208304367015369e+00 -7.411489668560195199e+00
2.066925036458827662e+02 5.138810001862388788e+01 -1.647169898145104128e+01 3.763103915834800262e+01 -6.271070285395061283e+00 1.398138204755819558e+01 3.340083325215005061e+00 2.324449162898035226e+01 -2.593853430974301943e+01 2.272399172511692989e+00 -1.674185418103794953e+00 1.551470783707317125e+01
1.848175031166932740e+02 4.757022458153989675e+01 -6.123127171663932167e+00 4.008964174480932030e+01 1.806570341317286221e+00 9.388848915301554854e+00 1.008192576717382494e+00 2.391195591280749611e+01 -1.458564525042166693e+01 3.812027368837347829e+00 -3.224990390330592760e+00 5.216026908615763347e+00
9.857895382764390035e+01 3.014723805245660060e+01 9.882716482028300220e+00 -5.776121348864688976e-01 -5.226679907122161239e+00 -4.662425652881347915e+00 -7.580743209012978490e+00 -5.640514480853614288e+00 -4.837419842304075956e+00 -2.233554908846117293e+00 -4.428852713854620760e+00 -2.854542297693257069e+00
1.951464497640052400e+02 5.615630627854454815e+01 -5.876836496281274691e+00 2.911984337297790759e+01 -4.202130223008706089e+00 1.364328186687185962e+01 -2.392458951255882482e+00 1.359835923742179631e+01 -1.779317272007841666e+01 3.313591219541736521e+00 -3.061364963242663162e+00 1.715943046405817896e+01
8.567562295386541393e+01 2.272755487464752377e+01 1.279890951065305948e+01 1.398842926745626514e+01 1.264253433038155272e+01 1.442824243250908722e+01 6.336594056006992659e+00 -1.945093662454945971e+00 -1.269513926933635517e+01 -1.198475343773716872e+01 -1.136801807593544922e+01 -6.014889484088032034e+00
1.752254979481955672e+02 1.990887359243931343e+01 -7.716324131292541466e+00 8.621730579521835125e+01 -1.236921080000329809e+01 2.086872649278540592e+01 2.867825852327050562e-01 3.144476420637013447e+01 -3.491043761369448362e+01 -2.446811605973356407e+01 -1.226649414634142765e+01 2.199416161279122406e+01
1.188466770194208380e+02 3.311612775358135252e+01 1.164669666618765476e+01 3.809440944124078499e+01 1.271503906266800854e+01 1.109737053910815874e+01 2.364154668298721340e+00 1.570691590057542086e+01 -1.730720807078175483e+01 -1.956009819060064459e+01 -1.168248477945219577e+01 1.340715528654950361e+01
1.161019017439271295e+02 3.528939231578500113e+01 5.306605083640984155e+00 4.803193454843187382e+00 -2.839001163657695059e-02 7.928125501461026126e+00 1.875144352119507474e+00 1.684255235091284941e+00 -1.404534581473833121e+01 -1.219151387718346058e+01 -8.530035094799501394e+00 7.781051996296850071e+00
1.134284238282826323e+02 3.012799093911264237e+01 6.447403072207391617e+00 2.878588109220757474e+01 9.540648894534903945e+00 9.335789278732910645e+00 1.870080089124137590e-01 1.214360827376907181e+01 -1.902289574096450053e+01 -2.496382979126007484e+01 -1.881598445112329188e+01 8.948591919687219232e+00
1.144562758946716201e+02 3.250714192006471848e+01 1.313112777161386191e+01 3.674659142903053066e+01 1.178936479556843686e+01 8.636499682708402403e+00 -2.671424578642917158e+00 8.518206995513162738e+00 -1.534269947663749178e+01 -1.083562960304586476e+01 -5.489371341061003662e+00 1.244368574466856359e+01
1.737012359827009504e+02 2.516188466287573533e+01 -2.045379088374045295e+01 6.838004045035944500e+01 -9.784051779605120736e-01 1.145129413055301359e+00 -2.065609725331962920e+01 2.400259610011390876e+01 -3.139033689411087025e+01 -1.627219151280553433e+01 -1.886283188088836837e+01 2.128021982907301890e+01
1.310155787103643092e+02 3.098590948501626485e+01 1.130955284260002891e+01 5.304227168129348513e+01 1.170238910360268925e+01 1.042566253785206420e+01 -6.692393716058645303e+00 1.133884195124357319e+01 -1.843191492858681002e+01 -1.303776560241674254e+01 -1.263905486246088827e+01 5.065486551651671165e-01
9.781153833572815870e+01 2.225049741841993267e+01 2.285451140663047553e+00 1.166494375604872147e+01 8.281642542080636105e+00 3.523727721938227919e+00 -1.084779363776669570e+01 -6.874647900965930702e+00 -1.250556513869392994e+01 -6.011532838774581222e+00 -2.861739080839352134e+00 5.603752860897264654e+00
1.505546352075024856e+02 3.564099677439154590e+01 -5.310915073349198323e+00 5.595246935007942568e+01 2.784727636855656030e+01 1.914201790445423867e+01 -1.268310713170685311e+01 2.272395304198007793e+01 -6.473007951375446822e+00 -5.437755632230905967e+00 -2.161747142515179121e+01 2.459409990015140046e+00
9.495548552783719742e+01 2.328369373328927594e+01 7.578319401525346777e+00 1.393226111920022703e+01 1.056235414295016639e+01 6.899305792741603049e+00 -6.921341094062903210e+00 -5.261791382667937000e+00 -6.911746169762897907e+00 -3.056489279649554636e+00 -1.041597567898994470e+01 -1.274202074574944454e+01
1.179785037601316446e+02 3.332946435431689736e+01 1.518496798635967693e+01 3.799774204639737718e+01 2.229586525414096698e+01 1.400196616859337162e+01 -1.083942032901536567e+00 1.230753594293685360e+01 5.153043736229470095e-01 1.120852870165188087e+00 -5.457981626090639082e+00 -5.861720923661166704e-01
1.058456458291125841e+02 3.680809731741479141e+01 2.197149699482547192e+01 2.014469524844518489e+01 6.110089928477417942e+00 1.971739391115708395e+00 -3.218925424168911587e+00 1.759796308212254079e+00 -3.679145302452900612e+00 -4.845711250446394835e+00 -9.102647625473682780e+00 -6.987069494137854164e+00
1.504758180751983616e+02 3.785778420746143524e+01 -1.788959734835450899e+00 4.250389923325380437e+01 3.058691874925143495e+00 2.617230506318919403e+00 -1.561745545973541738e+01 6.155057792261548144e+00 -2.782282951943205518e+01 -1.313869180098649281e+01 -1.462404443996521053e+01 6.913232769309423986e+00
1.036895415613647629e+02 3.006820434266926156e+01 1.293023557039735572e+01 1.622409550508050557e+01 3.533346986422508884e+00 -1.691496562436548778e+00 -1.173724730139715433e+01 -6.946292336709162463e+00 -1.139897737435620861e+01 -6.402329463572280943e+00 -9.028032368863918578e+00 -8.535074254255530235e+00
9.802098854690409269e+01 2.664447259263566536e+01 1.115011465341138752e+01 1.634758029947773750e+01 4.915830826629465911e+00 2.283469343597296586e+00 -5.375388637969306771e+00 -4.472177415756686258e+00 -1.692661442910989678e+01 -1.241462254476068239e+01 -6.699044929133195936e+00 1.169502895393514930e+00
1.188157988972875216e+02 2.517675455108339833e+01 6.037314426274750012e+00 4.799626299076668801e+01 1.598948122215688272e+01 1.189396363026130388e+01 -9.819474080387550430e+00 4.598960331804499369e+00 -2.164865998638501310e+01 -9.638170590116752479e+00 -6.997253893464672636e+00 1.247886096559509106e+00
7.741057989361934233e+01 1.456049677127265340e+01 9.854459246377464510e+00 1.417785135828227894e+01 5.461911838972577371e+00 -6.089026244192767834e-01 -6.997843862564289807e+00 -5.502444977567550133e+00 -7.024764760970077404e+00 -3.398577706470699233e+00 -7.977319301741578883e+00 -1.184944944402564104e+01
9.404606563525270246e+01 1.773037594389555238e+01 1.352315144847453243e-01 7.302878685959518279e+00 -2.194617529625801922e+00 4.453742304914485750e+00 -4.097397652196497209e-01 -2.354565865440211958e+00 -1.540995509019747445e+01 -2.581872613159859498e+00 4.643311336324362770e+00 2.776461449128055481e+00
8.286590550101432484e+01 1.914822158372298944e+01 8.353546507640675856e+00 7.014133400105242444e+00 -4.822064338323532873e-01 -6.204939825613665860e+00 -1.221804937814188285e+01 -5.565425211205228706e+00 -2.836726870326016225e-01 1.882599057315522240e+00 -7.041920015888777584e+00 -8.006209211271070103e+00
7.113290276135521140e+01 6.490375799603394391e+00 -4.227827296996860440e+00 7.887430117445499711e-01 -7.382406389666759772e+00 -1.607254023682554234e+01 -2.824859348475236231e+01 -1.873861629021660491e+01 -1.040076423684547713e+01 -4.513234248039632135e+00 -1.733272734925387226e+01 -2.180841087549337942e+01
7.847944599860117876e+01 1.048566984065786301e+01 -7.829329918631211527e-02 2.333903819994247897e+00 -8.983565255855761933e+00 -1.166687247274588302e+01 -1.440142866429991741e+01 -9.699945938107163101e+00 -1.494669746113142494e+01 -1.176467989654750568e+01 -1.154173647836120509e+01 -1.231524055676837470e+01
1.243605828121127956e+02 1.570255055961134971e+01 -2.839522849698828111e+01 9.967880252273504382e+00 3.251400457218359907e+00 5.179370982480484109e+00 -1.448147009206823554e+01 2.988206075471532941e+00 -2.047383017890375356e+01 -6.107795863161178396e+00 -8.994951019784972246e+00 3.472822882273504774e+00
8.262257783089495433e+01 1.134386681103140404e+01 2.547244176208016686e-01 1.945703950343195032e+01 1.386920000955154464e+01 3.737183128789068220e+00 -1.094029453406640684e+01 9.154608526507397315e-01 -1.940917305625441180e+00 -7.581689901280722621e-01 -8.591049597658969361e+00 -2.891902022429151398e+00
9.929308326249370964e+01 1.127359945768695759e+01 -9.626483078530045034e+00 3.090811578274204052e+01 2.874239578840957421e+01 2.108839218322150089e+01 -8.937439608642172573e+00 2.205041297742072359e+00 -8.254459240049367708e+00 7.834998584170793645e-01 -8.453605612034607475e+00 8.965600772006490082e-01
1.539976055861694135e+02 3.921081558012244450e+00 -3.949461999048543248e+01 8.205767025076835353e+01 2.458986281659498374e+01 1.704186451321753992e+01 -1.405284412338566113e+01 1.634979731862435770e+01 -4.305170119475225476e+01 8.692558315360424004e+00 -9.192412343526495278e+00 2.052520798639028499e+01
1.236074273121049600e+02 5.186870757873084159e+00 -2.522498334315879021e+01 6.124969778102496321e+01 2.882358982982591655e+01 3.647456953876174168e+01 -4.795223729210514207e+00 1.408581836154875688e+01 -2.288236595590332456e+01 5.480933267015526411e+00 -6.052372662489054811e+00 8.750123287820748885e+00
1.536496719169683161e+02 4.865690561759432597e+00 -4.001931090058735663e+01 7.139111506682550612e+01 2.512268148533692269e+01 3.020870796226611432e+01 -7.317662475588880611e+00 1.667574902275592663e+01 -3.353541685560540486e+01 1.482844940746860374e+01 -3.867185773153046568e+00 1.118962862675049763e+01
1.372246104612712543e+02 1.001422428161365019e+01 -3.180529908871776001e+01 5.852320850676441921e+01 3.285220645679704887e+01 2.778696568698753211e+01 -1.690954986932698745e+01 1.141623367569041392e+01 -2.399115686308363493e+01 8.675375129685313880e+00 -7.226236909211422699e+00 -1.128722883307554437e+00
9.667610345929122673e+01 1.532280002133478192e+01 -2.546337293558672776e+00 4.419366516852119275e+01 2.830019688807027123e+01 2.325257696472239743e+01 -1.503998943965241075e+01 -3.211709463661272856e+00 -1.240952285786086762e+01 9.131976759618005701e+00 -5.870407471548265477e+00 -8.159346676771050966e+00
1.344509146718823160e+02 2.157804434623273693e+01 -2.819217221389227390e+01 5.058937918013901935e+01 3.806556316380849125e+01 3.608939331129550965e+01 -1.312032274611867777e+01 7.722024194827815435e+00 -2.826858652356563795e+01 1.243048210682224308e+01 8.897565356537304737e-01 2.753900496174086499e-01
1.157134153667266503e+02 -3.848360913009746032e+00 -3.143702017385655267e+01 6.796169355256255074e+01 3.862258638425498702e+01 4.620087449009774616e+01 -3.286710043887397514e+00 1.970333360718842997e+01 -1.507330706980241253e+01 1.199844288564708350e+01 -1.192754049326338972e+01 -9.056116789947934009e+00
9.585248018988650642e+01 1.358106855247083189e+00 -1.623490066382105823e+01 6.680668155439057898e+01 3.617524252060184153e+01 3.688400642549540720e+01 -1.694013842520421065e+01 5.937524731160758407e+00 -4.881934293673479530e+00 2.735997755583316859e+01 -6.099354869412141333e+00 -8.259731426736085069e+00
9.071026421205664292e+01 -2.272801897138696958e+01 -2.343751954743506971e+01 8.622831205900489238e+01 3.825324208847446528e+01 2.630679994890509477e+01 -2.376883324897085359e+01 1.425243668657788021e+01 -6.131698236069361485e+00 1.253069758506280706e+01 -9.611108643202792123e+00 -3.843002236567127916e-02
8.943497163258072646e+01 -2.669021623828571421e+01 -1.928439409725889675e+01 8.015318251388686122e+01 9.640195720993975925e+00 1.381309096423412441e+01 -9.949368055819675760e+00 2.622157788935365730e+01 -4.421665731173537672e+00 1.206180303750088001e+01 -1.065154949607900470e+00 5.799880501719515635e+00
7.256808546366639234e+01 -4.186671288920153700e+01 -3.651594577390753216e+01 9.523256780844101854e+01 3.943530919348719266e+01 2.208565741924235937e+01 -8.070129696315774481e+00 3.945406772823545793e+01 -1.117662986941034475e+01 6.538823331542246819e+00 -4.740084873407756305e+00 1.706426754155325298e+01
1.981197387726101056e+01 -4.306430027976785624e+01 -6.776588541148054645e+00 7.466151438021663012e+01 2.087290034107912717e+01 8.999971251201595024e+00 -7.735382417028723978e+00 2.314718954085466152e+01 2.950001532635962986e-01 8.730095132982260253e+00 9.159189862304095708e-01 5.148240313298122928e+00
6.337622658978618517e+01 -5.576128070708463724e+01 -4.248917817844339595e+01 9.400436464883598831e+01 1.863002537598015707e+01 1.845541112147666141e+01 -2.210795680781320982e+01 3.066727756297922269e+01 1.816895699269976960e+00 2.319920752643207607e+01 -7.482018577607828291e+00 -2.328333327211824511e+00
6.525868609711653789e+01 -7.400159299029937188e+01 -5.904092114921555634e+01 9.740902870309312789e+01 -9.396838241190126340e-01 2.922422157159902056e+01 -1.508696027315410149e+01 3.906093962027566135e+01 6.828368977316081612e+00 2.581299307015072486e+01 -8.965834046758988762e+00 -3.859027021533742108e+00
4.108345841711827973e+01 -7.434350708865088109e+01 -5.294737138974547008e+01 9.444079537483706588e+01 2.123581249990850495e+01 1.958545190527473778e+01 -1.843369107243735527e+01 2.754713552661852560e+01 -1.053601832373283465e+01 1.572732945930757253e+01 -1.186764200903504474e+01 -2.112586174586899013e+00
1.126187748224494456e+01 -8.360221700988668658e+01 -5.502920043202369982e+01 7.129581756055208075e+01 9.547429011027526613e+00 5.120521207972702271e+00 -1.337903725818688727e+01 3.679536117053062583e+01 -1.226436102329051536e-01 1.470268269305164566e+01 -8.451189977828530431e-01 9.736594133228933856e+00
6.302084344068622102e+01 -7.302577724950722882e+01 -6.771320541744489674e+01 1.065762548785719446e+02 1.055837763341032343e+01 -4.216906958242464754e+00 -4.866195097413836379e+01 2.675737865030639995e+01 -1.697819515844309990e+01 1.581583337679519019e+01 -1.422123184868105028e+01 4.983338769316451256e+00
8.154759826677636170e+01 -7.735026315765117033e+01 -7.281577348844467679e+01 9.579321112734754706e+01 -7.977903536557518827e+00 1.490194374036383351e+01 -2.595199408985498479e+01 2.557981383680221654e+01 -2.479636922835653223e+01 7.812412722614104688e+00 -2.595467339932654216e+00 8.605919456692754821e+00
6.144660581182323256e+01 -8.306428467187637921e+01 -6.880973793837914343e+01 8.170575070571049991e+01 -1.793987860987695271e+01 1.818915119864306718e+01 -3.410857946577773703e+01 2.017487073366946504e+01 -7.468454449912172777e+00 5.540159871905254718e+00 -1.422275869090293732e+01 -9.078260737664693991e+00
-2.744411296692081947e+01 -7.934918740293031192e+01 -4.513050881299260908e+01 5.970697564394706092e+01 2.156412126752972469e+01 1.335511514884251572e+00 -3.465625058141248616e+01 1.236667869620772997e+01 -2.712886534371806491e+00 2.018911243634774255e+00 -2.478560592652745953e+01 -4.626169890699158294e-01
-4.541624801656022115e+00 -8.396348308106853153e+01 -6.059640754001959095e+01 7.703605149565264298e+01 2.430709690283133995e+01 6.217511811768599905e+00 -3.619133191662507443e+01 2.856654885146768308e+01 7.548285095682500057e+00 2.511571262666250348e+01 -7.861035006409728965e+00 1.614053638747459374e+01
-6.310267715240252429e+00 -7.084916430189984737e+01 -3.827485515369622249e+01 5.693109365818189360e+01 9.844821356315634375e+00 -6.165371744116461272e-01 -1.921814492489399839e+01 2.539251420792048108e+01 3.539497241999880028e+00 7.112315164669075429e+00 -1.104302087037401492e+01 5.807149884328177691e+00
4.523324997776055767e+01 -8.000738375625525123e+01 -5.887576081296386121e+01 8.973922001875186538e+01 -7.753493897438867855e-01 6.471631585486866456e+00 -2.788240899020660279e+01 2.626890841118910558e+01 -1.126699320468212129e+01 1.303378776749831758e+01 -6.269641974815001184e+00 6.266915842434431561e+00
1.810057853597758992e+01 -6.868445372706045760e+01 -5.304575168843989985e+01 6.039606132925547399e+01 1.510035616791516588e+01 3.038332906295920566e+00 -3.114648044172973229e+01 2.499923410524635869e+01 7.754961578945227529e+00 1.397778260455609178e+01 -1.761680406891002804e+01 8.172395094327407072e-01
1.683697881748875247e+01 -9.033121551233786306e+01 -6.127437047171675744e+01 9.070475163045917100e+01 7.544042945364649810e+00 5.357732723801632346e+00 -3.087985528181980754e+01 2.715252525345037071e+01 -1.440134897048352691e+01 5.228879957519071198e+00 -1.297675707773447940e+01 1.062683214103518559e+01
-3.246448829416893034e+01 -9.054950253643062297e+01 -4.393194301527491774e+01 6.216377843199309439e+01 7.430878789345318758e+00 -3.266314432611669538e+00 -1.798959619219542105e+01 2.470178259065528792e+01 -7.311190889377222391e+00 -3.095148582698744377e+00 -1.539692948593040533e+01 1.750228569021750280e+00
-1.302553987618587250e+01 -9.346352985338539554e+01 -5.929865844031989752e+01 8.328209567105352562e+01 9.959429158721189168e+00 -1.343267381163342211e+00 -3.389434801962568145e+01 2.641303370029309505e+01 -1.707511653926497530e+01 -9.288928079004939775e+00 -2.948448979516319213e+01 7.711450675079277950e+00
3.072600745313781090e+01 -6.752560732515995312e+01 -4.633006346282490284e+01 6.662713269485173839e+01 -4.795579614932959700e+00 -5.040606834409622650e+00 -2.567318932473038728e+01 2.687912851937838354e+01 -5.448431491684419647e+00 4.814003116680893868e+00 -8.678729379049492820e+00 9.316296171568961171e+00
-4.212062947333043894e+01 -1.221266536375187712e+02 -6.774528965456796925e+01 9.697901618072363306e+01 1.323369880169730983e+01 3.411290492808955133e+00 -2.658281604870960990e+01 3.488387579411516271e+01 -1.407530422366242107e+01 -2.308129632398909337e+00 -2.654600214144328874e+01 -4.651546647176894922e+00
-5.562243878382883366e+01 -8.986387943308231741e+01 -3.723907110733350123e+01 4.546161714462617454e+01 4.873487676743389230e+00 -1.139983681574213037e+01 -2.615013939522454223e+01 1.383094091178269025e+01 2.963266186484267983e+00 3.309465588039865125e+00 -1.127778275241198358e+01 4.444633507325360000e+00
5.971506721337577517e+01 -1.256185660367439283e+02 -1.007934347535633322e+02 1.314680027273626877e+02 -3.637207081208173065e+01 1.356387954866312029e+01 -2.058095140842645066e+01 4.638190671890428263e+01 -2.803188301224678014e+01 1.138291268165322911e+01 -2.410215670771470187e+01 -1.110489724302832393e+01
4.145217675523934275e+01 -1.036701590102723287e+02 -6.966812949729498428e+01 1.046400707239418466e+02 -3.376158244708755518e+01 1.709292832185884237e+01 -2.873858556786752061e+01 4.086439175945862701e+01 -6.658788001206605855e+00 -8.259974403619025907e-01 -3.764515713118459228e+00 4.984958020857650496e+00
-1.858118716287171424e+01 -8.013173388759273053e+01 -4.207008597643736181e+01 7.352302918651675157e+01 2.288906355699185546e+00 -1.217558786981660646e+01 -2.833322177398359898e+01 3.696471820955236609e+01 -1.047455655866937008e+00 -5.085980574080215533e+00 -2.295356697806913004e+01 1.201901714202902838e+01
-6.866792719075006346e+01 -1.067147854659380641e+02 -5.679393853081744936e+01 5.013977308976762970e+01 9.078827723923176052e+00 -6.190416965308674691e+00 -2.878142144363830113e+01 2.353735889331054665e+01 5.606935829467159849e+00 3.927612858076363178e+00 -2.062648344360810526e+01 4.648578806269975772e+00
-4.354527879272227153e+01 -1.018245455576679035e+02 -5.096548487771547542e+01 8.161537993974474148e+01 2.264941903347332897e+01 -5.734028322748314643e-01 -3.473974064945373641e+01 1.955720263631105027e+01 -8.628113499177946011e+00 9.417176840414134276e-01 -2.107364066912282397e+01 1.938692778610919820e-01
-1.443149410661938070e+01 -9.232768658807057705e+01 -5.136917903091860893e+01 6.931688388750814056e+01 -2.423772970318140985e+00 -5.743064485481156112e+00 -2.269023305382318512e+01 3.022617938802589777e+01 -4.904577540211779052e+00 2.129612978998141948e+00 -9.506423862469679520e+00 1.343455042586437642e+01
3.135959273964471450e+01 -8.357033255870472033e+01 -6.273161775856909372e+01 8.582260593781163038e+01 -8.102410982700158470e+00 -6.643960259397339918e+00 -3.251644634269529632e+01 4.017974282965516863e+01 -4.188047823100987443e+00 4.033760257460945908e+00 -2.112449901292690413e+01 5.915368142777193583e+00
3.896697018302413795e+01 -9.752986400554362945e+01 -5.864324401399009901e+01 1.139292008285922577e+02 -2.834287856174869802e+01 1.418315591987347446e+01 -4.091683401380338125e+01 3.838673149378244176e+01 -2.475493187398449368e+00 -5.814663030071260508e+00 -5.216811351294204258e+00 3.585828381394221775e+00
4.252346339041928758e+01 -8.777851820203250099e+01 -6.209515643192739276e+01 1.026562659275869009e+02 -7.943392021252359214e+00 -3.990889580936354819e-01 -4.289280299901658111e+01 3.363125073110044383e+01 -3.995331978989173471e+00 1.103079801724595832e+01 -6.410543040570269469e+00 1.214355994501257641e+01
1.274361500096126747e+02 -8.316927625997578843e+01 -1.332635627470729105e+02 1.157054082763677627e+02 4.025430214942155693e+00 -1.659653283117789258e+00 -4.607822895967398580e+01 5.736143228115136594e+01 -3.389117760104331012e+01 1.799579414034483449e+01 -2.974710226430124038e+01 1.612790629191094638e+01
5.943902421059553376e+01 -7.886575066397315936e+01 -6.501492193344381576e+01 8.315904887105625676e+01 -1.390655630591751191e+01 7.285987538200748403e+00 -3.320007321054123395e+01 3.292517829338831348e+01 -5.460990260009616293e+00 -8.592573956225144638e-01 -1.485198543368496082e+01 9.221079563005881496e+00
3.240241553037482447e+01 -7.568839220381356370e+01 -6.937517611640919313e+01 7.179328925176574216e+01 1.983312846320232126e+01 1.292707145655409562e+01 -3.052327392460227529e+01 3.093312029104129834e+01 -1.964901657268447011e+00 8.997801680927498325e+00 -1.935724647804497778e+01 1.388630085026751360e+01
6.021069988371158388e+01 -7.286923384106644619e+01 -7.303362769468317595e+01 6.425708270055947935e+01 4.179013007155163439e-01 1.575618982075565100e+01 -2.280049750007669473e+01 3.294162554233426476e+01 -1.080505881160713333e+00 1.077008354768275034e+01 -9.965645790977539775e+00 2.000059083467419896e+01
6.955677658240622918e+01 -2.948386247969652985e+01 -3.742911763384717005e+01 5.124749683358620445e+01 2.118356731236789514e+01 9.716032892446982316e+00 -2.939043496198802785e+01 8.997883018737185878e+00 -6.506777318786188147e+00 4.121801726287388945e+00 -1.903806134977698861e+01 3.317548633318072149e+00
1.299647111313111054e+02 -1.210575330092573410e+01 -3.979780314937279684e+01 8.922068152290157173e+01 2.822161878833944826e+01 2.552792518533585575e+00 -3.067844939444576724e+01 2.698271451000533716e+01 -2.077639142263378247e+01 9.082051955254055287e+00 -1.630190002745450073e+01 5.266895990702472830e+00
6.789176768883240243e+01 -3.571290566280861611e+01 -3.948343685668367442e+01 5.730881639768494296e+01 3.442745691081849202e+01 2.656392595815404434e+01 -1.463261594048946534e+01 1.259137084341508128e+01 -1.140166401623282511e+01 1.196793044667259220e+00 -1.455696662021619048e+01 8.981420353868511341e+00
9.794630928882364174e+01 -2.522161123438715435e+01 -4.357170874912879555e+01 6.296167042207054010e+01 2.032278694121901097e+01 6.022674596451370377e+00 -4.309937791528547990e+01 2.533695029842512714e+00 -1.171559659272066867e+01 1.525961985317348280e+01 -1.046434935525117460e+01 5.045573289876635670e+00
9.213287406361473586e+01 -3.711343304146971889e+01 -6.078881654621635278e+01 6.086317219794401723e+01 2.792457824344278094e+01 1.549743530938603264e+01 -3.330163203069308508e+01 1.034254528099365800e+01 -2.777001649839170838e+01 -8.094869144422963458e+00 -2.572192731921374431e+01 3.725572029640718874e+00
8.381189593409136762e+01 -1.415053558447320370e+01 -1.681885771164518317e+01 6.894300458999747150e+01 3.943831237842186255e+01 2.174536366984416702e+01 -1.461294838907991789e+01 1.848011933465317824e+01 -3.446787705435969684e+00 4.008367798248039904e+00 -1.041266551785344774e+01 7.230332092565534552e+00
7.928951678876019571e+01 -3.347570560952254226e+01 -4.261783693371268100e+01 7.427862212593987579e+01 3.960002992953809553e+01 2.862088548361714402e+01 -1.247169006521382073e+01 3.491114454274089951e+01 -8.583312733420600527e-02 7.726827254001606526e+00 -1.937466680304834910e+01 9.987781632151300215e-01
6.810465140613339941e+01 -3.515970536887918740e+01 -2.820711819716065349e+01 8.799381648907854014e+01 6.214875858351614113e+01 5.016774074744377288e+01 2.409370966513037171e+00 2.436112536117489569e+01 -1.447652858873121318e+01 -9.195912028962638374e-03 -8.823315683769738627e+00 1.729186951212818713e+01
1.115775147460914809e+02 -4.139269599144084566e+01 -7.291911071115063692e+01 6.572858485490513658e+01 2.422533000513161383e+01 1.136942409651336305e+01 -3.574568049954011428e+01 8.884641077755629723e+00 -3.746191305695103324e+01 -2.767113950750997642e+00 -2.078173248411102847e+01 1.339350004415864603e-01
7.771474170724617636e+01 -6.063015685807106259e+00 -1.521913389428662633e+01 3.966835902536745806e+01 2.124462627438223095e+01 6.840245626565033987e+00 -2.542724659130212927e+01 -1.278059717663569739e+00 -4.219681624681709486e+00 7.628755418593029525e+00 -1.498680081038364165e+01 -7.464419580282366518e+00
1.392397916521029515e+02 -1.683026773724383673e+01 -5.827003158357562995e+01 8.700997403323364665e+01 5.305755545130183748e+01 3.908556686970216987e+01 -1.412901690922172904e+01 2.073512504776801535e+01 -3.550084195429601408e+01 8.753981508455257909e+00 -1.278320462324954399e+01 1.662790086010069501e+01
1.407742778796539938e+02 -1.683710118009975076e+01 -7.153490464755306277e+01 4.359421332717307251e+01 1.158187698538629107e+01 1.838678490027317025e+01 -3.325338808787338962e+01 5.574957541670078953e+00 -2.618429908737273593e+01 2.718085423625838715e+00 -3.602992754878412995e+01 -1.040493997066252518e+01
9.229836579415501774e+01 -2.180900812043096693e+01 -4.585693331026870112e+01 7.266084551703653460e+01 6.817435893729511065e+01 6.597193147382004952e+01 -1.094017772483816486e+01 2.727063841336773820e+00 -2.892923833573137671e+01 -5.093017490686202464e+00 -2.452896083331686583e+01 6.660937383767471687e+00
6.801996100516474542e+01 -2.085514593081660450e+01 -3.084841865585728016e+01 5.125826542782144912e+01 3.149490585115431074e+01 2.700334606019344363e+01 -1.385321354995093657e+01 1.147719792666585192e+01 -5.043240308895353685e+00 7.817889666577965357e+00 -2.336419159045343719e+01 -4.258095072900140110e+00
1.668825849667887837e+02 5.419996707989438445e-01 -6.251827311607626569e+01 6.658200304108272860e+01 2.502647341802962799e+01 1.334665928268913859e+01 -1.876612282531468168e+01 2.938465073191769505e+01 -2.897456010497414525e+01 1.175038591693848922e+01 -1.577038783465467020e+01 7.669927413464054489e+00
1.214066816995426166e+02 -1.061545030945168477e+01 -6.473129826340631610e+01 4.348189692229295389e+01 5.526550907172106974e+01 6.588978343718986252e+01 -4.077016861403222059e+00 9.836406530781745872e+00 -2.846065907300673814e+01 -6.493187388566456164e+00 -3.323998432957336746e+01 -3.263327283279173763e+00
1.540898712352542361e+02 -1.733373876198346153e+01 -7.933205991554780212e+01 6.457980074510508928e+01 1.722577847266732576e+01 2.278732421660551211e+01 -2.709663195983306494e+01 2.579902023104535047e+01 -2.614862749269312658e+01 7.237096080561635780e+00 -3.242217029896099234e+01 -1.312087319692469478e+01
1.625768491827106459e+02 9.037814734475289047e-01 -7.485689472341749706e+01 2.890789189630311995e+01 2.650477138580457748e+01 4.096035937064908694e+01 -2.145152541374988431e+01 8.591510075734092311e+00 -2.535210212555867315e+01 1.328457186123581879e+00 -2.589377989538738234e+01 6.077960942522982357e+00
1.288180726289136828e+02 5.343287632365478323e+00 -4.084396451111337001e+01 3.589525546175893567e+01 3.308576989527132639e+01 3.772128033081073539e+01 -1.074248159561048155e+01 8.955430346688610044e+00 -1.852398898805196126e+01 -1.253025763084676214e+01 -3.825801446280320306e+01 -3.470977546067844699e+00
7.044288410238389986e+01 -2.574928794182437031e+01 -3.928058357244628951e+01 9.429057111410520164e+00 5.788452627533597905e+00 1.686177823313640189e+01 -1.791055173199298522e+00 8.220578874294654170e+00 -4.770486608796702832e+00 5.191956838290023413e+00 -4.565526772635782882e-01 1.041240156734815336e+01
1.045831312071140928e+02 2.356076524742540368e+00 -3.714613964755986331e+01 1.017482513982652570e+01 1.474927988538361667e+01 2.533474521887848141e+01 -1.003175237171099532e+01 4.994359663782863556e-01 -1.607338111715117890e+01 -1.033250861828910239e+01 -3.389037506765743757e+01 -1.497609853875292707e+01
6.617180581977987686e+01 -4.320254378775524629e+01 -6.167312789813107088e+01 2.814665536807752488e+01 2.203723627239051908e+01 2.213276305047736159e+01 -2.827615818054059105e+01 -8.939173948097524303e+00 -2.557034683221201021e+01 -8.504112824141838445e+00 -2.713943626236287088e+01 -5.912867403390974275e+00
8.346461375630262580e+01 -2.684982519577513926e+01 -4.636203113479518834e+01 4.545696959486254229e+01 3.510549981426547106e+01 3.435428540586089241e+01 -1.590026094362871056e+01 1.021275661066642471e+00 -2.403660258259268900e+01 -1.085718046031888662e+01 -3.438072195417814214e+01 -1.158276586962300847e+01
9.439127054082347001e+01 -1.205371012264428465e+01 -4.327059758979081039e+01 1.933299862896495824e+01 1.588386080439722292e+01 1.829843094344825261e+01 -1.678728868586672363e+01 5.135437994453921462e+00 -4.026931740601449761e+00 6.853530731572670120e+00 -2.306623898873795042e+01 -5.513434264379428740e+00
1.124779870258385870e+02 -2.339646942299697230e+01 -6.759157448089389675e+01 3.532827083224801612e+01 2.747063658047576951e+01 3.756840352897958013e+01 -1.202269300732140778e+01 8.353865596082775014e+00 -3.888574981514454976e+01 -3.272750800175315078e+01 -6.383753332821440551e+01 -2.888300917527142531e+01
6.667846112087040922e+01 -3.893785463111272804e+01 -5.113257467212685015e+01 2.171728314218803035e+01 1.024385827101622048e+01 1.746212632731395331e+01 -1.187718790898998122e+01 5.817821396251611432e+00 -1.215537839971277378e+01 -3.289951734557022167e+00 -2.230284201258949395e+01 -9.627912506244687307e+00
8.785587070849935287e+01 -8.505528498309420371e+00 -2.935282117135796653e+01 1.631116653781868564e+01 1.598101926514158322e+01 2.193006411096695629e+01 -2.457203993453416224e+00 3.541016393305316257e+00 -1.510445961891447020e+01 -9.556753132667617834e+00 -2.138383003853672903e+01 -9.539802471170389708e+00
1.022404781212751317e+02 -1.181978680736699694e+01 -6.061505048522334249e+01 3.277598167883699176e+00 1.278685637029936295e+01 2.561411640242697274e+01 -2.444105455722181119e+01 -1.160621742554489799e+01 -2.536230989626619348e+01 -6.867739478726851310e+00 -3.246323758768052414e+01 -1.523148067530322436e+01
1.246922303765942246e+02 4.992744202168193368e+00 -3.753761427856703392e+01 1.467419936131359748e+01 9.191176109646374215e+00 2.245726016918223422e+01 -6.016236441328441487e+00 -7.530080529518770049e-01 -2.639977443418302627e+01 -4.625353941353917975e+00 -1.983945334023312057e+01 -7.191218336240007503e+00
1.486464629447294783e+02 -2.356955763245108582e+00 -7.021970703377006373e+01 2.206140880068167576e+01 2.717180144281384990e+00 1.691120890894901407e+01 -1.818045988062158003e+01 1.466806626606008734e+01 -1.778370221649099747e+01 1.053230367397193135e+01 -3.301441293885025630e+01 -2.524272134133455125e+01
1.231715832612278803e+02 4.870746617902381281e+00 -3.991742046604831273e+01 3.755383529201349546e+01 5.975239129608937994e+00 3.227839900513448601e+00 -3.548737428387497062e+01 -1.017657924293816052e+01 -2.598135431464913836e+01 1.634285155045364135e+01 -2.398801697904985986e+01 -1.031352278233378783e+01
9.875510375192371271e+01 5.698870122435604202e+00 -2.273621484937114801e+01 1.418791997747857536e+01 1.516781752277553252e+01 1.708876091697391786e+01 -1.187903540309617156e+01 -2.507888856112375997e+00 -1.269070129300872907e+01 -5.471942570985905085e+00 -1.669202125307935702e+01 -7.035029642335777211e-01
1.707307374881647775e+02 4.284173387096782193e+00 -9.015199427661119103e+01 5.280996179871336516e+00 1.015782147164388327e+01 4.191731004920819714e+01 -3.014767800479910775e+01 -5.498993005466052075e+00 -2.899232901021680675e+01 9.803682722260452564e+00 -2.631044988896646331e+01 -7.400663028858246228e+00
1.189418283049746776e+02 -3.896553167145250463e+00 -5.267170412875485397e+01 3.191590090998703388e+00 -3.182593527107660414e+00 8.548647714252632923e+00 -2.127062464319516621e+01 2.889782964364938422e+00 -1.583304995414833272e+01 -7.145586170634411260e+00 -3.443715015269091850e+01 -1.720207118475440922e+01
1.461475657337755081e+02 -1.431470368131659754e+01 -7.594436393029144483e+01 2.414487873874842450e+01 3.263176706520836134e-01 2.028497216886131582e+01 -1.522786787414386112e+01 1.581229790053976991e+01 -1.720695078012881041e+01 8.363580003155595577e+00 -3.671093432372798304e+01 -1.814786657519001878e+01
9.814996649295545694e+01 -2.789399672474377923e+01 -6.842555583812148257e+01 1.498727233359925570e+01 7.826734157518071555e+00 2.848899194106855504e+01 -8.855385362202573774e+00 6.954010130453145422e+00 -1.714591402458293246e+01 -6.270013576281976420e-01 -4.062420708690306981e+01 -2.084008533170997168e+01
1.099189382185600152e+02 -2.548624144251576951e+01 -7.261145217589917422e+01 1.300532275837238849e+01 -7.006788697496170393e+00 3.726795678106539000e+00 -2.875242010175689700e+01 4.980155054283921245e+00 -1.649537281530489707e+01 1.105490694390379858e+01 -2.146593872127865055e+01 -1.668669019716319823e+01
1.192653103962818477e+02 -1.880272540765677292e+01 -7.260642152705921148e+01 2.533103665088158252e+01 1.113346222396920204e+01 9.011979276094407965e+00 -1.934982495987441098e+01 2.505729360465069888e+01 -9.867078431709561670e+00 1.451985237251824756e+01 -7.737728747109601457e+00 -3.946868625150017795e+00
1.180954683782007066e+02 -3.207811150472923600e+01 -7.888482307240975899e+01 4.931552778710816654e+01 7.820052141742991125e+00 7.996339326745959042e+00 -2.840790328993135816e+01 1.799105074416841887e+01 -1.751035529596319407e+01 1.979188134088025208e+01 -3.411676502094097430e+01 -8.707902896979252461e+00
9.561232158324864372e+01 -4.112507794967221741e+01 -7.361174494779588429e+01 3.348373880813463188e+01 6.438788286108363401e+00 3.654810433601906272e+00 -1.028659082339554587e+01 2.472289860949884144e+01 -2.556836913688295709e+01 -2.305857407721147112e+00 -2.367666236647646727e+01 -4.695891650348732682e+00
9.985847474638595145e+01 -2.714645719371686283e+01 -5.906406495414548630e+01 2.351924069581915333e+01 1.062205788412097363e+01 1.171400784699990894e+01 -1.665148512581884077e+01 1.054472692154200963e+01 -1.526975634230218226e+01 1.035823251132255152e-01 -2.002021225393844617e+01 -7.616680833898881176e-01
1.083171435744943238e+02 -2.627481452759958103e+01 -6.521320467879363036e+01 2.341129041439287306e+01 6.221987908798118028e+00 1.606784640527233776e+01 -1.155541157239112948e+01 1.461454736639702112e+01 -1.376280933997091793e+01 8.883296036289841879e+00 -2.247558539226872654e+01 -5.572571929340996988e+00
8.515350429940923505e+01 -3.401747311576974653e+01 -6.133307232468390424e+01 2.306914883222908941e+01 5.742442663981403683e+00 9.218409436647402089e+00 -1.062682973677598142e+01 8.074859671072934120e+00 -3.016762698865797887e+01 -1.033369272912422510e+01 -3.120054407317349998e+01 -8.126285628506821013e+00
8.785361206169031334e+01 -3.209833766479773942e+01 -5.634270021559014197e+01 1.629394567304761665e+01 -4.679677275209086496e+00 6.603032369291299553e+00 -5.819883373106834235e+00 1.353516702533667271e+01 -2.676993888642917341e+01 -1.275779945211097477e+01 -1.340263851767956993e+01 -8.887520452157520623e+00
8.913719709573693706e+01 -2.865445142535105205e+01 -5.168506874678731577e+01 1.818996730796308015e+01 -1.200575664386052122e+00 1.231710948135493133e+01 -9.563488372504149737e+00 9.404807406586947138e+00 -1.387227612754067962e+01 8.773486280447244212e+00 5.274712572237376662e+00 1.468408731907741149e+01
1.052334349902703394e+02 -1.859791128142187944e+01 -4.743291392445544830e+01 3.572876775076653644e+01 2.545071761577450786e+01 2.885185253071060174e+01 -3.201289569432328896e+00 1.471311189001775865e+01 -1.606918426405691491e+01 1.543084345551263503e+00 -1.390867829391358335e+01 3.689512835313441208e+00
8.242483738738818033e+01 -1.641531967197069974e+01 -2.992805424633300504e+01 3.309289874978900059e+01 2.435670634096044296e+01 2.467606710682522220e+01 -3.474257686685310098e+00 1.357359397545188351e+01 -8.929671318100265154e+00 -7.172328013903858768e+00 -1.954747627267522958e+01 -1.324026442071022025e+01
1.141162939049719682e+02 -1.287734291044167456e+01 -4.849503210036380096e+01 3.846851710151617709e+01 2.106156878922343267e+01 2.472096239728927003e+01 -1.720417266325755978e+00 1.375742553382144706e+01 -2.147145513030688235e+01 1.772522193623880682e+01 1.940026486255852944e+00 3.169090290910901331e+00
1.171055165265538420e+02 -1.816292945684262605e+01 -6.463940024762636938e+01 2.345283575264704012e+01 9.129876719021950748e+00 1.558705088623754165e+01 -1.338835436101675436e+00 1.590771167669820940e+01 -2.154447957886420895e+01 2.353464095552102719e+01 -3.441021516126827606e+00 9.413639439451748636e-01
7.076499375631834710e+01 -1.801606950593179235e+01 -2.910983890401120533e+01 2.690294005817721512e+01 1.792628189016162565e+01 1.447027216489681578e+01 -1.093999159739913907e+01 -9.311704154836331071e+00 -2.966052476544340522e+01 -5.085362192116833491e-01 -7.686541587689859512e+00 -6.418853886868523873e+00
9.637857587462355013e+01 -2.041804354451016223e+01 -4.581921443026385532e+01 2.364812139357279364e+01 6.937246320315930248e+00 3.039121849150976828e+01 1.065026857347147171e+01 1.544291999626466882e+01 -1.092324348095765529e+01 1.865754205448998704e+01 8.508313236277633695e-01 9.627583203595650119e+00
9.618858065833805426e+01 -2.182580294002306687e+01 -3.728466805754636937e+01 4.508952804183080332e+01 1.757985691590027955e+01 2.484483102790147058e+01 1.512853092513554820e+00 2.828210166392159408e+01 -1.036464486591059053e+00 1.335038772050246081e+01 2.998321086442428118e+00 -2.427346582622034177e+00
9.522664996927278480e+01 -2.890744617880904244e+01 -6.347700434661421554e+01 1.575253670658526950e+01 -1.045182727754342267e+01 1.743811813617206052e+00 3.104957064725273774e+00 2.133220568228625780e+01 -2.516641322931984348e+01 4.603100663875464349e+00 -8.773897903469840998e+00 -1.974336791358824428e+01
1.220409005891779941e+02 -3.703193885085182302e+01 -8.732119617242068443e+01 2.654652060811493897e+01 7.644469834902567484e-01 1.528142549134639161e+01 1.208639806579195941e+01 4.474439094508794312e+01 -8.920063322144565987e+00 3.012828185246693735e+01 -1.151980500694995158e+01 -2.338507177876707921e+00
7.953696818621764919e+01 -3.273205538136318182e+01 -4.865629073330232757e+01 2.538885883684315559e+01 5.395029832218025234e+00 1.293503531069270629e+01 1.249167232286662044e+00 1.613669838779700072e+01 -1.852531457502356460e+01 -1.565245513213123496e-01 -1.368814512212810897e+01 -1.242621037886890711e+01
8.659299121532430377e+01 -3.106487648514440281e+01 -5.680799681303355442e+01 1.750096833408074559e+01 -1.086329769406590096e+00 -2.258743874709232990e+00 -6.336296882070154624e+00 1.638943936667083889e+01 -1.921607771071158055e+01 3.656722371057040899e+00 -1.318449421849052072e+01 -2.700370809315278287e+00
8.613226539582349517e+01 -2.574430819928467429e+01 -4.951934791263927593e+01 2.198365034315411037e+01 -5.475344902544830861e-01 -7.611753738441372263e+00 -4.714755898351430830e+00 2.007138081808545138e+01 -1.157443401417851980e+01 1.420947532238924182e+01 -1.366167385667685608e+01 -1.177167534005483240e+00
7.533780867547156390e+01 -2.414952666031342687e+01 -3.808252363562380083e+01 1.565313887067192766e+01 -5.810853115377021538e-01 8.967693885133199316e+00 1.069358249538839800e+01 2.024888204273634784e+01 -2.232495879380122172e+00 1.783459851863893419e+01 -7.891829611196763850e+00 -4.221203180253072951e+00
6.393939016817159882e+01 -2.650853432590600534e+01 -3.506701619330891617e+01 2.352341677309800616e+01 6.633747280414459269e+00 1.407776841456952699e+00 -4.903179857608841452e+00 -1.486637010735493813e+00 -2.927137937620238617e+01 2.828111177592660397e-01 -1.213135758287273092e+01 -8.244662373360315044e+00
6.708037890772965284e+01 -2.554535746634665827e+01 -3.291728887035617390e+01 2.469931381686166105e+01 -2.522481491500966122e+00 -6.801109760110343849e+00 -1.390241196610696672e+00 1.661098561957847863e+01 -1.365921888330572287e+01 2.069105680246106083e+00 -1.877078453108814671e+01 -1.343489924059601037e+01
6.786492903699064527e+01 -2.856623364022838274e+01 -4.174314071240556245e+01 2.424518655671167977e+01 3.436494493657065163e-01 -1.335263512672664632e+01 -7.669342457583748107e+00 1.607172785147253435e+01 -2.126130311581474785e+01 6.074975026278073287e-01 -6.786396523553995586e+00 3.344904908699087187e+00
6.331070354787051713e+01 -3.182356835382810090e+01 -3.711599781164917999e+01 1.835984866988638942e+01 -4.610672315213273365e+00 1.037094645189324815e+00 -7.814338855341499190e+00 8.935101211257862275e+00 -8.403974189316587129e+00 2.318625384405707646e+00 -7.037462197030961875e+00 -1.560498808555013106e+00
5.167793105519670149e+01 -4.205879388731055712e+01 -5.478987481625851785e+01 8.112715084549368072e+00 -7.318345245218107920e+00 -1.243565509072197273e+01 -1.357335030954123667e+01 5.238716474716344607e+00 -2.485624471695323479e+01 -2.385116410745065973e+00 -4.931850484557012138e+00 -1.152046969688983324e+01
6.239191737542167004e+01 -2.710020487137531120e+01 -4.194792885342188526e+01 1.208027651332697872e+01 1.291954459357587126e-01 1.098567515849311960e+01 7.006909933157856152e+00 8.460953049256310976e+00 -1.826227877355331231e+01 1.443755961902583707e+01 7.257003124044559605e+00 -3.888839071969618644e+00
3.152511147125179392e+01 -4.511192792716048672e+01 -4.336200823482445088e+01 1.136370496962164189e+01 -8.941752022618707940e+00 -1.346811981602445840e+01 -1.091467808147227458e+01 1.701006845394149281e+01 -1.378084516685337713e+00 9.638001503141207849e+00 -4.706583671153296677e+00 -6.106655721263830827e+00
2.833769998263043632e+01 -4.153320845523589355e+01 -3.386549039650456905e+01 1.302607032704798762e+01 -4.584910339501818477e+00 -1.031593494952596934e+01 -8.605395751841516727e+00 1.270759778704766063e+01 9.602707569064059534e-01 1.410016835845467398e+01 8.048773748446798493e+00 2.524155735113385646e+00
3.738639428239292073e+01 -4.641209879925149551e+01 -5.011650732240119055e+01 2.336448314150060668e+01 5.740718689492380733e+00 -1.418994198747202873e+01 -1.328679606023847626e+01 1.253392095448470300e+01 -1.133975274777204767e+01 2.338064040143449418e+01 7.222648054370221615e+00 2.998328529455249747e+00
4.189729755871142913e+01 -3.696478554740647837e+01 -3.255822566651678329e+01 2.937023311536194115e+01 6.625447159392358287e+00 5.022028466980915873e+00 -2.210119190121956567e+00 5.313586684012117090e+00 -1.195494164230256473e+01 2.414813622331740461e+01 1.385924870618271854e+01 3.276761632177592531e+00
