-1.079302702966114111e+02 2.113798039809269724e+01 8.803541206021499477e+00 -4.069357884712989648e-01 1.579195417562324621e+01 1.122341445528993908e+01 1.964013833752381544e+01 -1.324282241036532248e+00 2.275029575070445986e+01 -4.506227889716403645e+00 -3.747901844204028166e+00 4.651585585788451382e+00
-1.094830424955428896e+02 7.509362311686460068e+00 7.582965935838604787e-01 1.775082730329028635e+01 8.836453218760187411e+00 7.485831496920578587e+00 1.643483675985563508e+01 1.984440470583006544e-01 1.390902292551509412e+01 -1.546449161328473387e+01 -3.760501964219034932e+00 -4.639788527258001949e-01
-8.594142352756264813e+01 1.219269881732594207e+01 6.667246711982024454e-01 1.406967595489924605e+01 1.579919496061865303e+01 1.217104203910735194e+01 8.787583338488856199e+00 6.872777242964134281e-01 2.523981700527684779e+01 -5.030254793985966977e+00 -1.045068832194834485e+01 -8.673823766274388447e+00
-9.240078341559923558e+01 6.589727208460454122e+00 -6.659626113052252272e+00 6.729766381539477038e+00 1.038426701664282525e+01 6.968124588370646855e+00 1.470485002356237025e+01 -1.493014598984364394e+00 2.052195855356535859e+01 4.507816528607213158e+00 -6.879036384548646410e+00 -1.163200469472262633e+00
-1.195135625303077234e+02 -1.238538651314901884e+01 -2.366691525076149460e+01 -6.405903025508834503e+00 -6.240387942023082779e+00 -1.435831916364807448e+00 -2.281165557661653409e+00 -8.395904256227773033e+00 7.601186061909301905e+00 -1.843595025238687413e+01 -9.919100192354839862e+00 -2.310317291214851743e+00
-1.183694574606618488e+02 -9.690599302957087602e+00 -8.748820578958746985e-01 1.931244238715661865e+01 1.106319118363751386e+01 1.118412431405797491e+01 1.534352908690988038e+01 1.224980474055715973e+01 2.348127542793089262e+01 5.166411429602049132e+00 5.404233839166976416e+00 1.297979256168117601e+01
-1.000854144223954449e+02 1.237721715838801551e+01 -1.620334278447947973e-01 8.790092041904788989e-01 1.012161576062561519e+00 5.972553347478912755e-01 6.418881398537399363e+00 -7.275047945212178568e+00 1.422150079345144924e+01 -4.015836721284300026e+00 -2.699805845193387732e+00 3.699507782138838241e+00
-9.712813642672416847e+01 4.418261640200373819e+00 -1.632673050025001293e+00 1.499294286926218156e+01 1.154610611900275075e+01 -2.892312282124942513e+00 -1.033458203198624759e+01 -8.336155294074650612e+00 1.608371422188884381e+01 -3.590386819822754649e+00 -5.347364431972279064e-01 -8.279827891556047703e+00
-1.064992162527674395e+02 8.250736632588589359e+00 -1.565613995055643581e+00 -4.567684106869688954e+00 1.489072707950123142e+00 3.066411947231334256e+00 -4.656795467065357741e-01 -9.281209202509124623e+00 1.323518344515069955e+01 -9.220373945706530350e+00 -5.006563995206040119e+00 1.338465143205744834e+00
-8.921482428826601563e+01 3.473293078767419217e+01 2.155958534767077595e+01 2.371835106472252619e+01 1.357991532349615227e+01 8.700370573728259949e-01 7.940117552649448740e+00 -2.473726621946148896e+00 2.001354147789243854e+01 -3.827224228818748131e+00 -1.188537987163888943e+01 -4.247422377795214032e+00
-6.347552120143591026e+01 3.977255530017627905e+01 1.429789459875327573e+01 1.870307408457027520e+01 6.885172193928453588e+00 1.131677475396070776e+00 7.873787906693593186e+00 -1.837482129744785198e+01 2.983471697871724171e+00 -2.209171159528193584e+01 -2.367988348965171497e+01 -1.744138451052529604e+01
-6.082862870075422279e+01 5.672755755606048211e+01 3.153392807927735930e+01 1.975207457833484526e+01 1.468235585405000343e+01 1.033630409023005114e+01 7.231700609286340509e+00 -1.628614808864304919e+01 1.106495302958437499e+01 -1.011968239506356682e+01 -2.414312302397273768e+01 -1.635822281008270807e+01
-4.951384413296166542e+01 5.616241864579426135e+01 3.944149832790091637e+01 3.666070090580998908e+01 1.171127146694235321e+01 7.466509898401596956e+00 4.167617634474190424e+00 -8.133066975371068708e+00 9.721979174752091168e+00 -1.500075665500786926e+01 -1.457091451394659032e+01 -9.451082951968107437e+00
-4.858056363972529823e+01 6.190665543482117528e+01 4.074962910162500407e+01 2.947102449435407223e+01 1.450684474142966884e+01 2.015097584321933422e+00 1.088075497825554372e+01 -1.667321762733758872e+00 1.258732954005889937e+01 -9.274890190415719715e+00 -1.881267614876458794e+01 -1.130041324061603625e+01
-2.970177903542555242e+01 6.290301433999371028e+01 3.532115220841906478e+01 3.904302975177748181e+01 1.246758430216588565e+01 4.594588406253861557e+00 4.431863066984737642e+00 -1.879006610191938620e+01 1.415532632171227156e+01 -1.133787410117007255e+01 -1.683437048915983425e+01 -8.691713170606567118e+00
-3.097138451570704376e+01 7.439042789550018142e+01 4.653979194767353533e+01 3.189183333964739475e+01 1.265448178895622000e+01 -4.485572577990838639e+00 1.180728627505437167e+00 -8.124248369603375153e+00 1.483403275642751140e+01 -1.491060462150850441e+01 -1.347161807005747036e+01 -7.084153560434559793e+00
-1.990990861741298090e+01 6.239319147049061343e+01 4.496822620986080210e+01 4.000393242754385170e+01 1.692648120451364235e+01 -2.970593976657154300e-02 -3.319332420956374374e+00 -1.165766909228438664e+01 1.059629908662212117e+01 -9.333799787857458341e+00 -7.235182210326603247e+00 -5.622528483604337879e+00
-1.332718129387037109e+01 6.557428220595480184e+01 4.039695944310716413e+01 3.195926809168400240e+01 1.252260389839492660e+01 5.961169868538215511e+00 7.421594242617793213e+00 -9.361707479000275001e+00 1.017986937593801144e+01 -1.446657825877274561e+01 -9.088638896289644720e+00 -9.223875359404924978e+00
-1.885954002390152651e+00 8.729202762065835941e+01 4.119262750104344661e+01 3.083808750178214808e+01 1.742371408994926441e+01 9.401368744447935466e-01 -1.832989063749174807e+00 -1.379906413406437693e+01 1.332466527778015930e+01 -5.532073233269618306e+00 -1.923808060520929430e+01 -1.300857196072170829e+01
8.187870465095674177e+00 9.179780750890623153e+01 4.200521461473043416e+01 2.950774695026762373e+01 1.315578188692389006e+01 2.309884957074196610e+00 3.629539129042535617e+00 -1.926524736020026651e+01 1.366368561610953591e+01 -7.879031083719779005e+00 -6.311872917491175627e+00 -1.560759396015694378e+01
1.058819436088416488e+01 9.285993964634266717e+01 3.729111493151625467e+01 2.808054509446176894e+01 1.253738046306943410e+01 8.366560591336588359e+00 1.900003932712133636e+00 -1.396695756146869982e+01 5.809644815066056012e+00 -1.135792687532847012e+01 -1.401524327789512192e+01 -6.090059355237727345e+00
-7.936746563086012785e+00 9.147357043097909468e+01 5.479861513473455403e+01 3.039033468321909126e+01 6.692031769329489066e+00 7.579326693556540206e+00 -7.621404392178654508e-02 -1.853082394775773523e+01 1.154850669416714304e+01 -8.302210232076676633e+00 -2.955969742503527620e+00 -1.401794966770940576e+01
-2.331287504495034302e+00 7.286260875170083295e+01 4.093436467155308378e+01 2.773737744767424829e+01 1.628104148487398106e+01 3.368181834804084396e+00 4.438827768393704964e-01 -2.097491851596352319e+01 7.261387361625096126e+00 -9.589053119847200435e+00 -1.033302668114249734e+01 -1.619587138088612432e+00
-2.436324794823879358e+01 5.917650566337522378e+01 4.148894993635286710e+01 3.397596818037902011e+01 2.215445601507825657e+01 8.854747651545469722e+00 -1.228914539252989968e+01 -1.888051165346938376e+01 1.076942500138020975e+01 -1.261510587479163448e+01 -9.400554212897628048e+00 -8.792712115527230310e+00
-6.742526170366771510e+01 -6.840742270032598071e+01 1.085524142442008255e+01 -1.412593598379469384e+01 -2.783939073420050647e+01 1.644264787628108593e+01 -3.716323398366957775e+01 -1.392554884156371031e+01 2.159200589534501091e+01 -2.176859682924401085e+01 -1.645595401151217274e+01 -6.125416616499549605e+00
-2.928112695581016567e+01 8.918278444585858722e-01 1.387832264042458519e+01 -4.404602085306738957e+01 -6.700721734695922294e+01 1.937379330248879938e+01 -3.811927197205226747e+01 -2.618545865091187608e+01 1.169093944612932390e+01 -1.960284018672726347e+01 -2.160362720357807120e+01 -1.329328428269406004e+01
9.216854307329549556e+01 1.475872134458078300e+01 4.495824045143676528e+01 9.129853461241973278e+00 -2.707630388931838539e+01 1.951892696464349086e+01 -1.351301997318359938e+01 -1.836392270300137852e+01 4.972074434702562939e+00 -1.787315455176093337e+01 -1.299228917233898528e+01 3.784975855533411426e+00
7.982623021034578414e+01 3.811756277766130907e+00 4.229449702864457095e+00 -8.797726155401203840e+00 -1.856849523102203747e+01 -1.247078798694083446e+00 -1.273674304803738888e+00 -4.642036638706636964e+00 9.894485625853750577e+00 6.224553452978435431e+00 -6.252412573834320142e+00 -4.349319667299700320e+00
1.253447321862643093e+02 3.061080293149075970e+01 3.270222605758471701e+01 1.899932783512991463e+01 -4.241591699583950259e+01 -3.169043101550879982e+01 -1.324087045393509854e+01 -1.956854224382683327e+01 7.787859725776913322e+00 -7.163582010935368061e+00 6.834751120570157212e-01 -3.476664158341929323e+00
1.039590902672865411e+02 2.120893628083359062e+01 5.093728354480792575e+01 2.037480594566326175e+01 -6.786572103206796669e+01 -5.424350565395423729e+01 -2.507706583516448617e+01 -2.458849624253604560e+01 5.514398283250321775e+00 -5.149751650321531926e+00 -1.667845483279644725e+01 -6.608522889482078000e+00
8.755839447822418720e+01 1.384659114109037148e+01 4.164053836693636157e+00 -1.051389916069227226e+01 -3.163766403306082253e+01 -2.504429777860627837e+01 -1.814223512611862077e+01 -2.115204621974712040e+01 -9.575759961334043169e+00 -7.691990656092345446e+00 -8.561854181225777793e+00 -3.669588738544674378e+00
1.008736934649214732e+02 2.210954431547930454e+01 6.343263272519024554e+00 -7.590923863761393164e+00 -2.272583680011420171e+01 -1.326194977402008313e+01 -8.609000394860373717e+00 -9.027546863202527305e+00 2.414758209334094463e+00 6.389577214783001224e+00 3.097568847436062534e+00 -6.072170027735257491e-01
1.282629453854524115e+02 4.047941279392006209e+01 4.575184297840080205e+01 3.893690962192003013e+01 -4.999029998343755921e+01 -5.326881422101023134e+01 -2.047847016880366766e+01 -2.204852939351992447e+01 1.935139373571517041e+01 -3.765674417247048655e+00 -8.428070432832953429e+00 6.024162524727573853e+00
1.103272351942327987e+02 2.688925058358915976e+01 3.068127744113147770e+01 1.520982047744912080e+01 -4.428693179367911625e+01 -3.921238441787382101e+01 -2.074668726244453509e+01 -2.027663436283246767e+01 3.897248051116141809e+00 -1.420689117362049814e+01 -1.249894045279828170e+01 1.960307892898640603e+00
9.770307146468636006e+01 1.598304125311882729e+01 4.916447702358742511e+00 -3.729369092564227994e+00 -1.668635882625567746e+01 -1.510245474796057508e+01 -1.354881924656961800e+01 -1.269708058862391731e+01 1.407567266726332367e+00 -1.642419158081889208e+00 -8.306300345636984162e+00 7.961983135969674663e-01
9.157774852150889444e+01 1.608314156789970895e+01 5.610020194600551235e+00 -7.015464159383972387e+00 -2.143606919459355709e+01 -2.232735940051165713e+01 -2.589565257087805961e+01 -1.792964662001634579e+01 3.136337991808853420e+00 -5.947443418361257450e+00 -1.017763565668841963e+01 1.094486342280803992e+00
1.054691583185243644e+02 3.302380950449825292e+01 1.316899326198796594e+01 6.703894091487441642e+00 -2.360449745827876455e+01 -2.587868463328433322e+01 -1.377125538618497913e+01 -1.062414115704875783e+01 8.141963508555503992e+00 -2.858106414278011087e+01 -2.432590485278319292e+01 -2.551908007688290514e-01
1.229568793534086950e+02 1.156642645740391373e+01 1.965405054204721935e+01 1.591942900395795490e+01 -2.977060448695250372e+01 -2.417499476680576009e+01 -4.611145654097101421e+00 -1.936967987750764664e+01 2.563933210806964169e+01 -2.948320290059449533e+01 -3.547587761379196536e+01 -2.970396475362039101e+00
1.104044823216522389e+02 -5.182372202040660625e+00 3.155469176964047762e+01 3.599310062311693059e+01 -3.067063197316171497e+01 -1.329923325325130712e+01 -7.059741248590535534e+00 -2.070616624976536002e+01 3.414909669221356836e+01 -1.059251721329686191e+01 -1.028327318881042629e+01 8.126499813468456068e+00
9.596981421115226851e+01 -2.851443566496512716e+01 8.960867962434923228e+00 2.730154187753316108e+01 -2.346385668603593189e+01 -7.672113715584954363e+00 -4.361553035133520950e+01 -3.216947860296647832e+01 2.897307887257966641e+01 -3.581034683083655068e+01 -2.667171815404947210e+01 3.250004035507111144e+00
7.364694865095715670e+01 1.446818908898372769e+01 2.250973565603900184e+01 1.645358803256914371e+01 2.117021880805029177e+00 2.952976717862798139e+00 -3.858339068613182832e+01 -1.844435901532454380e+01 2.116984085218987133e+01 -3.250117881616628779e+01 -3.236343704852119174e+01 -4.662189164468633962e+00
8.232223079402639598e+01 4.856225935153490525e+01 2.014495681789275494e+01 2.193103560108155037e+01 1.046032482874019820e+01 1.137481053367996209e+00 -3.068616579567731151e+00 -7.599693223915973128e+00 6.130672235329414299e+00 -1.941374115898854313e+01 -1.377332792616580370e+01 -9.821925567915595678e+00
8.273178828560892839e+01 5.190491333222861670e+01 1.970887771222564311e+01 2.492452240170930367e+01 8.073760882000648564e+00 -4.488090100579029240e+00 -1.813438606059603053e+00 -7.376834649448893444e+00 5.037297835933330248e+00 -1.835321498163041909e+01 -1.310893279541609857e+01 -9.602134096517371376e+00
8.717219334360453331e+01 6.169549226084561155e+01 9.137955314402862683e+00 3.866536278260735315e+01 1.221206117275878711e+01 -3.227843112887560650e+00 -8.412405906222204521e+00 -2.832422566799415620e+00 2.096931057732374271e+01 -7.998367224429611788e+00 -1.709683392734164187e+01 -8.654006801473212107e+00
7.365600873294377493e+01 7.302493044965973468e+01 2.966954320851268534e+01 4.237794054789431897e+01 1.666029114908007358e+01 -1.996388231119680512e+01 -1.235576254600976043e+01 1.178338646782457033e+01 2.977744420216204446e+01 -1.872302207095957982e+01 -2.025849234355872497e+01 -2.234956449087038166e+00
8.397979442183552123e+01 3.945393590177321386e+01 6.433940615665748375e+00 8.304784604703563389e+00 -4.685361194165795773e+00 -7.627895905485582162e+00 -1.139112386348821460e+01 -1.443301981845590021e+01 -1.480191037023351308e+00 -1.588807426039671000e+01 -9.662399901103043476e+00 -9.406968090400081195e+00
6.046955540357028269e+01 6.854651449261110940e+01 2.135529234404156895e+01 1.922024459516524075e+01 3.757256192713425591e+00 -6.996924064606785620e+00 -8.641277270253846510e+00 -2.172670444721391192e+01 -7.450820251642473302e+00 -2.022711776976782261e+01 -1.597014089542720505e+01 -1.157517527496319332e+01
3.242195823350033379e+01 8.151381744164243059e+01 3.185978040906154973e+01 2.176655179378391125e+01 -7.174137849591893712e+00 -1.391756179839122431e+01 -2.634417009840546164e+00 -1.163591219500774265e+01 9.032204303635808174e+00 -1.164264614744107362e+01 -5.013594766291017635e+00 -1.553210930502158194e+00
-5.480720402782722545e+00 3.267556381573182023e+01 3.346092674719392335e+01 3.025144553496404853e+01 -9.946252709687064097e+00 -2.419669197184322584e+01 -1.579804324799859749e+01 -1.792043764675605289e+01 4.930599484212255135e+00 -1.566288086768138044e+01 -4.811209145088712447e+00 4.490237433133138722e+00
-9.128249005595185395e+01 -6.071066308412412837e+01 1.594959511924676043e+01 1.591412460701863552e+01 -6.527244946112567447e+00 -5.420196866339610509e-01 5.368136716898103344e+00 1.069799907749541745e+01 5.602434969135278209e+01 -1.868680277004583701e+01 2.491968534935754320e+01 1.427398721367449497e+01
-6.490938863324214481e+01 -6.323758646811882755e+01 5.919174792523152462e+01 -1.562994283732757239e+01 -9.905419280411706495e+00 1.273173535888455632e+01 -6.248949403151655702e+00 -6.215612221838926033e+00 2.492523563544045118e+01 -2.196943429016637239e+01 4.431441389792128760e+00 6.773526999144113603e+00
-1.047387798550730054e+02 -7.607358389485932548e+01 6.933232067147415023e+01 -8.194986273711332814e+00 -1.118562015003922916e+01 5.754769942854405684e+00 -1.273745400713677078e+01 3.428879577195265149e+00 2.714305854078219937e+01 -2.026987381047052850e+01 -1.025450963713807440e+01 1.436428663656880289e+01
-7.342566443013272703e+01 -7.771163002143532594e+01 5.055810287120432633e+01 -1.967924573881056016e+00 -1.396639962848155214e+01 1.786799773762336230e+01 -1.744639350370209030e+01 1.743419801394127111e+00 2.446310950683309571e+01 -1.617296467740010968e+01 -2.948672019880611117e+00 1.078094840127205423e+01
-1.502706513949850660e+02 -1.085378596038937928e+02 6.583765138017449203e+01 1.318822360252390169e+01 -2.870064605405012959e+00 9.842917586803645591e-01 -1.599525346163255790e+01 5.437055926422278418e+00 3.134471917322451162e+01 -2.462833754362543104e+01 -1.168177062631291463e+01 1.677182406366951639e+01
-7.568921910308242218e+01 -9.011100003433922723e+01 6.548286178987007133e+01 -5.152613317506103741e+00 -8.317022827713545396e+00 9.961217977949855751e+00 -1.475177330465090364e+01 -2.597634051097180041e+00 3.455325578346452886e+01 -2.833478793359828174e+01 -8.396039516137928871e+00 1.976310115235005327e+01
-7.033209611498165259e+01 -7.737974192757027936e+01 5.589793143298412303e+01 -5.554485290598387692e+00 -9.941957892409511999e+00 1.314195567119087826e+01 -1.558997250244509836e+01 -4.184669066075871413e+00 3.283742536807245926e+01 -1.757777276504834418e+01 -1.326674385275988577e+01 1.532812946029935297e+01
-4.271176206362410710e+01 -9.559357681444592458e+01 6.158089695883113279e+01 -2.216175065684011347e+00 -2.995575998107872451e+00 8.672971606648490095e+00 -1.649813580198417284e+01 -9.095461686984296357e-02 3.450392069014682761e+01 -2.777065376699142618e+01 -7.996534589224557621e+00 1.648520428459034548e+01
-2.208486494144467471e+01 -1.023290570047336985e+02 6.768537907337139359e+01 -1.410708509022394352e+01 -1.185316303315486053e+01 -1.485634711510480521e+01 -1.651205210119623601e+01 -2.682670433092426876e+01 2.047434227518063921e+01 -3.752008218498634307e+01 -3.060613656410803429e+01 4.763407452226488203e+00
-2.962549787849501115e+01 -4.948393699691850856e+01 6.353064575472605213e+01 1.999872404721800478e+01 1.268159947576955826e+00 6.084117188070205628e+00 -3.072324601412261558e+01 -7.313150800061926304e+00 1.884496827580748501e+01 -2.235021685433164151e+01 -2.496612149663763702e+01 4.224359915194291659e+00
-8.370723340411629465e+00 -8.914990246222212988e+01 8.937836964624779057e+01 -3.831222130498238343e+00 7.982606958069504266e+00 -3.245867838288312868e+01 -2.844434260129591507e+01 -2.027739370534084173e+01 2.294626128734081050e+01 -4.501547433427791134e+01 -3.881049254061723275e+01 -7.219795570737380430e+00
-2.008268897097724448e+01 -4.068236851075015181e+01 6.302044449892218836e+01 3.331882704756160507e+01 1.970385047438784909e+01 2.574410094419530282e-01 -2.535561137924257480e+01 4.824179030248247457e+00 2.386344428592040856e+01 -1.895817935850021030e+01 -2.293883994942257232e+01 6.028328041595703013e+00
5.638023230922572182e+00 -6.143094638173194255e+01 8.587591370141194602e+01 1.459584276728406849e+00 1.443294171474631682e-01 -4.124429453163254777e+01 -3.462815042809324950e+01 -5.994990515774145656e+00 1.798305463390588699e+01 -3.725061858920765445e+01 -3.948303473350185300e+01 4.572222313956513240e+00
-1.414466164840263041e+01 -5.169907092143506588e+01 1.283333504107636145e+02 4.017836199998389191e+01 2.849810946238307707e+01 -3.110699841124963072e+01 -3.315596165184044963e+01 -1.036532026463416400e+01 2.810353454417050756e+01 -2.321075032215301093e+01 -2.623042234915429560e+01 -2.869417949384067690e+00
-1.966184474934003390e+01 -4.424754732804889557e+01 8.028745400099464291e+01 8.531076543023694114e+00 -7.249156400470314843e+00 -2.810494594197043128e+01 -5.055889029645773292e+01 -2.354704521590635480e+00 1.953710699472845391e+01 -4.561455874690784640e+01 -5.513055821150936708e+01 -5.725917331281618949e+00
1.008853348925422999e+01 -5.601026499817163540e+01 9.588104958939004518e+01 3.140970574576756746e+01 3.872965498460148126e+01 -9.703969498513945524e+00 -2.400433657932641651e+01 8.435548653294244303e+00 1.981738183292599587e+01 -3.086044191591550145e+01 -2.159430666451958558e+01 1.027929589711541070e+01
4.847456626991606399e+00 -5.707120863134238675e+01 7.082689172203004091e+01 3.741216914309274166e+00 7.383684091854344267e+00 -2.144984474310084721e+01 -3.786574757952141823e+01 3.143094539385697495e+00 1.817659789669927761e+01 -2.830176303064200027e+01 -3.443970773089823467e+01 -2.387406334799871743e+00
1.595686580249456199e+01 -6.295996314738101063e+01 8.100060204666394270e+01 2.188853780379541902e+01 4.696634312760647845e+01 9.852894206992317550e+00 -3.164658966507141002e+01 7.499689586503757166e-01 1.876827517924147060e+01 -2.614306404152786811e+01 -2.387720197997935756e+01 -1.338438027915787032e-01
3.217410849110399340e+01 -5.613613024126952666e+01 5.782313880279475882e+01 6.872955001501002137e+00 1.234351290311577465e+01 -8.745257901659668320e+00 -4.452910872002497200e+01 -4.009174745696764575e+00 1.351396882846022862e+01 -2.227757913695776537e+01 -2.626531380080088240e+01 -5.225237987511013316e+00
-3.505570548381919593e+01 -4.060961155187843730e+01 1.047291093310059864e+02 5.468200247781713585e+01 -1.843427011686821437e+00 -8.365667811843955803e+00 -3.220710474558761405e+01 -2.034701921269729752e+01 -1.325193486688949429e+00 -3.020242455316801156e+01 -2.034314202724911169e+01 5.824286798179622693e+00
-6.943450844146927636e+01 -7.151358472475016015e+01 1.085674697537282043e+02 2.977247937309629222e+01 6.538583035819249822e-01 -2.353615263909815525e+01 -4.238531607592301498e+01 -2.051203700524715146e+01 2.272330736020690622e+01 -1.746207238362101322e+01 -1.894292616059891543e+01 -1.754908141438623659e+01
-9.389054155236813415e+01 -6.219377123143674169e+01 9.124353940034839638e+01 1.855347919161300041e+01 1.209721905408281195e+01 -4.032163166943506738e+00 -3.260135380096863145e+01 -8.672717343041838944e+00 3.002367536728647224e+01 -5.483595016907055530e+00 -1.840610180038441968e+01 -1.580454924958021579e+01
-6.035438122345448164e+01 -3.258107368653520552e+01 5.366640758207276463e+01 8.974864520328281969e+00 -1.266692608669146836e+01 -1.434283134300541462e+01 -4.381473090518876745e+01 -1.365133486691384235e+01 2.659359821768365251e+01 -2.268719963648120341e+01 -1.923229036067175457e+01 -1.417750709048387137e+01
-6.547949706690766902e+01 3.117686390856883705e+00 5.666092248157099220e+01 3.343579308692104490e+01 6.512014907467392533e+00 -6.310131811651695344e+00 -3.056580446365389747e+01 -8.263735000942876496e+00 2.953790014033289779e+01 -2.189508180580549279e+01 -1.615558107590114290e+01 -4.953123904038398528e+00
-7.907436996371228588e+01 -1.058357357007254862e+01 5.820377185030868361e+01 4.075040464545641328e+01 1.607088254465671184e+01 9.086402645440976755e+00 -2.726241780040314922e+01 -2.093728728811123574e+01 2.031605856750506689e+01 -1.194630382264501733e+01 2.486052703563347066e+00 8.155549013913084622e+00
-9.747505610346611604e+01 -2.459507468224735760e+01 2.173252125562984105e+01 1.915202169747134064e+01 -4.610363082209680385e+00 -8.082227876895755614e+00 -2.623924984638379954e+01 -3.782179224284566210e+00 1.259872122345197099e+01 -4.401077118130260146e+01 -3.012568807272715787e+01 -1.366064556378242756e+01
-9.109700436595804263e+01 -7.538765648938587027e+00 2.671301821331982040e+01 2.891845670242727095e+01 1.690106385078459539e+01 -2.651816311799334969e+00 -2.602936271402030854e+01 -5.642166198307146274e+00 2.452778706357762317e+01 -2.855073234495367274e+01 -5.817999282831259222e+00 1.267318939618340501e+01
-1.096444776462402046e+02 -4.633004816192323183e+00 2.954850691691864739e+01 2.219556276599063338e+01 1.108192939539898347e+01 -1.827590916184741676e+00 -1.214574739492983291e+01 -1.185980871061960684e+01 1.871344402991873324e+01 -2.091989368895387713e+01 -1.738447884954826606e+01 -1.634174212062125520e+01
-8.421098505423934455e+01 1.128146323240072846e+01 2.562176614121934293e+01 3.111217195289531645e+01 2.803546305150620199e+00 -6.133237818656282592e+00 -9.199819893394641568e+00 -2.352242933676648828e+00 1.719229154722154362e+01 -2.577071940747336498e+01 -2.009763172595627623e+01 -8.532771111642640349e+00
-9.141474433038828806e+01 1.907665240745419055e+01 2.312671987171310306e+01 2.773856564726743557e+01 1.788278675209947721e+01 -2.108103700922844048e+00 -9.017240581969684143e+00 -1.095190862102433904e+01 3.017713853578927541e+01 -1.771923267194190021e+00 -8.321792103303780053e+00 4.822559066249574755e+00
-7.432912495363993344e+01 2.325887034428145128e+01 2.517099775453504051e+01 2.554287147305883110e+01 6.650698874227197743e-01 -5.572964604466783101e+00 -8.786009576010934907e+00 -1.467630466144863099e+01 6.709378130591602485e+00 -9.211985138866101153e+00 -1.478784460382620480e+01 -2.194850330784324566e+00
-8.435622468291461473e+01 2.045044504088205883e+01 2.686739619346315067e+01 2.150058560416541198e+01 1.287635442214342518e+01 3.822123618433788117e+00 -9.472957578654641608e-01 -1.387528127238359588e+01 1.031727657721815028e+01 -1.468019525649842905e+01 -1.056700034236227204e+01 -1.434139261896789108e+01
-9.143010571043825507e+01 2.599985623581729044e+01 1.719455993474996092e+01 1.352600109357721792e+01 1.501217043358918879e+01 5.791271170826582271e+00 7.947702173328814901e+00 -4.689397143613598828e+00 1.881416518487548473e+01 -9.148134012206030619e-01 2.211425212300561327e+00 -4.730358707479334512e+00
-1.202148685986364569e+02 -9.035347095889852298e+00 6.264711837745982059e+00 1.069589915348969100e+01 9.668081079875705086e+00 8.538913983826361687e+00 1.037789601465267886e+01 1.985931178856133794e+00 2.615030674609927885e+01 -3.153183185847961312e+00 -1.161226325918951474e-01 3.979903967480781013e+00
-6.934287100504572265e+01 -8.141348279648251207e+01 3.040987519346274226e+01 -4.145375953423626925e+01 -3.920830275720538882e+00 6.183465784129873022e+00 -2.137765776648093308e+01 -3.132400733696173845e+01 -1.173198144771769691e+01 1.623812227251524742e+00 5.788264216245887717e+00 1.870032334027841614e+01
-6.383390883229238710e+01 -4.234191425338224235e+01 1.520236070255745631e+01 -4.685252599201974988e+01 -3.897720836562831526e+00 -8.463068268010772499e+00 -1.462413149204201801e+01 -2.911596701135906073e+01 2.813619291899391328e+01 2.134077188324188512e+01 3.036215341483809382e+01 5.599930974638507308e+00
-1.509302581605890055e+02 -1.017835017118889880e+02 3.396079899145594538e+01 -2.082631923949597663e+01 8.696231680830610600e+00 1.243387029318042991e+01 3.481423865606505075e+00 -1.948368802262588062e+01 2.869497082286568457e+01 1.983676168882391977e+01 2.316911731277038555e+01 1.578273311539060231e+01
-9.715792451145605924e+01 -7.887111176407231028e+01 1.412105440434436154e+01 -4.792299998017308837e+01 -3.205973269704695205e+00 -3.531562522874666321e+00 -2.060364814263442668e+01 -3.905195326648171061e+01 1.106997987794528271e+01 5.472347039867435647e+00 4.990348896981970483e+00 -5.617020199408591097e+00
-8.293383102715773703e+01 -6.954181114185924173e+01 3.867652220957887010e+01 -2.790345056040887783e+01 1.224361950032755431e+01 1.141154998099451845e+01 -1.192610477466478081e+01 -3.693632473746629330e+01 1.105655958176950904e+01 -1.950601230777583073e+00 9.892946093085271286e+00 4.529472037726483435e+00
-8.546685377280999774e+01 -8.436533783196320258e+01 3.757618295236623851e+01 -1.779715417647905795e+01 1.195713567719369408e+01 6.618025343803843441e+00 -1.142151750607130722e+01 -4.054206881921736283e+01 2.146560302482617999e+01 1.480644915211936663e+01 1.286651910552551570e+01 2.594527194730138486e+00
-6.036114705310968276e+01 -7.975664010677695615e+01 3.776792129858671387e+01 -8.885417312611687990e+00 1.192204431431253653e+01 3.146284288970330856e+00 -2.984891372589827796e+01 -3.162809252992887465e+01 1.717244945202700990e+01 -3.559582755124236497e-01 7.797105313100283208e-02 7.674158899176147131e+00
-3.688893821863723588e+01 -7.712027608197902850e+01 3.983271509923921627e+01 -2.340625082170954840e+01 1.159680366528305306e+00 1.893264610967977601e+00 -2.263745292016646005e+01 -3.147520908004331019e+01 1.467953452593532049e+01 1.123608626665492771e+00 9.499555907758782780e+00 9.151058123033866565e+00
-3.941450105148148708e+01 -9.320942450438863602e+01 3.436270539136795321e+01 -1.556331593567797711e+01 2.180935115540274438e+01 2.650981904129275790e+01 -8.365201949102825552e+00 -1.454884336717914195e+01 3.490947868208182570e+01 1.522727230113138042e+01 1.379552350542171268e+01 1.357856346877941434e+01
-4.661267924468681656e+01 -7.771987730623496304e+01 4.911529633918321025e+01 -1.587026445497511951e+01 1.986968874595999068e+01 1.581946313534255033e+01 -1.918424593267627642e+01 -3.413192077549723535e+01 2.273988884652411713e+01 7.815615013420933010e+00 9.013766048324928448e+00 7.952754496350134872e+00
-3.763431069164575149e+01 -8.575426686188930603e+01 3.179461398192115240e+01 -1.158898224333155724e+01 2.203310225852203885e+01 1.479966671557304636e+01 -1.883100764892768098e+01 -2.095414201832095813e+01 3.450191362938438999e+01 1.225707528380693745e+01 8.643258054927539291e+00 1.625143099258424684e+01
7.395816785995750209e+00 -5.712535790220129428e+01 5.052422194626085172e+01 -1.080106158026373642e+01 1.251249850218588655e+01 1.602852530492421579e+01 -1.750579920338995521e+01 -3.961382749393582969e+01 1.221975284399083606e+01 -4.211578969158328967e+00 -1.696456992494787031e+01 -8.161998919137772646e+00
1.075823280744869770e+01 -4.334445301278684326e+01 6.978517208752924716e+01 1.510242362392465765e+01 3.066098787780718027e+01 3.488969147811982907e+01 -1.147863073831062408e+01 -2.315115190006978807e+01 3.739796147215254507e+01 6.820530390074415195e+00 -1.288476735448161747e+01 -3.112434195198040765e+00
9.206539929088057850e-01 -6.029219189522832778e+01 6.296301690402766127e+01 1.318283903146200231e+01 3.108744110609631051e+01 2.385669048022262828e+01 -3.373938333388340283e+01 -2.116798978913338658e+01 2.574003845351047914e+01 -1.235906687404135518e+01 -1.578198929617105151e+01 -6.899697235922932492e+00
6.503855720746384961e+00 -6.083067198595048808e+01 5.219497185701506226e+01 2.196524646573077177e+01 1.821858087600237752e+01 2.226030856818156423e+01 -3.366050512085548974e+01 -3.881684213540405892e+01 1.624471324886052059e+01 -7.213394317256783594e+00 -8.963088658381090923e-01 7.787055794936315500e+00
-9.582174183620120189e-01 -3.885099794879720037e+01 5.958247383596504676e+01 1.944263767909253593e+00 2.747195839860402344e+01 2.630130427001957116e+01 -1.934822417234465775e+01 -2.155351320794834180e+01 2.382994875325930195e+01 -3.541965505864955510e+00 -3.373546943990271885e+00 1.728323156469833144e+00
-1.247887493148332538e+01 -5.199074349530564376e+01 3.813100280408990983e+01 1.220557682405029709e+01 3.400162172837819696e+01 3.546401114482862482e+01 -1.567106270381015776e+01 -2.927500479206317863e+01 3.149841650455476127e+01 1.670539158580361772e+01 1.755312810442843929e+00 5.638776696966916191e+00
-1.220096276175067018e+01 -5.952343548170362197e+01 2.647887972783772881e+01 1.816153574055968534e+01 1.446262017007221168e+01 3.258013857546747971e+01 -1.560777128127730862e+01 -2.737492430775144925e+01 1.944434782492831459e+01 3.764211810528119262e+00 5.500991428907044956e-01 -6.924617082795948342e+00
1.501787184874240344e+00 -1.097110580550705805e+01 2.083148124153015246e+01 1.186434075930327836e+01 1.170263792817916304e+01 2.954920522855090326e+01 -4.164639209651669560e+00 -1.748107126655578725e+01 2.115240225072996338e+01 -2.720397606527396484e+00 -9.670003980804274590e+00 -4.353591160963753204e+00
-6.570918378655367320e+00 -1.164093904830633353e+00 1.417960395535915197e+01 2.469881807770706672e+01 2.337199354238978799e+01 2.950865209580731374e+01 -1.468242541491194153e+00 -2.000044363015560478e+01 2.380751539779919312e+01 3.927670431513639038e-01 -4.016107637746390679e+00 -5.604830447177981512e+00
-2.060463386755599657e+01 -1.712290080776772427e+01 2.434193138588676675e+01 3.494203817598263129e+01 2.590017117786487688e+01 2.705841751246715532e+01 -1.071417362811293472e+01 -2.774253069631813062e+01 1.992633171715774765e+01 2.713515021093450663e+00 1.567735648277376015e+01 1.121702722325671786e+01
-5.430284532936478570e+01 -1.544930354052611676e+01 -1.261336870098713092e+01 -4.175800461691716592e-01 5.109038550952687885e+00 8.155329728966282943e+00 -1.257279248917240722e+01 -2.757090847695510405e+01 5.409119217645173450e+00 -2.054472447693671810e+01 -2.267747804866377592e+01 8.835890725351234209e-01
-4.721381922272168907e+01 8.720283498678025325e-01 -7.551174033862275703e-01 1.279694107818391480e+01 3.693446100992359504e+01 4.600466888896963980e+01 2.161054254660304252e+01 -1.486346988205136377e+01 1.617776042979044604e+01 -5.498672734596773415e-01 -3.546893086823465602e+00 7.579114363559757095e+00
