-7.141224786465571128e+01 -4.402077734270618237e+01 -2.373815126570552536e+01 -4.391660275181681072e+01 -3.260703307302041765e+01 2.738812252591586116e+00 -1.003080761713041369e+01 -1.485200390929362158e+01 -1.025120002413034825e+01 -3.003267622006861259e+01 1.480321122147054425e+01 -9.006720643708494123e+00
-7.374822676532451737e+01 -1.342955025193316487e+01 -4.568346265623599578e+00 -2.634865478539960293e+01 -2.911367548311768516e+01 5.913362867342354612e+00 -1.043701539069591888e+01 -1.086944288472711584e+01 5.765049041321592682e+00 -8.672284436559358767e+00 3.086775240820900734e+01 1.176478982521215322e+01
-7.615593958220421200e+01 -4.385848218763301531e+01 -3.681988140722378677e-01 -1.857104578810735163e+01 -3.029877968208642613e+01 1.236828436183770208e+01 -1.750170513481459356e+00 5.781550908707088432e+00 1.163627215157266193e+01 -6.450115323231388587e+00 4.458932019813344994e+01 9.669245201183349181e+00
-9.379870622721919915e+01 -9.526743954385341340e+01 -2.005534329133934435e+01 -2.961279244484191864e+01 -3.517788235634334626e+01 1.049638630088056424e+01 -1.051423584692713220e+01 -1.385726971662493767e+01 -1.345383436172408054e+01 -1.547487226763131574e+01 2.780237866163568583e+01 4.722690301407457270e-01
-7.825721772932374165e+01 -6.852406599950739974e+01 -7.283546219790975940e+00 -8.617111703114801458e+00 -8.416734309848695972e+00 2.079129587356491982e+01 5.925510375188427048e+00 1.159079876816158006e+01 5.613982096620798501e+00 -5.800845846394222072e+00 2.632422262180837791e+01 -1.347029218757473679e+01
-4.263924938281520838e+01 -2.592782078811259794e+01 4.424107594208249061e+00 -1.323320677688621849e+01 -2.026746856657324791e+00 2.241479798046582061e+01 -5.939111529117656829e+00 5.770408262676077982e+00 -7.394994855422649671e+00 -1.964298723148645109e+01 2.247072668639177095e+01 -1.360010727345618342e+01
1.560065068918765974e+01 1.054269948606130747e+01 5.036327589615165579e+00 -1.094762652933263070e+01 -1.445345616339544925e+01 2.150631377010995493e+01 -5.108463989695150254e+00 1.988795574159622959e+01 -2.265957641940568923e+00 -1.879549685372693801e+01 1.302915383247664671e+01 -2.425118805514453157e+01
3.301977164460804204e+01 3.695738178847976485e+01 -3.216148747418001719e+00 -2.202712728238460471e+01 -3.216344864058505237e+01 1.497691136135415269e+00 -8.490549080687612715e+00 2.718923460779247137e+01 4.826159037301162691e+00 -1.938658668770894522e+01 2.224732873754616591e+01 -2.756253494317256525e+01
3.812588145223732283e+01 4.109890297322938579e+01 -8.098608253928906819e+00 -3.285292838663887238e+01 -4.266972576171734488e+01 3.358815826156133610e+00 -1.126217743500969526e+01 2.520087267452911206e+01 -8.247670421171804378e+00 -2.306008617118401105e+01 2.702402866281722993e+01 -3.487006791668567018e+01
3.912651819883569715e+01 3.801281738060217208e+01 -2.471711939348700326e+01 -3.801852823334321840e+01 -4.673148526154739102e+01 -2.794042235798694485e+00 -2.212943141991878093e+01 2.200849257793549896e+01 -7.880459470350917428e+00 -3.360955309068803842e+01 9.348855828491558384e+00 -2.359159357537186708e+01
3.166182544222519368e+01 4.323467947383072385e+01 -1.721867181184796891e+01 -4.191485700580921048e+01 -2.973489573122594010e+01 -6.298339843814785510e+00 -3.354242458511667735e+01 2.664217734095098677e+01 -1.580815787355061808e+01 -2.458370708692119067e+01 8.015320099304869217e+00 -3.079569385465710951e+01
2.408846535516484977e+01 4.738591408085117962e+01 -1.022973789433889280e+01 -1.971726430173399081e+01 -1.728664363826938200e+01 2.056434164047226432e+01 3.879780576744241927e+00 4.392133601000448095e+01 9.928156049420280738e+00 -5.599373590521830479e+00 1.378426167481924125e+01 -2.966567753660831741e+01
2.122547180986519422e+01 3.248073896994301180e+01 -1.343015275783736939e+01 -4.284360561986502347e+01 -2.852588015463664206e+01 1.230677230424817736e+01 -2.571913955085703662e+01 3.439509310797232899e+01 1.484467097745986619e+00 -4.145169880215223657e+01 9.008685992723686198e+00 -4.356394227465958835e+01
4.029001408642566417e+01 5.786750217440357602e+01 -9.500322471596740925e+00 -1.608531200493479218e+01 -2.829468895123627448e+01 7.811767682042662031e+00 -6.414691742128695751e+00 3.875524231259409191e+01 -1.078638173275629164e+00 -2.510590640943616592e+01 1.644987812789313963e+01 -3.901355498423825452e+01
3.484614917976350057e+01 6.203474870094959215e+01 1.375400417453063184e+01 -2.201524869681455243e+01 -3.894220202185715607e+01 9.971508976865147034e+00 -3.752356119331592854e+00 5.419059941276602643e+01 2.446101006733751859e+00 -3.040747647355973982e+01 1.478452126888837270e+01 -2.855789968773841281e+01
2.708786147772617880e+01 5.827493186672046477e+01 1.798523193943395171e+01 -3.896184296475956188e+01 -3.346208088403962222e+01 3.701275076839731781e+00 -1.399437978924652803e+01 4.149642218981243502e+01 -8.070990764431938302e+00 -2.632728145760281890e+01 2.309941219704027660e+01 -1.593451098306995561e+01
3.201865280076766140e+01 5.406057713344569038e+01 1.637638821606087447e+01 8.079227019696169521e+00 -4.669749160922390274e+01 -3.235459653222221288e+00 -1.093473786781565060e+01 2.348000661524462629e+01 -1.043525506717100981e+01 -2.836662735717074213e+01 1.410487086003208645e+01 -3.608648142387750113e+01
3.692238414018061121e+01 7.027218583488165393e+01 1.750144931384664915e+01 -1.413339207857914115e+00 -2.118214382950594299e+01 1.646534184146546309e+01 -1.892741217363598594e+01 3.919984363821391149e+00 -1.206032548248323799e+01 -3.167203809531427439e+01 -2.378604265116412986e+00 -3.853009927075239460e+01
3.944483404906998203e+01 9.828770671662849168e+01 2.489646539611020160e+01 5.805502637621857254e+00 -2.188356956619367111e+01 1.065315123386080742e+01 -2.812588628268595414e+01 1.143468039932009006e+01 -5.713656648584087172e+00 -2.489494577828168076e+01 1.877192385759046189e+01 -1.304448493466690806e+01
4.572549000999352131e+01 3.323351042160550151e+01 -1.629013568049376914e+00 -4.257491961274427972e+00 -2.437427676179373748e+01 4.952716397755335898e+00 -2.722458754111109158e+01 -9.387324488574208203e+00 -6.417263485086603936e+00 -2.795009716531844646e+01 6.209270508781646214e+00 -1.151832510151394118e+01
4.982718390132343700e+01 7.661868012633097180e+01 1.712421575039963884e+01 1.151450943237526836e+01 -2.530106057492690041e+01 6.568977206914945910e+00 -1.804378425507056249e+01 8.673717869604271158e+00 -4.500893949524611415e+00 -2.713908324465474919e+01 1.158262903473332273e+01 -2.230949445591795310e+01
3.792810898889476334e+01 9.945169989041360736e+01 2.730086516070633706e+01 9.236535361070146166e+00 -2.710698244304122184e+01 7.675790799526324371e+00 -2.305139237394236673e+01 1.588175984087654591e+00 -9.639543185359734423e+00 -3.675927987750800696e+01 7.372365078363348978e+00 -2.069543433662226661e+01
3.935847933380071595e+01 7.723437231930734015e+01 2.983711920249436389e+01 1.474566413762473616e+01 -1.778879509545891580e+01 1.914979201444273116e+01 -2.455498926827163686e+01 -7.408083205460048504e+00 -9.073617613363298418e+00 -2.329544381879701831e+01 1.502703723765887389e+01 -5.001801338513965689e+00
3.538512346917693208e+01 1.256934061141038228e+01 -9.972378397388453664e+00 -1.871933926628609868e+01 -5.008762580647546514e+01 -1.994540620594099778e+01 -2.726633100774030893e+01 3.419374421634316263e+00 -3.546153719320570730e+01 -3.997255383868835565e+01 4.357941125349869438e+00 -3.790327006265957266e+01
5.213473871810954563e+01 2.618885245096387848e+01 2.672068360732850145e+00 -3.838480417666922051e+00 -4.038178444352870144e+01 9.730278680590979334e+00 2.225970722395218093e+00 2.419455608689910875e+01 -1.518253109191398309e+01 -2.139923182905881660e+01 2.046546570800512299e+01 -2.187703730669822733e+01
3.991732064595498741e+01 3.012736527137866105e+01 8.506772486025139912e+00 -1.877626701772226525e+01 -5.147739650083278207e+01 -4.559734119301097621e+00 5.985979303853289579e+00 4.454358329684119155e+01 -2.112939933462539344e+01 -4.815368170371074541e+01 2.100042843336826337e+01 -1.919848005166712568e+01
4.380786194367730957e+01 2.066641867582665881e+01 -8.776425046838499000e+00 -1.719800941704718866e+01 -2.938965452292855218e+01 -2.337680656767631149e+00 1.838382073506149794e+00 3.658489404327818306e+01 -8.933504522279532623e+00 -2.975312758843804772e+01 2.196432034638238306e+01 -1.667615841555150169e+01
3.868499250923674992e+01 1.162992464355139255e+00 -1.668202192823837393e+01 -2.456846242127186741e+01 -2.820456894996041441e+01 -2.292921246312970673e+00 -1.389848222897903085e+01 3.084625483572733273e+01 -7.384490287149045429e+00 -3.869052642343653048e+01 1.823066097015264120e+01 -1.614345194629777325e+01
3.783535228103150416e+01 3.879200636181140283e+01 1.980430318409531409e+01 -3.142904377457425369e+01 -2.425532414398700354e+01 5.001784336526373664e+00 -5.706465603765971117e+00 5.118488448963424275e+01 -1.239675436497568306e+01 -3.971538351653599364e+01 2.349905959222934371e+01 -1.578164096676740513e+00
3.975388484663380950e+01 2.204445174330260215e+01 -2.224995338494343944e+00 -2.432384465139822538e+01 -3.378050476079545206e+01 6.409143407303838913e+00 -3.766966066663261170e+00 4.382080240749236566e+01 -1.031056458773154638e+01 -4.826298243769606700e+01 1.930106594055481395e+01 -1.279798582123507700e+01
3.575901604462355721e+01 2.298787545318246472e+01 -4.307436285283333888e+00 -2.645081398498464509e+01 -3.090483392049698708e+01 -4.174976616219893799e+00 -9.534983964367976128e+00 4.207271590489075663e+01 -1.980548823967329231e+00 -4.064710576107697193e+01 1.640479407803020706e+01 -1.346175483744178081e+01
4.652807793453336416e+01 2.190398419180603895e+01 -4.530675347648344342e+00 -2.911324168634807918e+01 -2.489896181033736156e+01 2.730593866719856599e+00 -1.389405719342147094e+01 5.642483497608672849e+01 4.052747431676795742e+00 -3.060549411393295571e+01 2.465576724013196497e+01 -1.479420435111724075e+01
4.123754717505835288e+01 2.513020527334214194e+01 -2.548847052608596009e-01 -1.870996055664714319e+01 -1.843735892693361222e+01 1.107785958637788326e+01 -1.328771460403677196e+01 3.491322862801825977e+01 7.520165159934470545e+00 -2.648248050528609809e+01 1.877260770119659128e+01 -1.724483417941688401e+01
3.662574607018122919e+01 5.965973988660677207e+01 8.384379437386558109e+00 -3.031323874253196138e+01 -4.699413239628264449e+01 1.335231921927673815e+00 8.264201826487717284e+00 5.806504093662864818e+01 1.349716930236629864e+00 -4.460239566460407445e+01 2.327676102564419836e+01 -2.426006675672367408e+01
3.466165551078425011e+01 4.493842850935989475e+01 -1.406739889803005283e+01 -3.256553755434995878e+01 -4.795249246666068643e+01 -1.437253347240607759e+01 -6.940329443025529343e+00 2.499503447073557183e+01 -6.197979200722833149e+00 -3.135467586608777779e+01 1.094796066424567726e+01 -3.031448734004925072e+01
5.676933909818366430e+01 6.081551912706242291e+01 6.427862184036047921e+00 -1.105121215806026136e+01 -4.167629805089566730e+01 -4.596940723792082295e+00 -6.771214266657731962e+00 3.343055974565181288e+01 8.503560752412820278e+00 -1.155779980271197260e+01 3.900404770957258904e+01 -6.972976337223718346e+00
5.182254787358411363e+01 7.079388398305363239e+01 1.147483070619766465e+01 -8.459732064007015495e+00 -4.531567322368584882e+01 -1.406030603754810215e+01 -1.129655561917181217e+01 2.083318094703034973e+01 -1.084843644537349050e+01 -2.338018359404893687e+01 2.468929421924196177e+01 -1.377758099515753543e+01
5.677773034593030843e+01 8.695075901387382089e+01 2.679095745504719517e+00 -1.935925693109193269e+00 -3.756634663093541349e+01 -4.095251386640205382e+00 -9.026256915536862380e+00 2.028855269126348304e+01 8.342826477381061423e+00 -8.560395440978592063e+00 2.866375678740373445e+01 -8.697690703708655491e+00
4.191839339705441603e+01 9.172250359555276589e+01 1.683685691232557247e+01 -4.358937194826054906e+00 -5.056443217785513866e+01 -1.959867698381272305e+01 -1.395394964976169305e+01 6.143874434553790564e+00 -3.360161105385814473e+00 -8.929686098559905361e+00 2.658254249863786356e+01 -5.096897320830315437e+00
4.539403496137710192e+01 5.413619543183972382e+01 -6.285096464220335299e+00 -6.633677539662920175e+00 -3.281571385564745214e+01 -1.570677317473477785e+01 -2.477691037549985964e+01 -3.225083721788461588e+00 -7.226599960226378627e+00 -3.953018240605017830e+00 1.696942170496238234e+01 -2.293250323021597481e+00
5.377188925562057875e+01 6.349310096815769100e+01 4.472050956186452986e+00 -6.354323375837932275e+00 -2.824762096636345632e+01 -1.040929359079362548e+01 -2.708467587621312589e+01 8.014949694152338822e+00 3.917981099623307095e+00 -7.756672133699164640e+00 2.445169021822177768e+01 -4.333155507684939067e+00
5.848732165445158415e+01 9.699631664353107396e+01 1.872963135252226152e+01 -1.566075243041509601e+01 -3.902057284465388420e+01 -3.714627906440345129e+00 -2.422621618233394614e+01 8.865653835201211308e+00 -5.406345158723089739e+00 -5.318923653808285579e+00 2.559541732787998924e+01 -2.065948660362190381e+01
5.432054842928586424e+01 4.464105732549942473e+01 -5.260972098615446235e+00 8.744354080639125115e-01 -1.488341342016550328e+01 5.987653097651364220e+00 -7.827586273590660504e+00 2.090614054416366940e+01 7.470213526747979671e+00 2.204980011796803474e+00 1.716742341064130528e+01 -4.861229924709948413e+00
4.134592468097118001e+01 7.240681266171255004e+01 1.049966234581331648e+01 2.501322092084488524e+00 -1.938440329776186388e+01 3.098349109775631494e+00 -1.341078553652243244e+01 2.548568241724402128e+01 8.800656917798226786e+00 -5.082350790496874993e+00 2.906406553310148411e+01 -1.736146823494148350e+01
3.394084465790223959e+01 9.321129512471834744e+01 3.236829599136632396e+01 2.084476629621368815e+00 -3.519516796196937491e+01 -2.519608585164232473e-01 -2.175298391905391782e+01 9.306064496290613164e+00 6.137157701460035142e+00 -1.248678442547890732e+01 2.078364098797888104e+01 -1.229624520659749010e+01
1.325844989827868048e+01 9.081965490886213388e+01 3.748833002309949336e+01 1.168435685473036756e+01 -2.695476611012316681e+01 -3.003915350545119711e+00 -2.977043095117052118e+01 9.914152450575969056e+00 1.150109384250540323e+01 -1.477060973563265733e+01 2.451859806207934156e+01 -1.136146346447094047e+01
7.962839363440438412e+00 6.617428017622768266e+01 -3.506678666396767952e+00 1.063472184069115833e+01 -2.275646784554342617e+01 6.363495331221946216e+00 -1.129358574401444670e+01 -4.045304293375587612e+00 -6.167197314582718803e+00 -3.088628661627467054e+01 2.578352196996506862e+00 -1.775994742277732996e+01
-2.254474173756617716e+01 8.665228302189413512e+01 2.114769089239310063e+01 3.873263108834282775e+01 -2.415354798529219948e+01 1.364555100524085063e+01 1.450544239467257412e-01 -2.114766711951926226e+00 8.740340566849230441e+00 -1.690309551674435795e+01 -2.964897338869208809e+00 -1.328418856431104089e+01
-3.496860686430573395e+01 6.000039109431776296e+01 1.960548504567545702e+00 9.913651617952691453e+00 -3.848738137839793438e+01 -7.540489941969941157e+00 -1.271577036063977673e+01 -3.039418035379609861e+00 -9.630782831070978656e-01 -2.484869190799968663e+01 3.631456585805122650e+00 -5.552515779725530898e+00
-2.141697003909089858e+01 5.180120945670057608e+01 -6.401573863094850658e+00 2.646332594333735955e+01 -2.722633907925811414e+01 -1.556588329807689242e+00 2.426666707657709754e+00 6.524862398910456385e+00 1.078905008445955716e+01 -8.115031818372576922e+00 1.357044842178330057e+01 -3.714502005075531077e+00
-3.629455658451614397e+01 6.059988020476355786e+01 1.734562530655442458e+01 3.854894670983832583e+01 -1.860066998421162054e+01 1.467666924417029506e+01 -3.011434977921140010e+00 -4.019584251247698248e+00 8.571486783274282928e+00 -1.245319179970632106e+01 9.666186641021916159e+00 -5.675224960295510712e+00
-3.433207619248054954e+01 6.425425793387566387e+01 1.336165460644125780e+00 3.411842740031393362e+01 -2.524831850012421341e+01 7.245894379587648260e+00 8.100066872133016016e-01 -1.187183459745439507e+01 6.458805272251172624e+00 -8.702327888602468420e+00 1.259199256359513086e+01 -4.731681590360178546e+00
-5.360112748317412468e+01 4.912811529580150705e+01 -5.357274624884787784e+00 2.588788153660183866e+01 -2.082667298458505911e+01 1.460083399734537579e+01 -1.030840226447914620e+00 -3.076489489019276213e+00 1.312289504223868342e+01 -6.728619848802475545e+00 1.064174787352095031e+01 3.775549637448295304e+00
-8.214761611562801136e+01 4.522656952619512083e+01 -5.242514360155539954e+00 3.913490626352907498e+01 -1.844317174245583502e+01 -1.780985304458970298e+00 -1.545750170195476692e+01 -1.224304606969333875e+01 4.058996828744467322e+00 -1.926711461656543278e+01 9.326547604210295717e+00 -2.793454851758117918e+00
-9.291468081109692889e+01 3.883533740750874586e+01 -4.153355860558675339e+00 1.931263527333894814e+01 -3.471030453284713957e+01 8.244957081060817483e-01 -5.719413631250702679e+00 -1.317514199958769083e+01 2.708366527257319412e+00 -2.103699754327281823e+01 -2.202860520239712461e+00 3.999595537975225490e+00
-8.161583092875272882e+01 2.895926147700696873e+01 -1.731979448470150018e+01 1.754437194001316769e+01 -3.503703090944653553e+01 -1.032744853557239395e+01 -1.400406542764475759e+01 -1.062683078617390109e+01 2.371528726762659467e+00 -3.085602211333073441e+00 8.618038953582917827e+00 -5.555115842207582588e+00
-8.863396938453178109e+01 2.038317563254976506e+01 -2.725296446804161121e+01 5.398914940079774460e+00 -3.578863882406741226e+01 -4.194234052258705159e-01 -1.269639743636679441e+01 -1.929014588954571963e+01 -8.747030798806891383e+00 -2.488244858210753563e+01 6.447440752269235631e-01 -5.230907132977876017e+00
