-7.191477322278410611e+01 2.147032467240103415e+01 2.147306141181595862e+01 1.878701891589950712e+00 -2.384643614509753817e-01 6.738861226760503698e+00 3.925128754300360789e+00 1.431699202333079946e+01 1.652745268858582861e+01 8.144446548032995281e+00 6.622171002114259686e+00 7.119770450053607647e+00
-6.379227678653540323e+01 4.582208960866027070e+01 3.111065909933030937e+01 8.179020017880283433e+00 -5.755607346441536265e+00 1.102501967938968264e+01 -8.699240226994167102e+00 2.346879428828696490e-01 6.278221871912102792e+00 1.118711203474254390e+01 1.381664978293071755e+01 1.983580659538912494e+00
-8.641063707644329384e+01 3.121888383271199885e+01 4.298104948678734161e+01 2.194647650445259757e+01 2.136385410245290473e+01 2.667402380263635919e+01 7.249681391681287446e-01 8.922448097000792444e+00 1.602296404643908190e+01 -5.186980453909137090e+00 -1.222571975873163908e+00 -1.174622219021482117e+01
-6.690774709933572240e+01 3.055262606366166622e+01 2.928706874568160146e+01 -1.091832907766315586e+00 -5.660865006742699101e-01 1.928828561626563243e+01 -8.639309785364829963e+00 8.859834273493646606e+00 1.049827059995530831e+01 -2.689921993306673365e+00 9.916890555698373078e+00 1.069784461767534545e+01
-5.416721688693999681e+01 3.053150530489309489e+01 1.589914533702182986e+01 -1.167331060580807467e+01 -1.185779748276535095e+00 1.075191124600364390e+01 -1.829468487165230473e+00 1.267257832373263682e+01 5.660407425594208064e+00 -9.295010080414282783e+00 -5.253019946031979082e+00 8.789554914108915762e-01
3.096975481498052574e+01 7.723766139538341235e+01 3.597103558120362266e+01 -1.568232337129223808e+01 -2.846490782176486789e+01 -1.972022935417920309e+01 -2.007728922365761548e+01 2.374155500623988502e+00 2.937585636125708888e+00 8.069984325735718445e-03 -1.463443073143644568e+01 -1.406520628795696481e+01
7.922463346499876025e+01 1.188650271862415408e+01 -6.625770611445300773e+00 5.393876582888505133e+00 -2.568997186302080848e+01 -2.366426987377761293e+01 -1.075992917922066816e+01 1.528145896769548351e+01 1.957927619580550882e+01 6.296687253739627899e+00 5.661892933272744344e+00 -2.868852712496558155e+00
8.231828295982069221e+01 1.287525603508262328e+01 -2.192448017965347518e+01 -1.242510341187987599e+01 -2.882948927548290641e+01 -4.352998969284882946e+01 -3.037374145070420894e+01 1.241725782911741849e+00 -6.599675679638226100e+00 -8.358731481962580645e+00 5.487632331290067889e+00 -9.919201519601674732e+00
6.425825711174736909e+01 2.400514482302094876e+01 -6.193401154241003681e+00 3.878374801952082507e+00 -3.160541261874397989e+01 -3.700526225521301171e+01 -3.326114780474161847e+01 -9.197947017632401412e+00 -5.390846873218160695e+00 -8.646281696410524020e+00 6.851922303382349533e+00 -8.153873738117393799e+00
6.819252794218485292e+01 2.484703523132392888e+01 5.833699559840873405e+00 -8.789446518555964261e+00 -2.843892810487268363e+01 -2.650226174749189312e+01 -3.461241886552480196e+01 -9.981495748372973154e+00 -6.201777819921373336e+00 -1.921080231299012553e+01 -3.097030774471539516e+00 -1.200170901281829927e+01
5.746197069965076309e+01 5.540886640728220414e+01 4.178475506843281551e+01 8.752733323732087456e+00 -2.268759141488386177e+01 -2.312205292516240362e+01 -2.482634338913899086e+01 -4.991802551326646409e+00 -6.659894804250918732e-01 -7.484792194484702677e+00 -5.972201042814349492e+00 -8.106476222855560465e+00
4.726771503695316312e+01 2.773382689896902065e+01 4.278515282035602496e+00 -1.889298872993381195e+01 -2.542290193460823389e+01 -1.740286998424094378e+01 -2.867488704541344902e+01 -1.762946695555010734e+01 -1.226471000719346804e+01 -1.783734060516815134e+01 -1.521705999896759565e+01 -1.376648253264881738e+01
6.878113453587569381e+01 5.814761778902930445e+01 2.049154843233410617e+01 -1.509628871356935242e+00 -1.936591371673834061e+01 -6.300082507942562415e+00 -1.901272211177784044e+01 5.747518086373569757e-01 8.510769627376149060e+00 -3.696277609838891198e+00 -9.677321213914402698e-01 9.440681292512120848e-01
3.502750919142063424e+01 5.288511965014124172e+01 1.692537492441578451e+01 -7.025421240837449233e+00 -1.045131663183178361e+01 -3.835817162572785932e+00 -2.966088108412922253e+01 -1.240182931755740903e+01 -4.888932967607196645e+00 -9.522653817393207376e+00 -9.221622391776797656e+00 -1.105756612630447222e+00
-3.498433299848611711e+01 -2.864678308481897062e+01 8.909547775273157555e+00 -5.275853556032448921e+01 1.386898755587280974e+01 3.678462417317153665e+01 -3.793681218450171855e+01 3.276255088475467758e+00 4.787925758374909080e+00 -3.778266161280096469e+01 -1.007071876230832430e+01 3.326463418535849037e+00
6.837549495072492434e-01 -3.920787621907994946e+01 2.887494153434702060e+00 -5.878223904419466095e+01 -2.982060144824121295e-01 3.276494236246125524e+01 -4.321252804177176188e+01 -7.991441550438892705e+00 4.012037819037716702e+01 6.730561102061669132e+00 3.025711128110351034e+00 6.967531695443728523e+00
-9.169089292595404572e+01 -1.246784055838795666e+02 2.946344831391485641e+01 -3.784248091506804457e+01 -4.162485385376570868e+00 5.021361265499200144e+00 -4.020568958308420804e+01 -4.825888697916688841e+00 6.418945897524849009e+00 -1.161535579457882861e+01 -5.550680173624980895e+00 -4.557844255805768796e+00
-9.930306555987078809e+01 -1.304322125317222287e+02 4.643082014885396802e+01 -2.168739263373404214e+01 1.758500996145005146e+01 1.152538535208732640e+01 -4.607985376371283337e+01 -1.063321324995030537e+01 2.171721840903074963e+01 2.244423871801462855e+00 6.936376644901195654e+00 -1.240805642740970072e+01
-7.384220679205088800e+01 -8.727173613782136385e+01 6.257638587346022518e+01 -1.820115129278649846e+01 4.271608223090307632e+00 1.699096175548216081e+01 -2.784266394530019895e+01 -3.845681090015662384e-01 2.113085845216445335e+01 -1.181510008022783254e+01 5.174007940091086333e+00 -6.159909512021048528e+00
-5.091264056030377816e+01 -8.035933509628632976e+01 5.351746145731144821e+01 -2.367866701026256493e+01 8.649980288491640579e+00 1.740699246629440466e+01 -3.191615557295997974e+01 6.608629795290296371e+00 2.196829530956404852e+01 -9.709218323149801932e+00 -5.019320650438365838e+00 -4.597668454554747264e+00
-1.459205010866463681e+02 -1.374279239367206173e+02 5.044621360613210470e+01 -1.029581250310820373e+01 1.911598717362070943e+01 1.661801558595217898e+01 -3.326602726646255093e+01 -9.547135743327277435e-01 1.809353583080333294e+01 -1.625667924973015488e+01 1.084942225808374161e+01 8.837728072856647188e+00
-1.179315870589346815e+02 -1.411843475497254303e+02 4.908129075925845797e+01 -1.568486840669385174e+01 5.053433880144917012e+00 3.172489609799024279e+00 -4.700044179910061359e+01 -1.602202433807966564e-01 2.061933593570186574e+01 -9.485762647029249095e+00 1.155343971528395386e+01 6.185100062606074367e+00
-7.925378821941323793e+01 -7.756787961788728580e+01 5.046982417422619704e+01 3.298478921383436457e-01 7.698371187497710544e+00 -7.321253753526409724e+00 -4.830143482168848834e+01 -2.315350828459409982e+01 -9.102386305266069400e+00 -1.143084335227491977e+01 -1.279478218240524257e+01 -2.217254479489159635e+01
3.817647253569955712e-01 -4.147133139256231971e+01 6.823718661540385710e+01 -1.657571447977950996e+01 -2.787293413006604936e+00 -1.114719210404824601e+01 -4.964537743173724493e+01 -1.501776042508402753e+01 1.238963368182271907e+01 -6.849101284631142761e+00 9.248256737441478137e+00 -2.688667964068697458e+00
3.532312809440919921e+01 -2.411883159285284606e+01 4.425408812763420130e+00 -2.987785062628037380e+01 -6.303153516786347055e+00 -2.623454637270941703e+01 -3.693181195286600627e+01 -4.773732598227061885e+01 8.892322783732781843e+00 -6.414490590498044043e+00 1.045516053830535164e+01 -1.008687896394785533e+01
6.139743744900071221e+01 -3.022445711267279833e+01 -1.454990012951688172e+01 -2.170690599451943825e+01 1.061570914879846939e+01 -3.197081158748369134e+01 -2.277625745565008231e+01 -3.886102959218935382e+01 8.895777369330406970e+00 9.457778250011888987e-01 3.019323699137205885e+00 -1.234454156337448261e+01
5.517141342818885619e+01 -1.679230848856721181e+01 -2.003891834126989835e+01 -1.931504921998024571e+01 6.091592463763445764e+00 -3.096989438471771905e+01 -1.568088694867463317e+01 -3.720078357531991031e+01 3.668352830151087041e+00 7.448654129625374765e+00 5.491202353668770186e+00 -1.900141427399075766e+01
4.700383936011252217e+01 -1.897349790368512146e+01 -1.002342103702841669e+01 -3.045372974994733895e+01 5.405630172862106342e+00 -3.094825900006913955e+01 -2.496859287670280025e+01 -2.553367776394143007e+01 -5.497728971981348245e+00 6.532749971687650259e+00 6.399278757345673974e+00 -1.829024227835773786e+01
4.608167464103671307e+01 -2.975446240434855127e+01 -7.574895370830489583e+00 -1.656808902547973972e+01 -5.910311094939473264e+00 -3.365171014443963315e+01 -1.848530296997277844e+01 -2.189305118765104297e+01 -1.209479458118593165e+01 4.390553194085644151e+00 1.409046424573027245e+01 -1.903893760970041527e+01
5.308054732434482048e+01 -2.001402790472847926e+01 -7.343294943921953255e+00 -2.241218505229126379e+01 4.996675545145876640e+00 -3.488344416776530466e+01 -2.088203777405300343e+01 -1.917769434213860436e+01 -1.776166480942394088e+01 1.156216166524770905e+01 3.634477507426804088e+00 -1.411807884435660654e+01
4.275551195302784180e+01 -2.323676374306918646e+01 -7.221055348312575006e-01 -2.517381165452855640e+01 -4.979943639329085237e+00 -3.123669583632015545e+01 -1.699076367731743176e+01 -2.181378621618608094e+01 -2.423426280557785972e+01 -2.382955437868140791e+00 2.406723424611858064e+00 -1.580191367956800796e+01
1.716631889123591037e+01 -1.847390473073412975e+00 4.517653987806763638e+01 -1.505438870472459101e+01 2.422261602957527771e+01 4.858151033129878726e+00 -2.460457367467020262e+01 1.418804823472748566e+01 -1.102394304830146510e+01 -1.163041232791565172e+01 -7.828881028020999722e-01 -1.388748561548416482e+01
-2.543686979536474269e+01 -5.268698167164675983e-02 3.599611044329419940e+01 -2.735108663508276550e+01 6.647299398260924086e-01 -2.592305862034520914e+01 -3.672149248269233368e+01 -9.199354389404327037e+00 -9.618921966518351852e+00 -1.147052012795584552e+01 -1.813897194228122789e+00 -1.519146675544853764e+01
-4.696413731116088286e+01 1.201902990134873406e+01 4.139217871841819374e+01 -2.957825881073772933e+01 2.140049759347576241e+01 -1.065360310613020189e+01 -4.064018078732372885e+01 8.560055629987072479e+00 -1.022428039385139265e+01 4.174042760398175567e+00 -7.890851575380382066e-01 -1.824610183933923224e+01
-4.189211442452088363e+01 2.870824242648894753e+01 3.275920285826663303e+01 -3.614293636521345832e+01 7.150422952751389616e+00 -1.794284888034474790e+01 -4.579659906550443083e+01 -7.465039987459786808e+00 -1.718665463240232683e+01 -3.300818894819788962e+00 6.417973378712803267e+00 -2.255726185442159704e+01
-7.692661698517201785e+01 -4.929605229948124112e+00 4.236154129959864179e+01 -4.963411578094907384e+01 -1.884270476690306850e+01 -1.927160974628669621e+01 -4.843239721219904936e+01 -1.473010201851924705e+01 -6.389240327419820176e+00 -9.355150975978597572e+00 -1.327478410319918467e+01 -1.888730486830890953e+01
-7.625678702448671231e+01 1.297925639841930323e+00 6.001745790760264754e+01 -4.103305036131581573e+01 -4.336299034514533801e+00 2.045935590941829751e+00 -3.142510485920694663e+01 -9.970720016208808545e+00 -1.526115347977089254e+00 -1.746681704393398427e+00 -6.492526145708790608e+00 -2.143572497022121581e+01
-4.552606710043076532e+01 -8.108883724028318696e+00 9.872138064355685572e+01 -1.904203655745668300e+01 -3.084771933508837805e+01 1.068393997872209766e+01 -1.360421303367624191e+01 -1.603752232076666928e+01 5.663460435575168539e+00 -6.732832369244702519e+00 -6.958274434608408221e+00 -1.858267331734454686e+01
3.402087911088788985e+01 8.217972288708832451e+00 1.129799472947195049e+01 -2.072433864765292100e+01 -1.060931022647350552e+01 -3.132812450216811584e+01 -1.603808805886141187e+01 -1.173614657868312960e+01 8.877246671930144828e+00 2.802730468897512317e+00 -5.106657711659291721e+00 -1.172983737265906257e+01
4.763096165344636290e+01 1.169507340240164694e+01 -2.359640351769257904e+01 -1.893490562576082681e+01 -8.972541474028476571e+00 -3.767043981367047323e+00 1.513389554395420689e+01 -7.641359983362503439e-01 1.023801790819160296e+01 1.371823398997327104e+01 -4.544880641839654789e-01 -1.144471387998993173e+01
1.670308425437912092e+01 -2.046099308249357307e+01 -4.711626053141180392e+01 -4.406437163290144099e+01 -2.360871124382900632e+01 -3.184849558416919990e+01 -4.923763321567966145e+00 -4.120789301204201394e+01 1.251801013054253531e+01 2.431504255886415500e+00 -1.469281427634979487e+01 -2.614424837830738468e+01
1.627167854634021182e+01 -2.932142160613732784e+01 -3.456321851637017772e+01 -1.995685412950422233e+01 -1.311154449181936599e+01 -1.900830697491774757e+01 5.945112136751053988e+00 -2.863535718687861120e+01 1.669714465122140012e+01 1.332113285259695301e+00 -8.408959209109681865e+00 -1.934643268263206295e+01
2.660095128265186659e+01 -2.911115198864990461e+01 -2.602051914642702712e+01 -2.813048317533512233e+01 -2.841961427349553038e+00 -1.040744905408615573e+01 9.798933310578977540e+00 -2.056680309681328467e+01 7.124816785345356784e+00 4.665762050003076311e+00 -5.344801047543936257e+00 -2.346352382539068415e+01
2.770733853176122352e+01 -4.851187465643390340e+01 -4.192683849046578359e+01 -3.298626365669558425e+01 -7.117811526386684129e+00 -4.117488397133828215e+01 -1.442410572605066221e-01 -3.421671675523577960e+01 -1.306998621401162808e+01 2.544311007259989488e-01 -2.294905152232826850e+01 -1.057275269546480700e+01
5.740616348819484926e+01 -3.301619199531474180e+01 -2.507882237380177770e+01 -6.494840072553368593e+00 6.366533331843326593e+00 -1.172044040635669937e+01 2.541385340830968786e+01 -2.350481406595742584e+01 8.808314662756899338e+00 1.276524591875168113e+01 -3.005755111133149526e+00 5.554553647545917627e+00
6.366120310694769557e+01 -3.399312504415157576e+01 -2.833782415422832557e+01 -1.024586632067266656e+01 -2.793906309128444398e-01 -2.617254900193863776e+01 -7.708500156933433267e+00 -2.567315651987437164e+01 -2.040925417241655548e+00 -9.971755235659415462e+00 -1.127104361623591444e+01 -2.519475012806951408e+00
5.079703807115390646e+01 -3.531976530209563236e+01 -2.267393538846517842e+01 -7.377621202685123336e+00 -6.799711826222599065e+00 -3.363454676506135144e+01 6.193703568285426897e+00 -3.426990642607867699e+01 -6.904257779062417111e-01 5.251597797077280916e-01 -1.311940140070290006e+01 -1.467000626565964971e+01
4.765035448522505845e+01 -3.120030501517865673e+01 -1.682466221034351150e+01 4.343191237906254720e+00 -4.941429616106083778e+00 -1.596165392662281945e+01 6.590107317033978340e+00 -2.134407975222480403e+01 1.511230011077487312e+01 1.566085735404734969e+01 -8.404988835248397905e+00 -9.315227694990502627e+00
6.107212085879423569e+01 -4.059867428176821136e+01 -9.267107491957300880e+00 -4.814734832968015077e+00 -1.150628591881468310e+01 -2.304139910260089152e+01 1.886699951368609129e+00 -2.719411051662834211e+01 -2.126325348750888189e+00 9.332488684818183167e-01 -9.965140903663801453e+00 -8.960301399560389513e+00
4.391283219052150599e+01 -3.440784165917069259e+01 -2.743880443133863167e+01 1.363183467940376303e+01 -1.749285723814866245e+01 -2.911286477314728671e+01 1.308726210814953550e+00 -3.696835034323034108e+01 -7.132771595051186075e-01 7.074046383189208420e+00 -1.689877153718749980e+01 -1.172247634908732827e+01
4.746894096514687078e+01 -3.328168004730189011e+01 -8.071291692247557492e+00 3.259195223541393016e+00 -2.995705870991659303e+00 -1.097987558210451553e+01 6.402853002023919160e+00 -2.290582073588022638e+01 1.782878566145717603e+00 1.652166050987189294e+01 -1.106995851837085354e+01 -1.059094336105415124e+01
2.598030186080729464e+01 -2.439888366028959155e+01 1.041784766002056273e-01 9.334362443485625604e+00 4.152109286100488461e+00 -2.212514761846889755e+01 -2.951660464650001536e+00 -1.693074057230514740e+01 1.413986814736745146e+01 2.851712492706136004e+01 -9.478294576419303397e+00 -6.062543358639905122e+00
4.249535539689762942e+01 -1.444870783514309842e+01 1.439733430095229494e+01 1.789260451038505195e+01 4.787145677734745419e+00 -1.438042003532012814e+01 -3.242686382520857391e-01 -2.522334158302675533e+01 1.366708481583236434e+01 3.853490483185380455e+00 -1.356928298518598375e+01 -6.759636429697623683e+00
1.832589820992018659e+01 -3.170780909361543465e+01 -9.180326314582845981e+00 -9.004460042272935283e+00 -7.721959382926893767e+00 -5.924396874706591376e+01 -1.785188352666030909e+01 -5.455993073834760310e+01 -9.987576379922710856e+00 -4.354472135396703636e-01 -3.048951446358484674e+01 -1.988415779830699748e+01
3.094368524447292401e+01 2.359067332704718467e+01 5.893659461793374632e+00 1.770907796867100004e+01 2.256860556107271876e+00 -3.511364701797565147e+01 -2.126091586874639461e+01 -3.842661591638974983e+01 6.652985608885559898e-01 4.614015458942686720e+00 -3.033335688472605707e+00 -9.406369641170023499e+00
4.702510272241768519e+01 3.030212653220686292e+01 -3.072028657361756565e+00 -1.195905981269009821e+01 -7.003506107609280384e+00 -2.168811565170930322e+01 -1.385422853664134379e+01 -2.470570588622328145e+01 -9.044631501822491870e+00 -6.188143346747426499e+00 -4.020077009786687583e+00 2.373359241787452945e+00
6.113202709358971276e+01 4.378759240604703962e+01 2.380420455277732827e+01 -8.372155444119567136e+00 -1.014175769080718226e+01 -4.428220717147716812e+00 -8.189959835431071866e+00 -1.265940229626105662e+01 4.150007643476444130e+00 9.603813220392279915e-01 1.005613390677170926e+00 1.235126454280927266e+00
4.666084268076753006e+01 1.968268959782205840e+01 1.593653193774145649e+01 3.619980023401062397e+00 -1.760070995144095107e+01 -2.398889170576109109e+01 -1.586396555386881069e+01 -1.701179643416714882e+01 -5.864836101007537827e+00 -7.219451814574524562e-01 -1.209103192319170716e+01 -1.098919260542759169e+01
3.450723300918138392e+01 1.386728080012120046e+01 4.487217696662990818e+01 1.364634402179632744e+01 2.453322025809075768e+00 -3.058064048883573349e+01 -1.965373334155537721e+00 -1.385710825572226135e+01 -1.838826008286425662e+01 1.720102284312990193e+01 -2.044492612729452219e+01 -1.473910082474603023e+01
2.971350760403854352e+01 -1.107000703745010028e+01 2.436558816140954065e+01 1.725795080629601186e+00 -1.658291591288968903e+01 -2.790618186509585996e+01 -2.129521179914507201e+01 -4.162752892923565184e+01 -1.537116457633295674e+01 1.077303841716028465e+01 -3.409227789905999373e+01 -2.721121332804976589e+01
1.640768501900856435e+01 -1.719212020206815694e+01 4.031309111508954857e+01 1.312471486776318130e+01 -2.574170500914683402e+01 -5.034090947690276607e+01 -4.417567439407942942e+01 -4.215977985583535315e+01 -5.825137275356569333e+00 1.315441208247974814e+01 -3.391509188453382251e+01 -2.832861028075160092e+01
3.341602330679482691e+01 -3.427132769049151761e+01 3.509664689453234132e+01 8.999757537202013324e+00 -2.921612742694649967e+01 -2.974569643788016649e+01 -1.860642592061735812e+01 -3.290909559481710289e+01 -1.126710457686255040e+01 1.643947487667394824e+01 -2.624424550957552071e+01 -1.433048428939990515e+01
3.216245285891137229e+01 -1.777777376299734868e+01 6.186990711831143841e+01 3.631552342175973536e+01 -1.597399031159911154e+01 -3.318587563716355504e+01 -1.652438251066678276e+01 -1.608096253457788194e+01 1.657955426148629385e+01 2.184926015822411216e+01 -1.668995287041717646e+01 -1.615243585667499104e+01
1.369924914954090056e+01 -5.964655615258033095e+01 2.171416797071281124e+01 -8.608844736013269383e+00 -3.921599271644988960e+01 -5.129417413715488294e+01 -4.203750435687051379e+01 -3.956647728620278315e+01 -2.037356385503392886e+01 -6.480912543349855781e+00 -4.657204911262249425e+01 -2.471634831756408346e+01
4.689805246615202350e+01 -2.729124648233920425e+01 4.950617947739021929e+01 2.093689698995424919e+01 -8.874772609453355443e+00 -1.192284449417319436e+01 -1.753721487730005890e+01 -1.233527159783301919e+01 4.714011938831227155e+00 2.781922428308170936e+00 -2.388122861593627277e+01 -9.738049320795791886e-01
8.628241697352077466e+00 -4.575304153864031775e+01 3.844162154260177289e+01 2.150331567305206093e+01 -1.985056448683477015e+01 -5.727704151504526919e+01 -3.442070729415424069e+01 -2.898721698584823159e+01 3.662434879799582710e+00 8.092512729945067207e+00 -3.782828733766850604e+01 -2.478621141860084265e+01
2.070716499780524344e+01 -4.356983718071820988e+01 3.509276547764947907e+01 8.084710986918301145e+00 -1.908061935158721667e+01 -3.457149198132210444e+01 -2.747906699715116119e+01 -3.411992016782931358e+01 -1.705886333876633243e+00 1.602837910220219442e+01 -2.892358893322281688e+01 -2.292744587367706899e+01
2.999272904858629119e+01 -3.768924957505028317e+01 5.424398797377963888e+01 1.181769502160775787e+01 -4.514815992422593460e+00 -1.110602617160408911e+01 -1.056304629707446097e+01 -2.840089805512688059e+01 1.427899323243191354e+01 2.288467748117455614e+01 -2.126753436119930996e+01 -6.240737060483879439e+00
1.212543459245336308e+01 -2.910794356299969365e+01 3.687370166892766576e+01 -2.043262958018710496e+00 -1.980926493295383395e+01 -1.141525777637132144e+01 -7.054440007816276115e+00 -3.842254310900801784e+01 9.985736803549453811e+00 2.827315337146018237e+01 -2.902873170268455993e+01 -2.695698177146584662e+00
2.761555450349929686e+01 -3.325234027986832075e+01 4.235707825470642263e+01 7.199241725238277212e+00 -8.422337367421304677e+00 -1.215835579096076202e+01 -6.434253558932937267e+00 -3.729205770090405281e+01 -5.775857958028394634e+00 1.721073218107819258e+01 -2.875442564282964852e+01 -3.945840112020955193e+00
2.532428809295937810e+01 -3.215133768736668429e+01 4.355969288270546258e+01 1.945627356685700349e+01 -1.956072611854802545e+01 -2.525904392249537977e+01 -2.255141023172080494e+01 -4.178341492297196424e+01 4.682722049601302672e+00 2.203244784690934921e+01 -1.662366766243608041e+01 -1.476931652419679075e+01
2.086714345016869743e+01 -1.090293831500656374e+01 3.797166214427211628e+01 1.584134933134819789e+01 -1.191870523615866428e+00 -4.953106704268653182e+00 -1.601195330261711547e+01 -3.571948335863835666e+01 4.677681511988524221e+00 2.438180836228362836e+01 -8.266350930305490508e+00 -1.099105738574372992e+01
2.365894607677847006e+01 4.381559993803175956e+00 4.084420712604858039e+01 1.511336169589655221e+01 8.774452316702634480e-01 -1.159645685698933804e+01 -2.552275681945199537e+01 -3.680243522435294068e+01 9.008574318397883474e+00 1.033265256082803418e+01 -1.224388303403007505e+01 -1.282235602649585360e+01
2.627939662810874921e+01 -4.703294834222250920e+00 3.673118277814118926e+01 1.786127600552153893e+01 -1.365355595245521769e+01 -8.190862619030454539e+00 -8.012532372432980665e+00 -4.924708247505485303e+01 -1.086718966764442484e+01 1.461084730400597742e+01 -1.604532938042140255e+00 -1.016448626154505597e+00
2.943943187285830732e+01 9.015278030624827466e+00 2.986275275295976428e+01 5.466511855954213850e+00 -2.065926123055798591e+00 -2.706175045378914845e+00 -1.197356860405929879e+01 -2.559647436357419181e+01 -1.258018519284812697e+01 1.010683079139019114e+01 -1.068067937952858770e+01 -3.772804349022151893e+00
-9.817903891812695960e-01 -1.726703396715960848e+00 3.285243722203116334e+01 2.044112814492929431e+01 3.965344168608046171e+00 6.696274072558260571e+00 -1.079066907991625612e+01 -3.017899198289390483e+01 -1.364316031687941155e+01 -3.266907116194777139e+00 -9.160603712842348756e+00 -1.711535788063316943e+01
1.116628582602423370e+00 1.061194165492275943e+01 2.875948831340523526e+01 9.039627788843231926e+00 -1.577342050571475029e+00 7.235468433336237126e+00 -3.921316020358134757e+00 -2.147631871153840422e+01 -6.506613911496923919e+00 -1.880104444648011963e-01 -1.160341832496798631e+01 -1.208927749848577093e+00
-1.462375135956871297e+01 2.007280927058355502e+01 6.261089414086107752e+01 -8.752684581583967116e+00 -9.080252945318452618e+00 1.715155277123741584e+01 -6.349604184972528209e+00 -3.124419240390204777e+01 -6.208643230662950430e+00 -3.161127263288474154e+00 -1.133073721794016464e+01 -7.090245334640950858e+00
-2.741491090900250427e+01 1.407206068437778868e+01 5.052450633064897545e+01 1.261796376900601047e+01 -1.906561633065923855e+00 1.537657420632656979e+01 2.390406850779933645e+00 -2.523809237311070319e+01 -6.585922540209770304e+00 5.156869065820612441e+00 -6.302609910083161182e+00 -9.464090178841217949e-01
-1.684130401083031359e+01 5.059917899644388761e+00 2.882307414628511211e+01 7.072177614967566583e+00 -6.175080198344117477e+00 1.568618887009298923e+01 -4.623720131103053355e+00 -6.234517669167619403e+00 -3.239465040161690013e+00 -3.614022201457359085e+00 3.935732041345769705e+00 6.240331032510892939e+00
-2.905371550709732986e+01 -4.054443742409100437e+00 1.420771543546814897e+01 1.275978671835972245e-01 -3.372911333474663209e+00 8.912817382924620446e+00 -2.575015165394909999e+01 -2.594451912105723324e+01 -6.577759265792492371e+00 5.204653162611913686e+00 9.090336841346633889e+00 1.753011049518710784e+00
-2.885441034531648796e+01 1.358845706943938225e+01 7.306439439914459655e+00 2.381338056374240786e+00 5.728444225911056620e+00 2.357229327019691567e+01 -1.441753857831794994e+00 -1.562507943161963198e+01 -2.027315544801955838e+01 1.114106538186836914e+00 6.219399206369507382e+00 8.730895483401397428e+00
-4.263201458316197545e+01 1.522357508221621458e+01 1.714316120720985381e+01 1.587734725131178060e+01 1.659465065643594173e+01 3.316661045319999346e+01 -8.544629190326626045e+00 -1.009627180009775138e+01 -5.714465967285302650e-01 1.138184211031199311e+01 1.233969184044913092e+01 6.827903772865603571e+00
-4.600524720776881793e+01 1.393483391058319398e+01 2.208273222815311243e+01 1.027543165485267984e+01 1.713199333762621279e+01 2.377032017035634226e+01 2.806809337917484548e+00 -1.147064696673021356e+00 -8.304970570714941047e+00 9.686144388843388242e+00 1.620166898668360034e+01 -3.834003595663730835e+00
