-3.258568922791358347e+01 -6.362886761088144283e+01 -1.111283228404963381e+02 -4.947662149017173050e+01 2.742506374171031069e+01 1.276323906952773513e+01 1.987637149044404694e+01 1.618275975572321457e+01 2.407171361029604384e+01 -4.529457115459514682e+00 -2.784056859487973767e+01 -2.289172024812115325e+01
-1.555461445521807384e+01 -6.927780399976745684e+01 -1.098239450611925605e+02 -3.263944791093889819e+01 2.904401604219152588e+01 2.396084706762498229e+01 1.452693315358994397e+01 1.024283253695755036e+01 2.270187821147019847e+01 -1.880145435872329074e+01 -3.683846885975731311e+01 -1.393159565346548057e+01
-8.029003448788225228e+01 -7.124726809116077675e+01 -1.061040169515153053e+02 -2.075462198815748849e+01 1.844425098791732509e+01 3.166472341998100148e+01 -8.501295515734817343e+00 2.637677798552200414e+01 -1.275048665696176897e+01 -1.727579898753726084e+01 -2.807203601572479101e+01 -6.620305219780000527e-01
-7.557922647647933445e+01 -7.183238847697573703e+01 -1.156802447841599957e+02 -1.111685813814067636e+01 2.822554705126139751e+01 3.576653560134922571e+01 -2.958330687581768537e+00 4.578925203176357428e+01 -7.531951117336427970e+00 -6.201321563421305250e+00 -1.533483832430197147e+01 4.569862861270923560e-03
-5.951552568605266202e+01 -7.069279415609668149e+01 -1.081016578097142258e+02 -2.994371713754219400e+01 3.467625036944757966e+01 3.133107412357460930e+01 -1.913269645691338283e+00 2.810102206300914318e+01 8.396702276684044897e-01 -1.673222032674112736e+00 -1.328773278531194357e+01 -8.873675437367118946e+00
-4.438707667717041261e+01 -5.457957233894782689e+01 -1.094685613001701370e+02 -3.203757654421997358e+01 3.005038319999725616e+01 2.005265413963525489e+01 -3.884063503708603537e+00 2.242449066591995788e+01 6.254609890090406132e+00 -8.605292616279925255e+00 -9.382902145715945608e+00 -6.049678213371152857e+00
-3.063406323147199473e+01 -6.413912597420429051e+01 -1.132383945606238740e+02 -4.273766395235321625e+01 1.846574927132600408e+01 2.590712302818481305e+01 -8.930875365294276946e+00 1.559062129329349666e+01 2.843813191305552834e+01 -2.239114516826344659e+00 -1.428995038857010513e+01 -1.244005837455047292e+01
-1.640174113674147094e+01 -5.281945159102608045e+01 -1.087859896621848748e+02 -2.984937505765211085e+01 2.881679626556784157e+01 1.088437117243889674e+01 -1.408102639269293732e+01 8.264390280467090122e+00 2.624061370043007813e+01 3.995866421998136353e+00 -4.943416926084760910e+00 -2.623968585493981820e+00
-2.903150120682001045e+01 -6.889847484075116313e+01 -1.176795756596287390e+02 -3.579594620479409173e+01 2.727153263094898605e+01 9.401222429308221606e+00 -3.169580327509809337e+00 1.048760041682460020e+01 7.132294145139232100e+00 -1.382620522904451121e+01 -1.525579395957714013e+01 -1.085506713324488359e+01
-3.698896231124352596e+01 -6.798985573165265350e+01 -9.901954026663558750e+01 -3.544328528805142042e+01 8.450552328621165898e+00 3.088936122399803530e+00 3.317784823190198740e+00 1.005776669887105434e+01 1.957746916519433356e+01 -1.719207167850900930e+01 -3.161570345548130945e+01 -1.089899887803862910e+01
-4.294276205717808637e+01 -6.448503129377067467e+01 -1.012177841164182723e+02 -4.493392317857585283e+01 1.268250453684621348e+01 2.166685018331064683e+01 9.725660516747758777e+00 2.085347023047368253e+01 2.500460549951782241e+01 -1.004080454877535900e+01 -2.799898970641111617e+01 -1.718958894164455842e+01
-3.620610437228947376e+01 -4.631110295191888326e+01 -8.835124703269949009e+01 -3.666733694377106190e+01 2.380025776288453798e+01 1.957745522737022981e+01 8.529242459547861088e+00 2.269344347808609541e+01 1.559446135636902042e+01 -8.838893713792048246e+00 -2.077253757677869572e+01 -2.118863299329319716e+01
-4.379170489507067998e+01 -4.649282431549966077e+01 -7.503644331712845883e+01 -2.887340899083937629e+01 8.156439924691996524e+00 -5.878932178338844849e-01 4.573153659753057099e+00 9.712758746413689082e+00 1.622106152877630336e+01 7.202586913779844835e+00 -1.225135012186668604e+01 -1.801178905739922342e+01
-4.212227129709149409e+01 -2.929887699206561535e+01 -5.872185910566163614e+01 -2.262918049713523061e+01 6.744766638863431751e+00 3.310854213082779829e+00 1.169180858032978776e+01 8.460711425734000812e+00 1.954722534166792514e+01 -1.002261135236752754e+00 -2.123666590403676224e+01 -1.562458357294366351e+01
-5.960604326538875597e+01 -3.516653283996897272e+01 -5.670023557486891264e+01 -1.625118132158031159e+01 7.750654556201568290e-01 7.053348978043217699e+00 4.955890900542394562e+00 4.757828734251177139e+00 1.063619211872443060e+01 -3.297566962949312952e+00 -1.669272917052757421e+01 -9.747242329069221611e+00
-6.331187215856488848e+01 -4.129811168355074358e+01 -5.336491886026858111e+01 -2.487156511697386208e+01 1.670867835362134013e+00 3.042121195789356580e+00 -4.740035555610198514e+00 -2.301004151898565553e+00 -1.220675949824136630e+00 -1.818680366316885966e+01 -1.089066710782038783e+01 2.090987507708180537e+00
-6.439186686706318596e+01 -2.665523058662110145e+01 -4.215084015064398670e+01 -1.006980801718710516e+01 1.851091555053724846e+01 1.126311244184600646e+01 7.436364075971372278e-01 3.476222201571710357e-01 -4.600352785661518951e+00 -1.186293099588954902e+01 -5.516814883343975850e+00 1.519295359428221026e-01
-7.719140489498920488e+01 -2.772649700404490858e+01 -3.103774827378420298e+01 -1.126320218713310339e-01 2.280494236522489615e+01 2.003103655222126278e+01 2.344084931380463477e+00 -6.360366641876414207e+00 7.226517671486084815e+00 -8.407684014267331918e+00 4.220922545841638396e+00 1.047587994950598045e+01
-8.202014840026897957e+01 -2.407461230251441719e+01 -4.811434970787278331e+01 -3.789070974919401635e+01 -4.141256763356237158e+00 4.277693426859653592e+00 -9.116248593950908585e-01 3.708687740466874772e+00 -2.769775832160678686e+00 -8.036678825868030174e+00 4.033095448351277312e+00 7.237825851282329026e+00
-7.609756573922464895e+01 -2.978594486762746385e+01 -4.431701032184038525e+01 -2.937732928096255591e+01 -1.249681343858454419e+01 -9.638408109300826254e+00 3.665321715434032512e+00 5.378493113478581833e+00 8.167090346637170484e+00 2.894805228605574765e-01 -2.985567461084024377e+00 -1.479264984421065776e+01
-9.323950733157431614e+01 -2.145098591048117243e+01 -5.717031030281888349e+01 -2.302689672640871521e+01 -1.677438062802452379e+01 -1.110845746788180222e+01 2.798428060873584755e+00 8.418950374534178493e+00 1.341557881151718590e+01 5.066978223310073304e+00 -8.196725498189032066e+00 -1.318370985990606492e+01
-1.052871337055931349e+02 -8.837884465709798576e+00 -5.427201624105846633e+01 -4.806790100976016333e+00 -3.325565655919633912e+01 -2.522434560881176679e+01 1.381098159017292737e+01 3.571528404414421765e+00 -1.709896544449382105e+01 -3.873279250533201878e+00 -8.067027440789257042e+00 -2.261451879309723267e+01
-1.051674594662680988e+02 -1.141600979892080403e+01 -5.049589954012856197e+01 -1.384979098594957492e+00 -2.569513476931882678e+01 -2.738968166613550892e+01 2.215010303878663045e+00 -7.264579792281464776e+00 -2.699028471559199716e+01 -1.408084548431400584e+01 -6.425266196936048502e+00 -1.719077275391013515e+01
-7.590950962020428960e+01 -1.819992036394567592e+01 -4.074244071960259816e+01 -4.651882854962632763e+00 2.891930564582803065e-01 -3.054490910190540376e+01 -1.073086827937977183e+01 -2.545446293081204914e+01 -1.777227286792853533e+01 -3.796947793901195745e+00 -6.350355882051488265e+00 -8.935860225986512972e+00
-7.799355610945758599e+01 -3.346651984223574061e+01 -4.092929116908186415e+01 -6.930322830939674716e+00 -8.776470214429092920e-01 -2.685931390973674837e+01 -1.437459289249522953e+01 -3.050979597394784548e+01 -1.765221041781151001e+01 5.235023620412491141e+00 7.904520339933869266e+00 -1.387224496273742602e+01
-6.933918989882215556e+01 -5.129277627643388371e+01 -6.026175198679526090e+01 -1.238932723241901179e+01 -2.953461462030443130e+00 -1.805621940742953768e+01 -9.279988010842810553e+00 -1.114230091566192726e+01 -4.206134899569107688e+00 6.874384867390109122e+00 1.039937178115310346e+01 -2.315823982551382088e+01
-6.344735150144695979e+01 -7.063769211770849665e+01 -6.461161182214344478e+01 6.922187354348690036e+00 2.167569787364517708e+01 7.787163758796499913e+00 5.738572410120807099e+00 -6.691908978052132362e+00 -1.846610184251483844e+01 -8.141920494789669505e+00 4.218924250653691921e+00 -1.235040943436531258e+00
-6.723715779028222528e+01 -8.743592387240745722e+01 -6.647221628561324280e+01 6.089247035742593184e+00 2.410566646106570232e+01 3.317847207005690358e+00 1.968843353143574149e+01 -1.184507926896800178e+01 -6.037473442642728116e+00 1.766659778563898442e+00 1.447254660519037905e+01 -3.854092800124898854e+00
-7.060131396293650141e+01 -8.052335954656501826e+01 -6.828823255911063939e+01 1.598695440745606877e+00 2.133264660604429608e+01 -3.266403275432178788e+00 2.813728461102176226e+01 3.181541253863020557e+00 -3.058708664928185605e+00 8.534995857558972387e-01 1.255519216912763625e+01 -1.658392143079574055e+01
-6.086993123465223476e+01 -7.457878477903776115e+01 -6.955203706395585073e+01 -1.052707416626812531e+01 1.701934038278716343e+01 2.945312968639072437e+00 3.194141386653027936e+01 8.506517493801101892e+00 -8.517590798775879435e+00 -9.532563893672494348e-01 -1.163212667700277425e-01 -2.455202625466455402e+01
-6.915790957306820985e+01 -9.637933334419597031e+01 -7.935642898475462914e+01 -4.607794543558894063e+00 1.803633057122009120e+01 1.350044856908256286e+01 3.109651699688769355e+01 -1.424664838880607576e+00 -6.409176097898269475e+00 -2.005614395533611649e+00 -1.605012985938692083e+01 -2.217463973448125003e+01
-5.353422049952487782e+01 -7.710506030575263026e+01 -6.942720764202806549e+01 -8.309403122351064042e+00 2.163816717361258668e+01 -4.079501005128465252e+00 1.249862331448606234e+01 -8.521963444980920954e+00 -1.301548906332890354e+01 8.502165413797438731e+00 -5.756365966725785377e+00 -1.807525334312310150e+01
-7.145243893196280283e+01 -8.080011653399853344e+01 -6.538960006282229642e+01 -9.469553088576848410e+00 1.869624008303394191e+01 -5.534507518768443823e+00 2.093264753738652573e+01 -3.060742936739369036e-01 -2.072232172229509395e+00 1.044746360955141995e+01 -3.388493893362900522e+00 -1.999206764739927777e+01
-5.560063133785413925e+01 -5.153641664482142914e+01 -5.763990267067330819e+01 -1.160559888786180061e+01 5.100018094728308249e+00 4.745237501830795068e+00 2.732698499210687615e+01 6.204688466730665652e+00 -3.221514026819000787e+00 6.138204450906250997e+00 -1.381344897399916505e-02 -1.528556117667832126e+01
-5.802866209523230623e+01 -4.561074831782497085e+01 -6.454900240182112725e+01 -1.111706617688932397e+01 1.287478641386545597e+01 7.417954277669013052e+00 1.533937435072477129e+01 4.217189956340263279e+00 -7.500368677215502267e+00 1.430835484760865306e+00 6.504699290013485680e+00 -2.232582203102928986e+01
-5.983437292092658311e+01 -5.455359488735487616e+01 -5.941174654502012231e+01 -1.144790410673515524e+01 3.186785111390245007e+00 -4.860014915732787877e+00 1.152721691040306595e+01 -3.942351128312712838e+00 2.811497600655483264e+00 6.196627204301098146e+00 1.585184236059235197e+00 -9.888371464324123394e+00
-6.397542910162602681e+01 -4.630441953342038630e+01 -4.262097400454479157e+01 5.091167437536556761e+00 1.078074200281131922e+01 4.129334012507245077e+00 9.718295354148526854e+00 -1.208100669621539502e+00 -5.092777202916423107e+00 -1.056603543631630338e+01 -4.277326252318783162e+00 -1.466859284517381745e+01
-1.022554566048493854e+02 -3.838790133437620966e+01 -3.520074010713727830e+01 -8.712574958740837872e+00 -9.646745122371802594e+00 -1.908103485426532231e+01 4.394752309808362511e+00 9.654626295268966540e-01 3.077638526822568554e+00 -4.300853093322207776e+00 -6.615154808511292117e-01 -1.109331844221582486e+01
-8.821854307423495811e+01 -2.463697698138608061e+01 -2.606123643877793228e+01 -1.182526571201415777e+01 -3.087745995261303555e+00 -9.377429861875850037e+00 1.324890104778041078e+01 9.997317177511778397e+00 7.691796358805036427e-01 -1.394376794612690063e+01 -9.037945831863991586e-01 -8.346522241327987146e-01
-7.667744817332962270e+01 -1.677589031639453765e+01 -1.699979308976391934e+01 -2.625848209192024552e+00 -1.051410306720967291e+01 -1.527869350331426901e+01 1.378940034103700185e+01 7.899400085929372040e+00 -6.799648445509545169e-01 -1.544441330394134937e+01 -9.505253808168523832e+00 6.773736646501891112e-01
-7.144500839666147840e+01 -1.971523325842218677e+00 -2.306564534744753203e+00 5.169658111649541254e+00 -1.160130833532500461e+00 -1.276868784637202481e+01 4.668879945081079619e+00 1.294093960823201162e+00 -2.271484554118099197e+01 -3.479059532362096263e+01 -1.269530585375624732e+01 -8.525894762338399602e+00
-7.138194632745874912e+01 1.070834804152160125e+01 -1.392523234306732416e+00 3.362078931065121346e+00 -1.047842853346165448e+01 -2.008985078032453586e+01 -1.555864289800660494e+01 -2.612135391929590256e+01 -3.439378261264415926e+01 -3.576602476821240373e+01 -3.244293401613359151e+01 -2.423812143432178701e+01
-7.963147026928749028e+01 7.768888174715886663e+00 -1.385992287016775926e+01 -1.573535637521968900e-01 -1.901328537721272482e+01 -2.107644994315646869e+01 -1.891580336005651120e+01 -1.471155322521532050e+01 -2.040530991951542461e+01 -2.773633021146347488e+01 -1.475717047773998303e+01 -2.004983605472061825e+01
-5.588331019770558328e+01 1.913517729683810842e+01 3.842144601583699526e+00 9.220777737648106154e+00 -9.547954491792232545e+00 -1.790639261010089101e+01 -1.037659319080465892e+01 -2.118999417064817337e+01 -2.655892880803428113e+01 -2.765074669463324497e+01 -2.381775459042549414e+01 -3.577552259579337424e+00
-2.479448285885715109e+01 3.360212397956463093e+01 2.438722975752767752e+01 1.582676657187310099e+01 -1.029747473338437480e+01 -1.256146262356563881e+01 -1.081082942389047474e+01 -2.167989870129285634e+01 -2.868182511976101878e+01 -4.495146315844588969e+01 -3.514156862437673112e+01 -7.696430519553063121e+00
-1.878308948394910471e+00 4.239788129846732545e+01 1.215457069087989339e+01 5.902270499435957163e+00 -2.577502663016263540e+01 -2.723220075833121356e+01 -2.213272983227684776e+01 -3.094500772537780975e+01 -4.478395903449101922e+01 -5.434978665650142204e+01 -3.808651176283076722e+01 -1.949042482385659270e+01
-1.270862326811297471e+01 1.010895766818487829e+02 -2.622364079072094789e+00 3.226367288256332699e+01 -2.864689282110720825e+01 -1.063086558038678220e+01 -2.445294356730992646e+01 -2.376513548868591030e+01 -4.508942083221358388e+01 -5.858685915644306874e+01 -4.355452313320830626e+01 -2.958914914038987121e+01
-3.353701655003607129e+01 1.315594559828714978e+02 -2.755639249257676227e+01 3.570102557216105765e+01 -3.103521378836576616e+01 -1.746675866329542259e+01 -3.869869420090471124e+01 -3.266384712639322174e+01 -3.878508353919623630e+01 -5.790263693922121035e+01 -2.776677770101224496e+01 -3.063856262821130372e+01
-4.647564889392766929e+01 1.375945326069532371e+02 -5.338744489583948649e+01 3.158585031832007672e+01 -2.316813462855887451e+01 -2.022795486768661277e+01 -2.810889376109874149e+01 -4.150978107145670037e+01 -2.151385585574717751e+01 -4.975915986482549158e+01 -2.476779898491844989e+01 -2.645185085243421241e+01
-5.701701418217648154e+01 1.204137460337923784e+02 -7.144266832840638415e+01 2.389087043892724438e+01 -1.531013780942157787e+01 -1.933976613599672589e+01 -1.889285926931042070e+01 -3.409908628072982140e+01 -3.346068671453544852e+01 -4.976836274963826412e+01 -2.931834963664387672e+01 -1.867976286126694418e+01
-7.721843891147398153e+01 1.325147339629826035e+02 -6.926649840376843770e+01 1.256399340813037568e+01 -1.069110761920435593e+01 -1.400083254118525389e+01 -2.477655438993173931e+01 -4.486960900897398119e+01 -3.502035410381464686e+01 -4.117645971893198720e+01 -4.367858548246388750e+01 -7.325313929067372776e+00
-7.462524610787454549e+01 1.165199595308047833e+02 -4.848159451038914369e+01 1.844656980113840206e+01 -1.009909761495724823e+01 -1.705506738119088084e+01 -2.871757621308309893e+01 -4.217469995424018236e+01 -2.649054875568089784e+01 -3.546221703166199291e+01 -2.638205095463212757e+01 -1.057695863331048081e+01
-5.858593410687905845e+01 1.250376056316599147e+02 -3.687469924607441385e+01 1.125887339438522083e+01 6.598196914760613652e+00 -1.171011821071943970e+01 -3.394097869968714321e+01 -4.018140323793369362e+01 -3.541052936115872996e+01 -2.867807804984995812e+01 -2.136549522645177035e+01 -1.741736095792374428e+01
-3.435196572287026129e+01 1.337944609041130946e+02 -4.269455158017514407e+01 5.675143505254435894e+00 3.661253867184089295e+00 -2.423297880233704049e+01 -3.512017860386702495e+01 -3.688890299530937966e+01 -3.830727192124783187e+01 -2.042388651961019619e+01 -2.387957258790190451e+01 -2.286054055500991211e+01
1.916224232928431359e+00 1.234166086510557250e+02 -3.933872689117497146e+01 9.242471077902008503e+00 -3.782041370182605533e+01 -5.285204044180218830e+01 -2.466871617008206030e+01 -2.775384681238886841e+01 -2.495508612841434015e+01 -1.264255778877123504e+01 -3.762036147466670144e+01 -2.895816746563503585e+01
5.037155602521171716e+01 9.248646042741160045e+01 -4.084830217342230441e+01 1.518358352418866986e+01 -6.085550262300037616e+01 -3.189033456723148419e+01 -2.415347980249514848e+01 -2.034609831683833292e+01 -2.829721004471819512e+01 -2.277211586630727425e+01 -3.073791438665319831e+01 -1.366149718007544855e+01
6.759996667854036900e+01 6.298194240619416462e+01 -3.193760095286404166e+01 1.950496345587455949e+01 -6.219152644646482031e+01 -2.898464569484282549e+01 -2.315980102939202467e+01 -1.191571848995129557e+01 -3.993939666170548008e+01 -2.830999844584025738e+01 -1.257962216024467317e+01 -2.928811768047702202e+01
6.863581699658209345e+01 5.537399378158847441e+01 -2.138916292251101225e+01 1.310027499946129659e+01 -6.787433353088979970e+01 -1.433196262232594087e+01 -9.986689369221553036e+00 -3.396328559574750727e+01 -4.635522598870401367e+01 -1.182992575169990346e+01 -1.937323825257512766e+01 -5.162288096401412929e+01
6.336294857505325950e+01 5.484409723024572259e+01 -1.604192396911894036e+01 1.466148828622524469e+01 -6.556445229460352664e+01 -1.335215315662509639e+01 -5.879459098925797988e+00 -3.922711141853109496e+01 -3.913986892862298106e+01 -1.890358481201114316e+01 -1.787162013767544977e+01 -4.956067362764920858e+01
6.405940670436540074e+01 4.583507757223046042e+01 -5.301124026568519554e+00 1.945945416402877726e+01 -7.420759617059368907e+01 -2.388688478138876903e+01 4.292229987144023262e+00 -3.537563067233378433e+01 -4.257145883978147083e+01 -2.134200722343188517e+01 -2.189556183887131979e+01 -4.691375662669176450e+01
6.146779154432469028e+01 2.093913127445965827e+01 -4.282601852337059256e+00 2.117051025228106909e+01 -5.896117245089450165e+01 -3.389365632831995612e+01 3.270731507999840026e+00 -3.507098975086975656e+01 -3.089237038403102886e+01 -2.299178908697380663e+01 -2.050743500748042791e+01 -4.803825748566971754e+01
6.389580502735212519e+01 3.791073400390410519e+00 -9.579425597573074214e+00 2.354655666250951640e+01 -5.435917708537735393e+01 -3.035330892374402723e+01 -1.159852539887974743e+01 -3.183349183630573620e+01 -3.844960658496263051e+01 -2.488001713432632300e+01 -3.536844092515449400e+00 -4.797913400033881004e+01
4.573716104210433997e+01 -9.299360833103937907e+00 -9.192446863730392437e+00 2.619063121896943613e+01 -6.117399222136099723e+01 -2.837541089781686310e+01 -2.921599526283796777e+01 -1.921311757453358382e+01 -4.921155995950201145e+01 -2.041703389388714385e+01 5.263228026189431752e+00 -5.353357486719914959e+01
1.716571788633761031e+01 -2.838070527112712327e+01 -1.310162998304052806e+01 1.290670318162006858e+01 -4.330961133787980089e+01 -3.237793755996549550e+01 -4.307750448918135078e+01 9.098472185122352229e+00 -5.202929380562866157e+01 -2.470565613951627881e+01 2.320379124952257399e+01 -6.617453304951010296e+01
-1.323185954831089139e+00 -3.891828853482813599e+01 -2.099977215729824565e+01 -8.272574152665541192e+00 -3.574960705334341071e+01 -3.952509479452508856e+01 -3.910336120354891420e+01 1.436507245051073944e+01 -4.651650157400170116e+01 -2.575598828921744854e+01 1.052040563139926554e+01 -4.625079559117753547e+01
-5.952009883909505916e+00 -3.653748704739068387e+01 -1.664761211030998211e+01 -1.807239840269162201e+01 -3.129436034554389323e+01 -4.549420568371256479e+01 -3.013782964920607910e+01 1.511793090055977729e+01 -5.029927059736255757e+01 -1.892278407057477096e+01 3.173131423616585067e+00 -3.063719414856600309e+01
-4.918465309239561378e-01 -3.404370772050974381e+01 -9.532428113623534927e+00 -1.544157098571732867e+01 -3.493877251053893218e+01 -4.583062910949944069e+01 -2.889166759942416718e+01 1.248923727224794789e+01 -4.666274350793349157e+01 -1.515267436329381567e+01 3.303350466304060262e-01 -2.698294977361022973e+01
3.996373024485920133e+00 -3.563360253527105925e+01 -1.211188291929946814e+00 -9.626545943090139446e+00 -3.167595313443374394e+01 -4.998083278811282781e+01 -2.673074481683820380e+01 6.674895645646827802e-03 -4.275025667834155740e+01 -1.834003829774298211e+01 -7.593117432048226423e-01 -2.497939797128827877e+01
1.024269559111123939e+01 -3.328745901860117584e+01 3.905284747544392143e+00 -1.027031182691281863e+01 -2.812782435577151574e+01 -5.433027371563543539e+01 -3.126922769633135601e+01 -5.626450515462639856e-01 -4.312116778233459513e+01 -2.212725949673922443e+01 2.729335838750529319e+00 -2.431276816330697699e+01
1.679144286843660794e+01 -2.871503536319607264e+01 1.615927335234911411e+01 -7.944757215164282016e-01 -3.170817522790936493e+01 -5.411589622907459329e+01 -4.348207922248920454e+01 -6.310530180138817613e+00 -4.402141067843708555e+01 -2.501840871741582006e+01 2.799623130837611829e+00 -1.759724622782783143e+01
3.215758052648934040e+01 -2.041092846824466989e+01 1.304672633880700872e+01 -2.210639428449672650e+00 -3.984788660211077627e+01 -4.731811763985549391e+01 -4.658708499444047391e+01 5.496841187888741764e+00 -5.333373748478234688e+01 -2.254183266997124235e+01 4.706352029493146460e+00 -2.797770848664440280e+01
2.603531921341021516e+01 -9.836117535729259842e+00 1.712117658531921105e+00 -2.552154776171734696e+00 -3.682574668971612653e+01 -4.552080197396794858e+01 -3.897144113733000381e+01 1.321862472071574146e+01 -5.010584269890927800e+01 -2.380225840784288494e+01 -1.475637198888817281e+00 -2.603766326443099643e+01
2.835684170718790398e+01 -1.932189538463322620e+01 -7.078038039454780161e+00 -1.475593435798628406e+01 -2.415476192803469857e+01 -4.152336512206693442e+01 -3.365589044166752331e+01 7.208773660049551779e+00 -4.455892262827087791e+01 -3.306517345414823694e+01 2.961717354470069008e+00 -2.494876639253175199e+01
3.600021961353044730e+01 -2.179421252823930288e+00 -9.155730678300933789e+00 -5.611138835964873728e+00 -2.512440005037954194e+01 -3.139224506181593455e+01 -3.284869316901185954e+01 6.416354563244333065e-01 -5.163269250667337928e+01 -3.179911518826615335e+01 -5.754081780973132609e+00 -2.605135658500436335e+01
2.929371260111404496e+01 1.228191548098760144e+01 -1.015697137288244534e+01 -1.647973227224842407e+00 -4.781489095937124745e+01 -4.746301415824969183e+01 -1.153729215300758426e+01 -1.028926730888533392e+01 -3.856723691588014447e+01 -3.873982612035427309e+01 -5.644499136120277427e+00 4.643623104651367406e+00
-5.555974187439852052e+00 1.381183136284974822e+01 -1.787486060790219966e+01 -6.940644918174801781e+00 -5.761329647553081656e+01 -4.537127316613130290e+01 -3.263009848837469473e+00 -8.387768832088571713e+00 -2.291822063642006313e+01 -3.305089431665942357e+01 -2.522576990467779723e+00 2.020730863868767990e+00
-2.261099498248743700e+01 9.785228448820442182e-01 -4.291106394712528527e+00 -2.767899796531337664e+00 -3.141131918927851530e+01 -2.941019848544394932e+01 -1.467778091577004318e+01 -6.064655035070850353e+00 -2.686203791406222763e+01 -3.417601298542064825e+01 -2.065853974508413682e-01 -1.105812423862710858e+01
4.642570478817764013e+01 -1.671720360618932588e+01 -6.486701938790517374e+01 -6.300321587518074473e+00 -4.775403199996479486e+01 -3.226476373698297095e+01 -4.290999263688200926e+01 -1.726449560962944219e+01 -2.188064415149658615e+01 -2.475537120821721260e+01 -3.021253499264656472e+00 -4.199592879956259139e+01
5.822651618452832167e+01 -3.980423985180944868e+01 -6.558526369275196544e+01 4.291004721583247417e+00 -5.111791936942023540e+01 -1.993659844147930471e+01 -4.578625260496252736e+01 -1.087721047529787555e+01 -1.433970836301722063e+00 -3.127929956017367630e+01 3.774612201219452956e+00 -4.163495948798540525e+01
3.680294520723436591e+01 -5.507299881413958076e+01 -5.879453721218623485e+01 2.301934300706812486e+00 -5.885724968165456517e+01 -1.261534322531108288e+01 -4.332879458432828557e+01 -1.264699537000418417e+01 2.575316930884761657e+00 -3.126178866107320786e+01 -2.716871797912769892e-01 -4.278585579736922284e+01
2.392667546517709454e+01 -5.203499459990582920e+01 -6.766383920946975650e+01 4.849110631213824796e+00 -5.466916853292279654e+01 -2.009810951945597424e+01 -3.862759101401400130e+01 -2.137516735112275512e+01 6.996778355315931286e-01 -3.596185700381415984e+01 -8.458749385099686435e+00 -2.920213084417705574e+01
1.690067873629995887e+01 -5.580329554169784956e+01 -7.389426814407660515e+01 8.139490362353802411e+00 -4.938588248433768513e+01 -1.555617066381345737e+01 -3.491858388771402133e+01 -2.637318613937162581e+01 9.604841629338029207e+00 -4.661303930290068820e+01 -6.152765208343424774e-02 -3.058533576816126853e+01
2.012046452642929140e+00 -5.829005438871666911e+01 -8.480670016683484391e+01 9.168925283523234881e+00 -4.155163252468513235e+01 -1.107770789679521783e+01 -2.158145919134720003e+01 -3.130489980560797747e+01 9.570312593623780728e+00 -4.272750762868562902e+01 -3.324011279678656727e+00 -3.212822285138471301e+01
1.037934422143353075e+01 -6.911313813714707521e+01 -7.674359022953514398e+01 8.871361753100416081e+00 -3.114642284668872918e+01 -1.003737124157844640e+01 -1.078265097557415508e+01 -3.529578707652169101e+01 1.045050731047934889e+01 -3.394902511203289919e+01 -7.308917497930190521e+00 -2.550087054939852749e+01
8.626121138371292574e+00 -6.940388943549848477e+01 -9.022986480352682293e+01 -7.663915717442828068e+00 -3.399658642894655713e+01 -1.905464086296597159e+01 -2.426572272464451885e+01 -4.467800403661243536e+01 -5.455456305769164516e+00 -4.708830679853338097e+01 -1.229977036952864644e+01 -3.026915688805784299e+01
2.196682624967787589e+01 -5.663724790488791427e+01 -8.927584091736561334e+01 7.531612844057470113e+00 -2.161586428473503929e+01 -3.570410470480275933e+00 -1.533948628442622208e+01 -3.163634292587909158e+01 -6.360719593643169301e-01 -3.594436314368488183e+01 -7.926390693788420094e+00 -1.855863990884186521e+01
4.671765299758421364e+00 -6.642560216547417440e+01 -1.011783878577425781e+02 2.115245508508321493e+00 -3.471253908859163317e+01 -8.875724678415135571e+00 -1.758640122919501536e+01 -4.558606691031479130e+01 -1.251705233478265988e+01 -4.362634566317743179e+01 -1.907869428717500426e+01 -2.921218159442852880e+01
1.773815435315615829e+01 -5.187562681976724832e+01 -9.403497261382116790e+01 3.067673161743873056e+00 -2.901744971852330934e+01 -1.152942266374108016e+01 -1.187456924702603800e+01 -4.143287520401079149e+01 3.235731136404984554e-01 -4.341059689014186063e+01 -7.513107906882339648e+00 -2.451513148026059241e+01
3.636750894486153740e+00 -6.066503124858641627e+01 -9.770287643218411233e+01 1.535664253398459467e+00 -3.153678791657707237e+01 -1.923582231681589505e+01 -1.493012904702863608e+01 -4.059058284544911999e+01 -9.732344464803905026e+00 -4.187654385592445294e+01 -1.901341238538809364e+01 -2.469105560821655132e+01
9.666933572472979463e+00 -5.558794030245459794e+01 -7.879968824387503901e+01 9.325920593003273140e+00 -2.739418841336315324e+01 -8.988739932100308749e+00 -9.818424966868185777e+00 -2.908594113990777785e+01 -2.311233465596691516e-01 -3.426380039566680580e+01 -1.139732528169610504e+01 -1.761910117070290127e+01
-2.235476398569844037e+00 -6.538641399779531582e+01 -9.347248445464234123e+01 3.159868375610798363e+00 -4.543286423543848684e+01 -2.785106275616522353e+01 -1.512304084262000714e+01 -3.747051760580280444e+01 -9.026725131637178379e+00 -3.950636084382203705e+01 -1.762343931118350682e+01 -2.084914579686222069e+01
2.040534460068057498e+00 -6.758215290772483286e+01 -7.541506154101281822e+01 3.840849055187272931e+00 -5.862119193313276355e+01 -2.011827767666654410e+01 -2.258486034533646603e+01 -3.074889769986569021e+01 -3.929353292517163254e+00 -3.851435844852476009e+01 -1.119643821430728892e+01 -1.936328309449832119e+01
3.037830111103831054e+00 -6.127897206673605979e+01 -5.174814203324308437e+01 -1.520736920026943384e+00 -5.662513589983340268e+01 -2.796275268125940272e+01 -2.638870831496248570e+01 -3.470083575742662418e+01 -5.393363933802503674e+00 -3.484179708938046360e+01 -1.744596587774537255e+01 -1.833684869190504685e+01
-2.102627832709202593e+01 -5.533109192006628518e+01 -3.120186104321810561e+01 -1.889912392869630509e+01 -4.667028643980025038e+01 -2.394839700673500715e+01 -1.810587543567832824e+01 -2.487278830595007761e+01 -2.204916380856912284e+01 -2.834194459861227955e+01 -1.005721705977645541e+01 -1.554022469468371881e+01
-4.501977149727410676e+01 -6.248372261353809876e+01 -2.230255722175225941e+01 -1.999786668025277381e+00 -5.605511891053677687e+01 -2.102913871051936212e+01 -5.961237826742133983e-01 -1.330859971757320004e+01 -2.566034763254226903e+01 -2.166574447099030820e+01 -8.157144169622126739e+00 -1.153620256958256718e+01
-1.490351036776479177e+00 -4.269112842782081430e+01 -3.149862842994043532e+01 5.716607837784303925e+00 -8.076741025524594875e+01 -2.901784317209806829e+01 -2.639500382432841974e+01 -1.753126527483470198e+01 -2.763321193804454623e+01 -3.121960862685088145e+01 -1.759338670789202297e+01 -1.119866917393573402e+01
2.454651821700325343e+01 -6.521009320143048171e+01 -3.017831748330999631e+01 4.570342435837075001e+00 -9.237033605341386533e+01 -3.687352439429524509e+01 -5.988193386157414011e+01 -4.793554681458624067e+00 -3.818056848019057981e+01 -3.381586978261984200e+01 -9.953382770198091478e+00 -1.668944150371598667e+01
2.722456719556275573e+01 -5.062613048493084023e+01 -1.990961497362746968e+01 2.072649845666241220e+00 -9.269289215953119765e+01 -3.014451141671997192e+01 -6.500342860231189945e+01 9.011148697967893639e+00 -4.819010541885096899e+01 -3.581623209313985967e+01 2.872889846215706644e+00 -2.736817908063179416e+01
3.171521467607992761e+01 -3.367418634844653980e+01 -2.239800178089223692e+01 -6.702517633483985549e+00 -6.688514317821875466e+01 -5.827700269876177508e+00 -6.056169665174289918e+01 2.661268440432697346e+01 -3.084005608638482698e+01 -1.920628600863786062e+01 6.540728647252469941e+00 -2.117302055128246963e+01
2.170229293554391603e+01 -3.929074778537857782e+01 -3.521264735500864163e+01 -2.000075195695661989e+01 -6.812949641885015239e+01 -1.706125716214722843e+01 -6.303493964308193398e+01 -7.840695570864083308e+00 -2.793851524543830323e+01 -2.890114928614571355e+01 -1.712296761790140920e+01 -9.247926404875379092e+00
2.411743955241112758e+01 -2.093195091259819662e+01 -2.846018147602266168e+01 -2.314887962235267338e+01 -5.409274926091897839e+01 -2.139485160769178762e+01 -3.358798140051557368e+01 -2.677145603585650679e+00 -1.994388259903681160e+01 -3.117364025680708295e+01 -2.944016796293838922e+01 -5.225380935072223565e-01
2.101954447220796496e+01 -2.437131551087504988e+01 -3.150101878313012449e+01 -4.471358866751488392e+01 -5.778829492528873146e+01 -4.165388560756014869e+01 -3.792586398758216149e+01 3.405179503151636311e+00 -3.469911312456737562e+01 -3.504631744240960245e+01 -2.827461899190247152e+01 6.096681301154417199e+00
2.860225487166537306e+01 -3.641683825627734450e+01 -3.388685406768856012e+01 -3.347817847017648774e+01 -3.563492238783275923e+01 -3.064385339444728018e+01 -1.240338582761428299e+01 -5.646221305803329926e+00 -2.267532186212559253e+01 -3.395897488182231427e+01 -1.850702409177458918e+01 5.826377207077340081e+00
3.266588724105844221e+01 -2.927296881752042523e+01 -4.283750559069385133e+01 -2.810359016703125334e+01 -5.271732768127367308e+01 -5.139697142426788901e+01 -9.987428717536158018e+00 -2.263656988442320284e+01 -2.857974266748468395e+01 -3.592779101398046748e+01 -1.114860000882534052e+01 6.364252739557842986e+00
2.186280874081757730e+01 -1.663229044000589241e+01 -4.196151317612409315e+01 -1.872929932613054049e+01 -4.814020966721564321e+01 -5.491832913327054655e+01 -1.829945161854585223e+01 -1.813819289474498220e+01 -1.107182666012904271e+01 -2.877157249393393812e+01 -1.547757097111941960e+01 7.522065702414078459e+00
1.076150103614576281e+01 -1.924334317892201440e+01 -4.962336435898768627e+01 -1.277598863779916982e+01 -4.620396899793648515e+01 -5.666411018085875639e+01 -1.069498127616516925e+01 -1.452488849921300051e+01 -5.569035221786844403e+00 -3.551499809253492401e+01 -1.439417613499718662e+01 9.170331616299653987e+00
-1.825114386532428412e+01 -3.715650923069441802e+01 -4.017698526717936147e+01 -1.505760756378641041e+01 -4.653872701642514187e+01 -5.392184658410232601e+01 -4.456122311364392630e+00 -1.276731174122607548e+01 -6.603384171468938746e+00 -1.858390842042608426e+01 -2.832851929929758761e+00 7.772738635649466765e+00
-7.018158426371063285e+01 -1.168564574702446919e+02 -3.028643770749043895e+01 -2.407364979017348361e+01 -3.261582029684785766e+01 -5.333720433948516870e+01 -2.962406479470093501e+01 5.654141761349784634e-01 -3.464673756718955389e+01 -1.324416981880440769e+00 -4.154984445855197883e+00 -5.784556435003024077e+00
-6.737832970352332040e+01 -1.107575161827722638e+02 -1.915477647513877457e+01 -2.307514592004812570e+00 -1.804554734614050204e+01 -3.829759949709763589e+01 -1.487011859048941176e+01 1.298390544567299365e+01 -3.489688978598751845e+01 -8.647004340879660411e-01 -7.531458096109968636e+00 -8.113723571167840376e+00
-4.906429599829181143e+01 -9.773406829417410790e+01 -4.037943505778493147e+01 -1.695253621003805833e+01 -1.900810665750092809e+01 -3.135163814150084960e+01 -1.217419205479133915e+01 8.460671929641137012e+00 -4.131367515997259687e+01 -1.429693380238384393e+01 -1.629337890240319453e+01 -1.594179402222828301e+01
-3.455134942485058502e+01 -8.488393090674117047e+01 -3.295945036345001000e+01 -2.238102703601414234e+01 -1.795119192463235436e+01 -2.580895879108182456e+01 -3.157565906492605379e-01 1.286938170475493237e+01 -3.274893664716979913e+01 -7.852249395702065371e+00 -3.139841833595824916e+00 -6.186944766789130412e+00
-2.916991601500285114e+01 -3.028642462794599055e+01 -1.270345942592392419e+01 -1.413000403548425687e+01 -5.182372196182770097e+01 -3.396876809406504805e+01 -1.585049522011547474e+01 -2.246633647199488948e+01 -5.146973094637286295e+01 -2.352382376267913244e+01 3.940011541310371790e+00 -2.519407172905595615e+01
1.663325754913599042e+01 -3.635997102353009325e+01 -3.311220507937857604e+01 -1.413088873771076237e+01 -6.744098114519724163e+01 -4.464791428952131724e+01 -3.506724371923830574e+01 -6.319659696368086221e-01 -4.554469085113018423e+01 -3.538878177677361947e+01 1.080301622623318281e+01 -3.789521681502623096e+01
9.400646345439323426e+00 -7.003698450024981526e+01 -3.283934174773086312e+01 -1.473936346778540596e+01 -5.841381753491075557e+01 -3.648533051334125332e+01 -2.996578442560353039e+01 1.239772510357897595e+01 -2.502359103164208420e+01 -3.545199426134340115e+01 1.163928214767315872e+01 -4.730232058368491010e+01
-5.143791151059240008e+00 -8.186210737870905518e+01 -3.159827790733553243e+01 -1.694154254211623112e+01 -5.359063363130428570e+01 -5.049634989476234637e+01 -2.574666281669393442e+01 -5.050183282650777983e+00 -2.384954394509329489e+01 -4.018039732646873574e+01 6.036387741500630177e+00 -4.696864241886653701e+01
5.271284964300670950e-01 -8.725735853465312175e+01 -3.454565769535332720e+01 -9.751926937427686681e+00 -4.730518194205254190e+01 -5.547713682558034520e+01 -1.885118987820968073e+01 -1.146084475324164309e+01 -2.003855685950620824e+01 -3.960608733397616277e+01 5.409001019081105532e+00 -5.390784847569574367e+01
-5.861271640709469821e+00 -8.997043841096692063e+01 -3.287220642651776359e+01 -1.361064158302545302e+01 -4.249787875461957753e+01 -5.452587035325782949e+01 -2.542631906103229866e+01 -2.200616230810006790e+00 -2.401110327651249321e+01 -3.157644724432641681e+01 -5.845211845527167327e-01 -4.667752783173711606e+01
-2.683501053351131205e+00 -7.522672426801895540e+01 -2.354773757138448786e+01 -7.828892702384424140e+00 -3.698160278501826781e+01 -4.352525505967471275e+01 -1.983593242559038217e+01 3.650385840946523075e+00 -1.586620116567860705e+01 -2.151390787105127345e+01 5.452178292372753532e-01 -4.323924389675623559e+01
-1.387149317410430349e+01 -8.744475539616436777e+01 -4.477431808133459867e+01 -1.878525155194828500e+01 -4.204789375427836262e+01 -3.701139432034057108e+01 -2.070658707516252406e+01 5.316573784512375944e+00 -2.742136513832626576e+01 -3.667990029226844229e+01 -1.755759443312382473e+01 -5.416691037199444736e+01
1.593874640045244817e+01 -6.415831407592143876e+01 -4.271030479880313635e+01 -8.104610293103560181e+00 -3.692866464550361627e+01 -3.781406928196501838e+01 -2.557451983524451578e+01 1.114355659023393663e+01 -3.038578521635047736e+01 -3.078569227478567072e+01 -1.807638991346429247e+00 -4.930631728859022189e+01
4.765762835732104463e+01 -3.703515970398439805e+01 -3.809969563127691572e+01 -5.078447577701616922e-02 -4.762768469974554364e+01 -2.319815180796841503e+01 -2.627963289904322153e+01 -7.479814194873316779e+00 -3.653236103441621196e+01 -3.356062562372109426e+01 -1.216050840382238363e+01 -3.892675848129315597e+01
-2.526891309962839216e+01 -2.520687005774450995e+01 1.455663934727520648e+01 -5.288379097703639786e+01 -3.286632416968245707e+01 -1.432295691224085488e+01 -5.335087321864951093e+01 -6.566670029604038561e+00 -5.533424775527416273e+01 -4.858392131422981208e+01 -4.087541136186843715e+01 -2.161232583770539861e+01
-4.207094691839412093e+01 -2.477713082185018578e+01 4.139295794812998963e+01 -4.876568067120163619e+01 -4.316120096791510719e+01 -1.564252887894012289e+01 -3.874877094035483793e+01 5.495212500617650875e+00 -5.744036215076731366e+01 -3.955090495867520417e+01 -3.341571878131891538e+01 -1.645151403629742859e+01
-4.937179809381245832e+01 -4.056109176555858653e+01 2.739548499186968655e+01 -5.967521960974726625e+01 -5.356394411181933890e+01 -2.483534320417916419e+01 -3.980441022851791644e+01 -2.395810962644850495e+00 -6.470175281963558689e+01 -4.035810186031812208e+01 -2.156944296471281319e+01 -1.426723594351048163e+01
2.866101084719312908e+00 -3.181926232425747969e+01 1.092409168093753813e+01 -2.453751603068138110e+01 -4.019409614850655998e+01 -3.070400833502636573e+01 -3.051001291454322839e+01 -1.762543788020635560e+01 -4.628647293354494252e+01 -3.677548717689235502e+01 -1.386488120396902346e+01 -3.996531131603074716e+00
6.128445593008931880e+00 -3.948668261832261805e+01 2.539677880025245305e+00 -1.847966413582220824e+01 -2.514308811405742716e+01 -2.337522318255911813e+01 -3.479769145499034266e+01 -1.840938286462692730e+01 -4.500569529049320039e+01 -3.913948030777057596e+01 -1.204545952338872539e+01 -4.311872559619384759e+00
1.764160543656718261e+01 -3.290074412913473623e+01 1.565914768771350163e+00 -1.225455962106716612e+01 -1.825929680338625971e+01 -2.718559112058232330e+01 -2.603966239440771346e+01 -9.574349177109766629e+00 -4.355296563576258961e+01 -4.110405263080299676e+01 -2.202753098701082735e+01 -1.539066227800399389e+01
2.290762197573845071e+01 -4.136976828713110876e+01 -1.564189769042210187e+01 -2.062421624027547296e+01 -3.904149880299520703e+01 -3.813059215888019793e+01 -2.046423800683960792e+01 -1.228955242045040563e+01 -2.912205904535536405e+01 -4.077317289589950633e+01 -2.476902408562674296e+01 -7.791908222925051142e+00
3.428789838899348297e+01 -3.011565076529777940e+01 -2.168563437063131261e+01 -2.142118392967186224e+01 -4.055911659094076072e+01 -4.544173281594010660e+01 -1.234923289305626426e+01 -1.678135686305986241e+01 -3.811401128667275628e+01 -5.006962638290806211e+01 -2.566601249273470842e+01 -2.292497205711998109e+00
2.261845301356606797e+01 -1.730408235644829062e+01 -3.019154021467270610e+01 -2.702383735957152666e+01 -3.667389637435131533e+01 -4.194247655699621902e+01 -6.625919978430604651e+00 -1.607845129158921438e+01 -3.756915233210776250e+01 -4.547300564050900107e+01 -2.119624896462072172e+01 -1.109547150697425622e+01
1.862056113311992789e+01 -5.058793430741211905e-01 -2.926980283364640556e+01 -3.938835461685506800e+01 -3.297925099618343836e+01 -4.254415446093730679e+01 -1.066507034182668789e+01 -1.822625043377989229e+01 -4.500353899580261441e+01 -4.184349909231724496e+01 -1.455534053582037757e+01 -2.720907957898149654e+00
2.490402056485673921e+00 2.631389996937061770e+00 -2.429562142840269701e+01 -2.706406850908624051e+01 -3.697913837743163867e+01 -5.829151534418604541e+01 -1.572063089453170370e+01 -1.757059197645220117e+00 -3.825289513599677349e+01 -3.705634566950042341e+01 -1.109519076428868090e+01 -4.869536530932597529e+00
6.855179266160321916e+00 2.071621356193709573e+00 -2.934052170123070979e+01 -3.469255875768344310e+01 -3.619682925216554992e+01 -4.530524493771942929e+01 -4.866791683113701694e+00 6.511196500643370300e+00 -3.210074979448552313e+01 -4.401088821068028523e+01 -9.317995144654517503e+00 4.673020035008962125e+00
-4.033300150250737737e+00 2.446973326048829556e+00 -3.262433127810098910e+01 -4.768502674899325910e+01 -5.286991580881944230e+01 -6.459811291766114039e+01 -2.335499182370421778e+01 -1.389150584543579825e+01 -3.158359405652848295e+01 -3.995745799240453522e+01 -1.180178983988077945e+01 -5.847511043912906104e+00
-7.980083682577936433e-01 1.985684457949889037e+01 -3.278259983285990842e+01 -4.407062439245449070e+01 -4.774108512639381985e+01 -5.741887174833031793e+01 -2.853978605922054612e+01 -7.768044105919800657e+00 -8.510134747002659594e+00 -2.965828121520409866e+01 -2.317554630767044443e+01 -5.666170713100829204e+00
-2.173529583898449857e+00 2.473431076308339982e+01 -2.706030029899712019e+01 -4.803735517646590836e+01 -4.539246833830958394e+01 -4.153682225107269232e+01 -3.285155307922892121e+01 -1.668693437716777339e+01 -2.258681722360825006e+01 -2.829904362867371503e+01 -1.988429403963840869e+01 -1.242823102788835676e+00
-8.223418114161718862e+00 2.385307239910884647e+01 -2.371370052515020177e+01 -3.498045169349289552e+01 -3.793860655677103466e+01 -3.000596751772775406e+01 -2.889101602325060014e+01 -3.632100859239820068e+01 -3.804674467877321575e+01 -2.358553628631553067e+01 -4.932686848144616221e+00 1.683745870178331216e+00
-1.619347937523837189e+01 2.549451055309377878e+01 -2.220725754413609820e+01 -4.376412438110304493e+01 -3.140445036402985579e+01 -2.425999937718408717e+01 -2.200706169659245148e+01 -3.062419845875434987e+01 -2.872798620952992366e+01 -1.380756631700268144e+01 -1.200842213471973530e+01 2.070736969955228268e+00
-1.728517851984923226e+01 2.210471621098622563e+01 -2.091506333705799747e+01 -4.742308039710407286e+01 -3.630070250419364442e+01 -2.745273365493289930e+01 -2.285008604354672457e+01 -2.361841691580160685e+01 -2.452996209312790299e+01 -1.317150098515291567e+01 -7.506284110379592533e+00 7.012449923116367501e+00
-3.669003822690209660e+01 9.747697997864959163e+00 -1.258111702166101153e+01 -2.629698428239165153e+01 -3.338531023550299892e+01 -3.987874558242793910e+01 -3.629526596350265066e+01 -1.882184053677211466e+01 2.940967351920604322e+00 -9.379206154655843619e+00 -8.820552878310746081e+00 9.359041941749886462e+00
-3.982612507876845598e+01 9.246789405501395720e+00 -2.241471345195613907e+01 -3.476061690704192131e+01 -3.413852383176863725e+01 -3.600910737074454460e+01 -2.616390784026791039e+01 -1.705425731488946539e+01 -2.497085062153012736e+00 -1.841817501549654068e+01 -1.348846388027460286e+01 -6.623963130881119099e+00
-5.352628698870462642e+01 1.051232522241310363e+01 -2.088453893208909662e+01 -2.867946003767703900e+01 -1.842419417053160302e+01 -2.696441665614739236e+01 -1.106952333892435369e+01 -6.288285548117111823e+00 8.890663749449990050e+00 -1.035085416076785769e+01 1.766444108241064903e+00 -1.288170699030725674e-01
-1.016124025556463124e+02 2.070764428021456638e+01 6.401011696863430522e+00 -1.722346083664654515e+01 -1.266682315946790816e+00 -8.876967186316942815e+00 -8.185371649702031238e-01 -6.310797745460375197e+00 9.020355388782254735e+00 -9.469971157591725586e+00 6.353559831439003602e+00 -4.274970391567649131e+00
-1.017690962925225051e+02 2.098117640873885392e+01 5.726634375602285942e+00 -1.233992863029976306e+01 1.388395585386337672e+00 -1.581592709356871396e+01 9.078903865580219446e+00 -2.612004282937785415e+00 1.027186771442013757e+01 -1.386005899028011434e+01 6.380096330688386885e+00 1.121289572004705093e+01
-1.007505596365241445e+02 1.776646535325780007e+01 -1.081267626784977587e+01 -6.282763545162486807e+00 -1.023167626680905773e+00 -3.094033790408256834e+01 -2.579141651551766223e+00 -1.680319391352495018e+01 1.549749198872108380e+00 -1.376489384577800656e+01 -4.625127636682897503e-01 2.175326186251039129e+00
-1.005845632518224306e+02 7.131072329571275681e+00 -2.124920507780000278e+01 -4.321054738213107704e+00 1.164769311913325822e+01 -2.553082526457501444e+01 -6.054685725829826559e+00 -6.211525573575672254e+00 7.616548674952637654e+00 6.895560117634894404e+00 5.990735135296393565e+00 1.926548393850705310e+01
-9.975683956938161145e+01 1.637584997908496476e+01 -4.908279747049471453e+00 -7.897707955570440141e+00 -9.562910193290756755e-01 -2.366638649088152135e+01 1.577629688341416525e+01 -1.698011022326788577e+00 7.921352374904040872e+00 -2.856395114902437804e+00 8.730117661392917228e+00 1.062861218243381600e+01
-1.014792915600152412e+02 9.924212248591279817e+00 -1.784721484756675380e+01 -1.916305703841018726e+01 4.886869656612452317e+00 -6.060595830421378949e+00 3.845909485295740282e+00 -2.128717346142452627e+01 9.001769514251446225e+00 -4.741118626966051686e+00 1.462558616139991940e+00 9.832188275316992687e+00
-1.039273346406225187e+02 1.745170761430159700e+01 -2.145041176487284318e+00 -9.802228728904408328e+00 -1.009695278556113074e+00 -7.790859045820371698e+00 1.356425159135598157e+01 -2.058108856495453765e+01 -5.297064970199008904e+00 4.902622389806811753e+00 5.254649044458058249e+00 1.289197179531577220e+01
-9.440550132785446635e+01 1.009849896630268873e+01 -1.378027533130966553e+01 -1.610617000677994426e+01 8.958303220513146314e+00 -2.017480943109338654e+01 1.342582475805191411e+00 -1.350588398777224253e+00 2.082686343561235986e+01 8.881004793400713027e+00 1.262627055545213484e+00 9.921988816889172114e+00
-1.061229163849513952e+02 -1.025300278619780769e+01 -1.286251162061240549e+01 -1.751960634271410200e+01 2.966130216628802607e+00 -1.329517475343372901e+01 -7.045043929639891012e+00 -1.115669933409360404e+01 7.799394594088826516e+00 8.905433267465477698e+00 6.840549237734454557e-01 -1.969602969102299372e+00
-9.144211811805041634e+01 1.149265179348613231e+01 1.409000954528740523e+00 -1.444546499351389635e+01 -2.050796102824196332e+00 -1.464058356962210539e+01 -1.087739355896285431e+01 -2.436460385944133833e+01 8.611323918800039223e+00 7.309687007220648347e+00 6.471333058775572411e+00 -1.589463468871452401e+00
-1.039145806853942986e+02 5.911894069840325727e+00 -1.917203068052732817e+01 -1.877705676400651313e+01 3.102942531886649924e+00 -1.175065630489142876e+01 3.853710718422922454e-01 -1.662862636849255082e+01 4.775826324601499806e+00 3.059671330050178994e+00 -1.372898079413489736e+00 8.275415768072583944e+00
-9.344354841664750211e+01 2.912027335605144884e+01 -1.006648531545113556e+01 -2.146197590305171587e+01 -2.116745333032781673e+00 -1.998145000577069297e+01 5.527162257928275757e+00 -1.824597350991803069e+01 1.232161828306061935e+01 7.355864951800738183e+00 -5.136786056140203449e+00 3.273713716892700631e+00
-9.581444074080059181e+01 1.388439344889520832e+01 -1.561553918900423277e+01 -1.247218099532792124e+01 -4.420786586023439213e+00 -1.263685974772629805e+01 7.639094449801069331e+00 -1.501840547838038020e+01 -4.841350294608033344e+00 -2.781354832780966291e+00 3.084479483408300027e-01 9.697830247576511908e+00
-8.414270176857874617e+01 -1.423382106426828164e-01 -1.348994148410726446e+01 -1.955427100008335373e+01 -8.948165969653665286e+00 -1.614841389861579657e+01 7.201735364656155269e+00 3.799707609415707843e-01 5.527149452546201935e+00 5.232735442033117579e+00 5.315594238040521891e-01 4.008732491352097860e+00
-8.791378432789966269e+01 3.129569187167148492e+00 -9.465334190610374065e+00 1.811921098729202484e+00 -8.301812965094281793e+00 -2.333803123760924692e+01 1.799104520390021111e+00 -3.349683223330318427e+00 3.858418877217984821e+00 3.683240727386561275e+00 -5.098046489498118561e+00 -3.048815992931724672e+00
-1.005072552555527636e+02 -1.174808349653619466e+01 -1.656356436361185303e+01 -4.847267572505664646e+00 -7.576024184928169980e+00 -1.257229212500817006e+01 2.107343245035091073e+00 1.351440287165706078e-01 1.346791743879798098e+01 1.013566463210522883e+01 3.300499193193670244e+00 1.691080360992616605e+00
-9.427224259688838970e+01 4.020369332206074731e+00 5.149210857282267018e-01 5.333775625179567825e+00 5.667949090210730567e+00 -1.360416090195046479e+01 -3.605372674498865226e+00 -2.089465231541966261e+01 -1.499520696757606153e+01 4.927995965997454597e+00 -1.005739694778379212e+00 -2.865260659945000565e+00
-8.720954817373942092e+01 5.955124570068922596e-01 -2.879216853929584374e+00 -6.429176711782591980e+00 -1.455600558871432781e+01 -1.102647605146828091e+01 4.679590917176087217e+00 -2.884408803884179751e+00 6.892816439617909019e+00 1.200398340277662346e+00 6.107166329860676868e+00 -2.745240208925455061e+00
-8.491239618599573191e+01 1.145551972973419907e+01 6.018848597205780138e+00 -1.564550141357461222e+01 -1.614122147406570562e+01 -1.323166129017305614e+01 2.690477382299463205e+00 -1.140988028443701552e+01 -2.704459982299353804e+00 -6.391351915528158401e+00 2.803301758486550277e+00 -9.315872770616721255e+00
-8.848554138817527814e+01 9.835260222574497391e+00 -8.261437022811225717e+00 -8.664756784983651983e+00 -1.216294616254277372e+01 -1.838379303266135167e+01 -1.891397024691661155e+00 -1.014325434489338562e+01 -1.524200396382742184e+01 -2.969713171862137457e+00 1.131234459681164850e+01 -3.000877912148993687e+00
-8.922783349717923329e+01 1.194652717031835465e+01 -3.877318093302148938e+00 -5.885179918224015871e+00 -1.012719037844055237e+01 -6.260860011026323058e+00 4.118861055863489717e+00 -1.383472155042329454e+01 -5.813295308441807308e+00 -7.610512155703395010e+00 -3.241177804336819346e+00 -3.160564651068879183e+00
-9.120507440608415095e+01 -1.130803336878728338e+01 -1.069310358576486664e+01 -1.361189003584592072e+01 -2.388557156411667215e+00 -9.948817764655405682e+00 -2.752685132421830438e-01 -4.126230970509912055e+00 2.773272115945451421e+00 -8.674787396214780344e-01 1.600063691853812031e+00 -3.408727768220868537e+00
-9.069010805045458312e+01 -7.949991609599155851e+00 -7.350730149786175005e+00 -7.018789515797796419e+00 -1.239387471627780712e+01 -1.227169975075516284e+01 4.367491778214665388e+00 -4.945031346750329959e+00 -3.575232877012194610e+00 -1.288642250300309122e+01 1.200061452481770763e+00 -4.425435711082625900e+00
-9.895951756699940915e+01 -3.624635198784679879e+00 -9.868841463389081525e+00 -3.427583581083128994e+00 9.923587897419297033e-01 -8.819594677679774009e+00 6.883383680172037167e-01 -7.102645115580219048e+00 -3.532523407317515129e+00 -9.154982616069574419e+00 -5.481329367913708062e+00 -6.456430758467448072e+00
-8.733694167478350323e+01 -6.313073122066574783e+00 -1.628270317911746545e+01 -1.373488232448410962e+01 6.183496095918648017e+00 -1.387215678786042350e+00 -4.209973800836671387e+00 -1.036276945886248413e+01 -1.145175944988922945e+00 -4.107409381602964871e+00 8.736890772116707726e-01 -5.992640389980627980e-01
-8.757755578356079695e+01 -2.098968379598095879e+01 -1.103283614730842288e+01 -5.167893203087832177e+00 -9.944170062675331323e+00 -2.118264454447618306e+01 -2.164697057105615841e+01 -9.713440124173951418e+00 -3.127837864851537031e+00 -6.090520087609412769e+00 -4.056785374670610622e+00 -1.385088934857580867e+01
-8.049738939221580836e+01 -4.124585577470852193e+00 3.577600652204401488e+00 -8.539511028528789183e+00 -4.418117569147266721e+00 -1.219561213183991377e+01 9.697701640838220172e+00 -1.627752268931341462e+01 -1.026811080778695207e+00 -4.431977473567487280e+00 -1.011873743425512950e+00 -5.406181333310899007e+00
-9.743631587751750089e+01 -1.120803587962521775e+01 8.573343401078212800e-01 -5.772851207496352721e+00 -8.821477108622399754e+00 -3.324638703241942661e+00 -3.647449840166619772e+00 -1.235772429992207577e+01 -6.167146242235730380e-01 4.406639618643405143e+00 9.464565001810036904e+00 -7.443103386917826469e-01
-8.377656182962857656e+01 -2.525200703446232708e+00 6.631016242436620800e+00 -2.961380611541457153e+00 -1.496085269939112017e+01 -6.513758576377444598e+00 -5.406807278101444680e+00 -1.545014596480697477e+01 -1.224004444527267310e+00 5.825796162822007851e+00 6.646057547553505529e+00 -1.022705135425395540e+01
-7.443577705714741910e+01 1.954573361870370896e+00 -5.517706915114532151e+00 -1.306867740604240957e+01 -2.467270613529454693e+01 -1.636701314274106522e+01 5.533401575903629244e-01 -1.431570315826408724e+01 -3.103905593251306883e+00 6.384489924135795746e+00 4.129307661659762374e+00 -9.083740370282129106e+00
-8.607188703262383456e+01 -9.199316534191591899e+00 -7.381822402876876410e+00 8.235264639358597094e-01 -8.895286265666236147e+00 -1.371358740812843280e+01 -2.441202545763377252e+00 -1.313868443423920063e+01 4.928986798285779791e+00 7.887035719784337928e+00 5.068601172591806758e+00 -8.179940471223508425e+00
-9.193702229301959505e+01 -7.023235217596111468e+00 -2.463446926036872320e+00 -8.711413500685121214e-01 -1.351575892889817254e+01 -1.591194134774801228e+01 -6.086443968504187119e+00 -1.424682380897924716e+01 -6.525879887514865807e+00 2.466422365286433660e-01 8.902409610848312838e+00 -1.205234118189943082e+01
-9.530321412846350881e+01 -1.247313820689557318e+01 4.593366785251233431e+00 7.504878773617004839e+00 -1.973352155659232166e+00 -8.788596126685451537e+00 5.766955165977004860e+00 -4.858666566590864377e+00 -1.003099367073507509e+01 -1.343181111711979980e+01 7.323822453696134716e+00 -2.220773069586104143e+01
-1.005209920068609790e+02 -2.088170108748299114e+00 -5.948257171656608833e+00 -1.469805200262188638e+00 -1.210693515144474119e+01 -2.406857741931294470e+01 -2.728945313477139756e+00 -5.329357072428319242e+00 -2.384138179144964287e+00 -2.464665939841914266e+01 -3.499233024088712618e+00 -1.533564480051163859e-01
-9.834905575539480083e+01 -1.593323195461249497e+01 -1.460717894214008261e+01 4.985733205240087784e+00 -7.399569916293610161e-01 -2.436876684940513371e+01 1.587019476214374558e+00 -1.207797793846098777e+01 -6.225964608876277673e+00 -1.271193884331541923e+01 -3.630775489880421425e+00 -1.155007872046438067e+01
-1.042774846160733944e+02 -1.940273745013436368e+01 -1.605241936342942921e+01 3.267137832908348472e+00 -9.032466565414944526e+00 -1.053480017205149721e+01 4.407455653689669184e+00 -1.124442892500395530e+01 -3.055337180236670669e+00 -1.782329985773922942e+01 -2.583112179647420348e+00 -2.305772120852810581e+00
-9.591311344392047999e+01 4.231836768982625507e+00 -5.390689994233745175e+00 -2.638376336271885059e+00 -7.637705904733008921e+00 -1.587580987012792377e+01 7.604280457677939253e+00 -6.297541199581783822e+00 -1.268397825456629846e+01 -8.741607997306601874e+00 -2.114265879625277567e+00 -5.696603270364348326e+00
-9.762235869710482916e+01 -2.428987778847863321e+00 -3.965970438270398191e+00 -8.245341914587980270e+00 -1.733363277079602938e+01 -5.881016088846855006e+00 6.629207597359579651e+00 -1.744954823231559260e-01 -3.029417423812457599e+00 -7.523441154545067455e+00 8.475720150908449213e+00 -4.777405940726142219e+00
