-1.268178110110129921e+02 -1.625987293955759228e+01 6.137232081991698784e+00 5.107860897410303025e+00 2.319618243287035142e+00 6.512169907187757900e+00 -1.901231989163610248e+00 -5.174143085454332436e+00 1.579308122810376958e+01 -1.260240557873381961e+00 5.773715313750705569e+00 3.426664928741017135e+00
-1.186378230610612263e+02 1.079036116443555748e+01 1.242268808013955450e+01 2.639191075230601058e+01 1.519003633729507108e+01 1.328301940184354457e+01 1.711363782223506291e+01 -7.695401462057661846e+00 1.557758333574604137e+01 -3.330522796701288701e+00 2.175450113533586638e+00 -2.701695318570350501e+00
-1.017608864876284400e+02 1.995144513378972206e+01 1.715291594730998170e+01 9.433543137684297974e+00 3.484173984963854220e+00 5.991347149756865775e+00 1.662221929244266505e+01 -5.238806294049849654e+00 2.036439761262269599e+01 -1.647955786207613293e+00 -4.191012301531020334e+00 5.818145824311777403e+00
-1.056364439414172978e+02 4.127761172705861625e+00 1.543622204601678760e+00 -3.674168077744207395e+00 9.791671595685706109e+00 2.101253423104011375e+01 1.393333755720760436e+01 -5.493563760001940466e+00 2.570425255052708735e+01 2.680190561342765676e-01 4.443624123226404876e+00 6.389036119157487370e+00
-1.340598999169464491e+02 1.759422378446379298e+01 -9.466720473271825753e+00 -7.428241226429233457e+00 1.162996045432768533e+01 5.037926237146045594e+00 8.380982832246889558e+00 1.359341439467307788e+00 2.589526618016737203e+01 -3.171208703618058067e-01 3.632070679309053141e+00 -6.420252197944422701e-01
-1.169859645671917150e+02 -5.162170001508690653e+00 -1.442179040300862880e+01 6.543115947289575018e+00 -9.288123217027283829e+00 3.630440079092819516e+00 1.750875572317013962e+01 5.361851328061033151e+00 2.540070943874202314e+01 9.258799991782357353e+00 4.962957745591082492e+00 6.177488607793607756e+00
-9.399282033666466418e+01 1.281462294467247176e+01 7.697480708791449189e+00 -8.505911759880298462e+00 1.675276616456554635e+01 5.688138278818138716e+00 5.176053233214612526e+00 -3.051739908621169395e-01 1.213174648560958246e+01 6.934015440622205873e+00 2.855956961511327385e+00 3.852323713097070890e+00
-9.780944887977466351e+01 1.855537135972022611e+01 1.494952652947708138e+01 2.423010361156791603e+01 1.790354583338380934e+01 -2.950668091981612839e+00 -7.781284891649593582e-01 -1.351862673448200880e-01 2.359645323846386589e+01 6.267626805959799263e+00 9.877446937131727722e+00 1.643460253511391400e+01
-1.196610999376032822e+02 1.936364865438680738e+01 -9.475013429080316740e-01 1.042549756331560928e+01 9.139750666257537404e+00 -4.181805026247191748e+00 4.940659421692852327e+00 8.015265035259982795e+00 3.204962514473670865e+01 1.019553949493629474e+01 3.906629773816236106e+00 5.285702267534427179e+00
-9.688847234630640060e+01 8.296233062194799501e+00 4.964229134515134589e-01 -4.203200273755475891e+00 -8.799012023126252302e+00 3.319875488121395435e+00 2.042755904639252407e+01 8.712625754924005150e+00 2.229184446374964068e+01 -6.040831537053517053e+00 4.880433950547170774e+00 1.611084045977015222e+01
-1.402657083197860572e+02 -2.303698643729380713e+00 -2.109745196949363333e+01 -1.176391629376163728e+01 -1.888125974094528914e+01 -6.854677923777332538e+00 -8.521859562834720236e+00 -1.871232347515397620e+01 -4.120866941661152083e+00 -2.285384720289348337e+01 -2.416707437147527671e+01 -1.770969427499350246e+01
-9.114846504784381409e+01 2.953259884423511750e+01 1.856175525488582423e+01 5.185236360461811245e+00 1.039233065487452379e+01 5.406543444446320734e+00 1.244567105221608827e+01 -3.166984212594581294e+00 2.811238397522037857e+01 -2.063290004066956396e+00 -3.826681751756906280e+00 -9.984562823294249156e+00
-8.985674687937878957e+01 2.001482443487947904e+01 9.601106704366008771e+00 8.922620695820413061e+00 7.041333808309496511e+00 1.226064162682251713e+00 2.114573456272344387e+00 -1.413356028915457863e+01 1.447841953109243818e+01 -9.393029313084113596e+00 -1.355194130195539337e+01 6.680108446954680090e-02
-7.269491194026974767e+01 4.215622201707671479e+01 1.717201257338961895e+01 1.357484494039588441e+01 1.191874863692139463e+01 -7.102281881309657763e-01 -1.300411158738154249e+01 -1.363592881042726823e+01 5.251170713402502077e-01 -2.085265014945525053e+01 -2.159659266756698770e+01 -8.040598667177899728e+00
1.700666879027505729e+01 6.848957267710416374e+01 1.818806642757009939e+01 9.518942722133832746e+00 -6.104120190409466629e-01 -4.782630934664079625e+00 9.665103372029367534e+00 -1.713146805283974672e+01 -2.065270036108288743e+00 -7.716425750822610397e+00 -1.070823488800548162e+01 -7.542918155405247127e+00
8.619322338688766649e+01 3.777070517427886642e+01 2.651657597595058036e+00 -4.880998679660512707e+00 -1.817700367890745383e+01 -1.681828279817761640e+01 -1.508405525371988354e+01 -1.927703103951660424e+01 -4.240796763788798884e+00 -1.448837361220996911e+01 -2.539515744611370085e+00 -7.610084533060971879e+00
5.258426617950686222e+01 4.091677591954235993e+01 1.442375829020271283e+01 -2.301084085687153902e+01 -2.884157076289426413e+01 -9.967356243402047511e+00 -3.650179230437179001e+01 -4.292162357201544864e+01 -6.509164309911674273e+00 -1.528780910762115752e+01 7.457294604945870375e+00 1.339764112876915370e+01
7.620544442415430808e+01 4.193143476374633849e+01 1.667478607231423737e+01 -5.982908437878814212e+00 -8.203776104916272516e+00 -7.254245679159413207e+00 -1.340297057794470348e+01 -1.322380727497289321e+01 6.668237200852273006e+00 -1.193548063300865714e+01 -4.383210967830972749e+00 -6.152179796593713057e+00
7.512267724624885545e+01 4.300136501784503906e+00 3.349422903581540822e+01 3.426044182623821932e-01 -1.451308980449748454e+01 7.371246805867881946e+00 -2.778817385938720008e+01 -2.544511572610780092e+01 8.477104934314999340e+00 -3.498980395428268775e+00 5.230675323293082712e+00 9.274577552178294937e+00
7.393065043857373553e+01 -7.605603480499471658e+00 3.824144253617171785e+01 3.467648497136695873e+00 -8.199735088426200136e+00 1.226021627258599977e+01 -2.998602471273898828e+01 -2.900317791226095210e+01 1.307159726405038924e+01 -6.089245047472303440e+00 1.237141775405628152e+01 5.359709235975143926e+00
6.447666943348039581e+01 -1.982244268389664654e+01 3.954976139085650289e+01 -7.450563825947482677e+00 -1.757003606270897222e+01 7.011621889915160111e+00 -2.482570962100796663e+01 -2.949267627971540406e+01 1.983841357447336584e+00 -1.943957335744420334e+01 2.697389538924255703e+00 -5.337727831259743816e+00
5.374868205581075387e+01 2.075327886051213966e+01 3.915440215929559997e+01 -1.993319257579069514e+01 -3.866133844678592890e+00 1.282150778813576864e+01 -3.650628542943552191e+01 -3.176249240220484893e+01 -1.500885679280942853e+00 -1.392945769428380842e+01 1.247848620234947914e+00 -1.523208195926609054e+00
4.584979269252531253e+01 1.196370962244061609e+01 5.060010805501195819e+01 -1.299924073649529888e+00 1.133094358128576840e+00 1.915264987590856194e+01 -2.628311905047129216e+01 -2.869099421667767658e+01 7.908909985934427844e+00 -2.093587429420191981e+01 -3.490064000100865815e+00 2.178563190554571705e+00
1.715115783885209311e+01 -1.541008763893616518e-01 6.891601368394482563e+01 1.037848430785487785e+01 2.410097990707296844e+01 2.353120807983383855e+01 -2.157940737818196553e+01 -8.620356798777738305e+00 2.179981789084511945e+01 -1.946866489230504271e+01 -5.161616083084336282e+00 -6.165355064414351105e+00
-1.149140798850581646e+01 2.903947108032077296e+01 8.289688602942307227e+01 4.081832505543255607e+00 2.372648117984328309e+01 2.781124297047762539e+01 -2.770798903488761056e+01 -1.228763427525487018e+01 1.167158986396263209e+01 -2.024864525797801207e+01 -7.990009815553048789e+00 -6.282967766527879583e+00
-5.272661270180148563e+01 2.456057175929207403e+01 8.887124053792481959e+01 1.920865555281453529e+00 2.213741124512451819e+01 1.210700527482144118e+01 -3.605055973880198650e+01 -1.556934021954896430e+01 2.961792222731446245e+01 -2.464463895196239207e+01 -1.570686046355306154e+01 1.050342834926230040e+01
-9.613648954567568694e+01 -1.132025410853039915e+01 6.499690848734601900e+01 -6.090053080532219276e+00 2.011520727472224479e+01 1.184522591189188034e+01 -5.366633167134771121e+00 -1.221464275781601927e+01 2.294428233270137341e+01 -2.041433873284193368e+01 -5.998740896751164620e-01 -1.606420040352018574e+01
-1.146444065843245426e+02 -2.378489578209098454e+01 4.697847555661424224e+01 -1.783560427884628652e+01 3.166200673518154041e+00 1.665137377162603727e+01 -1.204877349103312234e+01 8.051862691594099397e-01 3.221285351012010523e+01 -3.640056085552233611e+01 1.007879540297287591e+01 8.512409855983603890e+00
-1.614249329880506707e+02 -3.553651804733411268e+01 4.708474991235858909e+01 -2.380839504192367784e+00 -5.512054042173376800e+00 5.282597252003247590e+00 -1.633044147503798627e+01 -1.848257581370285862e+01 2.876013427534990541e+01 -4.370979658336666773e+01 -3.472292471240027822e+00 -1.750163972874079832e+01
-1.582253265842154804e+02 -3.712472912285225846e+01 2.735464489303855373e+01 -2.115048336796954231e+01 -3.831096145237022910e-03 1.042057829478696007e+01 -2.748347869240117447e+01 -7.239144363859450593e+00 3.002400631767064709e+01 -2.268271045976144507e+01 -3.046521361226776747e+00 -9.300633927572755866e+00
-1.291088281681991248e+02 -3.579852471990015772e+01 4.543280908100663851e+01 -3.517992857943966101e+01 -3.821386534324107576e+00 8.359743104721896856e+00 -2.832165247575018441e+01 -2.168910190546541727e+01 2.514949137609941943e+01 -3.218693850795289535e+01 1.921609925803643648e+01 6.300310873358913710e+00
-4.987914059405441236e+01 -3.191619406429094852e+01 6.146245631441190227e+01 3.431594739759205037e+00 -9.343451474811272917e-01 9.918900005044502421e+00 -1.664583514751581816e+01 -7.107577745702935879e+00 2.998899627700598813e+01 -2.649597776421957818e+01 -9.907896203547682745e+00 -1.855469565442503566e+01
6.422804217898993784e+01 -5.169646361405639112e+01 3.394619372742128149e+01 -1.191375367278372543e+01 -1.395636868942772679e+01 -5.305140467989534869e+00 -3.541345347451999714e+01 -1.816399467860648542e+01 4.804072974053579514e+01 -1.108159293086241348e+01 1.154963793217971002e+01 3.138383390463165945e+00
6.459811880147584873e+01 -4.970470774804103087e+01 4.048642697532629597e+01 -2.232757575410388995e+01 -3.165030601543043076e+01 -1.725867054016544699e+01 -3.566052255517270453e+01 -2.719530934312914283e+01 3.569137071666521877e+01 -8.109736881135841458e+00 -2.751193985842458112e+00 -6.285323431192273880e+00
6.244436848910748949e+01 -3.334346203019699573e+01 4.673678751161950373e+01 -1.847578432641374491e+01 -2.275201794161277391e+01 -5.766557592416933886e+00 -2.059951773588983670e+01 -2.657616992286045132e+01 4.407740952055895178e+01 -2.105452640879070358e+00 1.627205031299654081e+01 4.983915642943145263e-01
4.972633789916821456e+01 -5.210085709040642143e+01 2.321550822030905437e+01 -1.356489863308246235e+01 -4.905205657482840564e+01 -1.564517341994373467e+01 -2.515496958223740620e+01 -3.120425189482008221e+01 4.239756798351000100e+01 -8.170055781995937849e+00 9.321933093510239132e+00 -9.351014176332842709e+00
3.901854425467251986e+01 -4.739076037866514213e+01 2.788464443353113609e+01 -2.041092840288295562e+01 -4.896118126073228893e+01 -1.368053742958109353e+01 -2.067287981950662612e+01 -2.299576231924606162e+01 2.295126117822719181e+01 -1.609990635961919736e+01 -8.125926939079858968e+00 -1.474127167873433386e+01
3.948718929087162621e+01 -4.880613709827297697e+01 3.340720396238801726e+01 1.561728465877399774e+00 -3.453067517092655692e+01 -1.807113174756191043e+01 -4.896513748847632996e+01 -2.613826352320857893e+01 4.066008952994228309e+01 -4.389330131612499741e+00 4.595336203127668107e+00 -1.684048046097201023e+01
2.329040720831734035e+01 -4.619974128711888284e+01 4.145007069943300593e+01 4.081059261695203944e+00 -2.930857107152142760e+01 -1.527445044402577068e+01 -3.224642251245732893e+01 -1.388431282302303416e+01 3.869107607738826005e+01 1.686033419942094547e+00 -2.299981333926949922e+00 -4.311719318182936078e+00
5.253433809765137141e+01 -5.202716886780324046e+01 6.203176003350876044e+01 1.526169995414609915e+01 -2.473254396916641085e+01 -1.898755277342623060e+01 -3.935063994574066726e+01 -2.441743389922925900e+01 4.307035269215259632e+01 -2.633232744627008959e+00 -4.550728520379552222e+00 -3.317629293514523070e+00
4.205023329505250729e+01 -7.380795155977696709e+01 3.176198274313690106e+01 -4.057594144194841768e+00 -2.130180665499020520e+01 -3.545441425151300052e+01 -4.169874476810693409e+01 -3.396669606261006891e+01 2.163410920751383415e+01 -1.889722569231858884e+01 -1.930389669398585539e+01 -1.007863589083296141e+01
4.863422702885282689e+01 -6.303959247316518599e+01 5.272447988028015686e+01 1.091305773544608471e+01 -2.327515269618702831e+01 -4.062312843289122100e+01 -3.111241738744124063e+01 -2.221659302738877528e+01 2.384354951708316861e+01 -1.552235283684657219e+01 -7.331848303322775706e+00 -7.176235317490933241e+00
4.735672270256655025e+01 -5.530320388116598451e+01 5.236969625150928920e+01 2.364992837571349327e+01 -2.260325823135356771e+01 -2.854917025905358585e+01 -2.499488832133970817e+01 -4.619680449670218181e+00 1.878521797293645079e+01 2.059700228284323309e+00 -1.418507342073663935e+01 1.046558360536100629e+00
2.659093762649463599e+01 -5.571072232599462382e+01 8.270031695573230479e+01 4.850602142805735184e+01 -2.009307606462834173e+01 -4.847444269272236284e+01 -4.338349136131976991e+01 -1.216913987368386074e+01 1.299517029638862553e+01 -6.359200737577882734e+00 -6.795140449590931553e+00 -2.196256209559923178e+00
9.709842312888000038e+00 -6.637338674785880244e+01 9.950630963296453046e+01 4.479131776030871492e+01 -1.695745425852541644e+01 -4.223208674773788118e+01 -4.193489012602821475e+01 -1.897051920588204865e+01 1.320711997782534830e+01 -1.885534502622172326e+01 -1.284447556499643994e+01 -1.382398525123349486e+00
2.385807180016642448e+01 -6.625721269288530380e+01 7.913900594944107070e+01 2.131025198326903691e+01 -5.089285877807848024e+00 -1.642720022070282937e+01 -1.106050565971803579e+01 3.712700876756289237e+00 2.400609727732419785e+01 -1.396050159969523463e+01 -4.453473903797482869e+00 -2.539203456960255068e+00
1.969250957788646872e+01 -6.247950932921254719e+01 9.314232967152791787e+01 3.669290240114168000e+01 -1.216749083545254706e+01 -2.872051653153471307e+01 -3.442119277560070145e+01 2.303305902561524565e+00 -1.095688083231405763e+00 -2.224378788572015964e+01 -1.205841702147335504e+01 -7.688527657331460929e+00
2.670130704827275281e+01 -7.746312493437271485e+01 1.155492219722993639e+02 2.104797364136313220e+01 -8.280266564271794749e+00 -1.617007876794189514e+01 -2.747683047168375126e+01 2.322568919075798988e+00 -1.864076204214237364e+00 -2.426871289554222244e+01 -2.071086796539042396e+01 -7.408728163014220769e+00
4.549324758656122469e+01 -6.600275434114385575e+01 1.026279430470233081e+02 2.329703897058751494e+01 2.391429224472007675e+00 -1.852608209155084040e+01 -1.837883762923143749e+01 1.345947826660933089e+01 7.135083613409682002e+00 -2.316008670426414540e+01 -1.581084066540792676e+01 -4.481190758075351610e+00
3.314031124659118177e+01 -2.852198051202671536e+01 1.037839965728283147e+02 6.294827165422411497e+00 -8.967562459243019646e+00 -4.111593775557103037e+00 -2.969911732128575466e+01 4.474302444223928532e+00 4.447227282109365021e-01 -2.623827943390831052e+01 -6.445739307410907060e+00 2.886166449458689165e-01
-1.513209473779253855e+01 -4.190782250014555643e+01 9.847475625021186829e+01 2.008206891746023715e+01 -1.206166063044864245e+01 -2.876789718185610134e+00 -3.088724713890035645e+01 -5.800386015104651349e+00 1.075878327697459724e+00 -2.856231705228622175e+01 -1.864602404237948008e+01 -2.321725917432882369e+00
-7.411081880330274885e+01 -8.126056686097290083e+01 1.149500757946499192e+02 4.433002207348160084e+01 -7.896266346132250646e+00 -3.663987377523065359e+00 -3.230074267931492216e+01 3.900529007350018063e+00 1.741652866031723335e+01 -2.511174161071866706e+01 -1.066769592663753663e+01 1.550086472490744782e+01
-2.572668000191176674e+01 -1.118873741150457874e+02 7.427491737547903483e+01 -1.058679144360341517e+01 -5.709916599912633117e+00 5.760476973222375285e+00 -9.441714799064198971e+00 1.089014215801527286e+01 2.366027382303767368e+01 -2.408459840695359588e+01 6.149699582303291834e-01 1.670201885502780925e+01
-7.719745916064351832e+01 -9.271732538495685105e+01 7.222762333449486505e+01 -7.502917451513731351e+00 -5.917000227003748059e+00 2.754503642405413899e+00 -2.095067558972577970e+01 1.605715166783524239e+01 1.540810414419958363e+01 -1.696344251682225845e+01 -7.918955075768340457e+00 1.362613018128009656e+01
-7.040826289784610026e+01 -7.450794592017038553e+01 5.990379714298006775e+01 -6.650491912744197265e+00 -1.344739050761168464e+01 1.670368588109088037e+01 -1.527219079710014960e+01 3.520643993426514129e+00 1.645944678129960437e+01 -1.671801572829980742e+01 -4.768923046267546262e+00 1.138920292905102194e+01
-1.401889113606341652e+02 -1.121284196202260972e+02 7.050287887786892327e+01 1.641113751915447505e+00 -1.645062235264953898e+01 -9.551314555463923384e-01 -2.701541492099330810e+01 3.343571995890028070e+00 1.596081006819987991e+01 -2.099007094002284646e+01 -4.109524376496951348e+00 2.043024005877860105e+01
-1.009976988534986901e+02 -7.087221009115921788e+01 7.605092236535585926e+01 -1.258036477305071088e+01 -1.636070454326453572e+01 1.560836770907031124e+01 -1.497762366586034410e+01 9.785572387345844447e+00 1.374514767940218363e+01 -2.097394580193164160e+01 -3.405106349499286145e-01 1.151698884911303011e+01
-9.348944564945766444e+01 -8.582878972869625045e+01 7.654828620315794296e+01 -8.907565914004377916e+00 -1.873834648360470467e+01 1.469724403589259509e+01 -1.503393627771391650e+01 6.717346210021731601e+00 2.083883609113413016e+01 -2.164894047551430134e+01 1.754695758302244890e+00 1.022644944688731705e+01
-9.952419571843628887e+01 -8.328532129733656575e+01 7.638861862563041427e+01 -1.296142641729725042e+01 -1.262950220334471041e+01 1.290997698227124602e+01 -1.885917102566004999e+01 9.211474186014372734e+00 2.227653928204973965e+01 -2.864468253977940293e+01 4.504531803778697885e+00 1.099147119516894833e+01
-1.848874820576024831e+02 -1.165730072460183919e+02 7.110410472536574389e+01 -2.176971194346290606e+00 -1.707579312582089415e+01 -3.389811652297927136e+00 -2.912054073565528967e+01 -6.287157214418597206e+00 2.140672651535096804e+01 -3.061891541271824480e+01 -6.620348816505533307e+00 6.495117865310827909e+00
-5.806521323280588831e+01 -7.977991864343348993e+01 6.908194040430458926e+01 -2.035634191463632447e+01 -8.716961756389309812e+00 1.534464237408988829e+01 -1.328702542529652320e+01 -1.304996806114627761e+00 2.756340271960379695e+01 -2.570744467884868811e+01 1.704867221289708024e+00 8.940972410500611645e+00
-5.365494935565421031e+01 -7.262936545790032028e+01 7.277797819393046552e+01 -3.264632086367586794e+01 -1.162780887672698826e+00 1.540442550158393686e+01 -1.516980668541739874e+01 3.098008831783024553e-01 2.891689406706383281e+01 -2.904584171954462235e+01 3.362399386022323355e+00 1.281317583407343896e+01
-9.098011940370508910e+01 -6.190741453795415339e+01 7.582158943356208169e+01 -2.631274714891380739e+01 -1.585298123749944210e+01 2.168232409024900420e+01 -1.058333817307681457e+01 -1.266262512967729181e+00 2.240089579731565195e+01 -2.670978751110863669e+01 8.012699144327196876e+00 1.148711749627535283e+01
-9.930858973104285781e+01 -6.955953505539218895e+01 7.826464532002535179e+01 -2.151256158758187098e+01 -1.853294765345616213e+01 2.551058329154188442e+01 -1.554182116824341620e+01 -3.767778461070751206e+00 2.882191978696125645e+01 -3.143981893819270113e+01 1.110796387860155221e+01 3.123801688007962873e+00
-1.366942430543224418e+02 -7.606946890976026054e+01 9.698170187749718707e+01 -2.404245544487119446e+01 -1.995748796903870925e+01 1.433317456920573285e+01 -1.644742260272405687e+01 1.488693870217552373e+01 1.746590559395033182e+01 -2.944547936709242109e+01 9.835805709806297870e+00 1.184711023553639464e+01
-1.362890772284465868e+02 -5.681304236736487212e+01 7.332584296326947992e+01 -2.549877107619155936e+01 -1.166260403265158274e+01 1.940317555158573271e+01 -1.565718679104047162e+01 9.709807205607564384e+00 6.149271914851036414e+00 -1.356359002647624123e+01 7.502426985339393894e+00 3.956037476591249824e+00
-2.805841329239339075e+02 -1.127238472796212534e+02 8.220093351859867425e+01 -2.734163763433479488e+01 -2.263371569728667509e+01 6.709197725029598658e+00 -1.007181006692683489e+01 2.181305096091681506e+01 1.847649729431096954e+00 -2.803575848914427127e+01 6.346973614415339249e+00 -7.520521558679609697e+00
-2.006705079817362503e+02 -8.448281806578722808e+01 9.455529877929549798e+01 -1.147891067737752024e+01 -7.255718251099239069e+00 4.825193510714059997e+00 -2.082295187578611717e+01 7.041258950811535300e+00 4.328918247243927375e+00 -2.143135609383681128e+01 -5.005051181954669026e+00 -1.008478966334345195e+00
-1.216925709835589657e+02 -6.773281864332534496e+01 8.395697048432452902e+01 -3.252587461085676779e+01 -1.112186613188594464e+01 1.393925459756629692e+01 -2.117326011416152198e+01 7.905746477407305406e+00 1.262295901912143137e+01 -1.938588402953264733e+01 3.039679518514748047e+00 3.304211807878790097e+00
-1.815650572212174438e+02 -6.977993239444052165e+01 1.001083489788244236e+02 -3.862667948608169866e+00 7.411325217853134140e-01 2.123849333959684316e+01 -1.334246709553730703e+01 1.713888023431212559e+01 1.368538573332043207e+01 -2.001450158200542262e+01 1.372663275860282361e+01 1.467580634784860649e+01
-7.479788812784720164e+01 -5.766553325012553444e+01 6.740418236705326649e+01 -3.175292666855375856e+01 -3.036300415198128544e+00 1.582229164441066516e+01 -1.718983717122141641e+01 4.379756310278638765e+00 1.536711114347291840e+01 -2.084677982611967906e+01 1.153636259478154180e+01 -1.407725416510213323e+00
-1.222580915550073826e+02 -5.966611397062500544e+01 7.126979244451896989e+01 -1.715718278955399612e+01 -1.790601044620664339e+01 2.152756142595198696e+01 -1.633115758954139451e+01 3.977159228712203287e+00 1.321959927197711160e+01 -1.841504755849354069e+01 1.454520707086424380e+01 8.479549696981589335e+00
-1.423874300567961200e+02 -6.014447157834413815e+01 7.676413425655638889e+01 -1.700959297435580453e+01 -2.229346818245786821e+01 3.251163862132099780e+01 2.009516289636703590e-01 2.361883986234171218e+01 1.126160539252817472e+01 -2.690140845533175451e+01 1.846359232989051335e+01 1.298823219306923349e+01
-8.875241456033086251e+01 -9.156929090047043474e+01 5.131092884693954659e+01 -3.207047366024026758e+01 -4.833508492141894664e+01 -1.741278563267758273e+01 -4.019980281918059006e+01 2.365482525440336303e+01 -7.222820910201330769e-01 -2.678600572872855423e+01 1.134944219923666964e+01 8.982338566488635934e+00
-1.559593555362645532e+02 -9.620768596578498943e+01 7.534066623349079350e+01 -3.339175584590847023e+01 -2.953769060663823609e+01 1.480081236255499633e+01 -3.274320429825689871e+01 -2.236625732815467060e-01 2.016708476333744926e+01 -2.861355153744936786e+01 1.097734189330843790e+01 4.348623034371316365e+00
-1.375262165563750330e+02 -8.238035484872449388e+01 8.834374602227941864e+01 -7.222841732951653881e+00 -1.584538436739745926e+01 9.577927235979343479e+00 -1.729498851762404499e+01 1.720440182481228675e+01 2.212410119805824138e+01 -3.345949268700329071e+01 -2.473058757114740658e+00 2.025103191178058637e+01
-7.327672083590908869e+01 -8.073785548032697079e+01 7.322513869454405722e+01 -1.233042963399228853e+01 -1.854508346891790893e+01 1.255721169392165493e+01 -1.240074043559203076e+01 4.254265122361363893e+00 2.516551459053135886e+01 -3.149910305081361983e+01 1.175753357191130632e+01 5.199071416069931395e-01
-9.634117223095901750e+01 -8.266923454551135819e+01 6.036340450686146397e+01 -7.052363120388704942e+00 -8.528229140116831530e+00 1.735692421866963286e+01 -2.913148536320370141e+01 4.613841590441012386e+00 3.057551119302657128e+01 -2.227108230391284494e+01 -9.719213621969871042e+00 1.538854494164102249e+01
-7.769053289601885126e+01 -8.129645154665757900e+01 5.154868489799417830e+01 -5.084832771102924198e+00 -2.697111250206905009e+00 2.574778733534308728e+01 -1.901547332998913831e+01 5.019158659972747571e+00 3.443570107848830020e+01 -1.821324140421983628e+01 -7.647059953990017256e+00 2.972080052909254810e+00
-8.436026061571374157e+01 -1.225048726837787001e+02 5.342430710345043821e+01 -1.659231436188899167e+01 -2.447254246703999314e+01 -3.644273402935329642e+00 -5.825057235842581349e+01 -3.653795497833606021e+01 1.352166680892440631e+01 -2.090222434256092043e+01 1.191541374938691389e+00 -4.485952258281726834e+00
3.552853420178222166e+01 -1.810995125862486788e+00 6.482433067975266283e+01 -8.918297515102441508e+00 -1.549999266455737512e+01 8.976537383795028191e+00 -4.746072430608126069e+01 -3.020394617987282260e+01 1.758520175310421152e+01 -2.114928257006510393e+01 1.956012320190697906e+01 -8.818613799954318822e+00
5.924881935354601836e+01 -2.300915773207638892e+01 3.018869344901696650e+01 -1.660947617264890397e+01 -2.202096724687647011e+01 -1.408384875025556049e+01 -1.891638044319105205e+01 -1.610982822023536443e+01 1.959744068266209283e+01 -1.476244047002185233e+01 1.547104262382630324e+01 5.121828239538701588e-01
6.023135637231593620e+01 -2.810574515377409810e+01 2.497253214017620593e+01 -4.443597477842256183e+01 -3.906591060485696687e+01 -8.236511129587363200e+00 -3.281278887576941372e+01 -3.048506183765787014e+01 3.012547851368724849e+01 -2.338446020078936272e+01 -6.062261575140936998e+00 2.210398802220666425e+00
3.681510938056408122e+01 -1.918766690284530796e+01 4.268541663946031406e+01 -3.606892996437403554e+01 -5.582887086401814969e+01 -1.993806127751188928e+00 -2.418359353289217495e+01 -2.162697347254189850e+01 3.603047940772125202e+01 -1.480621029117563303e+01 4.303928968909082720e+00 3.152008233465874998e+00
5.358665364011181964e+01 -2.133799738978100891e+01 4.529238134661025583e+01 -5.979765488921801619e+01 -4.265491705888756258e+01 1.329693612485778331e-01 -1.666828084468698634e+01 -1.933980964764315402e+01 3.807476602687062694e+01 -9.824992383404854479e+00 -3.434295727168795942e+00 8.879896969850221922e+00
6.354649093308859165e+01 3.158748384312667579e+00 2.862890760350300567e+01 -5.902886834714687581e+01 -4.265210554956537692e+01 -6.148190443567360219e+00 -7.865635543109199546e+00 -2.649265151982078947e+01 4.684528092246142705e+01 -9.494804148602577598e+00 -3.789399139902336344e+00 -2.814044501162352940e+00
8.865426371738038824e+01 2.610417634041550361e+00 1.417441826912158120e+01 -5.545115445445092917e+01 -4.324553786874253092e+01 -1.469669608978097841e+01 -3.314840079913284665e+00 -3.143334953469659965e+01 5.066198446579470982e+01 -1.284399283912965650e+01 -6.872733295484358962e+00 -1.020850226397503890e+00
8.024883101157475096e+01 5.360962114811204771e+00 1.429912924304091604e+01 -5.945020501582747130e+01 -4.725044599499531728e+01 -2.317835351883102391e+01 -7.459159296359347380e+00 -2.458940037062319917e+01 4.171875109996076247e+01 -9.759466109136717193e+00 -1.111352798424282540e+01 -1.137423329415093320e+01
7.787836310309540977e+01 2.484210815605644029e+01 2.362608323669022781e+01 -5.746210358334605672e+01 -4.287601542402635602e+01 -2.430917069245919748e+01 -8.916328188644500941e+00 -8.999024736159894289e+00 3.476685835393188029e+01 -5.565767563112465233e+00 -3.884402288534718917e+00 -2.824259607422277885e+00
7.796421648650867553e+01 4.598877283099109547e+01 3.205839221564792751e+01 -7.280949846381145107e+01 -3.192082376402431265e+01 -1.493473276301710939e+01 -1.372944510555722886e+01 -1.127836721617497595e+01 4.926116714655914564e+01 -5.334761963580939792e+00 -8.141105908987654516e+00 6.463807786657870480e+00
9.267275401964502635e+01 5.223873645338811400e+01 1.465835576583095445e+01 -4.869555315523682282e+01 -3.192779681578613094e+01 -3.125893408936421736e+01 -6.713193241984853898e+00 -1.770260152700476652e+01 4.334456877140029718e+01 -3.899599472135877321e-01 1.174353425665797701e+00 1.426093063641186376e+00
6.858124624056549123e+01 4.518926238614891133e+01 1.188502218241340458e+01 -4.505877845531152559e+01 -3.536526839342243278e+01 -1.652907699803678199e+01 -1.639643912485923494e+01 -1.504357240703812693e+01 3.590600785589477084e+01 -1.792561790179292558e+01 2.913143804738938858e+00 1.619698421779319020e+01
7.425349244897500967e+01 3.238236474478939897e+01 -6.525810360308479385e-01 -4.766838331612943591e+01 -3.054606062100408082e+01 -2.854316533920999177e+01 -1.570801338398736391e+01 -1.961069622726604678e+01 1.328309675106503107e+01 -1.226414167395618549e+01 -2.773034915861085636e+00 3.336852725347184467e+00
7.537057888099150205e+01 3.831791859783420051e+01 1.106703667046972317e+00 -5.385137570969149579e+01 -3.257373827344407147e+01 -3.001714151830162436e+01 -2.273932874983068331e+01 -2.134721619412235682e+01 1.713591094957307703e+01 -2.304601348295069130e+01 -2.526780749273397575e+00 -1.787643493442202969e+00
8.554511373108202577e+01 5.526890796253489668e+01 2.046560336137663683e+01 -5.566324193971379941e+01 -3.674566865943131688e+01 -2.601685475276942228e+01 -2.222365884449587980e+01 -1.349091308155674263e+01 2.527617406682958290e+01 -2.505071568316537878e+01 -7.300225531340551299e+00 8.434502261707196524e+00
7.452534931006269403e+01 4.421644534485980671e+01 3.116827076722039891e+01 -7.009328855183866835e+01 -3.697446080019588521e+01 -2.133348859494941507e+01 -3.416548552392971771e+01 -5.357296555612791167e+00 2.320967837774605158e+01 -3.584039068254935501e+01 -1.186786871983615654e+01 7.420923778338721633e+00
5.480134310179537493e+01 2.897767087555138943e+01 5.502022298003031153e+01 -7.398327908311176770e+01 -5.351037788971487430e+01 6.520832397393356850e+00 -2.022906120170357980e+01 -1.539529312898343605e+01 2.504929237917755103e+01 -3.876868219830846130e+01 -1.092771394994943535e+01 3.530698700164658810e+00
2.596908158830883195e+01 8.404369599416993353e+00 7.173769993936269884e+01 -7.374661657344528010e+01 -4.229184530333344583e+01 4.558318380447750506e+00 -3.115762330408658443e+01 -1.499855234828300610e+01 2.339796913329089989e+01 -3.571448951508350689e+01 -1.944998032995849258e+01 -5.724601199240297866e+00
9.989485128589857821e-01 2.153831537225135406e+01 5.955138917243289143e+01 -4.710858772497070390e+01 1.944710975952900611e+01 1.644088271253765754e+01 -2.633988208532332287e+00 -1.763851719570874366e+01 3.671264026653089729e+01 -2.433630873909544690e+01 -9.154255425603995633e+00 9.667669217187583541e+00
-3.657655390852549715e+01 1.097487518759870539e+01 8.725636464069799558e+01 -5.008024096812417270e+01 1.416107801759246243e+01 1.360007603227779249e+01 -5.554062261444324022e+00 -2.581099344730060707e+01 4.311588926349811857e+01 -2.582062354211448252e+01 -5.037574587671247883e+00 -6.094739722740052379e+00
-4.632070295954527239e+01 3.290784016301137171e+01 9.011550231150249601e+01 -4.649328476661514742e+01 1.352660874585528816e+01 -1.203363081661037448e+00 -1.449107069798605529e+01 -1.298590549572977793e+01 3.028837766118737562e+01 -4.477484855632748406e+01 1.453738935925446008e+00 8.403340007847976523e+00
-7.263296374728071214e+01 3.725673139527387434e+01 9.181290962883323914e+01 -2.642515244009098296e+01 5.539788568446199157e+00 -1.900470281295357466e+01 -1.704287394759027663e+01 -1.913546001713146438e+01 2.857605046099194723e+01 -2.613210368184833143e+01 -4.611464879496010028e+00 8.592992685407892850e+00
-9.305137034110711625e+01 1.406688983875722165e+01 5.645805996670125637e+01 -3.315775319370098373e+01 6.195836771782111896e+00 -1.122019283727331640e+01 -1.344266094923945687e+01 -2.526817566082993238e+01 2.344984923770550012e+01 -2.897927763200572571e+01 -1.300177760185327180e+01 -1.130317088018422922e+01
-1.288440121103297713e+02 5.267040142974600769e+00 5.881186322585020321e+01 -1.104302919519463977e+01 7.880770264208638132e+00 2.910947914892126231e+00 -1.356389372842877350e+01 -1.945148154533092466e+01 2.097082894345260939e+01 -3.613572169718804616e+01 -1.846121662332191882e+00 -4.440817123558389312e+00
-1.362472627882701772e+02 1.442729007974531541e+01 5.048496073207866175e+01 -4.839257777257133242e+00 2.891306395793686690e+01 1.161900963029561140e+01 6.481641349517364148e+00 -1.068073697943819766e+01 2.883756001655557455e+01 -2.659967002645731426e+01 6.456936006067401479e+00 -4.502531610996363121e+00
-5.129910616508107069e+01 9.007801034938207607e+00 6.794839753954641992e+01 -2.839143305036435194e+01 1.547546206875472841e+01 1.223990363562976746e+01 -4.469271795424616389e-01 8.116460720794236749e+00 2.250884182307657611e+01 -2.772802918958886664e+01 -6.243306405668938019e-01 -2.853756680742607355e+00
4.516352792704580565e+01 1.483384132292017910e+01 2.908052840705109077e+01 -3.176649298731667415e+01 5.401506908407156970e+00 1.166003904138068314e+01 -8.904055774851979521e+00 -1.359321172552241208e+01 2.426064575355701081e+01 -2.205412682148755721e+01 7.070846525271724303e+00 2.955545839330186553e+00
7.832000843095450193e+01 -1.047259846677031092e+00 1.509627207545663019e+01 -6.599474149252233701e+01 -1.548365031467186270e+01 1.170816854353935454e+01 -1.371478835608447255e+01 -2.992996699606943167e+01 1.529373259307546640e+01 -2.569043675501200141e+01 1.063980458711082022e+01 3.364555659432251211e+00
5.332909930997760739e+01 -1.371173664111896429e+01 -5.087195228076375031e+00 -5.810988234449875733e+01 -1.256143123281889373e+01 8.389909789040796539e+00 -3.053209597808948672e+01 -3.470716126402935231e+01 1.900137309364378879e+01 -1.054654819245739183e+01 -7.439516277998633242e+00 8.553613735207346025e+00
5.200372635825570455e+01 -1.606575317030218031e+01 6.520305956236351896e+00 -5.206341834318715200e+01 -1.260952967411130743e+01 5.277934684237939322e+00 -2.578757493995790995e+01 -3.588968156295700851e+01 3.387066931052206797e+01 5.344680812219172239e+00 -9.607607259979829450e+00 2.400723000840934418e+01
2.866390292890405078e+01 -4.187977901159418082e+01 -2.539225639664696832e+00 -7.836089270236263360e+01 -2.225216658851027418e+01 3.885753659145810168e+00 -4.200949321583264862e+01 -4.193371908837298179e+01 2.246217330302915016e+01 -8.387146071470425568e+00 -1.615638645196438716e+01 4.092074590323612426e+00
4.567536766315947716e+01 -4.761925525666611492e+01 8.370832658883806232e+00 -5.788669588632865981e+01 -8.266396958641387016e+00 -4.680475804853667654e+00 -2.588744881118798702e+01 -3.253805179924042079e+01 3.546207414415130188e+01 -5.497217590922874209e+00 -3.193269560274662133e+00 1.521468682731035038e+01
5.173405031135256138e+01 -3.835817023427510719e+01 7.186502398708892514e+00 -3.999060956751003459e+01 -1.991701616315000312e+00 -3.796057078023000741e+00 -2.061347402030870057e+01 -3.293285516767723209e+01 4.138845355492494349e+01 1.129666316867639431e+01 -2.869355658008888810e+00 2.105144182476536585e+01
2.198833911421917620e+01 -3.718661919485627720e+01 1.226463969048541358e+01 -5.667855220999632593e+01 -4.388879385355288321e+00 -9.609139982259666368e+00 -3.056363579720715506e+01 -3.655729177144235109e+01 3.407036297480375708e+01 3.345028538864331935e+00 -5.973252960844974702e+00 4.732422343073661608e+00
1.983288163742082233e+01 -3.363784937979021805e+01 1.751983067812080108e+01 -5.266694991958576111e+01 -1.232872607680465471e+00 -7.737960039714051774e+00 -3.316639778999301313e+01 -2.948929382261475496e+01 3.412169764356931978e+01 4.273484687550811678e+00 -5.356862545807254961e+00 4.412112176904912531e+00
3.098373527820348627e+01 -3.680899519737880610e+01 2.619996967485501216e+01 -5.258009437560423294e+01 -6.226763906013916383e+00 -9.666147293797575202e+00 -2.772984389864639354e+01 -3.173933939341057453e+01 3.267145811764041952e+01 3.555747050774503037e+00 -6.476206006457237763e+00 5.750155848252266999e+00
2.426652717187192820e+01 -1.893805088066794795e+01 3.764659795075872495e+01 -5.138162988332890535e+01 1.259077069362427359e+00 -1.292999567247521142e+01 -2.002239304826021993e+01 -2.807148281826447089e+01 4.661585575579773177e+01 1.658250779089289972e+00 -1.184930167858137295e+01 8.995426324805746887e+00
1.896534304684057926e+00 -2.759457046541773551e+01 3.041738809414787426e+01 -5.513736406437227799e+01 -2.335013228186780410e+01 -1.774293472127966709e+01 -2.639358613595224057e+01 -2.031866298517712366e+01 3.295969507687360789e+01 -2.765487386173347772e+00 -3.148581498075349927e+01 -3.775488991890904256e+00
3.095292110850796252e+00 -2.748850443827014800e+01 3.122340135247707593e+01 -2.236900839042630551e+01 9.149765002628047483e+00 1.528779081581392418e+01 -1.327247348482081790e+01 -1.976663448907311604e+01 3.447135166074065182e+01 -3.347351171516401713e+00 -1.887700291929734675e+01 -6.795156082402549202e-01
5.532606886028035298e-01 -3.013298866959974021e+01 4.569566827444384671e+01 2.679408182257245308e+00 1.260934893262057166e+01 1.003319872734988394e+01 -1.364904250062033952e+01 -1.291952524068635633e+01 3.292371570129628822e+01 -9.764923078154286173e+00 -1.265544534713743019e+01 -8.086558653848806344e+00
1.202000907171013822e+01 -4.001389579350725967e+01 4.512162645455961041e+01 1.595707683821412282e+01 3.585835834607717487e+00 1.099616463013894219e+01 -9.822752723390546947e+00 -1.215881902309462959e+01 2.607834228489637241e+01 -2.785532067802094947e+00 -4.041190990796836857e+00 -5.462714241498777490e+00
-1.211304851735201993e+01 -5.751851740578941730e+01 4.922601792273334809e+01 7.635289060863151178e+00 8.335022835090953208e+00 2.178682480842019586e+01 2.431133068586737167e+00 -1.432016988559255211e+01 2.206236707029633237e+01 -1.246278811152726540e+01 -9.417492299688813517e+00 -7.663580582597346869e+00
-2.307685802256548868e+01 -8.745849270944023601e+01 4.125564596370884374e+01 6.715090320419895953e+00 -2.449084973453108205e+01 -1.655992741136371649e+01 -7.465069476704272233e+00 -1.207476964398480668e+01 1.937973749399069590e+01 -1.922887024349024188e+01 -2.212374073561482746e+01 -1.167615041040560797e+01
-7.288740573954713753e+00 -7.867249008693420365e+01 5.018238009412560530e+01 -7.041973558840508574e-03 -2.289402081795332577e+01 -4.672787453840248517e+00 -8.305176438001183215e+00 5.960373154420099961e-01 2.514704163111270319e+01 -7.966418897308169988e+00 -6.277696322564610298e+00 -7.854356300920934952e-01
-2.610046283421110402e+01 -9.780128914999551171e+01 2.986993583645672601e+01 -1.533655013259140665e+00 -2.059358394087400157e+01 6.109474209492803398e-01 -6.053196403416415627e+00 -9.046291988071448742e+00 7.837806213991051152e+00 9.740245127117299617e-01 5.283370492617585512e+00 2.341424499197374054e+00
-3.008847505986797444e+01 -9.370594069584689123e+01 2.539455755169773710e+01 -1.556291311572964275e+01 -2.346441638157051557e+01 2.079253919714510701e+01 1.312096671257381431e+01 5.515621735955893001e+00 1.439161953794502580e+01 -3.620172909865821520e+00 1.618998505307488500e+01 6.146473489367293652e+00
-3.096593960990043826e+01 -6.706601684549680442e+01 4.353713601539642752e+01 8.160876791740112601e-02 -2.863480151983559452e+01 1.045845530352429797e+01 1.114739165945648836e+01 4.550948699812051856e+00 1.350946150882148089e+01 -8.059776790801818080e+00 1.362066245908702200e+01 -1.319218214358568453e-01
-5.651225778512212372e+01 -6.339840186408214606e+01 3.283498776915514838e+01 1.076921580216671614e+00 -1.455079838351933041e+01 1.838421811682048457e+01 1.489542893551606184e+01 1.434791222398281718e-01 4.880339589659328681e+00 -2.196779535160021624e+01 4.377604205171310880e+00 -7.400260382350634103e+00
-5.687756218956621268e+01 -4.768483333176433803e+01 6.629833168575569147e+00 -9.887785685705480887e+00 -4.204036215049829650e+01 4.753325810253006267e-02 2.337472305619327173e+00 -2.033090587397788696e+00 1.792778556711142102e+01 -3.209396881713177940e+00 9.795218090325967353e+00 -1.414273936012132360e+00
-6.607629408993352627e+01 -4.270653865838907848e+01 -1.638682601393888305e+01 -3.132811248858714137e+01 -5.148913723447137158e+01 -1.234693170629815384e+01 -3.433071478857041114e+00 -2.203909391555694697e+01 1.610154767959746991e+01 -1.543960803179841612e+01 -1.127292734700392884e+01 -1.760233282403768840e+01
-3.736771550823603150e+01 -1.225682690886885950e+01 -1.663646615114131144e+00 8.267023866430165402e-01 -2.074807120016654238e+01 8.854136331825765538e+00 2.886287547670861287e+01 -2.074323466398307403e+01 1.587129502243882495e+00 -4.575971614625766293e+00 1.404466987098064834e+00 -5.132551992307728739e+00
-5.226902310666557128e+01 5.062523490466855236e+00 8.777028992042836819e+00 2.356899274806693256e+01 -5.192481240794968755e+00 1.433488612629694714e+01 2.665379927110225822e+01 -1.440081740995475368e+00 1.758663093754732643e+01 1.371867810192336945e+00 -4.063738840449177658e+00 -1.815215865700778508e+01
-7.693507539810912021e+01 -2.488139334738438890e+01 -1.092855701153823134e+00 -1.125559272495885388e+00 -2.413454522891241538e+01 -5.724670855609648612e+00 6.600453553580140742e+00 -1.295971160872940509e+01 5.963820334545280488e+00 -1.884893922540677025e+01 -8.440605308619966607e+00 -1.351582369640911452e+01
-5.910200800199677929e+01 9.909471066645723525e+00 -3.102615889201187471e+00 -4.377134875424952831e+00 -1.170979935957469031e+01 1.197743599514556223e+00 1.722814520220107681e+01 1.771813356247475824e-02 2.074747794698170367e+01 -6.530063084698620735e+00 -1.437311443069419159e+00 -1.197260370462288037e+01
-5.941265302044386942e+01 8.274684386366528699e+00 1.396798065960811996e+01 2.824204365682071938e+01 4.438485916683841737e+00 1.486137565142026595e+01 2.757347713964824010e+01 1.281652757427722555e-01 9.485474062197749134e+00 4.997992593878818113e+00 7.746335265702100514e+00 -1.022517519148596854e+01
-4.382549620357991671e+01 2.730460048351618241e+01 2.013066117808616440e+01 2.821585561062553182e+01 4.501669320095889049e+00 1.033785059180545396e+01 2.151004338969674023e+01 6.905733304078669477e-01 1.539945812949305726e+01 2.275213895224631244e+00 1.566998839159841594e+01 -1.023662337618464591e+01
