-8.403483086006085045e+01 3.575945089990437964e+01 -1.150125012827222903e+01 2.791147094391472550e+01 -2.163803657902184341e+01 1.074690603111032594e+01 -2.256553431412444866e+01 -1.534025102658025830e+01 -9.407425049473687739e-01 -2.156168481321419961e+01 -3.261917623008419920e+00 5.871475826168636170e-01
1.151656543426946477e+01 8.406501701298975604e+01 5.121487336047267469e+00 3.401426282182376326e+01 -1.069113859234320074e+01 1.009902208510724542e+01 -7.858435610383810221e+00 -2.028722513376861158e+00 1.053783260123945809e+01 -1.905115651456227965e+01 -1.444806275880938795e+00 -4.944924083655502400e+00
1.753552827675843417e+01 9.960479408983414373e+01 2.826156803468573742e+01 3.718782949245736802e+01 -1.614047505029506624e+01 3.611336530860098648e-01 -2.113874085299843131e+01 -6.244340595433865992e+00 -1.407248560007456817e+01 -2.754280133091655358e+01 7.949998660641583115e+00 -1.408272679039181874e+01
3.039840825364483479e+01 5.084555189450912138e+01 -1.693016654070310878e+01 1.542366313585220183e+01 -2.593266405734132363e+01 -5.117097046964363960e-01 -1.821231119287766376e+01 -1.606771160157224898e+01 -1.385303509195582805e+01 -2.642564176098338535e+01 -1.791128122240987963e+01 -2.124549177297525304e+01
1.332883448244542279e+01 8.616011401030108630e+01 1.413775756129045647e+01 4.244955852045802658e+01 -1.200686766738472500e+01 1.170788364374657498e+01 -5.375571685420986512e+00 -2.284131169591961275e+00 1.189082940877884909e+00 -1.890209118541172728e+01 3.122205158812872416e-01 -1.463590311926837728e+01
-6.947894177724927900e+00 9.448673080437346528e+01 3.332241841046240438e+01 5.487296451589540425e+01 -1.573324981299633052e+01 7.001396648183220606e+00 5.913360320001485704e+00 -3.662983717205910317e+00 2.339226649785517420e+00 -1.865859476124240146e+01 -6.785161829309856785e+00 -1.273477978930985799e+01
-5.723092611845021338e+01 7.351259061689890473e+01 1.684496051665726668e+01 5.562313954372014280e+01 -7.310593290669703315e+00 1.782716906043891569e+01 -2.045950937620679255e+00 -7.120192009572141600e+00 4.898953534570564372e+00 -1.675595478103647196e+01 3.900852319992756279e+00 -1.198165377430508372e+01
-3.703849737172459555e+01 7.187579972010435370e+01 3.960201353708914240e+00 4.043799621688701507e+01 -2.262317661161270621e+01 -7.209334062195184245e+00 -1.554600128032144291e+01 -3.414544928123642631e+00 6.631227524917882477e+00 -2.462512810150825260e+01 -3.337836436646340665e+00 -1.473208004516225422e+01
-6.795855923476783289e+01 5.712789203590289588e+01 1.501060583447228680e+01 5.284298825280131950e+01 -4.163186072314235986e+00 1.304825027357123624e+01 -1.060210439456853848e+01 -7.916527105571304901e+00 8.664733615431833513e+00 -1.017011850757722158e+01 6.192550100851303974e+00 -1.026120484857215942e+01
-1.814702117713469676e+01 9.088295218158739530e+00 -8.724699116774443652e+00 -1.805589063930234106e+00 7.903500835260613755e+00 3.964853601265062366e+01 -3.270983649766611734e+01 -1.569304474983469788e+01 1.503024216456490514e+01 -2.610715575769804531e+01 2.683810190887771441e+01 7.256757665299236049e-01
3.214378266363046066e+01 4.831076264452327962e+01 1.561158922522859260e+00 -2.577753081122211043e+01 -8.346349272416873077e+00 1.265870881103171897e+01 -4.649580354728668397e+01 -3.138570047210120961e+01 8.762830205942313100e+00 -2.972168733733986201e+01 1.795275885784858971e+01 -6.974794410991499660e+00
4.539538839389480529e+01 3.949127561243636109e+01 -9.231691072645270779e+00 -4.038439962221958979e+01 3.147073771563394295e+00 2.113593594991113989e+00 -6.230933540922460168e+01 6.258262169570444122e+00 1.545665450329479818e+01 -3.196162516122738850e+01 1.692060146034389589e+01 -2.580152449392940994e+01
7.213647155528001065e+01 3.934222578404364867e+01 -1.538247901812259499e+01 -4.075436378711869878e+01 -1.412096090435461093e+01 1.515065544432559186e+01 -4.874224371837433978e+01 2.405132696810198922e+00 2.756403129753240577e+01 -3.316121710594752869e+01 2.028770214909605940e+01 -1.991774132444638212e+01
3.332276519030048689e+01 8.188326161194520836e+00 -1.965400185366547348e+01 -5.162895343806216175e+01 -8.259528660360597740e+00 -7.300580228161622998e+00 -2.573726228664210325e+01 -2.730335085268850825e+00 -6.912497450831933676e-01 -2.149166999613091988e+01 9.282181324062602101e+00 -1.820700846454584720e+01
6.199527950930003328e+01 2.371878448307136367e+01 -2.300911653724326555e+01 -3.858341626568289229e+01 5.193094698638285323e-01 2.246051712409137835e+01 -3.461872618827614900e+01 2.226044855169952896e+01 2.950204172466342101e+01 -7.388039298973660962e+00 3.439539601137300906e+01 -7.642618177816316027e+00
5.982729646323805639e+01 3.060920160726688977e+01 -2.902826280957295779e+01 -6.570112309508002113e+01 -1.916399952242763760e+01 1.955853531035653958e+01 -4.519472615756892964e+01 7.834820139793350791e+00 2.226137241753442453e+01 -2.277413685534320109e+01 1.838322269669643561e+01 -1.004768362181012265e+01
6.705506166484781261e+01 2.677049751217377604e+01 -4.823757747396521722e+01 -6.488113584350799101e+01 -1.996461458260885635e+01 1.548944148988949010e+01 -4.994305491408292141e+01 1.096381922190162328e+01 2.376156026317114822e+01 -2.856866748433328240e+01 1.779247556697608346e+01 -2.036451564688373850e+01
6.593995216675122606e+01 3.845904800581828908e+01 -3.026605106363320274e+01 -7.346069256291747251e+01 -1.590725265874055872e+01 3.348465641620238387e+01 -3.023573724368024429e+01 1.413725015872545043e+01 2.082352033173007300e+01 -2.335449776981717207e+01 2.580210056284584752e+01 -1.395230684564361745e+01
6.080114206788807962e+01 1.583891962295417777e+01 -3.869317531227265761e+01 -6.565088440767141265e+01 -2.893144045724867297e+01 1.510716413229569177e+01 -3.009675903370790095e+01 7.069215953206437142e+00 1.168050263159239499e+01 -2.872081888482080103e+01 9.147296310334226632e+00 -8.531143721297496541e+00
6.515521792640389265e+01 1.449706772747570582e+01 -4.333231735223834846e+01 -4.681833078841992801e+01 -2.938305455968292890e+01 8.385003357140909941e+00 -3.803247256477198590e+01 1.117034248609628122e+01 1.200543189818073131e+01 -2.422238172970022063e+01 7.166529318478787047e+00 -8.422086371165347529e+00
6.452646649620410813e+01 3.581715602218471162e+01 -1.097166247730201860e+01 -5.065665243846412835e+01 -2.315355072376700463e+01 2.077236642293467739e+01 -2.703680970885613277e+01 8.190792917139788187e+00 2.093227046357905508e+01 -2.951402000117236568e+01 9.430019688413807444e+00 -1.358818460139412210e+01
6.178431376226828320e+01 2.440093885199347312e+01 -2.847419782785146580e+01 -2.699205265281722532e+01 -2.427699644233798182e+01 2.857673336072719295e+01 -2.125683289419860955e+01 1.881504937466170091e+01 3.786947830931170245e+01 -1.392335505983074562e+01 2.191134155611345591e+01 -5.598764335628379385e+00
5.880040468924114805e+01 3.065564213351848366e+01 -4.075297995877949120e+01 -4.650358683451727870e+01 -4.001586794433356431e+01 -2.221409809767259880e+00 -3.731021746033474074e+01 2.046754862775774342e+01 2.369719292871145200e+01 -3.007510569818181523e+01 2.950596954522016979e+00 -1.684032147418992054e+01
6.651460178213541496e+01 4.739368395928895694e+01 -2.993746629681221805e+01 -6.680481328868739865e+01 -1.880061912386242895e+01 2.169411204887071776e+01 -4.363819759206205617e+01 2.623130405626014650e+01 2.163886316102008323e+01 -2.048839581581906444e+01 1.476988711786511033e+01 -9.798045031794591964e+00
3.803125090728762103e+01 5.775630206630383867e+01 -5.966884077325256186e+01 -3.312131396806979922e+01 -2.439275583556284488e+01 1.374031772933336448e+01 -3.147142838158463363e+01 1.455020747501167833e+00 3.720144237059937353e+01 -4.188932030323185529e+01 2.989081595200016750e+01 -1.403247592563638291e+00
3.668654847265442953e+01 1.704648003209397444e+01 -3.239135643456537395e+01 -5.630864485846217349e+01 -4.518018838313072649e+01 -7.708142001921996389e+00 -5.885642001932919953e+01 -5.943841956132468241e+00 2.156661648017302202e+00 -4.535040615457526769e+01 7.182617268121873622e+00 -1.886903505991721630e+01
5.814966912893930129e+01 2.647749649952321604e+01 -2.536429372777470093e+01 -2.889209947606426709e+01 -1.431947081245859366e+01 1.289022304186500989e+01 -6.017801908151891155e+01 -1.634614576886879167e+00 1.637105272517059618e+01 -1.938694102875489733e+01 1.786450826644563605e+01 -1.019475797833700170e+01
1.809878388879174338e+01 5.128355081703794127e+01 -3.085240813419029848e+01 -1.045354313661591661e+01 -1.999308393903495329e+01 8.622186915177238120e+00 -1.835994830116436560e+01 1.069381751937038061e+01 9.815357905637865699e+00 -2.744300295905468445e+01 4.106388987078638309e+00 -1.820644091505326401e+01
2.627111969912894551e+01 7.190454191157718000e+00 -1.498831768637867867e+01 -5.827898621998059525e+00 1.432040000925838052e+00 7.477051330242607818e+00 -4.794840434350269476e+01 1.709570597027441075e+00 1.169822753206585197e+01 -4.868966943041939999e+01 4.004616360360820693e+01 1.470951589188614861e+01
7.746866205266573502e+01 1.997583961848296497e+01 -2.941441936590009476e+01 -2.871288677385353338e+01 -2.503705742927439815e+01 1.383891514374385956e+01 -4.566006698704180167e+01 7.917282037242772574e+00 1.117856602333314164e+01 -2.402835847697237881e+01 2.994340394907094094e+01 2.550081939190863789e+00
6.507270755162490161e+01 1.000689902127781306e+00 -3.780776457482494379e+01 -4.733180077968195576e+01 -2.073898996550607876e+01 3.909689182359624482e+00 -5.087506359981723847e+01 -1.078627996111165999e+01 3.780327074593827774e-01 -2.951496872762700718e+01 1.220869451518810322e+01 -1.339014285494757317e+00
8.470864571605702054e+01 3.947495908920136287e+01 -2.354672610011060740e+01 -3.463371160175238117e+01 -1.109462390613118643e+01 1.717314315602768460e+01 -3.982939592770510018e+01 1.407966678694232598e+01 7.174603341461823547e+00 -3.090677491478144034e+01 1.712640492351575006e+01 -2.583699778196341335e+00
6.356555063393932414e+01 3.844186416407043083e+01 -1.955640823399352968e+01 -2.936232081688562445e+01 -1.535322644926230318e+01 2.235401322123465562e+01 -3.147237012083256857e+01 1.406693108936660863e+01 2.140282710371536012e+01 -1.423736135748527865e+01 2.335299612919857992e+01 4.798282911319876831e+00
4.481428786413849252e+01 3.216534082340207590e+01 -4.191044127024803601e+01 -6.662167288790226394e+01 -2.218339111873842029e+01 3.287561329022586243e+00 -6.694082447762428956e+01 7.234118894497241214e+00 8.762853754041566745e+00 -3.199330685895219517e+01 1.351235552934729434e+01 -2.239649163355515782e+01
6.431084504769302157e+01 5.607922455479204871e+01 -2.149540326801584911e+01 -5.805989448752480087e+01 -2.881075926330375836e+01 3.304156905165489633e+01 -5.478407009489045265e+01 1.780940702750276117e+01 2.307796090749211970e+01 -2.167385478156815282e+01 1.897979885594621052e+01 -1.013533136269766999e+01
6.371936025356558275e+01 3.855098328795944695e+01 -2.923311794592965285e+01 -4.306430124010763905e+01 -1.852493390419540731e+01 1.486948543021946634e+01 -4.400665673472747130e+01 1.723439399128714555e+01 1.643625225612723995e+01 -1.859066613083651731e+01 1.606811569737352485e+01 -6.226938498601498395e+00
4.626427920805598859e+01 4.232261897559078534e+01 -2.198828688557104982e+01 -6.096595895796998121e+01 -1.523549000228628358e+01 4.063957454103068301e+00 -4.601198079730467327e+01 1.325839038590114249e+01 1.011802339855287336e+01 -3.234009931375105396e+01 1.373500290652314249e+01 -1.470461970347019864e+01
5.751452549384656976e+01 4.743773627189654007e+01 -2.289905366398950370e+00 -3.873420124535033437e+01 -8.987042193997698547e+00 3.215476791315217753e+01 -3.167987008649286906e+01 1.240014471859029754e+01 2.671681470032507377e+01 -1.539440313451512310e+01 3.329167704873886180e+01 -7.429193946994068654e+00
5.756656560604436379e+01 3.969212253406369939e+01 -2.047156919752977444e+01 -4.088534162050930831e+01 -1.173226254906588117e+01 1.234932225411307094e+01 -4.601811517717020905e+01 9.328954216138543032e+00 1.351582277242295582e+01 -2.031575222906543132e+01 2.277216425650609466e+01 -1.244160675387811210e+01
4.918081540032196131e+01 3.971814647045046343e+01 -2.390939342836827564e+01 -4.924659273783034052e+01 -2.084173932323518841e+01 2.132838988203439712e+01 -5.231438376241291621e+01 4.165831335474829977e+00 5.411576098996020434e+00 -3.050509775523748601e+01 1.527681527007791118e+01 -7.666451234139117332e+00
5.748004698473201302e+01 3.871942592703419450e+01 -2.297370961883009954e+01 -2.921691388657547606e+01 -3.341682417479568734e+00 2.049462258093750222e+01 -5.248968908065226913e+01 1.061944450963538245e+01 1.666659306760497117e+01 -3.668462027469156084e+01 2.338745179163112198e+01 -5.718874739073300795e-01
5.826880962791922514e+01 3.071658370269623717e+01 -2.731103331794261635e+01 -1.389230225082701331e+01 5.406061160558968126e+00 1.914065842358705538e+01 -4.959292879084333094e+01 1.877084908465119772e+00 1.028661690445434829e+01 -2.706806618828904476e+01 2.166917723155601294e+01 5.700160050367748532e-01
5.075134039728490620e+01 9.895412282103944079e+00 -2.396950361092326887e+01 5.054690267759916367e+00 1.529218456179881791e+01 2.472476568537300778e+01 -4.030905376266158413e+01 -9.369771776159499410e+00 -1.008703078034861367e+00 -1.503875505245810729e+01 1.505966618852091621e+01 -5.512486289392555250e+00
2.598663216728025205e+01 9.271612992160417122e+00 -3.700785976290250545e+01 5.051508298861662638e+00 -5.641450650169699266e-01 2.031402690028989966e+01 -3.480768962117733878e+01 -6.270353403892516830e-01 -7.245555223447343707e+00 -3.149698444309674983e+01 3.545381888212173482e+00 -1.377516325823073906e+01
-1.886781867658036660e+01 -5.011497782567189319e+01 -3.090094672847548907e+00 1.912831385242564153e+01 -8.818230766004955257e+00 -4.623257555366910410e+00 -2.126995330848140142e+01 1.227092740192359344e+01 1.164948976702229366e+01 -3.917403097843759952e+01 3.043219210905746763e+00 6.466939477208334175e+00
-5.226916838954637257e+01 -7.108035990808747329e+01 7.678153755977616512e+00 1.483685725295127256e+01 -6.544995195830205503e+00 1.287264828907211722e+00 -3.331822709763888213e+01 4.028935040221892194e+00 2.937668432796824192e+01 -3.163728666673466350e+01 1.230472202633718659e+01 1.511305228554520497e+01
-6.940004300979688878e+01 -6.694920738332837118e+01 1.873624338550234825e+01 -4.193814022945895559e+00 -1.816470554401067083e+00 1.751242405602258856e+00 -2.744018188205906483e+01 1.407108747948097083e+01 2.925544041496103631e+01 -2.997157839020663062e+01 6.778837775776842989e+00 2.020496189134521359e+01
-1.452297370017627713e+02 -1.150046080960239294e+02 3.360761148428780132e+01 4.583603177970747566e+01 7.993571983357323774e+00 3.764369078657328949e+00 -2.009982213572753196e+01 1.909328534115048015e+01 2.480279731520226250e+01 -5.640903424428666568e+01 -2.440741350796673537e-01 4.323926345811460514e+00
-1.365854601622094719e+02 -8.777287784090108858e+01 4.422510149517697187e+01 1.678418339364380785e+01 -6.852517843468258540e+00 -8.576585282186620418e+00 -3.137436490872460837e+01 1.266260757274141824e+01 3.117291751204215444e+01 -4.269422082124546591e+01 1.524773707868164241e+00 8.437406627210483734e+00
-1.378677152685589249e+02 -1.034464948864253131e+02 3.003215548657719935e+01 1.898973926578739579e+01 -1.573896004993192932e+01 8.317102736964563370e-01 -3.158254736846349076e+01 2.043446450754661470e+00 2.394356939043467136e+01 -3.950021148056072207e+01 1.038242194292799070e+01 1.750895545194692460e+01
-7.481986843572508405e+01 -7.224816103987086535e+01 2.393166883480753171e+01 1.373407354804116132e+01 -5.287784071489419091e+00 4.119907217710606417e+00 -2.116917377295961344e+01 7.977379593181611384e+00 3.512083500201071473e+01 -3.982042270046452614e+01 7.390801345630148234e+00 1.672843168962709370e+01
-1.356863176060171554e+02 -9.568633326434047603e+01 3.016256569208255200e+01 2.118632231022650103e+01 -3.713064741676790348e-01 -3.916796810992984046e+00 -2.937275700965771819e+01 5.120811949259341800e-01 1.941448286917113109e+01 -4.038765443143240219e+01 6.463945436976167969e+00 1.866431431922424622e+01
-9.249354849124597422e+01 -8.272784273760248652e+01 2.681078251992940409e+01 2.513606259477984040e+01 -1.256219498155985725e+01 2.227825539104603791e+00 -2.744879903268354582e+01 1.597463180203912714e+01 3.471486373669629444e+01 -4.416588373669188883e+01 1.507773318154660203e+01 1.822720174017529615e+01
-7.938840632707194800e+01 -7.240436841311857563e+01 2.935171948023231892e+01 6.716720148021330772e+00 -6.934341052844537501e+00 1.807379703187675091e+01 -2.435068308130828285e+01 9.787204523528792777e+00 2.995333550301759828e+01 -3.567113229640811767e+01 6.030011607624616410e+00 1.197708788054348261e+01
-7.964190277838777376e+01 -6.077828851642135533e+01 4.046866885064558517e+01 3.884455833779077771e+00 -3.731783471307687172e+00 6.765913552829774247e+00 -2.356765156889030166e+01 1.465090149420166910e+01 2.269772246852232911e+01 -2.751635899043952804e+01 2.289304926673824347e+00 1.232355699588891085e+01
-1.209692478938326445e+02 -9.571815315191405205e+01 1.728540868046050605e+01 3.222648911919996806e+01 1.575117774360588285e+01 1.438359967251164662e+01 -2.894160212028823764e+01 4.319702527555968175e+00 2.622008598061680473e+01 -3.233955430027599931e+01 -3.534672972909239430e+00 1.126229895817564852e+01
-1.121044690074925256e+02 -1.183621696379314585e+02 -1.359035119364593669e+01 1.360351775546269337e+01 -4.432435366724929438e+00 -5.663883352884728772e+00 -4.582143074176904918e+01 -2.768534404682220451e+00 1.843897879655408545e+01 -2.589898813682048484e+01 -9.360589694296299612e+00 -5.758082800570602622e+00
-1.225484230334187430e+02 -1.117408938013887933e+02 -1.505099855117378560e+01 3.308355283276374337e+01 -2.397911330495733573e+00 1.370769656771272693e+01 -4.221894635443853616e+01 3.304378934345545638e+00 2.386787063523717478e+01 -2.959712026761464188e+01 -5.273831328536626728e-02 1.073342093088014337e+01
-1.184783169842603030e+02 -9.547788689303754950e+01 -7.466046465396102505e+00 4.720425624689394084e+01 7.421231946111523037e+00 2.660202779842681053e+01 -4.293314945220975432e+01 1.322168366800339889e+00 2.789122883110313822e+01 -3.488964782546974419e+01 -1.673927844597761005e+00 8.619358557446787472e+00
-8.540525554139418318e+01 -7.893817242444038129e+01 -1.680113616113065333e+01 4.626025957069300887e+01 9.033598039336929730e+00 2.370758122078380836e+01 -1.910799018180648545e+01 6.757558877778090611e+00 1.588251772416912999e+01 -3.018814781900766064e+01 9.315464736595801654e+00 1.115220430300576382e+01
-8.456610446888653598e+01 -6.402477116571978399e+01 -3.075457304890793964e+01 3.719508845833146182e+01 6.124742384301466558e+00 2.231377781906115843e+01 -3.205677667448014745e+01 -3.022170203965846014e+00 1.805301199995938433e+01 -3.288650997499048856e+01 1.348387973910267590e+01 2.325519736909170376e+01
-7.642847383329271338e+01 -6.476127578485971981e+01 -5.101853491875451141e+01 2.921743602427224573e+01 -3.985298585593359366e+00 5.078209272138352048e+00 -2.797905627016729113e+01 -8.592583669308050176e+00 5.930508811606006958e+00 -2.329003644453680621e+01 8.770500883815319781e+00 4.071497768013673912e+00
-7.078671097107093146e+01 -4.068592544697668245e+01 -4.502818490593064382e+01 4.153516219001751608e+01 -5.813794585340548160e-01 9.910681137465926938e+00 -2.218899255650040914e+01 -7.361469972467769018e+00 1.946509267730530723e+01 -1.255975508742733560e+01 1.369768784666921313e+00 5.597515866816971553e+00
-6.998207965707428002e+01 -2.732361383106310981e+01 -5.184736169282658125e+01 1.882400553197048154e+01 -1.838088495382810805e+01 2.358284874903830541e+00 -2.121362231272208732e+01 -8.479878806614447484e+00 9.077917961166360072e+00 -2.540793510059236127e+01 -9.820611323856209829e-01 2.549581382724884548e+00
-6.200510940823583894e+01 -5.607379934845671876e+00 -3.012672502556142007e+01 3.373793201609775849e+01 -2.011336710432066610e+01 5.109305457870453537e+00 -1.418370193040629346e+01 4.156292494973115481e+00 6.505007849174300638e+00 -2.685282706558606947e+01 -2.076422200193706047e+00 6.806392080999053462e+00
-1.039319971793377704e+02 8.481315837722274154e-01 -1.646661187186696296e+01 4.145419880837147275e+01 -1.086903520405830292e+01 6.511463116805747298e+00 -7.498539333835182674e+00 8.795589692886469635e+00 2.045052020711587204e+01 -1.239404347152709462e+01 1.143117388424438019e+01 6.106385101492053380e+00
