-1.009452648010836100e+02 2.237647751035679988e+01 -2.973350126194939236e+01 1.619363222354337495e+01 -2.454111228262597066e+01 9.288726926052504496e+00 -6.817412826788159741e+00 -1.655881766685948886e+00 7.307146570191195067e+00 -2.018345976436268430e+01 3.996972410929015229e+00 -4.037240519726602805e+00
-1.054665619297276180e+02 2.034750557939360149e+01 -1.503486798447268313e+01 2.620178995158664037e+01 -1.418272535263334255e+01 6.440584233527980373e+00 -1.899785673493901150e-01 -3.154683161854554108e+00 4.616064876039390086e+00 -1.855782749608721716e+01 -5.673210506294506850e+00 -1.206652910566253922e+01
-1.029130777100388912e+02 2.131476009700766383e+01 -2.024200027465888141e+01 2.354573663800202254e+01 -3.117470680487628698e+01 6.396841812929075388e+00 1.473554005714052373e+00 5.628017244720393997e+00 1.469217161503316582e+01 -2.868438206407807556e+00 8.869300671440676354e+00 -9.142092970005226249e+00
-9.656015430618910500e+01 1.333202603783962026e+01 -1.619837562629534489e+01 2.228023024683896125e+01 -3.152843267026971574e+01 -7.390536581806812499e-01 -1.226139335867028635e+01 -1.376656317105319971e+01 5.286717738359456575e-01 -1.785099680655510213e+01 4.800645313337295050e+00 -3.822499331619223284e+00
-9.385182199939288239e+01 2.469959354130759976e+01 -9.248497435108971487e+00 1.291974529120410509e+01 -2.922644246157689096e+01 -2.011929039386489038e+00 -1.280143139620728832e+01 3.865806383793335410e-01 1.222487867391364169e+01 -9.212594144681856889e+00 1.482837628671404850e+01 -3.195183330930103871e+00
-4.359113017006141888e+01 7.720154999442040378e+01 3.643952605999810146e+01 3.095039202309767035e+01 -9.577969765883674214e+00 1.675430518509598699e+01 -1.037477462891335733e+01 1.113406387905125960e+01 -4.168046586674692300e+00 -2.778953024081731371e+01 3.557216255088593293e+00 -1.544331803457879104e+01
7.875389869439695190e+01 9.063169896296217587e+01 4.967474707332370620e+00 2.869214813170005041e+00 -1.996883872157106055e+01 -4.941448035733385424e+00 -3.479839686881113892e+01 4.089360017689264382e+00 6.132257656383096389e+00 -1.465534318767777755e+01 1.308894300044297587e+01 -1.418615241126482296e+01
6.087002421762473148e+01 8.335852103009972325e+01 1.941566588915543079e+01 3.339234485677524233e+00 -2.061569669103501923e+01 -4.291357805854301155e+00 -3.224280362288105550e+01 2.533258871568655479e-01 4.773350190900527146e+00 -2.388640549844215855e+01 8.638921493076724190e+00 -6.281323854495664882e+00
6.658383388374645051e+01 8.875500834146735940e+01 1.208465473705926740e+01 -5.592107839420436655e+00 -3.000411538501785458e+01 -1.131304126508655550e+01 -3.858471970911450910e+01 -8.725088688550592053e+00 3.415214411924004878e+00 -2.680464729086395792e+01 7.841494643319382618e+00 -1.017651712487078264e+01
6.974136098982626208e+01 1.127276583669498962e+02 1.657669876061268965e+01 -1.448145510535188052e+01 -3.210264484405327323e+01 -2.057250880736575027e+01 -4.396207692664634692e+01 -9.138963324435270152e+00 3.265986584924973180e+00 -2.763455391405353012e+01 4.533335845541524023e+00 -1.380247657579772280e+01
5.738174273688002813e+01 1.009078820037349402e+02 2.940495495692385219e+01 -1.918678954363670641e+01 -4.275700109495193146e+01 -2.291912944447233258e+01 -4.339091325640909247e+01 -8.171359591070896045e+00 -6.967221931473147833e+00 -2.814473763419162822e+01 1.471821116034390364e+01 -2.135214340126108823e+01
6.745041057090151071e+01 8.906621859896586102e+01 8.240654134840259104e+00 -1.686107399342566993e+01 -3.962634992758387398e+01 -1.927623276643166861e+01 -4.366168299674716025e+01 -1.955303172914901921e+01 -1.002909051052866829e+01 -2.778665706765252708e+01 1.456672993588993137e+01 -1.851489000950153496e+01
7.670279484556245109e+01 7.627372711566678731e+01 4.851960942425192158e+00 -1.005818804552095358e+01 -3.507979676383651224e+01 -1.570999490712518032e+01 -3.822721253605594427e+01 -1.611213233564136971e+01 -6.158275453028188906e+00 -2.195115950221163814e+01 4.956401720176264014e+00 -9.643581440056635756e+00
7.181009763106563071e+01 7.317807330242726493e+01 8.551977028154457372e+00 -1.742970995565266890e+01 -2.676649843865718736e+01 -1.694787284291461305e+01 -3.512138427206868840e+01 -2.582779096811756325e+00 -6.849165016476608692e+00 -2.449591073132838659e+01 8.696403626268867981e+00 -1.068141714109516727e+01
8.468528250879083430e+01 5.438263066591923689e+01 2.963206005879938321e+00 -1.759180784555743315e+01 -2.453620225864534632e+01 -8.204582643515482943e+00 -2.941375620588212314e+01 -2.402573978915462760e+00 -1.603660612825528187e+00 -2.088157285914473249e+01 7.085778393172965650e+00 -1.281836373901565729e+01
8.495449499533410176e+01 5.634223895886644584e+01 -1.231007280991642361e+00 -1.537542724686623252e+01 -2.085389299027488974e+01 -6.279203113557384697e+00 -2.402354026858140656e+01 2.264153316847512531e+00 1.737320975643463994e+00 -1.956060542151761439e+01 4.174082907399125908e+00 -1.395323618010466049e+01
8.958088799992103191e+01 6.655601475944715162e+01 2.068147006257279763e+00 -1.870396241382329450e+01 -2.565036316482739664e+01 -2.526897798282360164e+00 -2.231692626495504328e+01 1.350908999270878752e+01 -1.991000136865731518e+00 -2.488006710117793574e+01 8.319107930450275745e+00 -1.909298571493886243e+01
7.298441708564941166e+01 8.840759015740863447e+01 5.228338754076194972e-02 -2.135219346654972838e+01 -1.632847354992555466e+01 -9.787539415444108215e+00 -2.534697262045607147e+01 4.607155958783241800e+00 5.144780851159618251e+00 -2.327931191023176183e+01 6.520264316378012737e-01 -9.360574479018081817e+00
7.361869526202134750e+01 8.685133530154826076e+01 5.829764230694976845e+00 -1.619090189952446934e+01 -2.085393871459586279e+01 -8.832361226774477103e+00 -1.721770925509895278e+01 4.894965536062414913e+00 3.542370531779972964e+00 -3.376999346825820680e+01 3.486935712634368301e+00 -7.384284629366797859e+00
7.167806984420448657e+01 9.714156819173352631e+01 -2.048289505159603063e+00 -9.719725335873540928e+00 -9.430004642860914998e+00 1.150028753745445798e+01 -3.226802629198745365e+01 1.135452414206557314e+01 -2.815332864927773571e+00 -3.597438164177224706e+01 1.147283210068486703e+01 -1.206885552061222278e+01
6.795586472195537908e+01 7.443241380150635678e+01 -1.276713036903100651e+01 1.031279948232933918e+01 1.409721167248170648e+00 1.699176717919802826e+01 -7.618247950370881760e+00 3.476119125932283449e+00 -5.768252704407619724e+00 -3.693402870343893341e+01 6.366185207090652831e+00 -5.186728130151216476e+00
3.812896996433767782e+01 2.623027797433642760e+01 -1.990723910995165724e+01 4.225425711177146049e+00 2.242032247229794351e+01 3.498371828000501438e+01 -1.249576352729606299e+01 1.422490774030555727e+01 3.931528332299993878e+00 -3.293486416855329679e+01 2.343877822298117763e+01 1.260131309892233542e+00
-4.382628646446934795e+01 -3.279983206206296131e+01 -5.661335608691101839e+01 -1.422009339767810054e+01 1.611733724695672620e+01 1.197924676501672359e+01 -1.956876212960168004e+01 3.034632274683543240e+00 -1.911603446554915564e+01 -5.529845861660258777e+01 -2.633868871240186316e+00 -6.430688686890073669e-01
-8.582357729007941316e+01 -5.137041086242865617e+01 -2.098425466138588291e+01 9.911443170031162708e+00 3.082679822892369970e+01 1.835586879265090232e+01 -2.189032910524931452e+01 1.033448820228750797e+01 -1.011075182539617856e+01 -4.517546395805467796e+01 -7.829205905820098010e-01 4.479477737831878414e+00
-8.256171994396353853e+01 -3.388119132396013811e+01 -3.070052849984955312e+00 -1.410405196334275857e+01 1.897123551644944683e+01 1.826614953160244426e+01 -9.940773606023661557e+00 1.936167053614181910e+01 8.987092256856296757e+00 -2.713373339162157905e+01 1.774795645338519279e+01 1.786025666846344251e+01
-1.139110918057843378e+02 -5.152966969746887571e+01 -9.084322775332339006e+00 -9.615722289586621230e+00 2.324919173637108472e+01 1.219365342885000736e+01 -1.803197118758378181e+01 -8.078700327621630706e+00 -7.478629121898126897e+00 -2.079718073241081555e+01 1.315145446687508013e+01 1.127706784237857818e+01
-1.137529158954742456e+02 -5.440337331919658936e+01 -3.936305170111009666e-02 -2.335116676655856871e+00 2.230782080330487105e+01 1.292486966722186637e+01 -1.753118957426855928e+01 1.355085737266004742e+01 1.923881971206790453e+01 -2.649976926878563788e+01 1.039075372628444249e+01 1.013154113074106810e+01
-1.826875816192593334e+02 -9.444512287332047151e+01 -1.923792235341348089e+01 -1.823131774321755927e+01 1.736875652518831714e+01 -4.288034314707039663e+00 -4.065106046288201469e+01 2.777127547679326014e+00 -1.054250372375713285e+00 -4.043786822891075161e+01 1.832313199677967219e+01 3.652890582877068137e+00
-1.172817352114661276e+02 -6.278609967643021150e+01 -5.729202709037318542e+00 -1.676829841331203852e+01 3.503272535850849323e+01 1.719964475526552405e+01 -1.621273409447699265e+01 1.072045566236915803e+01 1.032301181951609337e+01 -3.567740797267694575e+01 1.330585016504553586e+01 1.275422219997440898e+01
-1.248751559910489561e+02 -5.610794128727532382e+01 5.154620405457828625e+00 -4.854086726406587005e+00 3.150733740006857175e+01 1.121682754885412692e+01 -1.620916398530711433e+01 1.008724242208655397e+01 -3.213510732715088025e-01 -3.245391318936886194e+01 1.089877498700342251e+01 5.062765611003566590e+00
-5.864173912356793750e+01 -5.957990258892813529e+01 -2.306423399747897562e+00 -8.054668328944440958e-01 1.893769623353873044e+01 9.189712280185300841e+00 -1.870715913771280015e+01 1.582982648185076080e+01 1.178858356894223292e+01 -3.196711830688511569e+01 1.009113969051200321e+01 1.266483750426097288e+01
-8.424112645887144879e+01 -7.527512434641788275e+01 -2.738076329306305112e+01 -2.960433067504281368e+00 1.286834246457255126e+01 1.703869031284743585e+01 -1.721930346112295140e+01 1.143454840302053555e+01 5.301103669526700202e+00 -3.796312677898607291e+01 2.480830713880764904e+01 2.707141537863985192e+01
-3.886406138520310094e+01 -6.777297241822522267e+01 -1.604622582533134789e+01 -5.606829633608804819e+00 3.356689810270282237e+00 2.536437448585289189e+01 3.898525121579542230e+00 1.995537401981504644e+01 3.627702849153695119e+00 -3.864586397891879699e+01 1.172408649840896544e+01 1.026437015433628730e+01
-1.421001698155523485e+01 -4.862502526238943545e+01 -2.369332254649528835e+01 -2.945969098981463929e+01 -1.862884920339753592e+01 1.440124607187064321e+01 -2.639038897924704941e+01 -1.046350108778239729e+01 -8.892475773399748817e+00 -2.923152216072202947e+01 3.600843002996113285e+01 2.458679961689255578e+01
-4.660633759792793285e+01 -2.335573945165714349e+01 4.171584673031585311e+00 -9.839113576898405711e+00 -1.316243839122823900e+01 2.542838622520545044e+00 -2.847032047664244914e+01 -1.280792131868075678e+01 -1.762806243348951973e+00 -3.296653759617914403e+01 2.682680578503751434e+01 2.166343050300191209e+01
-8.319137211742310001e+01 -5.848478263442808611e+01 -1.781497606989647053e+01 2.581740712469662746e+00 -1.593868219947811582e+01 3.075755489869133896e+01 -1.602281073868894268e+01 -4.550222027946862369e+00 -1.266541836489366446e+01 -6.266175004014859695e+01 8.258790733040834553e+00 2.013785976347687168e+01
-8.790866514477049520e+01 -3.763601408321344621e+01 -3.164448548813979301e+00 1.803585982268000265e+01 -1.887714588966117191e+01 2.616580257908696083e+01 -1.726622544264736803e+01 -1.244889455115170307e+01 -4.281992023342095166e+00 -3.699815412401746073e+01 2.755618246785365244e+01 2.652221635123402876e+01
-9.810810739066639030e+01 -3.938036414110502648e+01 -7.532976911126569419e+00 6.120063212311533718e+00 -2.498650533687299102e+01 1.790600979162325856e+01 -2.316132713919439823e+01 3.847065663220134546e+00 1.033912136407484006e+01 -2.872762879280026738e+01 2.540231761163288127e+01 2.318909211611381238e+01
-9.446300801411203452e+01 -3.563687511814836029e+01 -1.381719406611331813e+01 2.759564693303552829e+01 -1.690317985707532955e+01 1.561129693778948635e+01 -2.293743777721546451e+01 -9.655100225423785432e+00 1.349963487880598612e+00 -2.796632305819377251e+01 2.071245377578350855e+01 2.355309832495881750e+01
-9.878051757923272191e+01 -3.037627085667885751e+01 -1.667533116197146725e+01 2.741725665967578252e+01 -2.811771262135416549e+01 6.742455683494916308e+00 -2.417477943878112256e+01 -1.521622296152300002e+01 -5.504917559307519248e+00 -3.476794760649040228e+01 1.350980178188355474e+01 1.362259259241894682e+01
-9.318183405068026559e+01 -1.085278271456603782e+01 -9.669125806255324918e+00 3.145701125041764001e+01 -1.320485939181065049e+01 3.657992927953749529e+00 -1.382779013977249960e+01 -2.838967118403838086e+00 8.255865045385382572e+00 -2.937329695695656895e+01 1.163073432574251242e+01 1.711623989533602952e+01
-8.898654436798655354e+01 -3.019730057315471505e+00 -1.527404457235036439e+01 2.561090369651394383e+01 -1.081354762072350795e+01 2.822005086832636778e+01 -1.399472830193811568e+01 -2.404893643482118870e-01 7.243312042962711139e+00 -2.260504712376322800e+01 1.899318397127558811e+01 1.287953768230146068e+01
-1.261084234729707134e+02 -1.710684772469960979e+00 -1.416087601799348406e+01 2.355099134747687017e+01 -1.206941728112044920e+01 7.772776435591284283e+00 -7.825486830190838461e+00 -4.063333898697083946e+00 4.146613286233353790e+00 -2.959466714573328971e+01 3.559764838484219318e+00 4.355536271685690686e+00
-9.207707220947133919e+01 1.317519981981976507e+01 -1.428569610457444483e+01 1.121871311285640971e+01 -6.095621251466149637e+00 1.042682858911246058e+01 -1.630095669097405420e+01 7.035815193367680465e+00 -8.366341105808265510e+00 -3.608516572013670043e+01 4.083215329142118932e+00 -4.322336663325033967e+00
-6.739196260744611777e+01 1.054477710853321071e+01 -1.233279261433452234e+01 -8.103553094798124334e+01 -3.600560746375633414e+01 1.380392849882434447e+01 -2.181165605194948398e+01 1.392067678561538457e+01 9.558655839006974020e+00 -3.463599521801150161e+01 3.731676335322865157e+01 2.386602085490031833e+00
-5.569524591698110072e+01 -1.268466435370615031e+01 -2.327978531141936003e+01 -5.132774404133271418e+01 -3.892233462246469600e+00 4.113528955566024337e+01 1.537827532657415563e+00 1.123393099648255600e+01 -8.953493578721300139e+00 -3.815274081603379841e+01 8.884789809644120240e+00 1.162717984998966614e+00
-3.881261592665187266e+01 -5.387345201514951221e+00 -2.981083575717361356e+01 -3.073319353820159705e+01 -7.446629620931504157e+00 4.293863894037787077e+01 -2.194480373406727125e+01 -1.102081225451816948e+01 -1.997163756393637257e+01 -3.808743622496727710e+01 1.336628395850114259e+01 -1.678492545503716116e+01
5.996460488503547026e+01 4.526989915358942085e+01 1.504314637107082575e-01 -1.950809967863740013e+01 -1.250660400927333349e+01 2.186378963195135938e+01 -2.547095308360971444e+01 1.123753380666505919e+01 -2.712415604801027946e+00 -2.146842236469802856e+01 1.711079993780935737e+01 -9.171750472239704521e+00
7.257536942056864859e+01 7.125201522480637095e+01 -7.937461440398248413e+00 -5.348308335569776517e+01 -4.043448082195406812e+01 2.431870590690095923e+01 -1.892610712198456469e+01 2.035037020927541107e+01 8.729792369677895181e+00 -1.692531535250600072e+01 1.741574617357312249e+01 -2.134658301937210823e+01
5.552976262063415902e+01 3.407979701820292462e+01 -1.849945546565420784e+01 -6.504334502148856245e+01 -4.602686938980852460e+01 3.087431052923763630e-01 -4.071744428326509535e+01 1.580276339173353861e+01 -5.693846775799506155e+00 -3.661551614206426564e+01 9.983276171841623636e+00 -2.752174364532659823e+01
5.926524514108709241e+01 3.704829630590566580e+01 -3.827944245186051830e+01 -6.768881729937567115e+01 -5.446447923724428364e+01 -2.904186045041505793e+00 -4.598567733683848502e+01 9.714964027450518458e+00 -9.710249843593548036e+00 -3.738232387292721626e+01 1.289555423829757963e-02 -3.577032027220070631e+01
7.294493606070645342e+01 6.549329470588912727e+01 -1.680399241710005853e+01 -6.912402707571214933e+01 -4.532309569165051499e+01 1.291257710660845781e+01 -4.072732809788276143e+01 2.404873496139096645e+01 6.766228441489015033e+00 -4.065841942582186874e+01 2.610326960530331419e+01 -2.115848408835488570e+01
7.412155402207514499e+01 7.256442190477520171e+01 -2.879613278155676426e+01 -5.859058758615861962e+01 -5.430540415688909661e+01 -3.361746308351289070e+00 -2.821243875113598421e+01 1.596472591620916859e+01 6.566494744621961033e+00 -3.012166911511392087e+01 1.042300565527560252e+01 -3.220009744287847298e+01
6.528466778077827826e+01 3.108300153646270658e+01 -2.122710944716768822e+01 -5.207847313461653016e+01 -3.683261697100705589e+01 -5.776211036978852853e+00 -2.871126068679616594e+01 1.050197501303388314e+01 1.255447079305411329e+00 -2.947898487774475029e+01 2.638580021792899188e+00 -1.801883200278166797e+01
5.113686636447735623e+01 8.136035079211493937e+00 -2.070232771258676152e+01 -2.875933670321355606e+01 -1.276629812411685982e+01 6.147143224691095753e+00 -1.206002963677333106e+01 1.660563178515950966e+01 4.412821381530532605e+00 -4.664760108275517680e+00 8.803483022788139323e+00 -8.825141915055613850e+00
6.909598592763731517e+01 8.778089033408301134e+01 -1.444217023610540096e+01 -4.382083698400271032e+01 -3.780717651120387757e+01 3.777309026397785985e+00 -1.522819395013505073e+01 3.487586756913310637e+01 1.209251294123302145e+01 -2.052908808262150941e+01 1.807587196998097312e+01 -1.912692471712566089e+01
4.883542751814995597e+01 5.974134974421480138e+01 -6.881185746449993701e+00 -4.861258440490153276e+01 -5.411645241300959697e+01 -3.561385366771130379e+00 -2.425176291512768856e+01 2.050670489930552876e+01 -5.531875029439001779e-01 -2.299002681246033930e+01 2.332879157404633919e+00 -2.965442656227568818e+01
3.490669375816172249e+01 3.930589746106707594e+01 -3.008874477521837321e+01 -4.564124573491108094e+01 -4.567398471968027707e+01 7.426983970141062263e-01 -2.469595727517222628e+01 1.605258846145514440e+01 -2.673859725736864146e+00 -4.117055071445878411e+01 -6.138551837172495418e+00 -5.189553734074362978e+01
4.970211706083227199e+01 7.210671775633690572e+01 -4.979593863487866479e+00 -2.823807790216678271e+01 -3.210099854817419640e+01 -1.864218339144352310e+00 -2.157830004733630958e+00 3.566899708907735089e+01 6.594209799982104769e+00 -3.206454162206949121e+01 9.723721439618230988e+00 -3.073732104905484874e+01
5.321010054563431879e+01 5.978019961262421589e+01 -8.910292418951719640e+00 -2.838025915546349864e+01 -1.561765305757407774e+01 1.461229119874320226e+01 -7.433537560471780381e+00 4.637294469639020633e+01 8.256987625867163061e+00 -2.503252670910188726e+01 1.216313686870233468e+01 -3.027177650389650765e+01
4.292685871541951315e+01 5.560207172196982839e+01 -5.424604082589245202e+00 -4.437889670773173201e+00 -1.421919660289524145e+01 1.672957643095102753e+01 2.676659610759227981e+00 3.204035415084634764e+01 9.442040082489432606e+00 -1.250402625006934798e+01 5.134519200543704365e+00 -2.407115294315030951e+01
3.248847961764518288e+01 7.901243998427250403e+01 8.568465245386981621e+00 8.724839372081989453e+00 -1.910367354634185943e+01 1.886283288010853099e+01 -8.643771102239337978e+00 1.901102513764537605e+01 8.451851287330164553e+00 -1.692976752144143404e+01 3.122259863847119732e+00 -2.400246367567363137e+01
5.857925501883767261e+00 5.897207935679242041e+01 -1.052557381701371320e+01 2.156549868563721617e+01 -9.322196041742284223e+00 6.344844618633041833e+00 -1.885941771481361684e+01 7.626701237356387608e+00 -1.054145913857604810e-01 -2.647955381568185373e+01 2.902412646894276804e+00 -1.493969104453394792e+01
-9.582539902017870759e+00 5.277389013155053732e+01 -4.435136451010859737e+00 2.488571438014826498e+01 -2.296486084324621402e+01 1.119270178423592377e+01 -5.607488716169237719e+00 3.320538425791933257e+00 3.246470716827026592e+00 -2.714141223862742436e+01 -5.896609055697924262e+00 -2.831738191609876765e+01
-2.049924675448668054e+01 4.619165037960783593e+01 -1.825839359719630650e+01 2.335493690430983094e+01 -2.344764654210245780e+01 1.642813898693249541e+01 1.080262015225881100e+01 3.552227804724622739e+00 2.782163202298721494e+00 -2.196136730401119763e+01 1.844810101103188327e+00 -2.201135352773562204e+01
-3.040973033604648279e+01 3.880821466496551153e+01 -5.017590039366935706e+00 3.228428436477189223e+01 -3.015872257807388479e+01 2.064004731353541899e+00 -5.784160603907285925e+00 -2.711312754228730082e+00 9.612982562969300204e+00 -2.049200574850087975e+01 -5.028614419904403832e+00 -1.148590753862096747e+01
-2.828813649006940167e+01 3.816042579680916447e+01 -2.065299915546829723e+01 2.309871799878861509e+01 -3.021224153140375535e+01 -1.455970188959330835e+00 -9.829366458869472467e+00 -1.011442555578488722e+01 -4.923148271679242960e+00 -2.642164371554788360e+01 -7.931832577820312480e+00 -1.348551766983648292e+01
-6.598987887418044807e+01 3.551127635687637252e+01 -2.521532037808041693e+01 1.100383966678980663e+01 -1.704902491366277673e+01 -3.574190830171189326e+00 -1.410239131061419116e+01 -1.994902504975153867e+00 1.852494190854179124e+01 -8.226580675707118928e+00 2.246840366160451019e+00 -1.035333914900212093e+01
-7.397561243615035664e+01 3.368840790855419698e+01 -2.613275201713840090e+01 5.679130163346219895e+00 -2.136303234166926757e+01 6.228886588153460302e+00 -8.399763288331765665e+00 -1.385984582603289184e+01 9.688172760754188317e+00 -9.916469375665942110e+00 7.331850816363875145e-01 -4.416268306785291919e+00
-6.429738316472007398e+01 3.961591138276577340e+01 -1.988639767997534591e+01 2.046849227135000504e+01 -3.003922708397209007e+01 -1.242721304631471035e+01 -1.780890184115276753e+01 -7.732417367165911770e+00 1.366958665464770206e+01 -1.296724066947932741e+01 1.375953980704676338e+00 -8.011175038827097472e-01
-1.005913872458519620e+02 1.934093891608549853e+01 -2.243442189821573862e+01 1.382397151520168421e+01 -3.902682403082361873e+01 -1.640539463135824505e+01 -7.631271338931210124e+00 1.064480841013471313e+01 2.095025726759077145e+01 -5.401598005301783800e+00 7.782321463073550660e+00 -1.244416801195296740e+00
-7.612658831893062938e+01 3.306081274356488109e+01 -1.667387588664541198e+01 2.049369074366798671e+01 -3.524382618616818519e+01 -8.189080157998521514e+00 -1.401345375742726418e+01 -1.096477262179172740e+00 1.614691347157265255e+01 -4.008426816717449270e+00 -3.399687932871682805e-01 -1.196983060557665723e+01
-9.940762046430543819e+01 1.793341178013130843e+01 -3.907626629182243505e+01 1.401152250432964763e+01 -3.162969292846350555e+01 -3.414837947944420193e+00 -1.787812900126832005e+01 -7.942765648180087901e+00 3.532458904615584316e+00 -2.844559430991912308e+01 -1.406443562460962937e+01 -1.594106273671502549e+01
-1.090120175384234216e+02 2.255266972021779992e+01 -1.353364866069949102e+01 3.750511839910564049e+01 -1.827714093856008759e+01 -1.236571908415529109e-02 -1.781072459064572122e+00 5.709156801708228812e+00 1.650142928429092493e+01 -4.785609828970271984e+00 4.066013829137592239e+00 -6.567197437070644739e+00
