-6.600782511634959349e+01 3.040484071347921713e+01 2.040028863081073496e+01 1.296074973551983156e+01 -5.602630238925190298e-01 3.091072055891552317e+00 -3.288578118840012721e+00 2.326976655402237526e+01 1.897843703130370585e+01 6.837615471161879732e+00 3.383249863954397973e+00 6.341741630876033042e+00
-7.685328158850877855e+01 2.224162264071128803e+01 1.893393206605319889e+01 1.633048831367127462e+01 2.017328597321902173e+00 5.764982934590797470e+00 8.336690899936630927e+00 3.159550294094784562e+01 1.501771981587641136e+01 1.054134890251727796e+01 1.770677608465141262e+01 1.712625216413972851e+01
-8.423579222727542515e+01 2.852435661763346531e+01 2.522067598061926574e+01 7.289008361875571218e+00 -1.014676648285495020e+01 -1.510043733891039519e+00 -1.238523084850824318e+01 3.835577064560347083e+00 4.640528732705302417e+00 -1.815356541637003218e-01 6.359816343832714880e-01 2.369414075651186113e+00
-7.257645850893231909e+01 2.482403887013395760e+01 2.014592572977799634e+01 1.275551869228563184e+01 3.639853517288257123e+00 -6.345505856011409485e+00 -1.438872454131848677e+01 2.919606555548894811e+00 1.167987002025590471e+01 3.946433600725191226e+00 7.502427222579910904e+00 7.164744639109096092e+00
-7.071906964166981879e+01 2.398584974242043444e+01 1.522866047829838010e+01 6.873545650451156064e-01 -5.896822705269653575e+00 -3.379866744619560937e+00 -5.154517583842366690e+00 9.699485734455361552e+00 3.500815107711835239e+00 2.351006353068333166e+00 -5.862090591914750348e+00 -5.103690210720638554e+00
-2.078883419193074289e+00 7.669839337017080538e+01 4.396802830758466030e+01 1.361558652422793614e+01 -5.199642315747022181e+00 -5.799453847418210906e+00 -1.201447888039657386e+01 -1.802382497712325726e+00 -9.861871249061984201e+00 -1.485325996901331003e+01 -9.109331580692087371e+00 -8.876305126611224949e+00
7.850440193740092809e+01 4.585261119745121050e+01 4.750587037950034563e+00 -6.839022281250604962e+00 -1.202405003654845927e+01 -1.156749113899820536e+01 -7.553274679227216737e+00 4.603191512420008458e+00 -2.028807431637519976e+00 1.299372083832074809e+00 2.419980165063145172e+00 -8.600103754114645227e+00
7.547857152357271104e+01 4.519438150806694665e+01 1.202977596199963628e+01 -1.322974599083002190e+01 -3.836877410684333256e+01 -3.942101012910572422e+01 -1.259491160495187856e+01 3.779119067414540289e+00 1.130269821106429706e+00 6.316478807079753288e+00 8.506452493976290885e-01 -8.159775351698218770e+00
9.755362433127564259e+01 2.950007870883645467e+01 -2.958201850212396344e+00 -8.096378011081949211e+00 -2.059678014322465955e+01 -8.090267516323741859e+00 -1.117457589309650778e+01 -1.316999796638616438e+00 3.092855838950109515e+00 6.293342685718918972e+00 2.149861481511927686e-01 -2.984342503184281625e+00
7.138782049351308956e+01 1.681602907446502826e+01 -1.069775802661108699e+01 -3.837867289168200102e+01 -4.262343834845940194e+01 -4.344159713635799847e+01 -2.505975872499318058e+01 -8.512126613476656445e+00 -4.220935454219270966e+00 -2.151673657063207123e+00 -7.779519977543827736e+00 -1.258759306813546353e+01
9.970081681533643803e+01 2.822468601790118470e+01 -2.847153756035352146e+00 -7.783841319395968128e+00 -2.197018807632325377e+01 -2.312777582480998717e+01 7.437533479824478988e+00 5.425042044039177114e+00 1.424791754533150367e+01 4.883190346473933019e+00 3.263299269663009650e+00 -4.905998034143923547e+00
8.375289407604891778e+01 5.529098686434224419e+00 -1.041074617441129035e+01 -1.560993061627623568e+01 -1.470841049485102481e+01 -3.308561772450926242e+01 -3.053871494747240067e+00 2.460994343110480287e+01 1.874699401005614874e+01 -9.053966634215435683e-01 -1.213150571406647504e+00 -1.547512027817660396e+00
8.336979819479182652e+01 8.638753033145691873e-01 4.333380214988611812e+00 -2.664193774497530143e+01 -1.775436555742961175e+01 -4.470185717262403102e+01 -3.036513036898037754e+00 1.281918827193575794e+01 1.120408311133418522e+01 -5.586750168023811192e+00 -1.059479680861256057e+01 -9.909401716666206283e+00
6.235653038398513104e+01 -7.173136578473535252e+00 -2.049147897346041702e+01 -2.631721158112436143e+01 -2.047764985326756459e+01 -5.070254342268113845e+01 -1.448418711578433715e+01 1.408397971467179488e+01 1.399147556458116348e+01 -3.601148486064836618e+00 -2.665852355144459285e+00 -2.204381254106631616e+01
5.931800615472715776e+01 1.484080701882322018e+01 -2.197685574385678819e+01 -1.178180141107741363e+01 -3.543710526769625169e+00 -1.698679509405575061e+01 -1.244443589401111083e+01 2.267200736997022759e+01 3.089731402174703234e+01 1.389475034718619995e+01 -9.277532901278197741e+00 -1.104841970433712284e+01
3.999122328715425567e+01 -1.237407123417583144e+01 -5.600356495295395476e+00 -1.859298885968470927e+01 -1.222090472420119411e+01 -3.388108620785945391e+01 -1.731116522046540496e+01 -4.075907476217200731e+00 1.316192863211336039e+01 7.831616551650093072e+00 -1.965585169211494687e+01 -1.872258327999839977e+01
4.339747879927803353e+01 -4.423200685500425777e+00 1.097932736869866943e+01 -1.519182248624719200e+01 6.985374800920267191e+00 -1.333471130122899950e+01 -9.415578072915803176e+00 5.015101075857845814e+00 3.297403577548561771e+01 1.424944626239574319e+01 -1.190447150631931272e+01 -2.076248105540572908e+01
3.592916168175870695e+01 -1.726604712152791166e+01 1.180619591323290507e+01 -1.950454002672069009e+01 9.150741977807181904e-01 -3.607114817483716251e+01 -4.623149695792506009e+01 -7.177653132212714837e+00 2.429423881288836640e+01 2.251237673625086089e+01 -1.197389950102417444e+01 -3.028555371262292795e+01
4.850494746221832543e+01 -1.441964793423059987e+01 2.858772898612018309e+01 -1.981443582699011108e+00 5.632186566441074405e+00 -4.373349126794157371e+01 -3.074242305981558587e+01 -1.280257168312997074e+00 1.790173134403877953e+01 2.016763180536501210e+01 -3.694192484228632001e+00 -3.311524101961828848e+01
2.508567880667935057e+01 -1.274928305378144699e+01 4.262339435385074182e+01 2.107316052991284749e+01 6.057483510175926789e+00 -5.636142844931499951e+01 -4.702642402063072780e+01 -1.539607026582435267e+01 2.242475283138482212e+01 1.217000994976336870e+01 -9.930223863352017233e+00 -2.139039798071222265e+01
7.206878351500725088e+00 -3.638620260476353252e+01 4.059223317578920387e+01 -8.724354230750696715e+00 4.750210748990983944e-01 -2.931908670819295892e+01 -2.729343022298017019e+01 -1.205501568527825995e+01 1.457186700642063926e+01 -4.564428339959794023e+00 -1.886896832094790710e+01 -2.003025828785024487e+01
-4.192638442247787367e+01 -3.702638880317880421e+01 9.222812517929457954e+01 -1.355068829226339489e+01 -2.102000069983063213e+01 -2.937907870915564956e+01 -5.236881920626996134e+01 -2.937531665518460233e+00 1.185100023490137211e+01 -1.860350486608718379e+00 -3.344522131651279651e-01 -1.868835746885008220e+01
-7.019707059205782684e+01 -5.306060412647883595e+01 1.038680413977336059e+02 -2.400668450164425138e+01 -1.515220075505938091e+01 -1.220878749492292670e+01 -4.593801645514277254e+01 -5.260058880066306841e+00 -1.478748895600620017e+01 -1.156525008968644741e+01 2.631563468666003214e+00 -1.431499390519767267e+01
-9.376290262473192172e+01 -6.926067592133502160e+01 1.021224555451160256e+02 -2.533117401664998170e+01 -9.515289520319255345e+00 -9.994344074708294556e+00 -4.358976474173036308e+01 -3.749523213261084287e+00 -7.863722234077227036e+00 -1.815154494970561672e+01 1.229325281771011857e+00 -2.290650761209230168e+01
-6.335221667105949450e+01 -6.519326612137963650e+01 7.687471023599688635e+01 -1.984031399204588553e+01 -2.878068648804230190e+00 1.963647559205882942e+01 -1.280294700986281242e+01 4.967810897949015647e+00 -5.242978525749183660e+00 -9.319786421298388746e+00 1.094053076093381982e+00 -1.682978176828631689e+01
-1.115950713742456770e+02 -6.059176251287100001e+01 8.483036832001255334e+01 -1.799926030533678301e+01 -1.176528680491685463e+01 2.946076918250125409e+00 -2.617783516758391116e+01 8.396701757816437350e+00 5.086181923279312400e+00 2.691357123784031025e+00 1.962148968008228023e+00 -1.916877873123540965e+01
-7.458369062431117413e+01 -5.528436871333956049e+01 9.808854790524192424e+01 -2.162362849764676653e+01 -1.005002265738308154e+01 -1.700789188240648997e+01 -4.525714389255649905e+01 1.245622534749870391e+00 -5.452207818536357387e+00 -1.577669391048677383e+01 -3.838600501499445095e+00 -1.317192227152055573e+01
-1.842422058765288284e+01 -5.876577927488285980e+01 9.463386950225245187e+01 -8.070370313640498949e+00 -4.892921223146586840e+00 -2.343808212177451722e+01 -2.807062923143409705e+01 -5.473415398893321182e+00 1.221986225561955575e+00 -1.260272014073350633e+01 -1.074394669548179415e+01 4.764190361571145615e+00
-7.581039021423462643e+00 -2.352332076143154183e+01 5.560888723806870360e+01 -1.784721803946000662e+00 -2.510237764546773498e+00 -3.172969697843552339e+01 -3.952190375947299117e+01 -3.008583293892794330e+00 7.636247608502392481e+00 3.998270629507528540e+00 -1.357808223387038637e+01 -1.470419808112584370e+01
3.419024317189609974e+01 -4.444656207445223117e+01 5.739777468822331485e+01 3.357956817223852752e+00 1.157306533823140526e+01 -3.232451585552249185e+01 -1.033561489443330395e+01 2.724151563345015958e+00 5.388276110940366515e+00 -1.380185178575974447e+00 -8.640959287487961049e+00 -5.917748843940173309e+00
1.992420280547709366e+00 -2.679011974091685033e+01 7.587241090716014469e+01 1.523370143898185169e+01 1.614935675649819657e+00 -6.710292258112426111e+01 -4.176095877964679914e+01 -1.435885883648993477e+01 -1.018558105219367071e+00 3.681432410534749344e+00 -4.473528867246048257e+00 -3.201823825161056902e+00
2.828878025713413535e+01 -2.249212376771446031e+01 5.919892827242371425e+01 5.532179272459510244e+00 -4.579361069724196653e+00 -6.636267542949650533e+01 -1.807028297254320393e+01 -5.694031051770719110e+00 8.920365165541566554e+00 3.330687393614108593e+00 -1.079940184996308972e+01 -1.084475976087259497e+01
7.476649452125815998e+00 -3.358499859492254558e+01 3.587636746697299372e+01 -3.229727081001864342e+00 -4.369846007858821935e+00 -3.891286372578287001e+01 -2.125189128325956034e+01 6.279773040383782146e+00 1.734986653995464323e+01 7.781946057619792967e-01 -1.629741723858310110e+01 -1.989183667017240253e+01
4.218016444150402222e+00 -4.391016577134891463e+01 2.470045923202624039e+01 -4.202512172860446427e+00 -1.999319202498665504e+01 -4.750652369707739098e+01 -3.048794370070176285e+01 -1.677779957203752303e+01 1.216794461460434817e+01 2.007363380176088175e+00 -1.096200331449265875e+01 -1.363050972177574849e+01
1.710399047554274077e+01 -3.283004968235995591e+01 2.713514014902318294e+01 -1.063727982762420687e+01 -7.955964779580440016e+00 -3.211290584349450938e+01 -1.142250153977161986e+01 -4.289009972266100590e+00 2.207132956000178581e+01 8.077978618154233459e+00 -4.691548238032035911e+00 -2.333054613381901277e+01
1.129135730924421743e+01 -1.284435032121585252e+01 4.444025951208401182e+01 7.042294986097578091e-01 -2.017925091756387701e+01 -5.394923120396479987e+01 -1.955358937247174467e+01 -1.916286652064429319e+01 5.532193023446828839e+00 9.221834400059504944e+00 1.165656652387652148e+00 -2.413863699006009966e+01
1.845704480572020856e+01 -1.609531464673925427e+01 5.063100888481450568e+01 5.761951958621795988e-01 -1.542813205071717597e+01 -2.341869361214013168e+01 -2.462516623170090924e+01 -1.242605558894317497e+01 1.999207739622666224e+01 1.412359936481468381e+01 -5.725560641056805622e+00 -2.313203876303770556e+01
2.440138593162514269e+01 -7.369015556238595721e+00 4.584346440661476407e+01 1.189897059584960815e+01 -1.757703140729409697e+01 -3.262392200158455324e+01 -1.721766364064692922e+01 4.361730744272411808e-01 1.232425041893353779e+01 6.470271119589616760e-01 -1.285436687949487933e+01 -1.396797094055625266e+01
-1.641116935576288682e+00 -1.045430163735305662e+01 2.252299393844034725e+01 5.667572044043500235e+00 -1.779277828939243022e+01 -4.499542268425412317e+01 -3.175451061054443258e+01 -2.327568414808422403e+01 2.714663893309609222e+00 -3.401197591522886476e-01 -7.301338102361050630e+00 -3.285578793663145092e+01
8.298939549747922584e+00 -3.862327155890714891e+01 3.731382287892825644e+01 3.545724121852501742e+00 -2.769738796546077708e+01 -3.995152645322865226e+01 -4.216741444776317138e+01 -2.597731733774045537e+01 -4.484378661480493911e+00 4.400627873883622421e+00 -1.442614313279432281e+01 -2.584912419859012545e+01
2.135809888549270141e+01 -1.495729278506082061e+01 3.887507119345831086e+01 1.635368756256039902e+01 -1.561220585829296148e+01 -1.238494869757948713e+01 -2.175624502991623999e+01 -1.587337356673336863e+01 1.222433465129001107e+01 1.704672602509714352e+01 8.166499620036846707e-01 -1.969965965425113197e+01
3.445463116161201356e+01 -9.298454524937287857e+00 3.257939599438329736e+01 -3.320382644918888460e+00 -1.189610592678079826e+01 -1.844990678638735204e+01 -2.014966130782772069e+01 -1.601777513156186927e+01 -7.916489607468255585e+00 9.944381568441039931e+00 -5.284670335462944735e+00 -1.833398521493895572e+01
4.623570493637672030e+01 2.947906853704313690e+01 4.019317573293764667e+01 -1.670467003769242398e+00 -1.286970417288544688e+01 -1.506890245373534576e+01 -5.153287955028767797e+00 -8.448921724029004210e+00 -3.537380815218277963e+00 3.351386124886733153e+00 -1.234429370440678220e+01 -6.364059045005140192e+00
6.955263181241048187e+01 3.329567571507413248e+01 3.111526307428400173e+01 -1.082416296000427991e+01 -2.819065347451931558e+01 -2.599155443182712588e+01 -8.874710526683706746e+00 -1.172140707530019199e+01 -1.935478175915850585e+01 3.439987865278715251e+00 -1.330981782184840156e+01 -2.003871768911930573e+01
5.715363498289237043e+01 3.788713769042414015e+01 5.097564834972314429e+01 -5.403212833154272587e+00 -3.414735868635935390e+01 -3.828238272834322942e+01 -2.925497585580770732e+01 -1.406494357494944580e+01 -1.387194379674351019e+01 1.099651111664886116e+01 -1.103247298962176970e+01 -3.473038782760487209e+01
6.385251435210381032e+01 3.395389192239434095e+01 2.596535529826067901e+01 -4.034794437337123618e+00 -2.357726275344549904e+01 -2.098430737197496398e+01 -1.420040053729868568e+01 -1.821915772402838130e+01 -1.758934071105652919e+01 1.021478371754370684e+01 -1.777047695033694907e+01 -1.603374186286803393e+01
7.921596864736383736e+01 4.879122921348958641e+01 3.597056940806907477e+01 7.144519771565001953e+00 -2.380698667457436812e+01 -1.618836562671895507e+01 -9.715495766474560035e-01 -8.373277381491167404e+00 -1.926750389890823456e+01 6.476990362887262265e+00 1.029929322804160385e+00 -7.483993309434005425e+00
-1.032872358235526988e+01 1.050010602936533033e+01 8.206564883227409268e+01 -1.046755707712684114e+01 8.281808977687909135e+00 -7.327088999479217435e+00 -2.139456176503555085e+01 -3.263565912958660675e+01 1.889660729399348327e+01 -2.317360156056197606e+00 1.647663152123343977e+01 -1.037813419725967812e+01
2.086583464195894777e+01 1.322902599701739845e+01 4.081835635081284863e+01 -3.163575566527567418e+01 -2.088416719216053252e+01 -1.932079913764891188e+01 -2.074801075734475120e+01 -2.080476314660270987e+01 -8.370769498195894442e+00 -1.057930969315841097e+01 -7.275238669727951191e+00 -5.064524406091023501e+00
4.054578134793779753e+01 5.094219641617743832e+01 5.522718243430956875e+01 -2.359319683259742106e+01 -2.502175196504579091e+00 -4.212562058223316974e+00 -1.244639545582774964e+01 -1.356060664777703906e+01 -1.000834217824480454e+00 5.835464903819585381e+00 -1.543188281736668088e+01 -2.440986563672014498e+00
3.690762588641159425e+01 3.916913370242308190e+01 4.131798942998875646e+01 -2.505019543861119402e+01 -3.517127381363980287e+00 -1.687366377509692228e+01 -8.708546523843281317e-01 -1.439591808436024145e+01 -1.008243885097117598e+01 9.158190916764336720e+00 -1.618202397549232074e+01 -1.980753222632424126e+01
3.668276216523247513e+01 7.621821885670269126e+01 5.356873323047877022e+01 -3.238670331893681009e+01 -2.297587651269262921e+01 -2.733885329061542535e+01 -3.130275311558511575e+01 -1.675943363079496606e+01 -6.254196259143849801e+00 -4.696540588258384830e+00 -1.264232218791745055e+01 -2.258943881825127775e+01
4.509476937558157772e+01 5.791125015686735367e+01 2.041485733129032099e+01 -2.453987081992473307e+01 -2.563875012743891091e+01 -3.485026949490398351e+01 -2.359080029300942627e+01 -2.413797464167548412e+01 -2.265842000006126966e+01 -1.053840358684021794e+01 -2.474382040169627217e+01 -1.862514319324711565e+01
6.663506671618016242e+01 7.704118158007774753e+01 2.236193757847854968e+01 -9.023402649212137305e+00 -3.462955546821976149e+00 -1.203810301498950608e+01 -1.669451814088407460e+01 5.707345068666862531e-01 -2.407908850505156906e+00 -1.423726109669367634e+00 -4.565341374930618201e+00 -8.825948813237015855e+00
3.964187022373748448e+01 9.440590775203084206e+01 5.304583229039293713e+01 1.556006349117564724e+01 5.245523356823571959e+00 -8.704634779836339931e+00 -1.672535172337749287e+01 -4.361511240252342603e+00 -1.230035675399420825e+01 -9.165220878342772437e+00 -8.153471231309440626e+00 -7.615415480495647316e+00
2.367911604495479594e+01 4.749736409673568005e+01 1.767854275769003536e+01 -5.535288425570913162e+00 -1.313658543313347593e+01 -6.617262507495397017e+00 -1.999528424341424682e+01 -1.157339873269193120e+01 -1.260532323098809471e+01 -2.132436580699764761e+01 -1.225137012404857373e+01 -1.437583803544787031e+01
7.871322503414701632e-01 5.619060687863195369e+01 2.483091875527647119e+01 -1.501888416474931276e+01 -2.020999810881482972e+01 5.662791592913045680e-01 -1.716045542039605465e+01 -7.034390439253515481e+00 1.610490399245580573e+00 -1.188282766011915648e+01 -8.191795539079791411e+00 2.353238899549661589e+00
-1.435004828733682380e+01 4.017368974211971988e+01 2.057257353700239122e+01 -1.718583084930865823e+01 -2.347228409656107573e+01 -4.344358984587947781e+00 -2.549450695234843067e+01 -5.541088123501296536e+00 -7.263939143111342034e-01 -2.526325670708380500e+01 -1.029006342161958187e+01 7.898234777560855235e+00
-5.217952751538879852e+01 4.024567980482952123e+01 4.262438497046696995e+01 -1.555629722573897666e+01 -5.406788710537255405e+00 -9.969135849453344633e+00 -3.912724702341866134e+01 -4.010397777196038627e-01 -1.825274953108155351e+00 -1.132706703612701205e+01 -7.681452478068889533e+00 -6.781552111272104000e+00
-1.597387127195411551e+02 -7.819030567636247042e+01 4.956896894093185324e+01 -5.037731366922595377e+00 -6.795649899879014910e+00 -3.313417704589512880e+01 -4.344483346037101512e+01 1.094801711242143938e+01 1.486260765364958303e+01 8.094156458127898190e+00 -2.673969309475628719e+00 -7.789917261980216168e+00
-1.246984055042219666e+02 -5.268157897069642104e+01 8.091979856879621025e+01 -2.059075595029034034e+01 -9.686983739791369175e+00 -1.740654286516805982e+01 -2.910191486493581792e+01 1.195794805605242139e+01 -4.585106506902297596e+00 -1.968996246478472045e+00 -1.852753579049313704e+00 -3.832751988707117086e+00
-1.238612111584980369e+02 -6.480387089485604690e+01 8.145175775989159206e+01 -1.706884472160906796e+01 -1.000896872816012895e+01 3.754421518010272685e+00 -2.118284423476448808e+01 1.699621128855277519e+01 1.051548237133115293e-02 -1.116794492111346848e+00 -3.300962479810523043e-01 6.243642148998864272e+00
-1.830188212062106459e+02 -7.516129077435573436e+01 8.715749248907474112e+01 -1.655359329825284220e+01 -3.287960238239767818e+01 -1.407468975738875727e+01 -2.275863425929550488e+01 8.642541120147946287e+00 -1.369354695203665884e+01 -3.142426820506753415e+01 -5.455163302136660342e+00 -1.548448513595015541e+01
-1.329294325379052566e+02 -6.379007406259586332e+01 7.506024498165471925e+01 -1.952731458217819949e+01 -1.573161031918765218e+01 3.917661759277002442e-02 -2.099379455220428525e+01 9.659646533997751305e+00 9.715579808577601284e+00 3.490160155513896800e+00 1.351034844556721026e+01 1.239524406023953418e+01
-1.284173046646440639e+02 -7.351979508947874820e+01 8.836074631880200059e+01 -1.930638777658081295e+01 -1.477594194964828667e+01 7.235055249834860369e+00 -7.586844595926105050e+00 2.031764534312350889e+01 1.885530110057027420e+00 -1.767367342418124565e+01 5.529348600990608098e+00 -1.543620511321474709e+00
-1.404291562160297531e+02 -7.881648002710258538e+01 8.076489792612500196e+01 -1.058066306761452324e+01 -7.796062036974775289e+00 8.652335426668908980e+00 -7.345888937182508016e+00 1.352824590040065189e+01 9.564698800811427759e+00 -1.552321186088819971e+01 -3.980757844367593279e+00 -4.324171472412076112e-01
-1.701425092962711005e+02 -8.435666146892998540e+01 1.022402849636531812e+02 2.895426882735531393e+00 -1.798032320651060445e+01 -1.460123905378920739e+01 -1.857374472504952934e+01 1.458171986765714756e+01 -1.529165921820118790e+00 -1.453319522038910172e+01 4.416248717339025909e+00 -1.450678625366189856e+00
-9.876242193204252828e+01 -5.232648273350505974e+01 6.721846557796223465e+01 -2.819095041834582105e+01 -9.098838883353913332e+00 6.874055952991729335e+00 -9.117993700269252599e+00 8.282159402018868022e+00 -2.772520063187399852e+00 -1.158439415952133444e+01 9.573866458710782013e+00 -7.465685384843661510e+00
-1.609841828187537658e+02 -8.193585040402241759e+01 9.467732071107252523e+01 -1.819136506781616447e+01 -1.728894658701501186e+01 -1.666690088623002497e+00 -1.917676739546571696e+01 5.389404802396214222e+00 -1.316135187415562235e+01 -2.571826105145645158e+01 -3.305016112376245374e+00 -6.497738445233103732e+00
-1.373597683992629186e+02 -1.031420196665377205e+02 8.379333888918699813e+01 -1.959152789549763440e+01 -3.414265761886485251e+01 -9.257587450773286264e+00 -1.918955056684205829e+01 6.131619731688015662e+00 -8.054502237961086664e+00 -1.059636514934188334e+01 5.224718095039155408e+00 6.182849495634217263e-01
-1.430981483395226519e+02 -6.593548746840559716e+01 8.468412925943428604e+01 -1.270636191006100191e+01 -1.327699360267824780e+01 -1.272537293273083137e+01 -2.562860021586573822e+01 1.287927221931495403e+01 1.859560295996267598e+00 -5.301982596849452278e+00 1.014130779073303046e+01 -7.054408917665419665e+00
-7.711619204575711706e+01 -3.698249672238188168e+01 7.965121812616052921e+01 2.109398113716907019e+01 2.758075809928396627e+00 -1.797319314267429036e+01 -8.665956099300371918e+00 1.232877881927617558e+01 4.678578279501982351e+00 -1.042027912708950410e+01 -7.271879574533872237e+00 3.998533175576142185e+00
1.387452073817037856e+01 8.283895106501626415e+00 4.428659183034966418e+01 -8.713688657469409904e+00 -1.878098288935890281e+01 -1.429088921910079257e+01 -3.691574044436997770e+00 -9.039535042843393597e+00 -4.500265528239091317e+00 -1.010739194653295669e+01 -2.542324040469674529e+00 -9.064571852628215964e+00
2.939410994821696121e+01 -5.021263267643954364e+00 5.603055520345419893e+01 1.333112066927229478e+01 -1.172120588027616961e+01 -3.666224165954332648e+01 -1.282930719966046595e+01 3.173393522159395630e+00 8.379218816549727222e-01 -2.186733094630633367e+00 -7.357460520737211240e+00 1.540879847424726723e+00
2.707496388448510771e+01 5.096098259701701494e+00 4.583281817505769595e+01 -5.310727274910809648e+00 -8.009444398807589849e+00 -3.407972996979182767e+01 -1.261162975840553280e+01 2.639487159156281848e+00 -6.740969683246114563e+00 -1.429767212064811410e+01 -8.457327144167008370e-01 3.803209102013096476e+00
2.939176251267879536e+01 1.608621985496309748e+01 6.573485913945751236e+01 -7.351546423434032196e-01 -9.399139404694455635e+00 -3.369920806761687970e+01 -3.599116616849530992e+00 7.148059752020491153e+00 -2.520537424219425837e+00 -9.793709803348724208e+00 -3.450740103947435244e+00 4.950970347240692959e+00
-4.927405403183595656e-01 2.190486275649985259e+01 9.456252131234327862e+01 8.596993003420543289e+00 -6.151703905326630206e+01 -7.343659118753005544e+01 -1.351670370047766312e+01 -4.526227323910048561e+00 -1.032916824807682588e+01 -1.775446897274900593e+01 -1.703199640131612114e+01 -1.029735645247802900e+01
3.299949631135211003e+00 9.029184742397463381e+00 1.116535761030012566e+02 7.726664283428657853e+00 -2.911839998776149585e+01 -3.126521299182878977e+01 -2.522517385102865717e+01 2.979789074688182993e+00 -4.409384625694326765e+00 -5.193644343052215007e+00 1.466405973564978993e+01 2.302105477509091003e-01
4.332991869406292551e+01 -2.357898175942385155e+00 3.703691947707341114e+01 -3.806948859455732581e+00 -1.574103808553545392e+01 -2.444539740523249094e+01 -6.507337768740625528e+00 4.660076733630085677e+00 -9.908912885142907356e+00 -3.806409106872671977e+00 -5.566638834249314272e+00 -8.006828347257300749e+00
2.343801295829858589e+01 -3.033635854284509659e+00 6.882019016744064288e+01 6.257655319132034322e+00 -2.685358093301660176e+01 -6.120415222291322976e+01 -1.341510076811775676e+01 -1.249518598306658390e+01 -1.148620692023642142e+01 -1.121649650482017968e+01 -8.177378465063048552e+00 -5.088450955829667777e+00
2.099533929796042031e+01 1.485176420279639409e+01 8.182754109620346128e+01 1.611289365898105075e+01 -2.122743576709020630e+01 -4.299014667257972633e+01 -5.240114173297130584e+00 -9.432511184245182534e+00 -6.554705295289372735e+00 2.165931300058908882e+00 4.732483594142775196e+00 6.138281536415901130e+00
4.364346042241898260e+01 1.160985519603704930e+01 3.801746214545057967e+01 -7.259180124987638649e+00 -1.448977857752743503e+01 -1.987349314572915659e+01 -4.308735357329345206e-01 -3.228185795163995842e-01 -7.966762279422848536e+00 -3.356549061263585543e+00 -2.978956247624689802e+00 -3.298858617466950527e+00
1.113425557650943176e+01 2.250571758950422208e+01 6.868278581495019353e+01 6.665577157926924734e+00 -2.332445309891833318e+01 -5.609911410787575647e+01 -2.445611006291687062e+01 -2.414896945034075593e+00 -1.130928047055613916e+01 -1.863481664762813139e+01 -8.986120735326263542e+00 -1.299348032984006363e+00
1.208040015820274604e+01 2.212402632283658477e+01 5.625877130576039775e+01 1.111410337046803853e+01 -1.898905339043330542e+01 -2.507200203468728361e+01 1.061549824318630986e+00 5.257917979061703662e+00 -1.455274746155150734e+00 -2.533704616016225764e+00 -9.570735180569247547e+00 -6.724055303730655631e+00
5.726853772044130153e+00 3.610561130295439369e+01 5.577432020193953832e+01 7.663187906721885767e+00 -8.971801033160708982e+00 -1.385517828431548004e+01 -4.607439736501387273e+00 1.400303522719445581e+00 -9.705110044031123095e+00 -4.298180117822415269e+00 -5.759251762795355667e+00 -1.190307064567710071e+01
-2.148638353082486674e+01 2.426202547807153564e+01 6.461463665540664181e+01 5.847521155609147314e+00 -1.358858284521484805e+01 -1.753501697924791358e+01 -2.112048748089623729e+01 -1.720231170890671990e+01 -2.120718139240965883e+01 -1.165429048916963239e+01 -9.219033602778328174e+00 -1.088324859693041091e+01
-2.891646607168904382e+01 1.809489575856296639e+01 6.141299278917965410e+01 1.366842848040493585e+01 -6.007010572999622156e+00 -2.517336858676393874e+01 -2.316510277380023552e+01 1.105192821425370653e+01 -4.725760408152581693e-01 -8.663264097283784437e+00 -9.785950206598140966e+00 -3.039808962403116155e+00
-4.792696503009410236e+01 -1.965985234416161731e+01 5.911741063952475628e+01 5.156934280672598625e+00 -1.758671100372818330e+01 -2.339234920156671649e+01 -2.523829724570579813e+01 4.364519460647995786e+00 4.611890802876414952e+00 3.158305988946032539e+00 -8.593196807540733673e+00 1.870167241083324328e+00
-2.614556630175087548e+01 1.574562742210934729e+01 4.415777291317611031e+01 8.666765064444733824e+00 -2.269839917614644165e+01 -2.222445265613418997e+01 -2.055735493435421901e+01 1.194066624816216660e+01 1.444501978137679110e+01 -2.335166631986936636e+00 -3.480929516942621760e+00 1.322563898496630053e+01
-5.823882850745575013e+01 -1.862863125580493318e+01 3.877342006353370607e+01 2.317601400829781966e+01 -1.048180983426595603e+01 -1.883035336086393130e+01 -2.120080921242113448e+01 3.899041760911618582e+00 2.714465361892704820e+00 -2.913212640385127727e-01 -6.551592333941567148e+00 -7.112207017426676714e+00
-7.348610201850578960e+01 -4.477666642382134654e+01 2.426107781223240778e+01 2.836777657729908242e+01 -1.246112429151716050e+01 -2.581493488618190213e+01 -2.415470691981237650e+01 -1.222904139102680254e+00 -5.185356349342443494e+00 -1.630370994628508541e+01 -2.287082922266333895e+01 -1.273541516183813060e+00
-6.875166255857709530e+01 -6.125505602858294374e+00 6.586853763979634380e+01 1.788972085147516466e+01 3.968188600132038779e-01 -1.184499099889696438e+01 -2.805973984701373425e+01 1.452333935608999482e+01 1.090394157021824206e+01 -8.255960103443674925e+00 -6.346743125409994413e+00 -1.198741068166336632e+01
-6.689840406521244631e+01 -2.556046166271235620e+01 1.444618168508660894e+01 1.134935450346226915e+01 -1.387690566152967619e+01 -2.736571057048594824e+01 -4.003802757296102754e+01 2.245898158888407714e+00 1.907690927286451554e+01 2.526807371473493991e+00 -5.705795562648678931e+00 -3.181269230780637614e+00
-7.334227826205220424e+01 -5.106653285254302510e+00 3.479919033252755156e+01 2.397887870698188451e+01 -4.476874245579404388e+00 -6.201266224259057935e+00 -2.574374456599332106e+01 1.013145912765462064e+00 8.232488475696470687e+00 3.961472197810133267e+00 -7.065767679160181558e+00 -1.962080679458668087e+01
-7.308151361014725467e+01 2.040632399411190345e+00 5.347525687793864790e+01 5.052322456530105477e+00 -1.037124987596998693e+01 -7.035001204321636337e+00 -4.060523098515059104e+01 -4.071013618808223100e+00 1.653548423543753643e+01 7.118730632217406651e+00 4.332893575387791074e+00 -4.913978735083405880e+00
-4.521669976732333396e+01 4.794359783872896230e+01 3.088367447171278712e+01 1.100032545834478270e+01 -2.730801423663054450e+00 -7.211135312306022449e+00 -2.978532147275697639e+01 -9.232256631211596343e+00 5.427408992897788664e+00 1.919493275064168447e+00 -1.020691981819244099e+01 -1.242235818931034785e+01
-5.018898449836422060e+01 4.078724239207762992e+01 3.310089906939978732e+01 1.516075922311517132e+01 -5.134868153693734172e+00 9.574814277603446722e-02 -1.619633941978809588e+01 4.465145447645937793e+00 3.937861924200288577e+00 1.095547864307454589e+01 3.499479469019989963e+00 -1.723178064673698628e+01
-8.628219466606864785e+01 2.520424802977909451e+01 1.419388600411696721e+01 1.468719107956740544e+00 6.934775629401251251e+00 1.490093585378716412e+01 -6.714257419988525655e+00 3.390920699454619047e+00 9.173015820510054041e+00 4.438502119961078574e-01 7.278178809898571799e+00 -2.267025967490463589e+00
-7.402400472010381804e+01 3.919726085637758217e+01 2.192126797149348505e+01 -1.054949859644190857e+00 -9.819670754681173008e+00 -2.828250635354702780e+00 -2.912332755068846168e+01 -1.800675971445020451e+01 -8.433079091308361086e+00 -2.711506283136601247e+00 -7.636312124241255717e+00 -1.241528335087665269e+01
