-9.910096053482519096e+01 2.633690186562958502e+01 -9.431288237110074135e+00 3.747346870026302668e+01 -1.170265474663341188e+00 1.609974828052917672e+01 3.584508548082078860e+00 -5.905341190725257761e+00 5.826546870830546787e+00 -5.954589875401222088e+00 8.203339021841696166e+00 -4.124564304551045169e+00
-9.354752751759853879e+01 2.517252628682040694e+01 -2.298041383873175647e+01 2.385149980406394121e+01 -2.071368383088221776e+01 1.685698487461361950e+01 9.612918053981516664e+00 6.447300643465785797e+00 -2.107420517040271779e+00 -1.666649241836508111e+01 4.122991419666252710e+00 -3.487174622111069766e+00
-1.020137728082378601e+02 1.949297402262303791e+01 -2.446097921880748771e+01 2.932433695300586063e+00 -2.690473174099497555e+01 9.809243808094263883e+00 4.920109670256872292e+00 -1.009283917357155502e-01 3.904225729840972825e+00 -1.845721183090992668e+01 1.172264537206573642e+01 -8.924167477443576857e+00
-7.962607676052155625e+01 3.035070330956548545e+01 -7.836741347306439565e+00 -1.250068812471622604e+00 -1.726275395736110241e+01 1.746050546035501583e+01 -3.132532066928558123e+00 -3.177243757228902510e+00 -1.418853152464847511e+01 -3.082753277433841177e+01 -2.080242307362585308e-01 -1.338829418572079355e+01
-2.056698499055466201e+01 7.751523421837821104e+01 2.568569656555196445e+01 1.624117821742317247e+01 -3.158965526416892544e-01 2.342965887781619472e+01 -1.374984854979441984e+01 2.960559037472920707e+00 -7.176954580645640291e+00 -2.250353311151242508e+01 1.232651232215661530e+01 -2.047318883568694758e+01
2.630933483024044506e+01 4.284252972141852922e+01 -7.764850113388765962e-01 -1.746700204722320748e+01 -3.349496134085140397e+01 2.963184956008664273e+00 -4.005301687151973766e+00 1.734997457110724994e+01 1.631259635222681803e+00 -7.489330714304175629e+00 1.424971682091333847e+01 -1.964311993183674332e+01
3.229619073940495610e+01 6.521872662006626342e+01 7.378590680539675262e+00 -1.546405048390407089e+01 -2.871940610950769468e+01 7.755980160653077604e+00 -1.132271812007611089e+01 8.761000802911597773e+00 -6.652457105241945001e+00 -1.746640379583648794e+01 2.064457714672948896e+01 -1.747118311347751529e+00
-8.215676804885680085e+00 7.734560233754076819e+01 7.747182314114554380e+00 2.314686794171508666e+01 -4.951175904176203346e+00 2.368493830455844318e+01 -1.176813701844617555e+01 -1.351870157254424321e+01 7.505238127820512695e+00 -2.208400992934747009e+01 1.270367792568607079e+01 -9.800345748144739133e+00
-2.542214468711892650e+01 6.022872298006436154e+01 9.555909539305186939e+00 2.829195834681491561e+01 -1.338602722293052594e+01 8.215427692037119201e+00 -7.280884758866130291e+00 -1.226456996696745350e+01 1.284219399019242314e+00 -2.127432540447563269e+01 2.320820755293517834e+00 -1.150602881941511058e+01
-4.664132905110695049e+01 -1.871644057335266709e+01 -2.110325302386921287e+00 2.401592912239324917e+00 -5.572600903265694683e+00 2.480871557413713013e+00 -4.301006294065047975e+00 -1.205179858036715679e-01 3.031957120966497499e+00 -2.204742397939037701e+01 3.309977878345501523e+01 -8.388828333974841511e-01
2.559953491191862440e+01 2.272091702475409036e+01 -2.508186224401818265e-01 -1.905308418415516059e+01 -3.457888028137466563e+01 -8.364889166932828246e+00 -2.975463102380052050e+01 1.616510457713131999e+01 2.199323727650434712e+00 -3.471491788097777231e+01 -2.844963822282800869e+00 -2.365769765600661145e+01
3.496823153161916053e+01 5.721037735461502649e+01 -1.542113606688529259e+01 -1.133720032554683321e+01 -5.773686972527064754e+00 4.353858206287325672e+00 -1.430553328111845879e+01 1.883147548161989482e+00 1.402938124341591752e+01 -7.473033285135475268e+00 2.271563335849876708e+01 5.005446854115712441e+00
4.647823395976001848e+01 5.783302479828046927e+01 -1.321266029337864722e+01 -2.060842214107743331e+01 -9.255354383289969178e+00 -2.019400762883860168e+00 -2.025140376933280706e+01 1.425091107682926506e+01 9.240552497596709713e+00 -7.257774558304776136e+00 2.056468338668317131e+01 3.884292922873992637e+00
3.545430958131147747e+01 4.961820066596313694e+01 -3.839984750587702678e+01 -2.858401967964046264e+01 -3.784996401291064672e+01 -1.508221367305401373e+01 -3.051319389986062447e+01 -1.211438602992465263e+01 -1.081215573841697974e+00 -2.432758771867212033e+01 6.324219521194384797e+00 -7.280470179348987436e+00
5.493464299189180622e+01 8.028689508083627402e+01 -2.438689249357321387e+01 -3.388941014635642546e+01 -3.598315065593635609e+01 -1.102903618724570123e+01 -1.350828707950389784e+01 1.023502331515514996e+01 -1.551054154069015922e-01 -2.452875423429826895e+01 2.414197941470779085e+01 -1.104736742769571300e+01
6.458177338816116730e+01 8.487686316665104869e+01 -3.501617543704333002e+01 -3.055091397782135232e+01 -3.653652458453460383e+01 -5.526269268001076540e+00 -1.473510395195691913e+01 2.153206531036985005e+00 -1.771686826886309518e-01 -1.319354297197543424e+01 9.357662004764936370e+00 -6.601502095189750285e+00
6.891007956815192870e+01 8.074876516572078344e+01 -2.476940563689284147e+01 -2.847440505580372871e+01 -3.608154754977716294e+01 -1.404445160799811276e+01 -1.195167562084376911e+01 7.323443833148233217e+00 1.318390354816735055e+00 -2.310453277853789444e+01 1.049509549702945499e+01 -5.093915473994128362e+00
7.677402931943944964e+01 6.314464624536411463e+01 -2.851234705223115284e+01 -2.155720234689520254e+01 -3.318387822601017234e+01 -2.851578002517298671e+01 -2.105796975620602396e+01 6.507121130578136459e+00 -3.451390208157081307e+00 -3.296789373301982096e+01 -1.374289906712701903e+00 3.095435862771811486e-01
8.128478819805157229e+01 6.148830255746347007e+01 -2.640043000300087428e+01 -9.529449633433651812e+00 -3.531289995712967311e+01 -1.499764199068798476e+01 -1.164017815511616050e+01 -2.727914309789122527e+00 6.396278450375230129e-01 -9.482039525384379886e+00 -8.781265637181737915e+00 -1.581034083096740694e+01
7.426266986817763893e+01 7.675310730507111145e+01 -1.647648266487274782e+01 8.337379109431083180e+00 -1.426146604759952652e+01 8.390332786721099723e+00 -1.047989588961664609e+01 2.502259944091957955e-01 7.869668558040174844e+00 -1.565898818013321936e+01 4.017783406627326137e+00 3.585315324611724641e+00
5.303444155418967654e+01 7.062694626591584779e+01 2.686701065715180192e-02 1.248083263919367880e+01 -2.434249827308394032e+01 -1.005331728108368772e+01 -1.617145365129843526e+01 1.154607353036476436e+00 -1.808875482935592416e+01 -1.397069981318614218e+01 -1.655767626218479061e+00 -1.064823757184626984e+01
4.909512918522648306e+01 8.060938082633393265e+01 7.074317225197324532e+00 1.124905108582433222e+01 -1.081811866067154604e+01 -1.394429578455423524e+01 -2.679261967941224043e+01 -2.949486184607968742e+00 -3.464769717044157815e+00 -1.568852900147279961e+01 -7.149249672675135336e-01 -1.983293859864421194e+01
5.351243821169909154e+01 8.194695978016949311e+01 6.479098313654833241e+00 1.677893175046404650e+01 -8.509486632399381634e+00 -2.937047046250537363e+00 -2.942294810786705028e+01 -1.053539945852259230e+01 -2.862295221257174838e+00 -2.499878514241753180e+01 -3.950594073822346175e+00 -2.227788955214441557e+01
6.315968061668306177e+01 1.885404248171300523e+01 2.690198564433273987e+00 3.153343357008970926e+01 -9.837626887395877873e+00 -1.987261750413249928e+01 -1.464426650461379964e+01 1.135374361628067952e+01 6.723301468988826635e+00 -3.412854641234874009e+01 5.460967552233158884e+00 1.787294690052338098e+00
4.426147438555185687e+01 1.772148439807180864e+01 -1.402739478785906435e+01 -1.102448856145656109e+01 -2.724395822073952189e+01 -1.427133203371304049e+01 -1.895494696664323087e+01 1.750726875212272660e+00 -1.303559207928192443e+01 -1.031874457313665872e+01 -2.307291419980431080e+00 -1.208957433315679886e+01
2.008107281700100089e+01 5.440148640130350088e+01 3.288580361889145820e+01 -8.962235657475250861e+00 -3.254166145689752909e+01 -1.904940035617881122e+01 -2.509332117456576583e+00 3.128365991720427175e+01 -1.221293682363729260e+00 -2.108735202193627867e-01 2.229920869981859965e+01 -9.780193939300875883e+00
1.275970993047266155e+01 3.864130344260433247e+01 2.738894695321341999e+01 -2.071216785980251984e+01 -5.061191035278188366e+01 -5.436383941567992650e+00 -2.317845193990309127e+01 1.277722969492635663e+01 -9.211120400581609857e+00 -1.800715848188300328e+01 2.911778029467551576e+01 -1.285608847214992068e+01
2.336977309470384512e+01 4.072822903135039496e+01 2.481400296247835513e+01 -2.780208323781108604e+00 -4.497578530573073863e+01 -1.348347051228720161e+01 -1.265908860240156386e+01 8.501588476968860775e+00 -4.715423164048562654e+00 -1.169420077329183272e+01 1.697124389553246715e+01 -4.276933842458870316e+00
-5.713650202097313446e-01 5.229939532684360870e+01 3.606416127120117210e+01 -1.878895531201602864e+01 -5.107979421587569391e+01 -2.231177027434235782e+01 -1.645387967728080980e+01 1.186150764196821505e+01 -2.435213503965002957e+01 -1.440061462649299528e+01 1.820929130752898573e+01 -3.328240117749257365e+01
1.235144939871948466e+01 2.432062760366108378e+01 2.063544917243555687e+01 -1.881087309534373020e+01 -2.753240563596482104e+01 6.619418182948009211e+00 -7.003583091598870602e+00 -2.018056463203763418e+00 -1.167961676847429864e+01 3.800626533944616803e+00 1.728401681713349802e+01 -1.604344330507223759e+01
1.323966626964987015e+01 3.407290335027447981e+01 3.616668697174397806e+01 -5.350297754991581556e+00 -3.801470182089202865e+01 -4.153928562297582339e+00 -1.866827504152231398e+01 1.435531366471431980e+00 -7.141599823412780879e+00 -1.401155376954665410e+00 3.199207975933977366e+01 -1.774761103681857222e+01
-1.015506651416598949e+01 4.170698875695006791e+01 4.134290800071590866e+01 -1.558505045692471214e+01 -5.477986357746114265e+01 -2.800506318471155254e+01 -3.110593163335530065e+01 -7.620361126301574473e+00 -2.853136282429708714e+01 -1.085016691165295555e+01 2.003526374401642940e+01 -2.317829448162783734e+01
8.152305410735127822e+00 5.479428544749629282e+01 4.015694985328126165e+01 4.515981650592122421e-01 -3.444846281444149838e+01 -1.716781749568448134e+01 -2.480381870773435082e+01 -5.469283130016194150e+00 -1.102363705085378953e+01 -1.294463076978814442e+01 2.158739955322767656e+01 -1.437201712067589909e+01
5.868655360813146871e+00 3.882408438715023635e+01 3.184763606667402058e+01 2.467053326070058006e+00 -1.978957200162007268e+01 -8.611658201056478390e+00 -2.096925793613148059e+01 2.218548770642225776e+00 -1.872933178361941131e+01 -4.789282401104975939e+00 2.191481389348541597e+01 -2.792953231302982076e+01
-2.000104613765970996e+01 3.852000940573087462e+01 4.476885130535023904e+01 2.201882991575651616e+01 -4.397697507427072594e+01 1.243439728370593933e+01 1.491402234473122590e-01 4.912119732193950483e+00 1.553960286920023304e+00 -1.078166287048162886e+01 2.613126727688839779e+01 -1.245046471264255317e+01
-3.509699798494274603e+01 3.575439711283142863e+00 4.187538346647481546e+01 5.835462581398110160e+01 -4.658826928364223363e+01 -3.098757122779918305e+01 -6.460609002919653676e+00 -1.976600168285325365e+00 2.152645780992387792e+00 -2.220847798049506139e+01 3.036888876935817905e+01 2.208144396252273545e+00
-2.526715006642454142e+01 4.377672974674987927e+01 2.259145814766457150e+00 2.044913110481778773e+01 -4.681552682329157022e+01 -1.265522908459695017e+01 -1.321924453006292666e+01 -7.963765872346932895e+00 4.237983709515365405e+00 -2.235845082792610228e+01 1.725125492526859716e+01 4.452255143923023795e+00
-3.134689220644220597e+01 3.561868722286570232e+01 -4.362999887379322317e+00 2.428618408325595723e+01 -4.458227899802432148e+01 -2.700048274547443583e+01 -2.104229265850362651e+01 -5.893294537306893233e+00 -6.506456374896972150e+00 -1.813278943231785689e+01 1.125318009461858182e+01 -3.442133851856596038e+00
-5.429442890479410266e+01 1.906481507287637811e+01 -1.292651002919340186e+01 2.293505664893325857e+01 -4.215734163579608662e+01 -1.080387018948522204e+01 -5.838825768393167692e+00 7.397212319648500678e-01 6.930019403224718655e-02 -2.314186958681200679e+01 9.220482315330428946e+00 7.987273784312307612e-01
-8.305612758667990647e+01 1.799987257733944546e+01 -2.078907965924121726e+01 1.392015942706973597e+01 -5.026295325131926006e+01 -1.634426734166738981e+01 1.481661349882446910e+00 9.266325114788724449e+00 7.977909096516796694e+00 -1.613158324827664813e+01 2.000943141122427349e+01 9.936582599564637519e+00
-8.406169288834833253e+01 1.634008325696296993e+01 -1.767433562166294081e+01 2.171217493381366737e+01 -4.416991843016651842e+01 -2.168703747826396011e+01 -1.699802552042572756e+01 -9.804264728718546706e+00 4.049326543551692303e+00 -2.516444952879402308e+01 -6.587194592764384460e+00 -1.762782415184856077e+01
-7.793733677554146766e+01 2.270378796819958467e+01 -1.448338991855921876e+01 1.762174497392205552e+01 -3.371216609118911833e+01 -6.580372642888618451e+00 -3.807758389248026898e+00 -1.034808807589599233e+01 -4.556734106821534347e+00 -1.496138450803363185e+01 1.128813728758831125e+01 -7.341839154728591055e+00
-8.149140785302071777e+01 1.958588787163980882e+01 -2.943712449252552688e+01 2.167237141216502394e+01 -2.638455841162003068e+01 -3.010962741002901399e+00 -5.952188164987648911e+00 -5.081480208350892092e+00 3.845463083174921692e+00 -1.084718651821865443e+01 1.587143708621634808e+01 -1.227193979810238478e+00
-8.585961370031355955e+01 1.948615342736500011e+01 -1.910307880522395507e+01 3.077699346888232057e+01 -1.743457680755796346e+01 9.948690014798549086e+00 9.818129304226594911e+00 1.410584727618522116e+01 2.285716894231602225e+01 5.286893012951796589e-01 1.460801856885991690e+01 -3.509560407327969589e-01
-9.314489957368647310e+01 1.910315591577676742e+01 -6.491107221152143225e+00 2.061352552269950422e+01 -1.271331505282024210e+01 2.426251825383984340e+01 9.772332961982066024e+00 1.328643828301144225e+01 5.556564027608041023e+00 -1.485525118161322133e+01 8.051395131280898454e+00 -2.542351575407125086e+00
-8.021125320691636773e+01 -2.289069713157086738e+01 2.322639108577817524e+01 -4.479410159879266828e+00 -7.780548117914371176e+01 -1.049366823623905631e+01 -1.398318551550435629e+01 -4.343787368750395395e+00 -1.090830058158783977e+00 -3.916579275534983751e+00 2.020084449583234232e+01 4.270836900531010727e+00
-1.106527102876742816e+02 -4.319457166409392812e+01 3.082515090287050086e+01 2.146180706791600556e+00 -5.278230851157087500e+01 2.803859306362534998e-01 5.212008197429547351e+00 -1.823850724010339874e+00 -7.532690915805780207e+00 -1.049873112514390705e+01 2.596035546464760557e+01 5.000166024126555087e+00
-6.554507823417091572e+01 1.096642355309149153e+01 1.546336624487797806e+01 -5.952556393147193425e+00 -3.944450834822089291e+01 -1.969285116360398380e+00 -1.212299270900138382e+01 7.207563295504989753e+00 -7.136398349147133224e+00 -6.888375803781933371e+00 2.733866370574327931e+01 1.184025416339230308e+00
-4.167560806560002362e+01 3.002474953997819185e+01 2.254129815395244663e+01 3.207905637204006677e+00 -3.616192537937085660e+01 -2.125471462329678207e+00 -7.536316183095140175e+00 -1.046126663218931085e+01 -1.330098021259861341e+01 -8.395547772290672839e+00 8.192531114954391569e+00 -2.007509262087023671e+01
-7.858260862917931355e+00 6.168440735778903417e+01 4.444015041026435142e+01 -4.933502354285356439e+00 -3.285399919009128666e+01 -1.450148008050575044e+01 -7.428797632923440197e+00 -1.006795099989707687e+01 -1.932795185018472850e+01 -7.631155626825499638e+00 1.141078910885616793e+01 -3.230018252512286381e+01
-7.343556509424729484e+00 5.147719549468616407e+01 4.371285592665976338e+01 2.402438915050064683e+00 -2.629085204765486239e+01 -1.749839072318075495e+01 -1.122462202912457485e+01 -1.603089535939706378e+00 -2.246488287977746978e+01 -7.856807825164349168e+00 2.518242476066043523e+01 -1.555225052459600121e+01
1.042333201968026124e+01 3.540912590910596691e+01 4.315408731432097689e+00 -1.289257198805879767e+01 -2.054109883082836774e+01 -4.238487263654183934e+00 -6.562194730612159077e+00 4.727429737616887451e+00 -5.622971031489546689e+00 -8.402335892593958633e+00 1.702852449555704339e+01 -1.835088446838424758e+01
9.571213403583170631e+00 5.645204143376884076e+01 2.621702354276300895e+01 4.580412827426864730e+00 -1.301398565769757099e+01 -1.109264177410575059e+01 -9.269023501705984103e-01 9.087891791171028189e+00 -1.318795051197080603e+01 1.027117866410402414e+01 2.211818688540327571e+01 -5.346125355227642650e+00
-8.163665892807587809e+00 5.205332828658096389e+01 3.012536279201968981e+01 8.630482588125595100e+00 -2.467708577031914530e+01 -2.650562630871758785e+01 -2.811574559395351969e+01 1.017991328493282843e+01 -1.254358975302374546e+01 -1.045176912143227987e+01 2.781262513749118881e+01 -2.258670367165547077e+01
3.080035441611974178e+00 5.347030710888985539e+01 1.603618286914156243e+01 1.292797474597570506e+01 -3.045623047532527750e+01 -7.542931370772371302e+00 -1.557575951820235893e+01 5.219688815123379122e+00 -9.312952931820962732e+00 -3.117514098518172716e+01 2.030129818011102216e+01 -2.460139664545590676e+01
9.386532268874361762e+00 6.967479452400343121e+01 2.417164163549524503e+01 2.622095941405202524e+01 -1.505041474497560472e+01 1.862003772204678498e+00 -7.662925883343265632e+00 1.192073797492853515e+01 -4.216368257463486202e+00 -1.488534361982438270e+01 2.157849876465356687e+01 -1.097297892594728808e+01
1.868883299315368163e+01 5.918964812767994488e+01 2.078666955801053540e+00 1.663469456132309432e+01 -1.342128782048198055e+01 3.188826830026495696e+00 -8.378290654830570006e+00 -5.365038368846029027e-01 -5.189112831489728350e+00 -1.682270683113607745e+01 1.562253842829454342e+00 -2.195420639119867445e+01
2.611874505672420455e+01 6.751706290407160793e+01 3.992381793480227481e-01 2.603650657862296924e+01 -5.214648038772159211e+00 9.904597137165978893e+00 -1.714565564075931192e+01 -1.880746602174064641e+00 -3.093805257569980149e+00 -2.925227631711499043e+01 8.387336507743011538e+00 -1.157657691469604089e+01
-1.570181660037774485e+00 8.463319631190302061e+01 2.870136902976452120e+01 3.177856257453868594e+01 4.844844788940179114e+00 3.060363609082296676e+01 -7.913210481808031993e+00 2.236968883399453212e+00 3.618517081459193818e-02 -2.393183849695867593e+01 7.255668657778164388e+00 -8.993167192346511740e+00
1.021963155394954370e+01 7.621034101133031413e+01 1.792364320636412245e+01 4.586138171870732094e+01 -1.770826626578867291e+01 1.591507357102352316e+01 -9.567852191570636045e-02 4.961849727446098868e+00 4.265465633977324700e+00 -2.618131875540889197e+01 3.152210268803149251e+00 -5.276557461388099668e+00
-1.455819896463225405e+01 6.483389639304151331e+01 7.803660312931869347e-01 2.702320330159025019e+01 -1.081705323082614889e+01 2.454092667328181321e+01 -3.795339393047575394e-01 -9.828103185418481047e+00 -3.006520501804665457e+00 -3.180896894940199005e+01 -6.079488276041439931e+00 -9.617032981868298691e+00
-4.207778988829790734e+01 6.017350276471147197e+01 6.511755559538995541e+00 4.786144449592499939e+01 -9.864517951034017518e-01 1.851467519895642511e+01 -2.890993420025642635e+00 -4.350091164457248638e+00 -1.324255461011390267e+01 -2.287980563992864802e+01 9.605778351349252731e+00 4.524614303044918628e+00
-6.100546189532661856e+01 5.605744862422869801e+01 1.356926459510448879e+01 5.609726401975253651e+01 6.951613142197827777e-01 2.371516517260376133e+01 -4.560103239441890111e+00 -2.113122397708652755e+01 -9.532145246997796306e+00 -2.025655473388371774e+01 4.042391390497244608e+00 1.341861738762905709e+00
-5.149421707492190592e+01 6.065681884129442381e+01 1.784798460062582137e-01 2.813503657605647845e+01 -1.379311247371045468e+01 1.964858913370942162e+01 4.946717461485035550e+00 -4.624732731703654842e+00 1.616043595336492444e+00 -1.767624129024432733e+01 -3.965569054340281063e-01 -4.938168364934415244e+00
-6.094273966936208353e+01 4.874334713632974569e+01 -4.648918527094729747e-01 3.660199168349284093e+01 -1.665661696179005702e+01 1.625409445958587895e+01 7.181823423015709196e+00 2.703901512511556859e+00 1.174245058397735519e+01 -1.232686447549650843e+01 4.527049829210611165e+00 -1.053664342667138598e+01
-7.446979145865012129e+01 3.257258063806342108e+01 -5.079080666969016278e+00 2.674323938268847556e+01 -2.243826278291507492e+01 5.936933647112958568e+00 -6.370033760226665898e+00 -8.618527958805339395e+00 -1.295003244217065141e+00 -1.437401076396897004e+01 -3.860762412422680256e+00 -1.578935848615776294e+01
-8.396119658629427818e+01 4.082386741890600490e+01 6.364243994739502419e-01 3.520662213599301538e+01 -2.006890843023900572e+01 1.019012061067536834e+01 2.515865829146147981e+00 1.813590432523424667e+00 1.267002537915634264e+01 -8.719917700822630735e+00 1.144508140316546374e+01 1.084889724466028937e+01
-9.706792995078262720e+01 2.706300924639572614e+01 -7.257921034032570162e+00 4.363502971550904164e+01 -4.667109140564583925e+00 1.655887744606994261e+01 3.461832814745780418e+00 -3.149722389832699143e+00 1.325290862548933291e+01 -8.351355524397082064e+00 9.637075307615988962e+00 -8.052369989510554049e+00
-9.036238456891189230e+01 3.242599287797143859e+01 -1.387872447131442577e+01 4.129110771598256235e+01 -1.563520490567695376e+01 1.107786780962742412e+01 -2.266510086571336124e+00 -3.060724304022498732e+00 1.267846236005288674e+01 -1.131943509109309076e+01 9.151849032746032009e+00 -4.061579929101211128e+00
-9.104793199875820164e+01 2.410712159153093381e+01 -1.778384938884175881e+01 2.903656129070906644e+01 -2.448430098234229035e+01 8.285766413035908329e+00 -7.743402572285223329e+00 -6.687231461793039067e+00 -5.149098124682000233e+00 -1.537327596975459620e+01 1.302031434514029140e+00 -1.956978513259157726e+00
-1.037843455862989686e+02 1.887795137597019846e+01 -1.290001478511079469e+01 3.203392292529720464e+01 -1.377840420979270775e+01 9.815086271603245649e+00 -3.479677629218045354e+00 -9.828683073797996883e+00 -9.527148756903526916e+00 -2.217969701991994924e+01 4.881218892809354060e+00 -8.041152683677733393e+00
-8.859610041512266321e+01 3.527586479055221247e+01 -2.040133429180986013e+01 2.810380234585872472e+01 -9.552863751474820475e+00 1.998499435585086914e+01 3.449087973581330679e-01 -2.252003039204898727e+01 -5.600474258578541864e+00 -2.051192925263996258e+01 1.329947004063266647e+01 6.787178561607731808e+00
-9.557924907390247427e+01 1.700039627656242658e+01 -3.505083284229151275e+01 1.749501872170355554e+01 -2.255797714003669086e+01 1.685462852658643262e+00 -7.285870603815625124e+00 8.512644525821388086e+00 1.626785311172482906e+01 -5.655211638032826116e+00 2.539025773098059702e+01 1.420644841034317096e+01
