1.491414519195744219e+02 -1.100060497449339003e+01 -6.667933632252687914e+01 2.642796988519438983e+01 -1.032204400721893300e+01 -2.389871911563131501e+00 -3.311958941383814903e+01 -1.633070471193952855e+01 -5.299022145895477109e+01 1.936667880739480374e+00 -1.692511190505686258e+01 4.488665244855103431e+00
1.559636427278609858e+02 2.716461809650909487e+01 -2.660376610100075823e+01 1.721813050902207465e+01 3.194458253862699770e-01 1.022811276292807392e+01 -2.552418521499733473e+01 -1.626711492366211331e+01 -3.557309346489947188e+01 -2.897916758924815817e+00 -3.985315797079432620e+00 5.275934330974802577e+00
9.725174806212825729e+01 6.090294678580514542e+00 -2.245060030325555189e+01 6.089737573985140706e+00 -7.322167363667983153e+00 -1.602691018509119658e+01 -3.844062127290253983e+01 -2.951957237901157782e+01 -4.167584920612854660e+01 -1.829011023165058347e+01 -2.109483912621170276e+01 -2.317742706793920604e+01
9.197359247178000885e+01 -5.586084560057019921e+00 -1.438258648657747329e+01 4.486042892601102494e+01 7.055361215010043097e+00 -4.729476651345798643e-01 -2.067105384525004297e+01 -1.343699130762854566e+01 -3.586541633967266307e+01 -2.667862830366074522e+00 -9.559985895945345646e+00 -8.491826830080306365e+00
8.339326146214503410e+01 -2.220905856890490782e+01 -3.222729324919225036e+01 3.522336032404049888e+01 9.601504422676551798e+00 1.361684971574509539e+01 -1.912964830540105510e+01 -1.045458869767448107e+01 -2.651142515954219192e+01 -3.917064337250453221e-01 -7.198058113075502362e+00 -1.334805842468661297e+00
1.491096016671195059e+02 1.053144607763567997e+01 -4.481904626413486881e+01 2.375751879751035389e+01 2.550800737935684737e+00 4.636825427513203479e+00 -2.457295522845368652e+01 -2.232490238330244292e+00 -2.438483350316995057e+01 2.303171607856199188e+01 6.924362436116241248e+00 1.112812616400040611e+01
9.718378193387813724e+01 1.405443711941523333e+01 -6.191953451001642961e+00 1.105938712520785216e+01 -5.055480036367258734e+00 -7.983377146768999566e+00 -2.781126005855126238e+01 -2.019374031371180322e+01 -1.721877201801929402e+01 6.231495105495346465e+00 1.523100076144316528e+00 -2.223066868917836558e+00
1.177263899845566186e+02 2.360546879117777408e+01 -1.109827726518305369e+01 8.954269667196438576e+00 1.929489794420834237e+00 4.502615487680091455e+00 -2.775721483933655875e+01 -2.366261338151382176e+01 -2.032812689028327924e+01 1.998395066539930820e+00 -8.453203810785325345e+00 -8.828554763022406604e+00
9.716010664457814983e+01 7.781013448144394218e+00 -1.606850441737593727e+01 7.630765513218137563e+00 1.702462057191650002e+00 1.033510716968765308e+01 -9.553654731172919412e+00 -1.173238279987759292e+01 -2.459584927466453053e+01 -7.730599076668923431e+00 -1.049416078494989968e+01 -1.277187123610070785e+01
1.406534393624911843e+02 1.323005501156291075e+01 -4.208156786722462073e+01 1.507635691617185891e+01 -4.038975163341733676e+00 -3.251428187583295104e-01 -4.472854913255551423e+01 -3.027795763569726617e+01 -4.401959023005519356e+01 1.343232565164985237e+00 -1.231677635337133481e+01 -6.186828573309779422e+00
1.377199381080043850e+02 2.596384805186433198e+01 -2.959652707726286991e+01 1.428961345934373739e+01 1.137376469801850121e+01 1.237471116285843387e+01 -3.469363290655174836e+01 -2.134435871499425019e+01 -2.835812448462886337e+01 4.414646666697308319e+00 -8.965512029881203659e+00 2.390163042614363853e-01
9.749849703887608143e+01 1.978194147241979550e+01 1.218456115877739609e-01 1.181160300747578873e+01 5.226803510362119987e+00 2.194897727547737709e-01 -1.563223026332399535e+01 -7.734980609407062779e+00 -4.670579311474851281e+00 7.243051077762155288e+00 -9.518976292423007024e-01 -2.853303850904723049e+00
2.016236634768451950e+02 2.445526289286629051e+01 -4.206351663041824906e+01 5.066195274433602691e+01 2.082084116701919729e+00 2.669817639055460035e+01 -3.717431826081985946e+01 -1.681202464500374916e+01 -3.858880438923085876e+01 8.240668686656793085e+00 -8.755828804662739273e+00 8.711565714706836161e+00
1.527575084072823302e+02 2.846899329160240200e+01 -2.448223767169318776e+01 1.843451572723158094e+01 3.509087402852922644e+00 7.620198277950641419e+00 -3.568241827999155191e+01 -2.337333055000199522e+01 -3.657189546369733080e+01 -5.890257741022352889e+00 -4.499499460229852588e+00 9.338555732633063045e+00
1.003660909995458894e+02 1.144032675597936510e+01 -1.593415413156145810e+01 1.545160593278598782e+01 1.090886476643122727e+01 7.637809877819904614e+00 -3.119925056265063290e+01 -3.083132294653850991e+01 -3.368644512571094651e+01 -5.404272597422409952e+00 -7.778755588474146165e+00 -1.470407185250428572e+00
1.400438058861569175e+02 2.861598101477560618e+01 -1.889871290819880656e+01 1.362696194810707695e+01 7.268621210246323905e+00 1.335704309610216001e+01 -2.002878320425519831e+01 -1.332307391435692878e+01 -2.175752186230370455e+01 8.055521383179490513e+00 -2.308774228194429234e+00 -3.104949916364136975e-01
1.649064405280260530e+02 2.985297183470721194e+01 -2.736999854259604348e+01 2.235878283325757110e+01 1.382594414386051351e+00 1.498467858988614054e+01 -2.376453610770990466e+01 -1.167879277015850903e+01 -2.623319159367127540e+01 1.509098160762806451e+01 7.393755226908277578e+00 1.271472146905511735e+01
1.228572977849425314e+02 2.599236764500740549e+01 -8.104718001222630974e+00 2.251482953105529106e+01 1.362786073387541741e+01 1.312814886563916872e+01 -2.045722128735118517e+01 -9.300048002825478832e+00 -9.387225877032317811e+00 1.589255956265389358e+01 5.258420125072809981e+00 1.334341942567962569e+00
9.484278476352226050e+01 2.039649239124320701e+01 -1.859078683217468608e+00 -5.512796632795833318e-01 -3.174473651797984353e+00 -1.582584882680057703e+00 -8.421715277672392475e+00 9.766833298626571569e-01 1.027961758694837080e+00 -1.710142984786791498e+00 -1.088256241128722301e+01 -3.608276908588180731e+00
9.470145403636540493e+01 8.185407799659538242e+00 -2.488148938900044271e+01 -1.830174643099443221e+00 2.384228668116883831e+00 8.432369584262673357e+00 -1.071891715312397864e+01 -6.007916492721872004e-01 -9.752849448657787690e+00 3.629662263257015908e+00 -4.802276607205664405e-01 2.590193443958497266e+00
1.337047440481680383e+02 1.199133343828606613e+01 -2.412555626918359053e+01 3.710863204866620180e+01 9.835544389114870611e+00 1.429430819697112298e+01 -1.078275029615569380e+01 6.325970423798127129e+00 -1.422020483338019936e+01 1.827350769454663748e+01 -4.750223613504592990e+00 -9.365686929396265015e+00
1.329324320283018039e+02 1.046413402399287707e+00 -4.248934403910692481e+01 3.239444439329278680e+01 1.666075018543144992e+01 1.688304770569527591e+01 -1.222031178036871424e+01 1.143143937998462789e+01 -8.418033783255339131e+00 2.005321960946591275e+01 -1.129072189226497613e+01 -1.500178531474127164e+00
9.602985381030904932e+01 -2.123497277834566432e+01 -5.148306687709506235e+01 3.394808853394343373e+01 2.587131682461387072e+01 2.650033077782327240e+01 -2.082364534610708517e+01 7.444877097394386745e+00 -4.359299307913789612e+00 1.930867372853924735e+01 -3.440538082681960930e-01 1.271975647151609934e+01
8.892587711420713958e+01 -3.822039180551011839e+01 -5.855995450787838763e+01 6.336064138581855332e+01 3.790172422134648400e+01 2.610950177057273081e+01 -2.729543116135014458e+01 1.062125499142033647e+01 -1.939481157119666221e+01 7.539338763852594383e+00 -1.316572999616543882e+01 1.158246482740789318e+01
5.759109576056895463e+01 -4.760461951859102214e+01 -5.552208150627618011e+01 4.327621521291777640e+01 2.728516425946855861e+01 2.015521071223808036e+01 -3.307739929331756912e+01 -8.703322556211059435e+00 -2.051082542390161834e+01 9.208901545196830796e+00 -2.160701859687667259e+00 1.316626836077372431e+01
2.493930047555205221e+01 -7.501977865626318476e+01 -7.708660932894336781e+01 2.571647977051683398e+01 2.054998671538788813e+01 2.304762208725226813e+01 -1.673135645720817877e+01 7.698411795648341993e+00 -1.541272425893798292e+01 2.584276696150518138e-01 -1.648422439265133832e+01 -2.583941622279486872e+00
2.691171173596356070e+01 -8.301578018351489163e+01 -8.541244819341443417e+01 3.395831266079704847e+01 1.614674866551072085e+01 2.295349671556157389e+01 -2.353260303215263960e+01 4.608692695727683031e-01 -3.024863164227030410e+01 5.453383148304743244e+00 2.769785220454156871e+00 1.773653898982715660e+01
2.580316440205453432e+01 -7.322565286303640164e+01 -7.599650848618301779e+01 2.322478908917353380e+01 2.989398627164145950e+01 3.709467584877949520e+01 -1.697874483002959067e-03 1.597991148957770768e+01 -1.229102360059648191e+01 6.596997279148163473e-01 -1.128848701572258229e+01 4.359943321592519183e+00
-1.272488125232393230e+01 -8.370399976933761366e+01 -5.998849481580040788e+01 3.025976506363137730e+01 2.252993605993086490e+01 2.085716425661945195e+01 -4.304160886411812825e+00 1.613134732392138559e+01 -6.443247338664547463e+00 3.415946675355958639e-01 -4.613229893325946129e+00 1.327367116370271916e+01
-3.926576346047425670e+00 -9.443688861922464639e+01 -8.943720889859056911e+01 2.289489935928003916e+01 2.078749778991760877e+01 3.002533469733509364e+01 -6.638308417565077946e+00 1.085451702412427011e+01 -2.963291483943508808e+01 -6.520989482866766274e+00 -3.216605469188404953e+00 1.687431672098161073e+01
7.680508703975164053e+01 -7.489716196295532313e+01 -1.029473096962799730e+02 4.196551132787429594e+01 1.208745891809408590e+01 1.194985338548763210e+01 -3.391744109826674958e+01 1.849628042020293961e+01 -2.314835692534612832e+01 6.908870747513171651e+00 -1.018835227309435787e+01 1.370071062024523911e+01
2.097273155521783394e+00 -1.083570178717123156e+02 -9.788056943188882997e+01 4.027547780943719147e+01 2.003380788761098330e+01 2.421083613526531408e+01 -2.389989533057693905e+01 2.963157941970200326e+00 -3.515070381470624028e+01 -9.260965513040757102e+00 -1.787516464991528409e+01 1.621244875541723918e+00
3.695717800452081292e+01 -5.876996949063003939e+01 -6.518928148067229245e+01 2.305563258055437004e+01 1.742590395049202812e+01 2.403698171235055980e+01 -1.651263416723591249e+01 8.262147488478355228e-01 -1.648397168060348505e+01 9.550129259533047588e+00 -9.496930690874578751e-01 9.223955270887756797e+00
-1.931697662153355566e+01 -1.083897655405299361e+02 -8.905634495676422091e+01 2.687770215982950361e+01 1.506508442397597136e+01 1.666035092374680460e+01 -1.843440473368399068e+01 5.574069353144637695e+00 -2.293603358040670059e+01 -3.301939600978215594e+00 -9.962184148545489393e+00 3.658524056877012320e+00
6.904167293450383625e+01 -6.233641270746399243e+01 -7.733420490040971629e+01 3.859132682817852356e+01 1.180361902087470405e+01 1.742613507618855095e+01 -2.054720514555307176e+01 1.303263326354966267e+01 -2.328262530180369794e+01 -4.766169003634085355e-01 -4.542150038188724537e+00 1.766808230687853154e+01
1.179225868920147349e+02 -6.573410363702072345e+01 -9.024647520256543487e+01 6.134655859321725302e+01 -9.736043220210859772e+00 3.804296032515621562e+01 -3.061577836144281051e+01 1.524886040834821799e+01 -1.959035714472523892e+01 5.313255744976132178e+00 4.153282594889128099e+00 1.162960470114190947e+01
-3.241386659009866378e+01 -1.034422603707574524e+02 -9.070118431472872089e+01 6.243025576051330461e+00 6.518096918644586069e+00 1.849547315695033234e+01 -1.915327051518002932e+01 -8.836232858713492178e+00 -3.349908141545908080e+01 -6.856715633033783064e-01 -1.672884895499117786e+00 3.565622961760638088e+00
1.919851031330985691e+01 -1.012026645212539222e+02 -1.196963992019677789e+02 1.731720442287879891e+01 1.122242675961403080e+01 1.117439209739037054e+01 -3.146688938578218853e+01 1.494298783838610589e+01 -2.640531684013788194e+01 -6.904219886835027964e-02 -1.320865639633923649e+01 1.082145315401290375e+01
1.649620845517214995e+00 -7.035109347383431100e+01 -5.903063770475890237e+01 1.282642576574981952e+01 5.654336392433576108e+00 1.826070184161882892e+01 -6.270439411790135864e+00 -3.105956024178835762e+00 -2.622124509179243645e+01 8.635633725843007147e-01 7.364652664190462161e+00 1.171496615952899667e+01
2.664500820475651288e+00 -8.580514499340725365e+01 -7.168800221268210748e+01 3.797458453531515943e+01 2.910668748172584941e+01 2.912259236119199457e+01 -1.524463130004628653e+01 2.504036690366763018e+00 -1.977983166863147346e+01 7.844750336146085523e+00 3.556582579279915279e+00 1.632073891756425610e+01
1.661789752687391797e+01 -1.360077599988308066e+02 -1.399064825480324998e+02 3.687810252521717302e+01 4.124667406819396476e+00 3.781177683066060524e+01 -6.057862594891648911e+00 2.534529979224680929e+01 -3.622100418089058849e+01 5.443869976769608598e-01 -1.113420701005055236e+01 4.605943483075099820e+00
5.977339640966401646e+01 -8.962287939044982465e+01 -1.017727747565423329e+02 5.615672230748323557e+01 2.050593460314615157e+01 4.150775792449814361e+01 -1.555376725983900421e+01 1.411964343993674298e+01 -3.146523180863768232e+01 9.721933626141867180e+00 -2.962795539750293639e+00 1.323726080034858299e+01
1.129927690860427347e+01 -9.402007197235987235e+01 -9.231705543628058308e+01 1.501774571670522107e+01 6.943747686291123600e+00 2.390433663914705065e+01 -1.023485256887329164e+00 1.579021808539068239e+01 -2.761466223387106567e+01 -1.071307202565026984e+01 -1.075282918752648342e+01 8.730556354433037569e+00
2.729250239537075018e+01 -1.017352959541038331e+02 -1.053646254040756389e+02 2.901588273488377467e+01 1.351360127129154165e+01 4.289885891496805925e+01 -1.900193803720303665e+00 9.997815892587844644e+00 -3.042688787547734819e+01 5.007029782305165710e+00 -5.775125381940508618e+00 7.726087237233762117e+00
1.110733389415595695e+02 -8.775329876784785199e+01 -1.167833610875938177e+02 6.854349447171502163e+01 -1.019925527512963015e+01 3.378661821500682549e+01 -2.001612109141100149e+01 2.947336520817025729e+01 -3.170588900467993554e+01 1.165524292638189863e+01 5.304711172333631097e+00 1.637863418881092414e+01
4.267036126468531165e+01 -7.130421499230678251e+01 -8.875989131741576443e+01 1.045913370748229454e+01 1.512658623727918439e+01 3.141121048056618648e+01 -4.849959562567892846e+00 1.275149679256222157e+01 -1.863345815491354784e+01 -6.673450306832822143e-01 -1.006561634527010440e+01 1.238822509743057054e+01
4.707066231291548064e+01 -8.182059316357586454e+01 -9.509344276453509792e+01 2.094020011103932433e+01 4.221898511869533799e+00 2.866621050828570461e+01 5.092428658014219733e-01 2.404150373505950000e+01 -1.758669529373215568e+01 4.773086302719619312e+00 -8.430799258391434847e+00 9.021436462373820575e+00
1.235611810208734056e+02 -7.462477913069812985e+01 -1.034953660385144190e+02 5.297524466499149298e+01 -2.649087091776827307e+01 3.453225788069534730e+01 -9.217178765192027612e+00 3.165200113049818498e+01 -2.638237251276913042e+01 -4.530848149901723687e+00 -7.055129898889077822e+00 1.367244343941857920e+01
7.165285139678920245e+01 -7.104479594193928449e+01 -9.808315432573890291e+01 1.196613532007942027e+01 -8.446518106555163996e+00 2.669659914210010498e+01 -3.662204584086947712e+00 2.170179370417477571e+01 -1.115094002190206446e+01 6.069613182385910299e+00 -2.163044472143453589e+01 -4.329821972388749884e+00
7.165625409195817497e+01 -7.944632525248729848e+01 -1.075718253738482133e+02 2.868116446025659982e+01 7.096388959894133208e+00 3.533622647444179421e+01 1.835297346013362363e+00 2.999480767736762843e+01 -2.238101076131891887e+01 1.005266140337232805e+01 -5.187409727574003426e+00 7.063128837393188419e+00
3.794356299241750463e+01 -6.873383241350700246e+01 -7.636309998399421772e+01 1.215423930036335065e+01 8.551648338054278042e+00 2.894146083879445186e+01 5.052029043854489920e+00 1.679033850162000618e+01 -1.449416126621970236e+01 5.101664279626300313e+00 -3.901204440044100608e+00 3.280886520778833138e+00
5.395515510696168349e+01 -8.608923174619737040e+01 -9.839609676652402470e+01 4.598194479126695455e+01 1.749968457478300365e+01 2.491405392426426246e+01 -4.254699840457126570e+00 3.369262186918661683e+01 -2.014006407146871780e+01 -3.913778688186164700e-01 -2.507538033056747651e+01 1.830211890208803815e+00
9.462083381961953421e+01 -8.338498750942504500e+01 -1.060910947118989895e+02 5.198592926052288732e+01 -9.974427866349607541e+00 1.803051570775312484e+01 -1.868834330178825098e+01 2.242868923145677940e+01 -3.096452385657124751e+01 5.365933592067809954e+00 -1.096523939750461807e+01 1.191319729538414407e+01
7.135195571363848899e+01 -7.362891910109365767e+01 -9.781263118816201541e+01 1.958387362159964340e+01 4.521461660295824636e-01 2.369719996507605231e+01 -1.364579374911999210e+01 1.542976279608552481e+01 -2.065557464433407731e+01 -3.125466461087655912e-01 -1.464766058211472277e+01 7.485421415009694712e+00
8.692516079581369581e+01 -4.887422498509616275e+01 -8.752166452036846067e+01 1.173784701888734716e+01 3.079221520552298141e+00 1.665255219872099701e+01 -1.725772003230983387e+01 2.019478457023251039e+01 -1.217858161579009391e+00 1.923683602992527497e+01 -1.313923857505598036e+01 1.556988667750374367e+00
6.251608912691081343e+01 -5.373881023133637314e+01 -7.657476429854175137e+01 1.375210658727266200e+01 1.705995114774637145e+01 3.624981380563265532e+01 -7.159961765987303828e-01 8.202414312334658675e+00 -2.145500283172225764e+01 5.614420159445278280e+00 -5.870025620539301769e+00 6.594198085186032898e+00
1.069440405601148996e+02 -5.515536623988591458e+01 -1.062164856677818392e+02 2.279347044255531785e+01 1.557506890553579026e+01 3.318507351618688261e+01 -9.598899572370029887e+00 2.340086958174691034e+01 -3.211374937343057923e+01 -4.473995866544046685e+00 -1.698146017280070197e+01 4.122319279610497489e+00
5.241882804877153035e+01 -6.589975392714097779e+01 -8.836257007824283960e+01 -5.374665006200506134e+00 -1.440902843111728515e+01 1.012276829226195218e-01 -2.098333601378750402e+01 -1.533413072596422122e+00 -3.421799625840614567e+01 -2.103570255237631770e+01 -3.978686390081796986e+01 -2.324521409427595131e+01
6.863372359073501627e+01 -4.278929333079085495e+01 -5.661836033279577407e+01 3.128548446226859880e+01 2.760716749395037084e+01 4.361842131078184792e+01 5.781456287266019345e+00 1.966909016545063693e+01 -6.245067211298224841e+00 5.065986447884494481e+00 -1.161630651188299268e+01 -7.060279806620584964e+00
1.169722427383962895e+02 2.966431566580435053e+00 -3.193971855039117003e+01 2.782606696195403018e+01 1.858375557638120057e+01 2.459517534882017742e+01 -1.552972073819902832e+01 -6.114491475984868529e+00 -2.538348496764864848e+01 -2.935606440448325638e-01 -9.632918623415179127e+00 1.575980963870047269e-01
1.308828393939353418e+02 -1.838019584628938219e+01 -5.985603864994484979e+01 2.936148157691461691e+01 1.000850758386918216e+01 4.862796886799631579e+01 2.940454485918842398e+00 1.726313645791768181e+01 -1.214971916691651543e+01 1.249862176511000733e-01 -2.597451391746554350e+01 -1.800596488302381104e+01
1.538452760060370679e+02 -4.196025250751111990e+00 -7.702127813410154999e+01 1.900395611017412278e+01 7.544524971961789284e+00 3.291883207878715467e+01 -3.057667679316456955e+01 -1.289046224039179656e+01 -4.212973896221565440e+01 8.309367148095635258e+00 -1.451078474687220599e+01 -6.947445552000191427e+00
8.168714367052092484e+01 -6.608306157152030735e+00 -2.851753894039560322e+01 2.976151782108841104e+01 4.028604284486394249e+01 4.730340674281051605e+01 -2.419494151926542269e+00 -9.741197979114868843e+00 -2.764285444237145128e+01 -5.380114818879352612e+00 -1.763528901568847118e+01 -1.010305659356028052e+01
6.837897398622443745e+01 -1.622939437588950540e+01 -3.139456325702963113e+01 2.271689368076376070e+01 3.667744982244705909e+01 4.621137252773017678e+01 8.456965584037307693e+00 5.579211901001349894e+00 -8.123950149903540918e+00 5.388796963845660315e+00 -1.213077107916477004e+01 -1.072296932004450198e+01
1.498921690257564023e+02 -1.588499719569347945e+01 -6.843331653439190632e+01 4.210689038283442187e+01 8.489384148884701276e+00 5.548001275130867782e+01 -1.951048984677274944e+01 -5.317491206326894204e-01 -2.319163265542104924e+01 9.426633590878820357e+00 -1.408669869937776298e+01 -9.392688525089175400e+00
1.721115978800960988e+02 -2.123751540801324111e+01 -9.080940390457476497e+01 6.396817017693440732e+01 2.595028416201917310e+01 8.216705726213149319e+01 -1.426150224981822312e+01 1.267706360882880823e+01 -2.746356885332041387e+01 9.742414720484289248e+00 -2.643048552204827217e+01 -1.113410315807642625e+01
1.020661811602563773e+02 -1.241052166335763118e+01 -5.184247729812310013e+01 5.232900083318128281e+00 7.085510064045853262e+00 2.146749113300915823e+01 -1.313770123233078202e+01 -2.148477573932190965e-01 -1.463033346671152302e+01 3.631464081236943642e+00 -1.741253271281836135e+01 -1.169770607635803827e+01
1.047850858800234732e+02 1.395579389617761912e+01 -2.208328941511641830e+01 1.054331037124563863e+01 2.265446615007027020e+01 3.471231385027954275e+01 -1.528410715860910152e+00 -6.716140788915498483e+00 -1.764345544352831752e+01 2.077774573748361941e+00 -1.136718640087898891e+01 -9.227918303882528761e+00
1.238436527545068486e+02 2.480954145260029264e+01 -1.217606871428679938e+01 2.024538226635979754e+01 1.362311323607635316e+01 2.139621415388316095e+01 -5.568035019933518015e+00 3.483622317622116160e+00 -7.178775167694863235e+00 1.178076165504410966e+01 -4.728439626428637688e+00 -1.084601561805320813e+01
1.057622611994599424e+02 2.090516588536237919e+01 -8.216588366422627132e+00 1.520847931840515166e+01 1.363723999227774186e+01 1.396062407405799632e+01 -1.716837267027933933e+01 -1.411601312367898231e+01 -1.753043585315758435e+01 -2.731624513901276696e+00 -1.796144777902586043e+01 -1.869409100539265012e+01
6.358937736546917563e+01 -6.907362789556303895e+00 -7.214737912213672999e+00 4.760496203606899712e+01 4.542172260988260746e+01 3.419687467456753183e+01 -8.754913704898484639e+00 -3.690615881997622250e+00 -7.805027075272327863e+00 6.742606918295358298e+00 -9.340948635277168677e+00 -5.128021056471540717e+00
6.733522767409120036e+01 -1.609540277516687112e+01 -2.057370908594596415e+01 5.084498070857552676e+01 4.132758845981266660e+01 3.806163606831392343e+01 -5.245438185754075278e+00 4.461435697392289512e+00 -9.727181502686036652e+00 5.976545640842280349e+00 -1.693626600616298816e+01 -1.231298612595945485e+01
6.435034689312193734e+01 -3.543510987551320568e+01 -4.076249112142129150e+01 5.664560884073832625e+01 2.939041498116646522e+01 3.082297406289118413e+01 -1.102631246526827979e+01 1.609668987013859009e+01 -3.257652973326480073e+00 2.337362421927283407e+01 -3.222078189904435064e+00 -4.019137944957092756e+00
6.409194290491716117e+01 -3.594150321425190953e+01 -4.461350100713298872e+01 6.864554265571612746e+01 3.815765268937520460e+01 2.222156205702356502e+01 -2.596033332953830097e+01 2.005551783222271567e+01 -7.302849378448300399e+00 5.793132632006990690e+00 -2.739174614597450841e+01 -1.170428127456647260e+01
1.070627833173428627e+02 -3.142792189695138916e+01 -6.909150745272422967e+01 4.569880875963592359e+01 2.426771098939890337e+01 2.807054865391747001e+01 -4.981011885447308885e+00 2.995230021596957570e+01 -2.287006937797868389e+01 -1.274860506468606047e+00 -2.611726611789814712e+01 -1.418681078460584999e+01
8.197699197585036757e+01 -2.478661896967203759e+01 -4.649302360064562833e+01 3.091589571094749544e+01 2.283829455515327922e+01 1.426714457687923598e+01 -1.535614913500130641e+01 1.041605708924703499e+01 -1.349180229521361518e+01 2.152104183476061028e+00 -1.641308798506746314e+01 -4.826849691887510119e+00
9.327645665453280799e+01 -2.176251263380154910e+01 -3.987310781895812539e+01 3.924236540472642076e+01 2.486381601453356893e+01 3.424604533135953943e+01 6.095711885078463510e+00 1.873146380562936386e+01 -6.447085886728745052e+00 1.079107161457388031e+01 -1.122023085725403391e+01 -1.145777240278759379e+00
1.134525105505995271e+02 -2.150581201922690866e+00 -2.992948394911676502e+01 2.843902321568884162e+01 1.124063158513908078e+01 3.198056876347524735e+01 1.175891985447445975e+01 1.296248659971633721e+01 -2.257644916744387942e+01 -6.749028272500222414e+00 -1.504521724850813769e+01 -7.028090516251456421e+00
8.510798230547965204e+01 -3.600738283931264050e+00 -2.224761196356345749e+01 1.336706520261015996e+01 5.672294902456838095e+00 1.859069508308066609e+00 -1.383856778131375442e+01 -2.416022859072910478e+00 -1.849591599952803378e+01 -1.355502767307176626e+01 -2.756501083717535039e+01 -2.317112819862130024e+01
1.236810185303558569e+02 -3.361207103552605702e+01 -6.686025889626381513e+01 6.771793638826147799e+01 1.625407055678262225e+01 1.161524210796588363e+01 1.313370085424128142e+00 5.049739749899432439e+01 -2.125484245347387713e+01 2.187200302616974401e+00 -1.642077069811223566e+01 1.236151852177479959e+01
1.279620488211397742e+02 -1.872012173136235091e+01 -5.386810927266233051e+01 5.620516476444599618e+01 5.707423593291461650e+00 -3.417625284361005100e+00 -1.352299245587734156e+01 2.955572060603920548e+01 -2.341072938412242621e+01 3.593072460713805150e+00 -2.851201134061039966e+01 -7.702670334170497846e+00
1.038694874274230528e+02 -9.035052589135528223e+00 -2.015488893975299689e+01 4.930647066737373052e+01 3.499648388729470483e+00 8.978257805967857053e+00 2.194762844701676041e+00 2.098811912525737000e+01 -1.963117422092526709e+01 -3.926606292925677977e+00 -1.013599442776543569e+01 -3.735110332838007974e+00
6.780581141442891635e+01 -4.453945231135721627e+01 -4.633742174647493073e+01 3.621122767229840633e+01 6.822706658260521806e+00 3.461883489934685088e+01 1.854202771206463396e+01 3.289796377711212472e+01 -7.260199642769800121e-01 6.947254897866907974e+00 -9.896961494500047252e+00 -1.289769902759718079e+01
6.356599962084920463e+01 -2.818662907399313866e+01 -3.409862134903973185e+01 2.619207780329139723e+01 1.916477045799468470e+01 3.081666637831140676e+01 7.295277880359027023e+00 1.179428713368719350e+01 -4.499397947528157360e+00 1.261101536298800596e+01 -5.616657533982071016e+00 -1.200987577717973132e+01
7.558531523770955118e+01 -1.782451323269885535e+01 -2.189161082409149728e+01 3.871101027327655686e+01 1.504831784412478868e+01 1.720198679696657962e+01 2.878656691157863712e-01 9.554190697494657769e+00 -1.223731114333605596e+01 7.565056297093824433e+00 -4.236634601932049549e+00 -1.481050990846068061e+01
7.965843504204480041e+01 -1.562835911592315341e+01 -2.605940347700515503e+01 3.377953177831424370e+01 1.051309013054434160e+01 1.404606052800840033e+01 1.706801225152174339e+01 2.361781884135960041e+01 -5.599194657885750992e+00 2.072352398951458241e+01 -2.761842880816251622e+00 -7.834681026092518152e+00
6.236053500751125256e+01 -4.510706306412923539e+01 -5.110694712680372476e+01 3.300553234588137741e+01 3.787168195860041831e+00 3.029972223285431809e+00 -1.300642656989949941e+01 4.828187001517517452e+00 -2.696369001496724849e+01 -6.007182141787929197e+00 -2.405944762050469166e+01 -2.697502230955895897e+01
7.565577529800356160e+01 -1.662142440179822245e+01 -2.388888387161137317e+01 4.367901958521999717e+01 2.718535691136452215e+01 2.364051172202648843e+01 4.300283395827162458e+00 9.972699480748254075e+00 -2.037737422084487093e+01 -1.478239798083746726e+00 -1.895213003188365164e+00 1.234013006874427720e+00
6.197552771978179464e+01 -3.901024460453171372e+01 -4.799064895964244926e+01 3.933076326283475765e+01 -3.020486403586674307e+00 -2.060689751737649900e+00 -1.478628177949517131e+01 3.002037736148627900e+01 -4.718951045902423758e+00 -3.757533615346623002e+00 -3.097478913609428375e+01 -7.554737408297143020e-01
1.476242944145012714e+01 -5.660074929366746943e+01 -4.518612423277691192e+01 4.811424833987759087e+01 1.821812070182427590e+01 3.205229937989330757e+00 -3.211681204695685210e+01 1.689350606904276475e+01 7.614439896647743566e+00 8.044068416487565543e+00 -2.867578806801580527e+01 -1.140062048680517393e+01
8.307759131061169455e+01 -4.239751155108172043e+01 -7.336257863639971788e+01 1.106710098041526891e+01 -5.734341365471322227e+00 1.349003851826640066e+00 -2.249982145960822066e+01 2.191952755354554583e+01 -2.573896365229212391e-01 3.819848721718894780e+00 -1.780809302535383409e+01 4.833654268126361231e+00
4.144509213023142991e+01 -7.018133536726799093e+01 -7.196572426970050174e+01 4.167170030508392387e+01 1.319790659191727578e+01 1.864865347304388621e+01 -1.798135516912210363e+01 2.301572835670544848e+01 -8.800012221927850931e-01 9.642407824747362355e+00 -9.561410312689602620e+00 1.779697973208298123e+01
4.179511350694728833e+01 -5.363345628007643029e+01 -6.030376620481411010e+01 2.234684754450493926e+01 1.782618124420777406e+01 2.391396419109369731e+01 -1.142959373185329319e+01 1.237773935356590371e+01 4.882384432518128925e+00 2.415587839203318055e+01 4.464927812151385567e+00 8.674903761483010456e+00
9.802079815154368703e+01 -6.397700897895573746e+01 -9.509479040745932821e+01 6.494034399204677754e+01 2.869089083528485684e+00 1.623867630559285402e+01 -5.903490481954770530e+01 7.700335286606821761e+00 -1.344624403287190617e+01 1.000517630518842083e+01 -3.107924356201183613e+01 -2.705900226129898112e+00
5.704143786424398144e+01 -7.034979051304212305e+01 -8.499424243346915375e+01 3.140452563734703872e+01 2.195865093465312334e+00 8.521543922071885824e-01 -3.555122198012499268e+01 8.884446695827039164e+00 -2.354832471594708920e+01 -9.687063756008370774e+00 -2.500628366433084437e+01 3.073276056720376737e+00
9.427534341425886311e+00 -7.779408411820725178e+01 -7.794616568316911298e+01 2.381236274748646764e+01 1.159230853917972404e+01 8.128277799197897169e-02 -5.202363378874596833e+01 -1.910295702940863904e+01 -2.989085873305607777e+01 -1.478464638563318445e+01 -3.983866134089531386e+01 -1.944389956696331012e+01
1.013165783774430508e+02 -5.090413880828595694e+01 -7.132175452804926863e+01 5.963140305534948737e+01 1.547607071399162493e+01 3.676527338530293321e+01 -1.365102259606455171e+01 2.434190644687975436e+01 -7.208486526170417186e+00 7.542280694205419245e+00 -2.116991061956452569e+01 3.320123350999814704e+00
4.579310255123399998e+01 -4.410892088692686741e+01 -5.484012799027902929e+01 3.085324499729088643e+01 2.710885354149603899e+01 2.563089669875171950e+01 -2.488648293383245047e+01 -2.320913712694237852e+00 -1.089393316602516038e+01 2.435610354933343658e+00 -2.475871101053848378e+01 -1.065173393662856327e+01
9.896775680648016760e+01 -3.719495315451571571e+01 -5.759505324893474665e+01 6.833253640640887738e+01 3.287111585442939088e+01 3.177705495636648436e+01 -2.458716240571952483e+01 1.351259983727837266e+01 -1.445878605923382665e+01 1.355873033285085327e+01 -4.634514466939558375e+00 1.916136901170307993e+01
9.861945328362898522e+01 -1.403127281486210620e+01 -4.752476420376564192e+01 1.814798715301973075e+01 1.646767266096182425e+01 1.572481454765041420e+01 -2.102893609277359843e+01 6.209021285323759187e-01 -1.486395007609245766e+01 -4.004407646545837807e+00 -2.126300427314651387e+01 -1.540412024683370795e+00
1.402241937938667320e+02 1.032034901050731257e+01 -1.775309537565170359e+01 6.449208647250316062e+01 2.724369509076473861e+01 2.556799650673902491e+01 -1.116030288234083301e+01 1.340333882803174603e+01 -1.374718649319780184e+01 6.606708609094273044e+00 -1.237472137336471611e+01 6.478752141208572457e-01
1.051161338430209184e+02 1.578460626861470750e+01 -2.945513389608577892e+00 4.434866045239104437e+01 2.832153244850056595e+01 1.705196833434207448e+01 -1.600922222695764674e+01 6.080585451862747348e+00 5.970386750067131487e-01 5.584418695977788616e+00 -1.903323984917013334e+01 -1.161481755778324576e+01
1.156746375318484468e+02 1.714664425678449788e+01 -7.702393876701700393e+00 4.625552698375326344e+01 2.774132552247258587e+01 1.938665677257979070e+01 -1.695890105534401471e+01 1.047991129976161240e+01 8.785557839470119035e+00 1.999197269388019294e+01 -1.104240777878290203e+01 -9.192001420335573769e+00
9.022336394423230388e+01 1.751383245179847847e+01 4.250139424218149387e+00 1.779204757012185567e+01 1.140006181901657811e+01 4.941275561584417275e+00 -7.516858313320319063e+00 1.286874359968302350e+00 -2.791341735885215058e+00 -6.593028853153825253e+00 -1.819846617614667394e+01 -8.688436900808895302e+00
9.608689579915380818e+01 1.956639344743909703e+01 4.079631464659532192e+00 2.454178332759541803e+01 1.658610981270718554e+01 8.784554111251486219e+00 -1.104418022937043986e+01 5.565683861019237177e-01 1.743029559913489734e+00 6.189607309763607290e+00 -1.190184343010433921e+01 -1.399499183673057523e+01
1.665934837244564051e+02 1.583281832963419333e+01 -2.539446678749430220e+01 6.055140881806423891e+01 1.742289522393093648e+01 2.968779383342274869e+01 -6.672382966833408702e+00 1.929749931970420107e+01 -9.777003889037592543e+00 1.079964949002211583e+01 -1.610914232812918812e+01 -9.372891157397226891e+00
1.618045873740816489e+02 1.292303104220590271e+01 -2.621319571916403035e+01 5.595548725911033472e+01 1.279485249368173072e+01 3.384145242733942638e+01 -8.056846079761427859e+00 2.150799855258560811e+01 -2.421298009041623178e+00 7.889140991620137378e+00 -1.652073179084218779e+01 -1.175611934286335547e+01
1.198659201181478124e+02 2.500780549204922210e+01 -1.840911937153348443e+00 3.592983013700610684e+01 2.291248512847170105e+01 1.877150525155715499e+01 -1.257096112236018470e+01 1.185917472851823362e+00 -3.426034850549047217e+00 1.061472132534271040e+01 -1.378082872912962920e+01 -1.870883460301098467e+01
1.258535063964060043e+02 1.365071427993233399e+01 -1.901811182469907635e+01 3.309907095404494726e+01 1.591396366786597660e+01 1.713677243329084021e+01 -1.485675328466640899e+01 3.408166702091499189e+00 -9.810286279099402762e+00 2.542862718549456336e+00 -2.545486135114779813e+01 -2.553717567751775164e+01
1.481596659989833995e+02 1.162697775075640294e+01 -4.702948546547476383e+01 2.242876996749321705e+01 4.060112410620630996e+00 1.260320744558419648e+01 -2.939464422492677187e+01 6.266723573328953023e+00 -4.177269067073970277e+00 2.254885495097670400e+01 -1.080219524213448068e+01 -8.518862935226428235e+00
9.065273070072561268e+01 2.536952086443783561e+00 -2.467031754677872613e+01 1.688874085733145947e+01 8.519001850858394675e+00 6.410354046685925233e+00 -2.425632592339579574e+01 9.680477127213171773e-01 6.315049044085774277e+00 2.547838772162627663e+01 -3.937514804819928660e+00 -1.399690258685639321e+01
1.525153754016273524e+02 2.129862564885059584e+01 -3.743398602540527520e+01 1.266516379001023296e+01 -9.976634542654916338e-01 1.075861450598226199e+01 -2.345262716572719341e+01 3.627328831324051261e+00 -4.590867698294898602e+00 1.965953058699463796e+01 -6.171808588045990085e+00 -5.709289835185156647e+00
1.182624401197494137e+02 1.554514981959471243e+01 -2.967065931686794045e+01 -1.174456749352904339e+01 -2.000770624640473372e+01 -1.139242252759338214e+01 -3.162116568623171631e+01 -1.875956585077036465e+01 -2.109011945047689096e+01 1.812392618606946115e-01 -1.472250908359738730e+01 -1.943829630279956433e+01
1.511299613029814850e+02 2.518670350510302569e+01 -4.639688327901923515e+01 -5.224422914214474911e-01 -7.594543862076733376e+00 -2.616099844599008684e+00 -4.254732675558018684e+01 -1.091487679213942208e+01 -1.799852479304568220e+01 1.096125008120241873e+01 -1.495855117381213262e+01 -1.193835494773000505e+01
2.350939202227027067e+02 2.776661530003386957e+01 -1.016218420081728198e+02 2.527432280302410561e+01 -2.339086570318985814e+00 1.094337049929360361e+01 -5.561735890601383403e+01 7.650779381559145165e-01 -4.693631100487005625e+01 1.576480506798659320e+01 -2.465737162584513698e+01 -1.225811941317294007e+01
1.708220490545634789e+02 2.417279867032937801e+01 -4.429916296886698746e+01 2.681642542300709664e+01 4.884056895817945332e+00 2.719713327249193568e+01 -2.494829906681727749e+01 -1.045376675977542025e+00 -1.797191714746346491e+01 1.911489859223992482e+01 -1.093094594292095678e+01 -1.446511859842780723e+01
7.153870618781266444e+01 -2.614000725820717630e+00 -1.633547602135094579e+01 4.014042541746080772e+00 4.633579952785929379e+00 7.276124252064624542e+00 -8.552216965386286063e+00 -4.328478440245269177e+00 -8.588103739608804688e+00 -4.686779865396219158e+00 -1.835202884583303984e+01 -1.788499565838982619e+01
8.845758472440840592e+01 -3.523938780949429361e+00 -3.288834378497853805e+01 -6.480895612911210080e+00 -3.130077972476716042e+00 5.621995888760666915e+00 -1.481012534738085762e+01 -4.386050352585746381e+00 -3.079057850311322397e+00 1.306010326022975399e+01 -1.803487785734856352e+00 -6.146383272721640978e+00
1.896870686455384316e+02 -2.213022360179597214e+01 -9.275232577027941261e+01 3.023133167874622274e+01 -2.276778170482685582e+01 5.251669245903914174e+01 -1.732977185583169089e+01 1.620721468353986694e+01 -2.027881185819006760e+01 -1.478485368737498362e+00 -1.940664844833555236e+01 -1.943598899238700284e+01
1.668058886897165678e+02 2.610480842917857203e+00 -7.386137001835841431e+01 5.060054210886065107e+00 -7.625460432610244865e+00 1.914605552035177638e+01 -2.394985557893798145e+01 4.452213122164151216e+00 -2.311886379847649664e+01 1.115222783484729696e+01 -9.341349095490393495e+00 2.643082931919444878e-01
2.103065382306928086e+02 -1.624780637877794476e+01 -1.022052232910518086e+02 3.553607973115711616e+01 -2.560839152189544166e+01 3.402919565550642034e+01 -3.866519093351995195e+01 9.594286017360946772e+00 -2.431659313099270037e+01 1.279704886799882857e+01 -1.201150625529345817e+01 2.544227097360188150e+00
8.851805223305709092e+01 -1.303288303287749628e+01 -5.032628883765808325e+01 -4.218628284422257124e+00 5.634529407082601971e+00 1.884966590477125692e+01 -1.723485539026358637e+01 -9.562163488766014297e+00 -1.475739800080426889e+01 1.017621582058214003e+01 -7.150926435174270068e+00 -7.455253294502410810e+00
7.145110920039587654e+01 -2.556363964007524459e+01 -5.724855090652020806e+01 -7.386953035135595869e+00 8.915868234706585405e-01 1.096579892909293541e+01 -2.607548095510606601e+01 -1.620336570598644599e+01 -2.124351119106551167e+01 1.071251302521880611e-01 -2.112399949053707005e+01 -2.176792190864258458e+01
9.604155221012342736e+01 -4.988198576464892398e+00 -4.334429134150869345e+01 -8.595307113558692258e-02 1.014059028444613375e+01 2.376442156940956352e+01 -1.320105288369232355e+01 -9.108892473976666793e+00 -1.640836168181755639e+01 6.128095054801352859e+00 -1.286106558879457396e+01 -1.359299794889047952e+01
1.165810085582814111e+02 -1.443533719798574211e+01 -7.302100413573926119e+01 -3.939598498605207055e+00 -2.911235510019116290e+00 2.352907732021108700e+01 -2.360623686931737097e+01 -9.288145629600375486e+00 -2.477498601677090306e+01 1.224427190559412537e+01 -1.095563923632709447e+01 -1.123581490174015940e+01
1.199149295818873355e+02 -3.989022893711518414e+00 -6.363678771209512774e+01 -1.026240474820734327e+00 8.762461541399275688e+00 2.883517216134134387e+01 -2.057418638932142585e+01 -7.673054147734883479e+00 -1.895793289127408343e+01 1.454317488649024703e+01 -1.197344625667005502e+01 -8.647552781811395306e+00
1.001301917077678070e+02 -5.071323339709475242e+00 -4.691188274580370887e+01 -2.759894652410662008e+00 5.920956634267658281e+00 2.046012715031512386e+01 -1.518127029315197163e+01 -8.068975537034074108e+00 -1.541765154294651552e+01 1.130619042461202817e+01 -3.937117370087147350e+00 -1.511342785938882383e+00
1.399545183435202489e+02 -3.489416229115490875e+00 -6.934670790889984460e+01 5.287631392121200591e+00 2.345781041470890393e+00 2.460656603101469031e+01 -2.689945571443244532e+01 -3.875979477985779020e+00 -1.695041988813284917e+01 1.944188972292035444e+01 -4.361664282442835550e+00 3.868342967236263252e+00
1.451707944808004527e+02 -2.824024068656417086e+00 -6.805959954032809378e+01 3.299088519967370736e+00 -3.109054987513473201e+00 2.225600797642792017e+01 -2.453274422148336242e+01 -3.376496721968270442e+00 -1.702589813715846390e+01 1.717399760304997258e+01 -5.717211364002384499e+00 4.559126063854828104e+00
1.560439626900440544e+02 5.537824176073896432e+00 -7.070556608434176837e+01 -1.446036713110261385e+00 -3.801148673329677319e-01 2.605961630782886829e+01 -2.650551502710758456e+01 -1.364894126303826738e+01 -3.615924453474882228e+01 1.342007861474560304e+00 -2.011804398268373362e+01 -8.028750387688592838e+00
1.420462204803844770e+02 1.683313989019560353e+01 -4.850291978130076842e+01 -6.480487332808085199e+00 2.252760874655312495e+00 2.024346786162064404e+01 -1.682074218304706648e+01 -1.108146487247494072e+01 -3.007052042888582832e+01 1.501218181312582223e+00 -8.119638722154800092e+00 -4.669907685065488590e-01
1.760708100371874707e+02 1.434139597123724208e+01 -5.997944598537472416e+01 1.621745236009614288e+01 9.139382532252241509e-01 2.723900894786624605e+01 -2.969358797198051292e+01 -1.002200027639477398e+01 -2.776114131261653029e+01 1.362253773877115748e+01 -3.357585667154833864e+00 1.033436236840315914e+01
1.200338502348644596e+02 8.250725981406018761e+00 -3.924797842379244628e+01 -2.959592925276927300e+00 -3.502812323679213025e-01 9.531317899833744889e+00 -2.052271284754733927e+01 -8.390158786278893999e+00 -1.763362809827721378e+01 1.774302184076631317e+00 -9.234772545659886589e+00 2.560335183701304196e+00
1.409885454692856115e+02 1.834324259853867289e+01 -4.584702911599013930e+01 -3.574225230391349761e+00 5.365549779671399122e+00 1.904798421255207330e+01 -2.362395054551564044e+01 -1.074751365442691586e+01 -1.925443113999601152e+01 5.936204969008600507e-01 -2.053488369105349776e+01 -2.946504387676929682e+00
1.005083312558704165e+02 2.018988155236432380e+00 -3.270650314891297938e+01 6.090830803864866638e+00 2.962968062494248045e+00 1.205379975229571343e+01 -1.767883762581267604e+01 -1.356195002107841852e+01 -3.012031247129863587e+01 -7.653774555282392811e+00 -1.756381833064672193e+01 -1.497910548673390707e+01
1.339691489939000348e+02 1.166488386138319200e+01 -4.458460213733657440e+01 -5.323204404371992826e-01 8.541906339694311789e-01 1.610858161884789652e+01 -2.113108031217632288e+01 -8.210857316344501555e+00 -1.534078925911452096e+01 1.159916992381288203e+01 -7.854149539707643513e+00 -3.345910651391896806e-01
2.071334137012095766e+02 1.730020368725639557e+01 -7.298075252188505146e+01 2.230537722606757001e+01 -1.080691578840645661e+01 2.070284106543137170e+01 -3.173212622661451476e+01 2.495167975350183642e+00 -2.340789062438159718e+01 1.473789502593063361e+01 -2.492047551010586659e+01 -2.605885654695610398e+00
1.833309741474440386e+02 -1.134388880519659892e+01 -8.377109206057090773e+01 3.471021534515053020e+01 -3.181119006431613272e+00 4.174290018201202201e+01 -1.788999978815312630e+01 6.395015570177059239e+00 -3.573923601953036666e+01 -1.153875796207422866e+00 -2.807461648130610854e+01 -9.543780874890595456e+00
1.492148662534136179e+02 -1.004646309715174013e+01 -7.229717059876290364e+01 2.236553142622785373e+01 7.548610006092308922e+00 4.071450278328121897e+01 -1.877519715256280364e+01 7.067674057820594324e-01 -2.344711025680885186e+01 6.654462111962705428e+00 -2.071105512844403407e+01 -6.280624115833396637e+00
1.016557868445497945e+02 -6.729434017569598581e+00 -4.909380705925737232e+01 4.835544454927506841e+00 2.013052393909045890e+01 3.521318153653199090e+01 -1.055011678935499120e+01 -1.305721294006652933e+01 -3.148764363668455957e+01 -6.690471273129917407e+00 -1.731540457548133460e+01 -3.941475972891803625e+00
1.167188138902242258e+02 1.135351189196081023e+01 -3.503369469823307725e+01 1.484695544964662339e+01 2.285220706886416053e+01 3.329121057418457497e+01 -1.749339490274831377e+01 -1.789925739921412173e+01 -2.810183573996938833e+01 7.225299307194594789e+00 -6.673853403294737419e+00 -2.284059746402384850e+00
1.298933480406936383e+02 1.018580347105017125e+01 -4.617786045986557042e+01 1.302636415482924725e+01 1.112216948502573111e+01 3.202403601181001136e+01 -1.701898457977840451e+01 -1.426775520732043923e+01 -3.071867841765432416e+01 1.129448377875977627e+01 -1.212557437753847012e+01 -1.382663396155567170e+01
1.785582028381979853e+02 1.062838092220988173e+01 -7.975365553687163356e+01 2.731578746944164848e+01 1.435227103744698240e+01 3.337019708485671288e+01 -3.069136401521780044e+01 5.745439315864331320e-01 -3.740433241679199483e+01 5.081924691186210374e+00 -3.591556256932612712e+01 -1.791406547899934765e+01
1.304908258572580166e+02 4.467401674876601447e+00 -6.708277365885830079e+01 -8.477834341983992772e+00 3.912720883286079143e+00 2.722608922551413713e+01 -1.961434024249634334e+01 -3.074426065264831642e+00 -1.889766373095260477e+01 8.712468321030176099e+00 -1.987981886238262774e+01 -1.056084719432727503e+01
1.739714268606130929e+02 5.549726903360808983e+00 -6.233956996054452304e+01 3.291367029890123064e+01 6.505449383810294250e+00 3.512720605153769071e+01 -1.017635481915417017e+01 2.318945871247430013e+00 -4.067181551733767009e+01 3.112894115661022809e+00 -1.968109583132388707e+01 -1.195928995367403758e+01
6.888933757908503708e+01 -6.517656055415407934e+00 -2.161992768673193410e+01 -3.630960933389495437e+00 9.639058435516045797e-01 3.224935588949813692e+00 -1.074921569720286207e+01 -6.414817613842602739e+00 -1.048709095513830647e+01 -6.969438587862624601e+00 -8.249053478675913098e+00 4.843538462421362212e+00
1.535390943617213111e+02 4.637317851373596866e+00 -4.841578013771980693e+01 3.825265842249886816e+01 1.268606605174111834e+01 1.830219604106832065e+01 -3.544951498882892515e+00 1.681688837266753822e+01 -3.068018525663942597e+01 5.437660900995044067e+00 -1.272731535960681271e+01 -9.203874010182648391e+00
1.247839850266742303e+02 1.521893771788121796e+01 -1.718097145744402354e+01 2.800812326807480446e+01 1.776883628714293195e+01 2.288385653354624694e+01 2.153753892498515565e+00 1.047663343745485420e+01 -1.671711137747265497e+01 -1.774421679911469152e+00 -5.793075882615690730e+00 1.075453734657339844e+00
1.407684963066297144e+02 1.682094520738678511e+01 -1.808978581956591469e+01 3.955965126781372732e+01 1.433985205646028049e+01 2.674043155138864591e+01 1.001241484448509667e+01 2.187334521381916730e+01 -1.149471686596994680e+01 9.749527020873228977e+00 -2.726754034104051261e+00 -1.032046259241129960e+01
9.794894153115859581e+01 6.708947622225850616e+00 -1.031650684479741287e+01 2.879467224338101161e+01 2.023133520555416709e+01 2.520181553470843028e+01 2.896543929239856041e+00 9.323286440436971745e+00 -2.919618797444350378e+00 9.700140258032710960e+00 -3.025575981323321173e+00 -1.031206709383591758e+01
1.244438047927552589e+02 2.663574779168667561e+01 -8.568220412787574958e+00 2.283001220864823466e+01 2.096353387051619421e+01 2.633377118727701216e+01 1.430790012185006788e+01 1.699961969766767567e+01 -1.305796420729590501e+01 -3.121906206083513435e-01 -9.139176021182246146e+00 -1.124195799105817684e-01
1.026037264126018727e+02 2.561102074969279485e+01 1.101907630079278988e+01 2.286439657026398109e+01 5.723355208839431718e+00 6.271648987305088241e+00 -1.962351690148497640e+00 -2.749794672843023147e+00 -1.712146655716005483e+01 -5.932392120228893617e+00 -6.164354299935389747e+00 -8.893515942797787233e+00
8.700747015914132021e+01 1.350514854294225486e+01 4.491315669501757313e+00 2.533962547404512478e+01 8.581972109014085248e+00 8.520623687894065768e+00 -2.385106496810683652e+00 7.978737520885093026e+00 4.576946174917951637e+00 1.381780248894553154e+01 -5.397194821249116092e-01 -8.340467904691365675e+00
1.443463098082964109e+02 2.067919612908870874e+01 -2.212907945474102078e+01 4.807516331324922021e+01 1.728267765734850414e+01 2.219817426352481249e+01 2.038603153225054143e+00 1.427674812112308445e+01 -1.987407030019297594e+01 2.060972849762116965e+01 -7.546606551559694509e+00 -2.260277717307196355e+01
1.236630124363612424e+02 2.330697405708263403e+01 -6.155119655196056527e+00 3.448292526857407836e+01 2.718339235124298625e+01 3.181246605174793274e+01 6.981646877496251236e+00 1.498998812747852583e+01 -1.946827255375414900e+00 1.147922842978389824e+01 -6.448055991005638532e+00 -9.823024973597409115e+00
1.003160152561442970e+02 1.727865980089122644e+01 -4.271086577829557029e-01 2.606001215176020125e+01 2.087961974765568485e+01 1.771225320024289829e+01 4.825074219033813616e-01 3.723302808893618643e+00 -6.635529455614742389e+00 7.251628476361478448e+00 -2.318773972416056317e+00 -5.454033087681752434e+00
1.560613581906854392e+02 2.943286228415662009e+01 -7.433487486565232061e+00 5.177340647454887801e+01 7.000562615368500552e+00 3.667126136986980089e+00 -2.165365053630186054e-05 2.003635012806198290e+01 -1.912870419074945616e+01 9.246536368298873043e+00 -1.225667807995587566e+01 -1.736762646583180114e+01
1.025373908006436068e+02 2.738637616823833554e+01 1.403084817667654427e+01 2.181433126096744957e+01 7.376885628745885271e+00 7.423091685939686712e+00 -2.147246739607158172e+00 -4.939809403448109038e+00 -1.398423220757062957e+01 -3.845744060186929048e+00 -5.666233631218826616e+00 -9.092166782432311578e+00
1.173189406551058198e+02 1.157557017979069158e+01 -1.011135602641903297e+01 5.021024315874245758e+01 2.226902834958840316e+01 2.176686340382446616e+01 4.278289050788588455e+00 1.347237616097341650e+01 -2.355466234683331450e+01 -2.466174799041648824e-01 -7.734991950457501986e+00 -1.467133926985104964e+01
8.390170435688519035e+01 1.414663178870197768e+01 2.485922734439533155e+00 1.814587663699644793e+01 1.616640181307291613e+01 1.568063091234924045e+01 -2.191071529002405871e+00 6.264607488883895403e-01 2.202803770771458947e+00 1.342378682176011395e+01 7.943853449254320687e+00 6.762195011752137219e+00
9.761468039300896749e+01 1.401607649602487626e+01 -4.927243606975091339e+00 3.613062951990051630e+01 2.861279736442405408e+01 3.701354421250231042e+01 -1.766833383166845906e-01 -2.615952602081855982e+00 -1.139576878588333564e+01 1.087495131335576382e+01 -6.044329292972401291e+00 -1.414612640197366389e+01
6.947214699301298424e+01 -1.561735040843377575e+01 -2.118052446889731755e+01 3.947369811066601386e+01 2.397563177813788116e+01 1.958288011695024977e+01 -1.188405815715462310e+01 7.415834919655927671e+00 1.309768210516659037e+00 1.745246275792087687e+01 -3.795799602353194580e+00 -6.514410594596890647e+00
6.604569603863636473e+01 -2.694297465623783694e+01 -4.101088865579812648e+01 5.569648647858517876e+01 4.008876546686892084e+01 2.971549730683119250e+01 -2.593553529389345158e+01 -1.965246881513146526e+00 -1.544832124699714448e+01 2.329417929777022778e+01 -1.677636314405553719e+00 8.342307723106439088e-01
2.227814950899111679e+01 -3.846501503343269235e+01 -2.907685069334561234e+01 4.049556750221440637e+01 3.605365266912286870e+01 2.310292967531098896e+01 -2.608516951020563823e+01 -1.480949325258248095e+01 -1.474190276996188231e+01 4.566142699247016878e+00 -1.801968456027344345e+01 -1.445828932381050969e+01
9.472923656691187944e+01 -2.669833981826553071e+00 -4.463870001698180090e+01 5.105620442292928374e+01 5.002405441051408985e+01 6.624030917734654622e+01 -1.632881472878327855e+01 -1.108254599598933865e+01 -2.862203979588645097e+01 1.727923640237924019e+01 -1.303286628135772141e+01 -5.825610277169428919e+00
1.032917075360772685e+02 -8.146985002577661561e+00 -3.941033653156797811e+01 4.374727647154273313e+01 2.943736439310941222e+01 3.742850180222467316e+01 -1.156990835277573915e+01 3.056923086057364181e+00 -1.635726528115932865e+01 1.813692672861034083e+01 -4.980337510678713997e+00 -6.210752085939059697e+00
9.895560178683038544e+01 -4.501625821780406511e+01 -7.987604266827136712e+01 4.303432507315834954e+01 2.469861886511441895e+01 5.244033937882832674e+01 -1.095412446130107398e+01 5.539148654444963071e+00 -1.854307055365548962e+01 2.525789819677319770e+01 1.268734103612851882e-01 1.810381218848842266e+01
6.869430740579764461e+01 -2.587142420286104638e+01 -4.521025453364521240e+01 2.808462036769829950e+01 2.904534298670373005e+01 3.672813313988092432e+01 -3.107606100307946928e+00 7.998360466413093839e+00 -4.334183666362888765e+00 2.531234474812165303e+01 4.736065510998370698e-01 -1.843865964944173541e+00
7.061395360139292166e+01 -4.805819426654050375e+00 -1.483541345395772915e+01 2.945691554468317719e+01 2.723045217567458209e+01 2.524335826109989966e+01 -8.899541063950614728e+00 -6.846662250754732781e+00 -1.278725298749615469e+01 1.090403339877575561e+01 -8.838674724272577166e-02 -5.414005517163444914e+00
1.552449928662432512e+02 3.933341796021977199e+00 -5.745617162255870625e+01 5.519137836871272640e+01 3.343988197835615495e+01 5.203175669555452032e+01 -3.638698894039190002e+00 3.207844955979258117e+00 -4.420243135455332606e+01 1.336273203754110916e+01 -1.575637202473749987e+01 -7.917754342752970409e+00
1.556790570163337577e+02 -9.314300948681299985e+00 -7.195582063172594189e+01 4.713834009254287594e+01 1.517933268377001710e+01 3.377816544801394372e+01 -2.156317318563989716e+01 6.678295108646498335e+00 -3.795489878121784955e+01 6.254043583906676140e+00 -1.223164119426258623e+01 -5.865760151799407573e+00
1.374405314415266730e+02 -5.177319952981079609e+00 -6.177165150088933387e+01 3.954421855281252363e+01 3.424687825282309461e+01 5.558441786424380382e+01 -1.104470912157514917e+01 -6.870704637017761129e+00 -4.409279192603121089e+01 4.547357522934430740e+00 -1.069135028079831429e+01 4.492979079157675137e-01
1.045168899143247501e+02 -1.542806293376183291e+01 -4.260100538144804716e+01 4.389329601210933163e+01 2.899367707488486090e+01 4.356649663412917306e+01 -6.183536320045535106e-01 -4.056700155629814120e+00 -3.465597391876839595e+01 7.517085694060408940e+00 -1.088705728739255818e+01 -2.799565548688621952e+00
1.186143728777768303e+02 -1.751587792488854944e+01 -5.392244332684400376e+01 4.074207284076823044e+01 4.570021977076605069e+00 1.839959407942440350e+01 -3.963988271932320284e+00 8.977414714097172066e+00 -2.930131143916091574e+01 2.039423706695262339e+01 1.333574716852793163e+00 -7.431761857763989454e+00
3.907889999382874180e+01 -5.289459405951012627e+01 -6.856392526078379035e+01 -8.621673371423131726e+00 5.257537700541037751e+00 1.786761570835203372e+01 -1.657347804298951388e+01 -1.555220231281567500e+01 -2.907068431672502840e+01 -8.906854130277645609e+00 -1.277126185126811819e+01 4.704126108599888667e-01
1.107009901923179598e+02 -2.608429705214823713e+01 -6.404722541889644560e+01 3.740786530677609534e+01 1.535615993792522360e+01 1.875754547417565732e+01 -1.604667114765030433e+01 1.333769727750344813e+01 -1.968515741921084583e+01 1.519895014676351686e+01 -7.901909505920103882e+00 -1.567651200359335473e+00
6.584732115790100693e+01 -2.668073131618677962e+01 -3.364506489781696530e+01 2.969989150919289145e+01 2.342791596552754640e+01 3.418979168454067974e+01 7.029145164085439212e+00 5.349311531339218106e+00 -1.610318416198722957e+01 1.237569506565530375e+01 7.707967093994199104e+00 6.921041478175649964e+00
1.066322090286230093e+02 -1.015211353076099599e+01 -3.478540881325264422e+01 3.981536156802369675e+01 2.646127496586724703e+01 3.749274705385759887e+01 7.660267817790776590e+00 7.351209256990312468e+00 -2.399911371622826906e+01 9.234589176002526045e+00 -5.779358868551933703e+00 7.522062035896026622e-01
9.853544845040292444e+01 3.955968600877755037e+00 -2.357012360431092901e+01 -3.180146328460437655e+00 -1.235328066625779897e+01 -3.561853658390616406e+00 -1.785324974758093930e+01 -1.415039560403922536e+01 -2.164202934022569025e+01 -4.211806158250197107e+00 -9.691771149310739020e+00 -1.281516841529194473e+01
1.407468867965225741e+02 1.346074652503646618e+01 -3.757712751484986313e+01 7.310192200410357444e+00 3.231617101822135574e+00 2.084835700020297367e+01 -3.870702989306193054e+00 9.809133660172008717e+00 -1.345762226070560530e+01 8.223629149475786271e-01 -1.055539822964934338e+01 -4.790478880250240934e+00
1.211903445125028185e+02 -1.137080467127379535e+01 -5.022251147045573560e+01 1.944792857293181498e+01 -8.656082028269398876e+00 1.600526349236105039e+00 -1.516878631089537421e+01 2.510717912306320354e+00 -3.944069144768532453e+01 -1.570970373817593924e+01 -2.320386643002398586e+01 -8.293848253037154450e+00
7.981959514637955522e+01 -2.106076050242675279e+01 -4.342814862921241570e+01 5.212004338216091881e-02 -1.176399143882276732e+01 -8.889524098661027551e+00 -2.267059402402529145e+01 -8.790878478020504261e+00 -3.480313186598948505e+01 -2.875713763407666690e+01 -2.752049491169950457e+01 -1.175470822073140553e+01
1.617993856858550430e+02 2.559262141741617569e+01 -2.584125432658063914e+01 3.691000314682028716e+01 3.678809187653390822e+00 6.695649286741412354e+00 1.137560207420906799e-02 1.388553478261104601e+01 -2.164812775796544031e+01 2.739831302266637891e+01 3.917697096311046678e+00 -8.901728563213979761e-01
1.194391052527772672e+02 3.433902307532619158e+00 -2.614110924600256425e+01 2.591603590244384847e+01 -5.334010343079973460e-01 8.984627412762936416e+00 2.393591158334316127e-01 1.889805607799952014e+01 -1.126916479831222517e+01 2.641128855106621209e+00 -1.173112457436466727e+01 -6.621875061336571555e+00
1.398073304640016659e+02 2.020937278701100936e+01 -1.652233000316631006e+01 2.585724504070419627e+01 -6.098301323699868881e+00 9.303799314999363190e+00 -2.763223243641050875e+00 1.019810237547638110e+01 -1.656765207022473163e+01 8.921339513442493541e+00 4.825223130097185731e+00 5.123590834772971725e+00
1.123292366628550383e+02 1.496101271920196396e+01 -1.271770331529869047e+01 2.124538247290303516e+01 1.350697789352120104e+01 1.684194690967761687e+01 6.798343624716860489e-01 7.735727433221113003e+00 -7.889522974471592676e+00 7.088293130759418581e+00 -4.635322206175562343e+00 2.054195730295396594e+00
1.251052327966877584e+02 1.261362477743351462e+01 -1.973009133469441423e+01 3.666198218913046247e+01 4.319456569994766681e+00 2.204516511897641351e+01 1.616316444199318525e+01 1.276552810937666749e+01 -3.520316217792208136e+01 5.801279313925114423e+00 6.781118401409647944e+00 1.121654493512933115e+01
1.241730625265321208e+02 1.197862682515704602e+00 -3.354674202344674683e+01 3.275410603286361777e+01 7.254061115097030665e+00 9.515119820774657455e+00 1.498429379766775327e+01 2.328150668120648348e+01 -2.128458160370824359e+01 1.462841184272159012e+01 -6.696525578503707443e+00 1.514882759076251517e+01
1.326360959109818509e+02 8.707288387089322512e+00 -2.859953683284735604e+01 2.827978517628188371e+01 2.266874069884290854e+00 1.563046359829771070e+01 1.843512337907064236e+01 3.045575770375505442e+01 -1.005898901822709668e+01 1.496053140853187813e+01 -1.271100640629294176e+00 -6.017898064336497654e-01
