-1.025584082402569948e+02 1.968282672031753933e+01 -2.189954210243595512e+01 2.426784305423879928e+01 -1.287163720796739241e+01 6.216870961964205300e+00 -7.377277530627243785e+00 -5.072144258124355432e+00 9.212039613964691398e+00 -1.334057308387167140e+01 3.204744465669071118e+00 7.555246550912642078e-01
-1.221850861087673792e+02 9.955531698002619834e-01 -4.945527684724098094e+01 1.353721260497664503e+01 -2.642322154046647853e+01 4.694344497734563859e+00 -1.722208774140084842e+01 -2.682136529181275364e+01 -1.051769310794901990e+01 -3.139561122874154009e+01 -1.582917024581628951e+01 -2.170897980296695451e+01
-1.013903438386977029e+02 1.529620792412142016e+01 -2.985681236193373778e+01 3.561703946113044594e+01 -1.080366283406034533e+01 7.491632429601461141e+00 -3.037319203205063989e+00 -7.663893109121349134e-01 1.106778293005298863e+01 -1.340939048940043499e+01 4.764456390988514478e+00 -8.184318767935742756e+00
-1.082021754715266013e+02 1.493001005671936454e+01 -1.571165979504568710e+01 2.487941910776059729e+01 -2.083817432506430123e+01 7.856017941014149741e+00 -1.378730040252558275e+01 -1.056694401605400913e+01 5.485056675590411768e-01 -1.832210473531508299e+01 4.478930471086327358e+00 2.563040068163493057e+00
-9.566229746513471355e+01 2.436391730279657963e+01 -2.338928254462402379e+00 3.878110170602312934e+01 -6.099948313373960929e+00 1.378673914228790487e+01 -1.345305710954361089e+01 -1.615553974646906532e+00 8.394475708343741571e-01 -1.362033252359434243e+01 1.053689831469303684e+01 -6.356114562382702005e+00
-5.893135454490295899e+01 5.776986115173164649e+01 1.639044868834267987e+01 3.041487517221397141e+01 -5.778357098970074546e+00 8.193888160393337117e+00 -1.815204220126618040e+01 1.547522451427781220e+00 6.238360867424014522e+00 -2.290613015903016247e+01 5.581976944381563221e+00 -1.182330222036272005e+01
3.325000607296709632e+01 5.617818028055619095e+01 3.552121188261411433e+00 1.363229060408631810e+01 -1.667629902680192444e+01 8.222738516488030669e+00 -2.558614338854016523e+01 -3.676211241365894722e+00 -5.960371192723921574e+00 -1.837421982107681373e+01 -2.122968653756813762e+00 -9.450959767238053644e+00
4.345867521533052269e+01 8.979582662848227415e+01 3.477807989447666870e+01 2.310489324936254008e+01 3.644231351531602936e+00 1.826960555148433940e+01 -3.265887614996429278e+01 8.387710641706403791e+00 -4.571560975288971207e+00 -3.076589786032315033e+01 1.469607253517408552e+01 -1.616398390063421431e+01
4.290084405746672758e+01 7.981653228472853812e+01 3.170538725750096987e+01 1.967796566274300574e+01 8.641685074795297794e+00 1.751859275082835410e+01 -3.157296834471600278e+01 9.277110120301848895e+00 -3.256702909330076334e+00 -3.504503121366920482e+01 1.194137738173755992e+01 -2.453701645137298826e+01
4.598277587478396811e+01 7.057321122062870700e+01 2.796606901886863028e+01 1.648278032275060667e+01 4.759492282601728519e+00 2.219406817664708598e+01 -2.349413672481951210e+01 8.019916568717198047e+00 -1.565377135633429262e+01 -2.704733133183305682e+01 4.405126143327262156e+00 -2.135203494737930185e+01
5.817264256210778228e+01 5.689617676150245273e+01 1.848426785278646989e+01 1.868963513275840782e+01 3.718894363883770815e+00 1.894040117659110933e+01 -2.034898133613051385e+01 2.693983438639301120e+00 -2.982410744333494179e+00 -3.504271161470274620e+01 -4.111652804775199677e+00 -2.106480684552910532e+01
5.047580229716056976e+01 5.831054592205267539e+01 1.758561890660340055e+01 1.723079891832371047e+01 2.341674504171893378e+00 2.274675344170077551e+00 -2.303758117634990299e+01 -9.221106502081708456e-01 -9.474199222869307491e+00 -2.684629591045055719e+01 -5.350002042135093561e-01 -2.024422186570659932e+01
2.437106655820238643e+01 5.773373086402222043e+01 -8.932608178711227254e+00 1.434173365403950484e+01 -2.248409994790478095e+01 4.838636866072329568e+00 -2.961626145393395504e+01 -2.874467268810421317e+01 -6.263403055036356193e-01 -3.730772451656083177e+01 -7.520578019636140255e+00 -3.630833324796239214e+00
6.998167955325222067e+01 4.626285787561789675e+01 4.568345058355683719e+00 1.425220145507181257e+01 -4.727409901268616821e+00 1.766064932224412942e+01 -2.490211887951713976e+01 9.056547788667772991e+00 2.866360754915044495e+00 -1.894215880804989283e+01 1.837523947940923463e+01 -9.218903092203996508e+00
4.675116143873635366e+01 3.753251673310335690e+01 1.533433836872981626e+00 -2.136001687504565894e+01 -2.048338884972451268e+01 -5.918057226224259892e+00 -3.522107633076247168e+01 3.563947128299378431e+00 -7.246583859489084567e+00 -1.701182896736089845e+01 3.730182058976609483e+00 -1.431810983575431528e+01
6.838402696555466775e+01 7.616199410003048342e+01 1.427592655544572331e+01 -4.461129267963217515e+00 -1.322008653894786256e+01 -1.463884327553766518e+00 -3.688238032414925271e+01 1.487861170803120459e+01 1.134455779301689837e+00 -2.198707476527547655e+01 2.504501217567879223e+01 -1.676299616090890154e+01
5.227550157389927676e+01 4.473715767734280035e+01 -1.051983225853681958e+01 -2.029216315931978443e+01 -2.660224964151750982e+01 -1.796614292163017268e+01 -3.829190477431554740e+01 -7.998078452259228754e+00 -1.224562489605181170e+01 -3.056507016845943170e+01 -5.696473680256046279e+00 -2.507830510106149902e+01
6.742567017485291103e+01 4.644417468996039133e+01 5.490124287161536998e+00 -1.488730099554518560e+01 -1.368061253353071827e+01 -8.070580085558619388e+00 -3.482380133716192461e+01 1.118508588360632050e+00 -3.255877852917420601e+00 -1.445008148777679580e+01 3.737458304466189762e+00 -1.258662092180681391e+01
6.598393559070285619e+01 7.499956230169870253e+01 8.330026309499167780e+00 -2.102911103785046976e+01 -1.607274661047788200e+01 -1.543505289530250124e+00 -2.372147559117011184e+01 -1.927736225921113267e+00 1.217635482601192365e+01 -3.219939871279880350e+01 6.055170180130725832e+00 -1.141712202533813603e+01
6.457971507380644027e+01 4.421794098286356700e+01 2.383894645459232464e+00 -3.362767458832125023e+00 -2.384519308032593710e+00 4.443318460877483389e+00 -6.021596888818743665e+00 -8.356223825543716899e+00 7.924866113559546399e+00 -2.091884272339488149e+01 1.056932467439180101e+01 -1.057040891955320028e+00
5.609863957536813928e+01 6.598821172772898080e+01 1.333641207504736315e+01 -1.276297363359401515e+01 -1.857868119283457276e+01 2.203374607726702461e+00 -1.149270143225679774e+01 -1.843234595125117181e+01 2.752323119141936836e+00 -5.331646668539576694e+01 4.525033985884328036e-01 8.471375865373101277e+00
6.346788013942186524e+01 6.418258582575947457e+01 2.336610627525913753e+00 -5.235831400011825565e+00 1.616456239314083554e+00 7.069107746858430907e+00 -7.751165346228643394e+00 -1.519264925329123450e+01 2.050219943886276042e+00 -2.202504325342409430e+01 1.022053588556016024e+01 7.389227733104926088e+00
5.645854334142408959e+01 4.879684216000380559e+01 7.294285822523303153e+00 -1.034099852752281734e+01 -2.154376415266506228e+01 7.177652504151427415e+00 -1.547205782608158886e+00 -2.640766921050084193e+01 -1.214823629028585117e+01 -3.072489810511786601e+01 1.122588264384211421e+01 5.788700092324365443e+00
1.806046586265355103e+01 2.994177510201864223e+01 2.701439997103043389e+00 2.435094000875367204e+00 -2.640758487072964300e+01 -4.275517256333546179e+00 -3.871788535002887777e+00 -4.521436862180893002e+01 -1.230519169082475628e+01 -3.321475287670499910e+01 9.963107302867376447e+00 -1.584452895144843110e+00
-5.296080422252043718e+01 2.122705730996850804e+01 6.888858725750245071e+01 -1.202450379347142118e+01 -3.578878079563925496e+01 2.548454126470043235e+01 3.950216067925059527e+00 -3.041253118498689645e+01 1.196789474821153121e+01 -1.311680356075402543e+01 1.747156885447513730e+01 2.040707293093380059e-02
-1.049705044421947662e+02 6.257603912466704799e+01 6.278254246523002280e+01 -3.754924113819519960e+01 -3.408747930930861969e+01 2.634250973661055895e+01 6.091620945148088495e+00 -4.760353652071675867e+01 1.257311369095749676e+01 -3.606300488585290509e+01 -5.729723919327480708e+00 -7.193946864884223302e+00
-1.230151238122178512e+02 5.179250754359983233e+01 6.477450916050028695e+01 -2.522734236953248654e+01 -2.441750002133227326e+01 2.913572326695893722e+01 -3.644006667196720173e+00 -4.370962778193543841e+01 3.033629432054973307e+01 -2.879713551247284897e+01 3.532608334012425466e+00 2.618790024863210775e+00
-1.069354841264106852e+02 6.300811572088267809e+01 7.415368999826162622e+01 -2.706105353235139432e+01 -1.840511943095320646e+01 3.647453498812626549e+01 -1.434452925832789205e+01 -4.013094304699386328e+01 1.803229581168308826e+01 -3.500919361356297088e+01 8.699118185811368420e+00 3.960328250142632456e+00
-1.097384016389029000e+02 4.271294849303170338e+01 5.675474657305676374e+01 -2.481767797402291365e+01 -1.854228364557176434e+01 2.753041649547050440e+01 -1.465073592100344868e+01 -3.737924099770644659e+01 1.428975434270550515e+01 -4.270938901736856508e+01 -1.617063350697112156e-02 -2.235164071186125145e+00
-9.164059814971747642e+01 2.614518308574376704e+01 5.181194691515927531e+01 -2.250372779310939819e+01 -2.677176056159414230e+01 2.141011596801196504e+01 -2.379895299875164838e+01 -3.467461303234561854e+01 5.699196629598898056e+00 -4.460704445165042387e+01 -1.688157237508830377e+01 -1.908947331069775899e+01
-8.669301973088636259e+01 4.617742982859792278e+01 6.844755648266271919e+01 -3.771968280938803275e+01 -1.659201296784279123e+01 5.246721387024406624e+01 -5.062564417104059800e+00 -4.912868568700942262e+01 1.117013003170596974e+01 -2.419511629502491346e+01 1.101442207271142593e+01 2.579434547192391847e+00
-7.800129933914436720e+01 2.125000024915800623e+01 5.573352838159838996e+01 -9.826874610671836763e+00 4.066160357622669252e+00 3.371167807889696633e+01 -5.946935340002850623e+00 -2.034018747218874879e+01 1.563834637752110979e+01 -3.059847818241013329e+01 1.033374979358837820e+01 -8.991556579200548072e-01
-5.250764271611099332e+01 3.646527423490141473e+01 6.519804583432420486e+01 -3.036653517899164711e+01 -9.589984642837311668e+00 1.508229569333225406e+01 -2.423073599278992418e+01 -2.924918773831672070e+01 2.008973101779603709e+01 -2.802892803456856541e+01 4.992004658497416258e+00 1.211848147373187068e+01
-2.228195292290222085e+01 5.200991927098036172e+01 6.412493096395066061e+01 -1.682766015551279892e+01 -2.973509952856597494e+01 2.107286444124217439e+01 -3.261939897531679833e+01 -4.040576022741477402e+01 1.503405817623472807e+01 -1.339362009726775682e+01 1.647444529671938795e+01 -3.808378073666400354e+00
4.432447643190668529e+00 4.983363607917436866e+01 3.484248229641624306e+01 -5.891700056015578113e+00 -2.586519009369452604e+01 1.033371045953636624e+01 -3.749544109936243075e+01 -3.425468164203883248e+01 3.991012093438991659e+00 -3.608800884267270703e+01 3.101384744128602211e+00 -8.383266681698977152e+00
7.811364181088170433e+00 5.265651440941508099e+01 1.425906755549027771e+01 -1.459793711813619410e+01 -2.724905631850616317e+01 8.533550952508766052e-01 -3.619546316997136870e+01 -3.939137599145365698e+01 -1.603063311493350795e+01 -2.661305531911407485e+01 4.450287232823940009e+00 -2.417280024216901069e+01
1.211010189608938958e+01 6.799235809248102669e+01 3.749462325663461826e+01 6.858109432628661573e+00 -1.318587262023870110e+01 1.645370007586458172e+01 -2.802124157343879318e+01 -3.428131850433405248e+01 7.278374536330520783e+00 -1.961899983222366473e+01 1.513129350255249861e+01 -5.784827207142946293e+00
2.434519836952878791e+01 4.639056526902245281e+01 -6.154126744019333017e+00 -4.311039122181342442e+00 -2.346149923896623335e+01 -1.579150744006937224e+00 -2.507929665233216809e+01 -2.620947168881851752e+01 3.748189768418437318e+00 -1.977590798921506732e+01 -1.957410780301909625e+00 -1.472607212620994233e+01
1.793365706369093715e+01 6.181523331098773610e+01 3.333933295355408433e+01 1.143828180464685929e+01 -1.257049300005719417e+01 1.200494423404442479e+01 -3.799537026018364827e+01 -3.938357487724347550e+01 1.355096994815843914e+01 -9.902789090319046750e+00 1.733174911096465465e+01 1.147647922355137950e+01
1.820222571897231489e+01 5.083394366016302968e+01 1.541460776022939605e+01 -5.883578424927511819e+00 -2.550276283506032371e+01 -6.900956298971591352e+00 -2.998187253284619658e+01 -3.130291264004906537e+01 1.239608343946521529e+01 -2.721619210143871470e+01 -1.088233800505750137e+00 2.337323513369151229e+00
-2.938565939510601410e+00 6.673468356691651593e+01 3.521443058277348115e+01 -3.821038145060293711e+00 -4.020034156168426875e+01 -5.506890861398210824e+00 -4.229455715312673192e+01 -3.853956090155632097e+01 3.397620798321886681e+00 -3.794693958353929020e+01 -5.948803434295429682e+00 -1.109535416596459889e+01
-3.723445789336837919e+01 3.576901324008993743e+00 -6.426580591335939729e+00 5.577448144859292967e+00 -6.830553599554871624e-01 2.998547865793076284e+01 -2.079685633603978445e+01 -1.450081066964151333e+01 1.307325592766543743e+01 -2.085801493903717230e+01 1.158109557439602355e+01 -2.119303227919022348e+01
-4.331083141496449684e+01 4.708019415681908981e+01 1.631453158929021319e+00 4.498496189940858869e+00 -2.250271058866636054e+01 8.347776139206796842e+00 -2.189259106514291631e+01 -2.040976736307791484e+01 -5.336173020727652982e+00 -2.614072918802925471e+01 5.479300890077226427e+00 -8.634827289255323279e+00
-4.407879899160229797e+01 5.171277684407004926e+01 1.680192330963430791e+01 3.934791656272482641e+01 -1.161040492712074546e+01 6.432647010910433671e+00 -2.392282499898355042e+01 -2.829049168534452363e+01 -1.449337512957833862e+00 -2.372353400491222430e+01 1.162321145760807894e+01 7.297314228442188799e+00
-4.766504184286662849e+01 6.219790667530591577e+01 -5.892128179781759734e+00 1.632082920666837822e+01 -3.073202841047400469e+01 -8.028816541439379506e+00 -2.040107151642023098e+01 -8.502044144405360271e+00 -7.862994227730309760e+00 -1.824880302462263160e+01 3.533192295291832430e+00 -2.033338996168627677e+00
-5.668604154207115187e+01 4.206744209376106625e+01 -8.971958605247781549e+00 2.696154100805189202e+01 -2.428108157887002250e+01 -4.442233510184266265e+00 -2.804395300607858488e+01 -2.653185395267929181e+01 -1.418774229727949532e+01 -2.772509378528704715e+01 -1.194590811693844401e+01 -1.596004006836282763e+01
-4.775925350223906207e+01 5.497328191781065243e+01 1.915980954971621131e+00 2.394425034714494060e+01 -3.131530987890142370e+01 -3.033582539120473154e+00 -1.350163607628313756e+01 -1.847750539782435197e+01 -1.582016771931102994e+01 -2.044290892968329842e+01 7.732768812571043426e+00 -2.762328088775441337e+00
-5.829161843903258955e+01 4.271412306331239961e+01 -2.033086417859356132e+01 1.392177399347354871e+01 -3.054664331444140046e+01 -5.767688716156035511e+00 -1.833666602896554210e+01 -3.040655525267002801e+01 -1.981063922611276951e+01 -2.746986684980357296e+01 -6.446797023913298119e+00 -1.967489243102958918e+00
-4.672827617517656762e+01 5.631329514978503425e+01 -3.374586323926094700e+00 2.195983752383468612e+01 -1.736873833425156022e+01 1.261213193397385801e+01 -5.686934556043101274e+00 -1.255302022061589540e+01 -2.571659385088039596e+00 -2.021086343761317394e+01 2.316586850488809635e+00 -2.385853282731972946e+00
-3.504580711353061417e+01 1.738130310588271854e+01 4.784142747120180061e+00 -4.570046057619495627e+01 -4.367364619239082479e+00 4.013749035251485964e+01 -2.159902555551549952e+01 -4.206883421619195929e+01 -4.314648068117174162e+00 -2.692771651481633910e+01 2.925560966571620725e+01 -9.361274405897075823e+00
-5.391282822512631867e+01 -3.171807972076194915e+01 -1.140061293240955465e+01 -3.813328134890825538e+01 -1.522290231476019073e+01 4.521029211422082028e+01 -8.070939971249091016e+00 -4.143460972331916992e+01 5.984676551670196076e+00 -2.909479623243442248e+01 3.035807637165518713e+01 2.010856236324638058e+00
-7.264650732521067766e+01 -4.339781378814812740e+01 -1.388521345011302799e+01 -2.000643744177803995e+01 -1.961455929194090686e+01 2.573999986135142493e+01 -5.239243587847363415e+01 -5.495890496369963785e+01 2.756460494362894753e+00 -3.971106322195228699e+01 2.076304386615398911e+01 1.096782646946849571e+00
-2.933149168422664133e+01 -1.609749903179433517e+01 -1.455902344200595877e+01 -1.281996560327366552e+01 -1.551351250690866479e+01 3.665172845300261883e+01 -2.367978339899435269e+01 -2.138585430828398160e+01 2.428000400822790539e+01 -3.259494904193687592e+00 2.515293509359507240e+01 6.344294913129367330e+00
2.158375124383710641e+01 2.558814306122182458e+01 -3.341446082886116109e+00 4.602125508780324559e+00 1.362637498923102441e+01 3.547500726073070609e+01 -1.694251245347261658e+01 -7.506210474901809704e+00 7.663677150439070829e+00 -1.386372850864924189e+01 9.023371529835539917e+00 -1.845327774775871177e+00
4.603965864894348670e+01 3.831876632359502821e+01 -7.600828876901735143e-01 -1.044991723292983110e+01 -9.944320687563944716e+00 1.735725269692660078e+01 -1.627821294340856539e+01 -9.962760620909539844e-01 6.589212991557296561e+00 -1.265159602087443602e+01 2.313491867141841851e+01 7.092821417094122616e+00
4.538483519618084472e+01 4.207529687037725807e+01 -2.258870378767447562e+01 -2.928900374843104970e+01 -2.638235543347983736e+01 4.202772862198336234e+00 -4.133083283194993385e+01 -1.790737717707715504e+01 7.330460290041189708e-01 -1.856620597625899904e+01 1.773075039816622933e+01 -1.023138678925232625e+01
4.706731673254346759e+01 3.879171618672035038e+01 -1.535590297611541466e+01 -4.147343388785942864e+01 -1.820183967085049659e+01 5.758544571993382988e+00 -4.595387700611736648e+01 -1.396417428022558305e+01 -9.669389253595475964e+00 -1.923989138162621515e+01 2.853198359263909012e+01 -7.981424647209710344e+00
5.176134347588102003e+01 3.617828393957682209e+01 -3.392641562282688028e+01 -3.496357204576841582e+01 -1.122037848882824873e+00 1.841879334885010167e+01 -2.320094709539237243e+01 4.529721280917643256e+00 4.573957702056552499e+00 -2.332166585349039423e+01 2.928290307916586954e+01 -2.620166693970665150e+00
6.312491639123773268e+01 4.083975662641616111e+01 -3.156066111786971362e+01 -3.458671576012886106e+01 -1.472637407407772159e+01 2.930668277937657962e+01 -8.524499565182026117e+00 1.366295366190103522e+01 6.668447961502381283e+00 -2.318344395864053098e+01 2.543729176679891779e+01 -1.166714503113816637e+00
5.977836294391144634e+01 3.869520474873442595e+01 -2.461907047719129338e+01 -3.922785372712408503e+01 -1.511487677968649379e+01 1.743554657811011310e+01 -6.205887568728845949e+00 1.575530109021763714e+01 4.536826991102562268e+00 -1.530958983747086322e+01 8.181332451955936946e+00 -7.860136134839579292e-02
6.559135671094546183e+01 4.843795007115256368e+01 -3.039749192119488796e+01 -3.774531887701377286e+01 -3.479978704371042397e+01 1.361376641008315147e+01 -1.641725216714503333e+01 1.452389849168204172e+01 -3.425663314187473718e-01 -2.944276079760012266e+01 6.706178012321212023e+00 -4.692615652283365968e+00
5.738078060027083893e+01 3.628141633881003969e+01 -1.830141580483079267e+01 -1.301787527702500924e+01 -1.299909946355003498e+01 1.420788986001059229e+01 -1.356526413689902810e+01 6.893903559673641546e+00 6.130178608639580418e+00 -8.435568798379387445e+00 2.573571409891037387e+00 -9.323498706267480785e+00
5.565277768563872485e+01 8.409650251662537812e+01 2.304807940540112732e+00 -2.063059894491756907e+01 -3.120418076402252083e+01 9.973477852317108372e+00 -1.116066368133516562e+01 2.521664350711759539e+01 1.638399499706457974e+01 -1.685418612920052794e+01 1.597855718698519834e+00 -2.540807586204654811e+01
4.035500821152982098e+01 8.005426288625673692e+01 2.560328086764772415e+00 -2.861397550963018688e+01 -3.103039584103057180e+01 1.180982086204472559e+01 -2.132993033509788816e+01 2.562631431129255333e+01 2.041526794175026360e+00 -2.857538880452454677e+01 3.906808428215208462e+00 -3.387673224321675036e+01
3.311894883539142853e+01 6.328416947850156049e+01 -1.736016014995523804e+01 -2.911058432790879635e+01 -4.054779714042754790e+01 -8.389967471831337065e+00 -4.133918047160789655e+01 -1.217250976068955026e+01 -1.079474633877234702e+01 -2.757661941901704949e+01 -1.211847187623287070e+01 -3.977613387370512754e+01
5.258171058808844833e+01 5.926188313930812512e+01 2.473416139575601580e+00 -7.682134872217353916e+00 -1.650015913611177609e+01 9.987867122115291707e+00 -2.304509939759015680e+01 1.052409592156997320e+01 4.455703652943661552e+00 -1.741763751129017379e+01 3.994952108426170323e+00 -1.072872016323258038e+01
3.773516824659662205e+01 8.219024350385609523e+01 3.096780961731586501e+01 3.598475472290444177e+00 -1.615989074949291648e+01 1.669476789258381189e+01 -3.891665527363491606e+01 4.851013357583124908e+00 2.267732891215184399e+00 -2.455822147650409448e+01 1.986828167935995992e+01 -8.143061836972021794e+00
3.884929642042422415e+01 6.930420863145579347e+01 8.117712636937852722e+00 9.754636258074658173e+00 -1.215207286420688249e+01 1.062509610456845977e+01 -3.074142290369554331e+01 2.500091969777145096e-01 -1.059407158539735860e+01 -2.436140271594082662e+01 1.124812233541665663e+01 -1.345689959956452419e+01
2.935796744215203447e+01 5.869449586377127304e+01 8.277704464264624917e+00 -9.794279603171395010e+00 -7.500486738864125869e+00 3.310800004117802509e+00 -3.142506155091361109e+01 9.617978850114930367e+00 -1.238228920274479172e+00 -2.421301515217126976e+01 1.645358228183334148e+01 -1.178242491355879551e+01
2.258240939401399672e+01 9.140669239323941042e+01 3.290018465082157206e+01 2.585846494397728534e+01 -7.035270022448244731e+00 1.259631779521101080e+01 -2.025903027681534141e+01 7.372378692921195409e+00 -1.133098275703758873e-02 -2.111292698509769750e+01 8.274411269606865460e+00 -1.851537485271773420e+01
1.748219013412794709e+01 9.028669715932738882e+01 3.553003075927048116e+01 2.343908091156453821e+01 2.264427978236339900e+00 3.050510867479302846e+01 -2.691285112798885493e+01 1.258279919490963650e+01 1.634498142723398217e+00 -4.242682275276565917e+01 -1.187146793796029165e+00 -1.742533397195571609e+01
1.843249988900919689e+01 9.340119293124985234e+01 3.025874461522847980e+01 3.954008952282619305e+01 -2.836489100892661597e+00 1.741474016663422475e+01 -6.696279258316378602e+00 7.277988808188514902e+00 7.920130846542798864e+00 -2.886959352390273281e+01 -8.709590184849695049e+00 -1.424434661518937162e+01
1.147461136895201683e+01 7.595459930448130592e+01 1.714035076846199601e+00 2.775333249036263794e+01 -1.856661443798656830e+00 1.993881513628173607e+01 -1.161821517014975313e+01 -9.860256259698081394e+00 1.847083305151370869e+00 -2.365743573433012870e+01 5.977481897569088432e+00 -8.183189609601384973e+00
-2.101200667854624982e+01 5.702330003776580725e+01 -1.287646578498633509e+00 3.104135537599320571e+01 -1.243216271620597979e+01 1.917271659824010044e+01 -6.917343346654796221e+00 -4.675113617947732614e+00 -1.227743361462018257e+01 -2.858060037087354033e+01 -6.959706191583038049e+00 -2.100163207694665957e+01
-2.909980969249340887e+01 6.043864953458805189e+01 -2.516974453028759662e+00 2.328087351406078298e+01 -1.749548010657364827e+01 1.846781057383047653e+01 -7.892024779949513125e+00 -9.082584752913527737e+00 1.369695015283454609e+01 -1.366492083621746545e+01 6.960130867233887741e+00 -4.146738526900220378e+00
-3.977256884390382652e+01 5.423429307243455355e+01 -3.371230093001824635e-01 2.818855454862607601e+01 -8.417495403933198617e+00 2.664194672071656456e+01 3.586364466103513227e+00 -4.514485954909796206e+00 -5.090108984539085668e-01 -1.578393029360688615e+01 4.606891695157889544e+00 6.525933236877423660e+00
-4.511732958447957742e+01 5.434161994717491950e+01 -8.549383514746589086e-01 3.284211002455187867e+01 -2.240926189520071432e+01 1.544706488125191157e+01 8.316885918366569541e+00 -2.125180708999352852e+00 3.502634480310199638e+00 -1.588582008803683010e+01 -4.525044716097052167e+00 -8.355625429171963603e+00
-7.025072192764204715e+01 3.887018266413477363e+01 -1.160877698687678716e+01 3.450493073574328662e+01 -2.031715486710265139e+01 5.507074962452255029e+00 -7.099393167829334494e+00 -1.200096993944962165e+01 2.641863219867087498e+00 -1.557221355800824014e+01 -4.452786022940635746e-01 -9.932294200045266308e+00
-7.063857164174081049e+01 3.087515150033088673e+01 -2.693950761461813670e+01 1.912380861187033076e+01 -2.279162310265897418e+01 2.413375070973267533e+00 -1.298520233225810827e+01 -4.306428014918177283e+00 9.360365483388470409e+00 -2.123529232364573005e+01 -4.164057943173973264e-01 -1.786143650141508488e+01
-8.894175276043327472e+01 2.601256936466868552e+01 -2.811476753412903662e+01 2.830824894278693904e+01 -1.218402802807663754e+01 1.158646749543047960e+01 6.487516576328912210e-01 -2.102692970345287016e+00 -1.079834158171639302e+00 -5.670446354791355503e+00 9.475121395595728302e+00 -2.467453734686608779e-01
-8.121090391457417468e+01 3.863327110264723530e+01 -2.217424304190159035e+01 2.330992697603350905e+01 -2.264861666232146575e+01 1.234645274447301411e+01 9.828813314301790172e+00 -9.975262224928327370e-01 1.322750718615296428e+01 -5.829309146145717158e+00 7.800440863170313932e+00 -3.028649002197035145e+00
-8.673047280330470699e+01 3.996582744959090405e+01 -8.089220370615430866e+00 3.509681692633076722e+01 -1.779637139281880920e+01 4.992729755616083231e-01 -9.556602975781661513e+00 -1.387456463514592997e+01 -6.430477895305897196e-01 -1.810195086298904599e+01 -8.360596129205748461e-01 6.400186496873143227e+00
-8.198833718415394856e+01 3.948885759569478182e+01 -9.024768819113129226e+00 3.126811380993522960e+01 -2.594346662516404223e+01 6.346299961457496863e+00 2.048580828809923204e+00 4.734448574957267120e+00 1.075022927601126810e+01 -6.427292821230076392e+00 1.081339141938950732e+01 -7.633241134854596766e+00
-1.177460402690574597e+02 1.487561317016115936e+01 -1.384585400137740407e+01 3.722311729161354776e+01 -4.195131857413000098e+00 2.064141764103769106e+01 1.438538810441451332e+01 1.634451302061090416e+01 9.539388964206867882e+00 -1.806863109548881852e+01 3.390075445605698512e+00 6.385929130443503965e+00
-9.004126345031332335e+01 2.660451177472833706e+01 -9.488566620366990279e+00 3.131792346613483957e+01 -2.080821422549499999e+01 1.524804211129912446e+01 1.247409674419831660e+01 1.050775608264021166e+00 4.478667902479220864e+00 -1.239192709009023474e+01 1.193757594041335679e+01 1.254860019904222312e+01
-1.052272747416906213e+02 1.682977496644505777e+01 -2.648018154804907454e+01 2.253249668694741104e+01 -1.540881532863446601e+01 5.988802994066020347e+00 -3.359130155888745861e+00 -2.256783823884457085e+00 9.192846552807782956e+00 -5.095456016517617925e+00 1.481836829074643802e+01 3.827468501077866847e+00
-1.122345490333591727e+02 9.149423982798898791e+00 -4.760881270764456019e+01 1.358773366333856458e+01 -1.980073179577378184e+01 6.099948161628679699e+00 7.787788102137245261e+00 2.928624642593518512e+00 2.261922919974339141e+00 -4.975102151488206559e+00 9.602972814822688719e+00 -8.776963520543995756e+00
-1.211913915133212072e+02 2.152567129353487729e+01 -1.067988177165384478e+01 4.080677339758094035e+01 -4.945616766385874996e+00 1.557843331751005778e+01 8.708080320602075375e+00 1.510881906649584927e+01 7.666312672212114876e+00 -1.212531138583821111e+01 1.019281413776510270e+01 -6.298128300663657697e+00
-1.023039236741104219e+02 1.812057429444567447e+01 -1.930478098376344320e+01 2.225883475737768791e+01 -2.519521782177065816e+01 7.083517013668096496e+00 1.266671293387179542e+00 -3.799478664105788717e+00 5.150472918625689012e+00 -1.684222505683813509e+01 5.418124328930431943e+00 -2.008462629781638142e+00
-1.246583336065666572e+02 5.135613506631754532e+00 -3.113926186220319536e+01 2.715828971964901584e+01 -7.319644929518890564e+00 1.613903704710783771e+01 8.763560552822958982e+00 2.640909599150141673e+00 1.710742517938515661e+01 2.107198032627479733e-01 1.180000469834638288e+01 -1.423483301465270578e+00
