-1.055825910201781141e+02 5.829250294435622592e+00 3.986785448832243173e+00 -1.225217580476245161e+01 -9.876903247343665981e+00 6.120775218766195458e+00 -1.054998347996876973e+01 -1.176423713298578200e+01 1.274598915060702886e+01 -1.457344723514257545e+01 -4.105592792639424005e+00 -1.509856311041818611e+00
-1.060611702927376712e+02 9.136186528969627574e+00 1.186821579475825672e+01 1.303298520514583458e+01 1.392102829654159635e+01 1.178655544019925294e+01 1.064677151426615431e+01 9.488677478688116729e-01 2.416351720604845355e+01 -2.816553730400262356e+00 7.681779307327080808e+00 1.370968911056813511e+01
-1.270961549140941855e+02 -9.945068520273846246e+00 -4.120113622924247210e+00 -1.483985473329179960e+00 -7.713292615558714260e+00 7.644476987469149165e+00 1.243250563031179645e+01 -9.368294590645392717e+00 1.471169725067379730e+01 -5.358150557654074220e+00 -2.393354332356690595e+00 -5.767124346137908475e+00
-9.692954701546972274e+01 -4.578369905721952016e+00 2.921661439749865696e+00 1.428380313767989307e+01 -5.105383044366744727e-01 8.824437803430513760e-01 -1.049117189287939844e+00 2.760441131613882604e+00 2.434655250572858165e+01 -1.429759236682937207e+01 -8.196841960883356037e+00 -6.300792989233944041e+00
-3.971281239454259548e+01 -5.090415048335084691e+01 2.512530538328556773e+01 -3.775722023163348240e+01 -6.023621546605612309e+01 -1.646389171917193295e+01 -4.667868840985310896e+01 -4.354190999710018772e+00 2.860591777667024971e+01 -1.848982856979699463e+01 -7.788588532550177135e+00 7.670825765345694602e-01
-7.100079997123033593e+01 -7.054444767325475141e+01 3.983228805339584966e+01 -2.560863207590715618e+01 -3.691008196036769817e+01 -7.501813702192245081e+00 -3.059724672898688169e+01 -3.178841041689617342e+00 2.967310709606358898e+01 -3.982863391280766940e+00 -8.332886589681486100e+00 -4.101277615578588609e+00
-6.659376076774694297e+01 -6.335249585089031399e+01 4.796748626824252426e+01 8.415953264793762045e+00 -2.336853493999562659e+01 -1.701976778955773639e+01 -2.050349856168301343e+01 9.378475024928210502e+00 2.194574170378960787e+01 2.287635591537564128e+00 -7.058884181463821683e+00 5.369243112220717151e+00
-5.338143681209057689e+01 -4.949764323662364518e+01 7.910408863548340719e+01 1.635491326452699212e+01 -8.232878948893661786e+00 -1.316315566303687401e+00 -1.770235155167176799e+01 -2.442154801577486545e+00 2.122864619974675904e+01 -1.433839015167246433e+00 -4.802216586651730790e-01 5.590196676639358486e-01
-1.144354684467054994e+01 -1.036006295936545385e+01 7.344411011489529528e+01 7.351074045966928594e+00 -5.459130176709228621e+00 -3.475047766383517001e+01 -2.367062479848421219e+01 1.200951921539319400e+01 4.114136767862771649e+01 1.185034958252898285e+00 -1.394255425430285200e+01 -3.673269871815286969e+00
2.690568695258259879e+01 -3.420608214355527821e+01 4.001937476048387055e+01 -1.314781126380113463e+01 4.720444609027492078e+00 -1.435298545038907037e+01 -2.557834269034976238e+00 -6.591397386237670020e+00 2.813400734789374980e+01 4.674139872560264530e-01 -1.322397626291269290e+01 -7.053864911395724135e+00
1.116125153882489229e+00 -2.085991829193547886e+01 5.083991760584088127e+01 -2.170101567685768984e+01 -1.628842952878163430e+01 -2.933776202809859868e+01 -1.756777482211955288e+01 4.332010080235468408e+00 2.872766061952923877e+01 -2.922446378863544858e+00 -6.375345640303626382e+00 2.885378100476345686e+00
1.757182741022850081e+01 -3.359619116753662382e+01 2.439591480611137797e+01 -3.659088343599408688e+01 -2.609952420689692332e+01 -3.758190001559049875e+01 -1.539002832161610002e+01 -2.157203081791754329e+01 3.634471185432904861e+01 -1.009942165175905870e+01 -7.497251984702832495e+00 -1.664739119997642192e+01
2.621802391395106469e+01 -3.246868136941375127e+01 1.319823463521871076e+01 2.405559874959818156e+00 -3.589297492270407020e+01 -4.279055797956010565e+01 -2.384655330235123927e+01 -2.641667514272082684e+01 1.365921799155067795e+01 -2.805160446314527434e+00 -1.399435265727696098e+01 -1.861972564710704603e+01
2.743612168098357174e+01 -1.762677224297726042e+01 2.782714651621376234e+01 4.013765675278371248e+00 -1.582250380930248745e+01 -3.677031775561711413e+01 -2.660981269016266193e+00 -1.069983237244932894e+01 3.506526099756020187e+01 1.064250444051295830e+01 -8.204407489910240159e+00 -7.701417072091820692e+00
4.725855939542503137e+01 -1.313797213760150839e+01 2.796839850147934214e+01 -2.088204999493191494e+00 -1.215479210641430896e+01 -2.179323425667258007e+01 -1.002402036949912301e+01 -1.876848429852733346e+01 3.765821045154673641e+01 -1.023167546359568902e+01 1.226700855838278592e+01 -1.595271585294057282e+01
6.035915044089312431e+01 4.909079299280811881e+00 2.985336034249310444e+01 2.981042498733567303e+00 2.532790150976559129e+00 -1.486142093195376646e+01 1.643913627834792113e+00 -2.274980936362548789e+01 3.085133722621212016e+01 -3.000523721923727294e+00 5.307831976481532266e+00 -5.220458694753640216e+00
7.054857473685621017e+01 1.540269786728460666e+01 3.355338412606876375e+01 -2.820590044932711482e+00 -3.720582462687886505e+00 8.170195828880732591e+00 -1.693377436477351949e+01 -3.681374188893020971e+01 4.666017155205699041e+00 -1.348715429223767792e+01 -4.941855687103813288e-01 -9.122400235958465942e+00
5.998785649678915632e+01 1.377986745307720717e+01 5.455167797462083001e+01 5.966562528477354910e-01 -7.357640125661700559e+00 2.081244791014086815e+01 -9.161575298567267822e+00 -2.566391278896342598e+01 1.849077354619662605e+00 -1.860970307687417602e+01 4.266621762542855301e+00 -2.108668528755346472e+01
7.708356646488667252e+01 1.166629684577396198e+01 6.000553329026251248e+01 1.140279256512411088e+01 -1.596329611289407202e+00 1.155265440363667295e+01 -1.333927351857051846e+01 -2.479970462467822045e+01 2.733883815326434430e+00 -1.472384357272493816e+01 1.064249936857597234e+01 -6.024400876237034907e+00
7.809476487473371265e+01 2.481837211296284096e+01 3.777906631894252598e+01 -6.926970819134643520e+00 -7.736270472927387232e+00 1.195933425083256196e+01 -5.381617619266879871e+00 -1.874467671742070962e+01 -1.835102145502192084e+00 -1.241624574141631321e+01 3.160355813936724267e+00 -1.065819759931232902e+01
6.737706604176655389e+01 4.137579200226777232e+01 4.529479089584012286e+01 -4.907317131100976226e+00 1.334835311028368832e+00 1.145489114040296741e+01 -1.472208485658788923e+01 -1.907833080715887775e+01 -6.200616972157280138e-02 -9.326509676326228515e+00 5.007464977993736355e+00 -1.286900284628648805e+01
8.014407535875983513e+01 1.315391430873526168e+01 3.956623460136649584e+01 2.960320167662029434e+00 -8.700507495648015066e+00 1.459693060847652291e+01 -1.271344727170349209e+01 -1.119532784767012501e+01 3.140255933454812354e+00 -2.845851030476128329e+01 -3.313250576865243602e+00 -1.438709727384656389e+01
6.502867760820572585e+01 4.962079136937014567e+01 4.562303238036727748e+01 -1.517925099425956326e+00 6.072956523983631172e+00 1.491799579328582581e+01 -1.655767222048815768e+01 -1.283227459387751068e+01 4.827877999315936641e+00 -2.838489631399740176e+01 1.428874642772553827e+00 -7.283679182498280724e+00
7.500152742722866606e+01 3.885005405860574967e+01 3.289575022946810634e+01 5.491149719564418774e-01 9.623312753666212416e+00 1.112554945668133399e+01 -1.051699580631622410e+01 -1.743345968050708095e+01 3.518217541409224935e+00 -2.718936953859984129e+01 -1.332508662888941586e+01 -9.859446490631372129e+00
5.063930242053986319e+01 6.252153525185326544e+01 3.701351776047343378e+01 1.591062572135517961e+01 1.145805270116423102e+01 1.685120655614238672e+01 -6.403370046840683116e+00 -2.201262310229296304e+01 3.366979628152198423e+00 -2.326931182233020223e+01 -4.828347475840470082e+00 -3.016827139563861948e+00
1.360380389399532675e+01 3.688947290366524356e+01 2.427524012702281553e+01 4.775056529877760525e+00 -8.587659555677713996e+00 -1.224416288083716164e+00 -1.193997134864037335e+01 -3.211209133721358455e+01 -7.611187836025196773e+00 -1.835085795396921071e+01 -4.517791446236137709e+00 -8.205233556909817594e+00
-1.191648762921888505e+01 4.633743385815694182e+01 2.567594078605164043e+01 2.724018395405328086e+00 -3.153738336692865296e+00 9.521125213215647420e+00 -1.608732773219012557e+01 -3.926611688308280179e+01 -1.584320692248349260e+00 -7.123781651543960258e+00 8.808964433369146363e-01 -8.167046871622572368e+00
-3.493820305282005023e+01 3.153018351358065274e+01 6.654248600597074237e+00 3.924356979401007806e+00 -9.652396465786825530e-01 -6.601095979836764549e+00 -2.101684876374277877e+01 -2.512124328214043345e+01 1.573782317401654041e+01 2.526213737155985850e+00 -5.342606899779655194e+00 -1.278299736581163160e+01
-6.376327503019805931e+01 2.590862065856289220e+01 -9.778402904421317210e-01 -6.744908569147291644e+00 -3.540367711183272093e+00 -8.452232394121818260e+00 -3.533620157580247501e+00 -2.604533954409135532e+01 6.982245715623978555e+00 -8.778083797970609226e+00 -9.040875068742069587e+00 -1.234878977144269996e+01
-5.407327881475875131e+01 3.067339314714860876e+01 1.006400463467528361e+01 1.211544732139891600e+01 8.219375513132549660e-01 -9.428696317704362784e+00 -1.203391747047976601e+01 -2.247572525548233813e+01 1.911468828830535216e+01 -7.417481086644643895e-01 -1.019999623905492925e+01 9.554496768507081406e-02
-4.967832215718436117e+01 -1.404919004279136630e+01 3.341356114237342467e+01 -9.693456283279550334e+00 -1.154738853271071797e+01 6.083031424534081744e+00 -2.244193102492926783e+01 -1.162444209124365102e+01 2.550679004455789567e+01 -1.895254469650504348e+01 -5.953457658773580796e+00 1.688366142885279331e+01
-3.656336814817594316e+00 -2.450021024591210761e+01 5.339207826047237404e+01 -6.278858666803055932e+00 -1.172787908380183985e+01 8.794826437439368760e+00 -1.197001723230198955e+01 5.983315897366547453e+00 4.180289176948494401e+01 1.263549464725056737e+01 9.720083127756401709e+00 9.650151849354703160e+00
-3.778435807656093459e+01 -6.960316844091485677e+01 3.640278337356837568e+01 -1.775606210149135578e+01 -1.943976262304099123e+01 4.979996782789775978e+00 -1.272606179110099589e+01 1.288435322529271332e+01 3.535478540793966573e+01 -1.982807339451561734e+00 1.991260157452537172e+01 7.006863797119740056e+00
-4.428596311321643952e+01 -8.865320560940705263e+01 3.804789032916799840e+01 -8.889727615110771808e+00 -1.626114301963612974e+01 1.120541651629599400e+00 -2.571526021519854055e+01 -9.090982699698185954e+00 2.736106068581535666e+01 -2.043958537275955223e+01 -2.204128703424933278e+00 -1.618379384319580083e+01
-9.675905144864309193e+00 -4.015526334405578268e+01 6.063946952029169069e+01 -5.862348444293435712e+00 -8.550689316992494682e+00 6.917150710671339020e+00 -1.978156870620865959e+01 1.992362823033102970e+00 3.014017739456900102e+01 -8.213290425680739304e+00 -1.278731486183237109e+01 -1.542587022896988636e+01
2.130803983116736333e+01 -2.661411077395982971e+01 6.595737813941576633e+01 -8.604442271310073664e+00 -1.514208127813708593e+01 -8.510948832452037038e+00 -1.239208663886787676e+01 -8.824117535832785464e+00 4.181193473184846710e+01 -1.348141193067420218e+01 5.594118756262287384e-01 -2.031696268775895931e+01
3.064346681243445047e+01 -1.136491191787316168e+01 4.861364755260948556e+01 -2.616189948510135821e+01 -1.227637580746798740e+01 5.795224510543456553e+00 -2.749304843736463866e+01 -2.338125762012914333e+00 4.365689333222918833e+01 -3.897046992343355942e+00 6.412020945473416944e+00 -7.767779177458838724e+00
5.678889480477657514e+01 -3.200250594102881507e+01 5.158031303568851911e+01 -5.262680073532615665e+01 -2.485898043872013119e+01 -1.611338120982450306e+01 -2.792764400755164189e+01 -2.921415151190284121e+01 4.609404575492099809e+01 -1.211594881105419041e+01 2.401010397805003471e+00 -1.457198552208091336e+01
5.785011574650245336e+01 -6.459181515508473126e+01 3.366314609559188398e+01 -4.508289676937918244e+01 -2.768906599646206246e+01 -3.938100962583941822e+01 -2.756780575110077081e+01 -2.581959839616426322e+01 4.070905690342688388e+01 -3.465032700706732083e+00 -3.115080957086425961e+00 -1.542542913196153620e+01
8.037372704914108112e+01 -5.230267612631889307e+01 6.276630238649341464e+01 -2.469786037989157634e+01 -1.319798423268773391e+01 -1.654065911574594594e+01 -1.745934868202090229e+01 -1.197602748162767838e+01 4.208432956925588542e+01 8.181531037468184664e+00 1.490434997647226645e+00 -1.015296033398883324e+01
4.879732918736847580e+01 -5.587660448782096978e+01 4.224821284919404718e+01 -2.271532489407228894e+01 -3.710005555183838055e+01 -1.852442923465588365e+01 -3.079141891702450096e+01 -8.181969966701384323e+00 2.754392344404512016e+01 8.906002281591062442e+00 -3.405311716411667966e+00 -5.396162136501844842e+00
4.949692487823135423e+01 -5.882556752723056093e+01 3.444143704669680517e+01 -2.061603896517375745e+01 -4.038095454734204282e+01 -6.602472428459095433e+00 -2.599609502601412103e+01 -3.677571390601517276e-01 3.685762208956383290e+01 1.403970234723920996e+01 3.794790293542173565e+00 -7.102087254203687472e+00
4.080662028447252965e+01 -6.800567070718133778e+01 2.304743575267113087e+01 -2.952997157893221214e+01 -4.332803396061433432e+01 -1.941268568068769440e+01 -2.612598680699162657e+01 -6.459503764062039188e+00 3.182162588113616408e+01 5.724411286925001896e+00 1.035976278061912836e+00 -1.130212848756977273e+01
5.759328890638619214e+01 -4.145164305495507051e+01 1.942878986597574453e+01 -2.514598709514893926e+01 -2.836507304837899568e+01 -1.184298843505988685e+01 -1.942310356533920057e+01 -1.503108003243483459e+01 1.571775550951636546e+01 -1.121395201659772312e+01 -1.317564935855720876e+00 -1.055667594895243155e+01
3.352835517195278214e+01 -3.155602746873486808e+01 1.815179014167332383e+01 -4.272789075738575804e+01 -3.329381232218354114e+01 -2.744292620024274498e+01 -2.856979854601623359e+01 -1.202284169543915304e+01 2.245850531891495905e+01 -1.757013180123227869e+01 2.064153025350459636e+00 -1.392958741145763213e+01
3.255290432451836580e+01 -1.832636956931415284e+01 5.513149214196587877e+01 -5.490021236141393501e+01 -3.091767636180289713e+01 -9.419196550862896089e+00 -3.016481365630710343e+01 -1.438010429112599198e+01 4.426526767449440314e+01 1.903804377935920389e-01 -4.119395562953842571e-01 -1.639580314515436399e+01
4.675611486693182428e+01 -1.034725535085962456e+01 4.699628468970909978e+01 -2.167588897507515355e+01 -2.558077119749466277e+01 -1.425466705628583064e+01 -8.509491265201006627e+00 -1.236294195166479781e+01 4.704747388035107747e+01 -1.342179481096186677e+01 1.349648328377602269e+01 -4.548921060565845664e+00
-2.358147866723929287e+00 -4.401390178746524384e+01 5.352582920365749430e+01 -2.196472209011465537e+01 -3.662805477956341349e+01 -3.056544178130998901e+01 -2.030283730474966575e+01 -2.121421148230968612e+01 2.323196365034457500e+01 -2.458187638697500788e+01 -9.937013317834317405e+00 -1.454722954749311370e+01
-7.142081731513975740e+01 -5.655884496027633190e+01 6.193498187936525312e+01 -1.438773779100734984e+01 -3.419040867741853873e+01 -9.390897128104917613e+00 -1.785241246915018953e+00 -4.475658556345528893e+00 3.752727654972410676e+01 -1.654374088138916932e+01 1.431320000155463568e+00 4.133936491375901134e+00
-6.698322803378493973e+01 -6.517633680853840872e+01 6.510013343754116022e+01 -7.186261870759808268e+00 -3.594259567993270821e+01 -1.056635667379095622e+01 3.893849711693753157e+00 -8.640185491327097012e-01 3.339480164000428175e+01 -9.164052777603783895e+00 7.129013115917102184e-01 1.145098401621938677e+01
3.989338370896473407e+01 3.029651614222886735e+01 2.405050624265566128e+01 -6.579791549182454347e+00 1.242350143563263742e+01 -1.907941391685580257e+01 -4.941202974047621765e+00 -3.494947649637263254e+01 2.942587267272238449e+01 -1.769109346549489459e+01 3.061665850586658078e+00 -9.121723013300368166e+00
7.070998987282825965e+01 -1.537063435943234246e+01 -2.857447215198808621e+00 -3.219709571425600814e+01 -1.678518453420242196e+01 -1.853347470137822484e+01 -1.751053874964480173e+01 -1.466084011369171947e+01 4.357921756797884427e+01 -7.586846721209873579e+00 -8.684237292139282971e+00 -3.625562844729965928e+00
8.949475959673718251e+01 -2.672203230441610344e+01 -1.500894073120344840e+00 -4.286743072779133001e+01 -1.119126733745785174e+01 -5.143073658222384381e+00 -2.148781212972622967e+01 -1.695956953505931963e+01 2.966549363903686753e+01 -2.138393372021013761e+01 -3.210755593574295297e+00 4.147035933409467745e+00
7.658423622903166006e+01 -2.422861636185271550e+01 -4.922746486376280650e+00 -3.767125625838438907e+01 -1.461727835768041750e+01 -6.222346879780788598e+00 -2.436997257236948400e+01 5.215505761340394342e-01 5.072287731296607660e+01 -9.628389042882155024e+00 -4.666827324671302790e+00 6.856156999762838211e+00
7.718151136839206572e+01 -4.510472859000616097e+01 1.120098344453505845e+01 -4.360503667580822196e+01 -2.647827247603375866e+01 8.059442967207417041e+00 -2.447956164226313547e+01 -1.490478993559285392e+01 6.570956753176577081e+01 -1.740249685993673268e+01 -1.482632642408792734e+01 1.386858733705892810e+01
9.484155998719174363e+01 -4.881490180078294827e+01 2.584873666034430784e+01 -3.163708356211785144e+01 -1.809326067078610123e+01 3.248663508100062813e+01 -2.379411749914997642e+01 -7.678630404113435226e+00 6.571019688202835596e+01 -2.416456338160718786e+01 -1.413810614885943728e+01 1.433422901702056773e+00
5.962967068104998702e+01 -5.043996899994149175e+01 7.692915195212638224e+00 -4.927397913004013219e+01 -3.031889484668240797e+01 1.432248916720094201e+01 -3.338369887985832918e+01 -1.132852883241881381e+00 4.193363111277245281e+01 -1.786375655806791940e+01 -1.163587285022067519e+01 5.574926780241742819e+00
8.469675213420953241e+01 -6.962401212021481456e+01 2.974549724966208686e+01 -5.089558019625503249e+01 -3.534658125236521187e+01 2.915248795925658243e+01 -3.374706978001855617e+01 -3.254187040358067495e-01 5.861438739738149195e+01 -2.538740277425377911e+01 6.608977864460547913e-01 4.146849953788140475e+00
6.379081145154695776e+01 -4.511555010415366951e+01 2.651958113813030238e+01 -4.779490942378649265e+01 -3.213863453517820545e+01 2.680487444438443134e+01 -2.829644508424655669e+01 4.471962909373402795e+00 4.840521826067047328e+01 -2.138131728141924981e+01 -2.220448754649591017e+00 2.597896036783609919e+00
3.216579220315659882e+01 -5.235182270930388881e+01 2.500199817450896234e+01 -6.426122177854443862e+01 -5.028566380434416772e+01 4.467738783379160417e+00 -2.912569333963774199e+01 -6.849792936748244188e+00 1.595831454990190856e+01 -2.972828435693331528e+01 -1.290551062513875991e+01 -6.027701924724939708e-01
5.314186333591143807e+01 -2.128825648389317138e+01 5.245889061397399189e+01 -6.016257923733456181e+01 -3.797003779683343794e+01 6.442272393939603603e+00 -5.557178690816213518e+00 -8.057826349523995901e+00 4.781420915099366198e+01 -2.056048489188605544e+01 1.418441535340625004e+00 1.711535307432979636e+01
3.565040345769288876e+01 -1.342734368266611433e+01 4.041542026699825385e+01 -5.144277189106139758e+01 -2.651246564355546553e+01 -5.734293122248131702e+00 -2.137260416469617397e+01 -3.574732460494571740e+01 4.267705739435365331e+01 -3.187207581560913994e+01 -1.144555207603470670e+01 1.342248113298182943e+01
2.966748730390065347e+01 -1.243787627907381577e+01 2.388690651051138314e+00 -2.468136348698997296e+01 -5.734811891789591165e+00 2.572812128642525309e+01 -1.583470666302403274e+01 -1.990332005088291467e+01 3.802262383814237978e+01 -1.747436322075154536e+01 -1.597133652557159422e+01 -1.489549209856925849e+00
2.576555906980060584e+01 -6.131045153528994263e+00 -1.654094045580843542e+01 -3.380693667649772749e+01 -1.134845685017907435e+01 1.491606942936918934e+01 -1.942433340622778104e+01 -7.151490930241814148e+00 3.441154855786976441e+01 -2.605912735266239011e+01 3.051222039802294450e+00 3.417469565048009361e+00
3.355716118915852064e+01 5.896480323935906043e+00 -1.760249379428805483e+01 -5.180979530395702426e+01 -2.374752951134343704e+01 1.321013279333947565e+01 -1.716181893335972930e+01 -1.633948548075037976e+00 3.538147601238480888e+01 -2.303389163028701603e+01 -7.752435883938360917e+00 4.484621526786208179e+00
2.085374938351661100e+01 6.821221848258619325e+00 -3.821575500260509273e+01 -5.203035430176973364e+01 -2.882758458138600588e+01 1.922543858590997967e+00 -9.593161255781419428e+00 -4.120980718218160810e+00 2.597465717510501548e+01 -2.444181587359885910e+01 -1.148340837232020206e+01 -2.700364320309215138e+00
1.736691575546260680e+01 9.784799900515713134e+00 -4.014241005446697841e+01 -4.051514025024606980e+01 -1.591364107242598891e+01 1.006784032255154138e+01 4.720004698287946887e+00 -8.216537346306967748e+00 2.840123805478183527e+01 -8.518783535829246745e+00 6.708890860930730504e+00 6.112737255306135431e-01
4.254023373993371493e+00 2.379008327091505137e+01 -4.647628989913612685e+01 -5.785379927973397685e+01 -2.904342927473049940e+01 3.659301009319224196e+00 -1.848497829314231211e+01 -2.669691951781458883e+01 8.338482673045263027e+00 -1.787183731502603123e+01 -9.175651018933239200e+00 -1.396898683050454437e+01
2.681184728182383026e+01 1.632245009640642053e+01 -4.020009855406969734e+01 -3.952882623173844934e+01 -1.066072854066184483e+01 4.110607651241259042e+00 -8.206497846558615805e+00 -1.958331415487771920e+01 5.178255929473779773e+00 -7.503424444938012527e+00 3.127679826207812930e+00 2.364947259322491391e+00
6.345045301395136894e-01 1.012356979634818366e+01 -3.746306501291630298e+01 -3.359335917177249087e+01 -1.338769864159135103e+01 -5.872601314289865648e+00 -1.657765297419705774e+01 -1.144730681265785321e+01 1.962112909022317808e+01 -4.642312704584813154e+00 1.091498259244254143e+01 1.104338604017851466e+01
1.176259625139396636e+00 2.649861814898418189e+01 -2.167262775378456041e+01 -2.791695366777233289e+01 -1.257504970203321726e+01 -2.041376420961619864e+00 -1.724945690173914414e+01 -2.651856755033925950e+01 1.322214012187198229e+01 -8.599808037805278360e+00 -3.359686161779369851e+00 4.069791914521397658e+00
-2.066861069552505370e+01 1.972316139178695238e+01 -3.582136886841727375e+01 -3.440354604042462228e+01 -1.811257244499755714e+01 -1.410450338911377699e+01 -2.230855767080849716e+01 -2.833271699005744182e+01 1.290144104904370259e+01 -7.665370635393429666e+00 2.245022945373536416e+00 5.685482088011836410e+00
-3.516724387375667504e+01 2.901410682188763346e+01 -2.437098621677017007e+01 -3.097901795736443731e+01 -2.593282573422777659e+01 -1.471005834183089434e+01 -6.197168718559450618e+00 -2.590672006530520211e+00 1.539210433268218026e+01 -3.131098456452588330e+00 7.460853029601631548e+00 7.665742015068667925e+00
-5.541901797576411326e+01 6.963865710379300467e+00 -4.263300704789482154e+01 -4.539676712962241822e+01 -4.248310940265141511e+01 -2.891903514987082247e+01 -1.035453397145997911e+01 -2.676221679073717397e+01 2.665460446527937677e+00 -5.523249541145956343e+00 -4.694456972288086227e+00 -4.453764625710527447e+00
-5.434141534543921637e+01 5.050138411210231659e+00 -3.085420391807201668e+01 -2.279550819073097045e+01 -3.235593123783340275e+01 -1.930580269719058251e+01 2.260376687377443794e+00 -1.130815361693154841e+01 7.632476200409338496e+00 -1.229764303104870393e+01 -1.122929053164979152e+00 4.671008570684607619e+00
-4.307347492802922773e+01 -9.097974562407762278e+01 -2.391376420601140307e+00 1.204461400344647792e+01 1.269057340285460711e+01 -1.245801975898985603e+01 -1.553202635887305760e+01 3.606879807353848388e+00 6.412435228446067725e+00 -5.222302888407141630e+00 -2.107902234529874352e+00 6.662782424132997150e+00
-5.871633309315667759e+01 -6.402039086004555202e+01 4.434352119580484697e+01 -1.724823591779730236e+01 -1.450863537808596337e+00 -2.495143574574173329e+01 -2.241144227521131072e+01 1.447910237395076649e+01 2.117000436595255053e+01 -1.238555263544741081e+01 3.633760397472353798e+00 9.601251691744746353e+00
-6.515187064907448189e+01 -1.054259281846387637e+02 2.176673467127964301e+01 -1.801450609427773841e+01 -2.762111016576394817e+01 -5.722460227632756968e+00 -3.814411237056279269e+00 1.950595273578651501e+01 7.152549568263713908e+00 -2.404187620588907492e+01 1.414760556971994987e+01 3.844286750054683921e+01
-3.690543539850841626e+01 -9.087194945534926660e+01 3.818913002574804949e+01 -1.439848613833835955e+01 -3.336067419139869372e+01 -2.692017402350481703e+00 1.353632982762656756e+00 8.735432774849732240e+00 -3.365772571542693825e+00 -2.946884001492419713e+01 4.029733716965614221e+00 1.941596779270549433e+01
-2.387724300007054623e+01 -9.015742312076145026e+01 2.099500048849299105e+01 -3.420794825138916195e+01 -4.469019585410119788e+01 -1.771998711629233725e+00 5.505221841078228096e+00 7.874208816957810164e+00 6.282254218115422617e+00 -2.944909210025619473e+01 -3.452963324830179204e+00 1.135900876581513685e+01
-4.099003221756475313e+01 -7.511338888130225655e+01 1.506965340167190348e+01 -3.144368927952431747e+01 -4.122480862007815006e+01 -9.200312096970305831e+00 -2.094455624158242912e+01 -8.530013912975894286e+00 7.008881641428287956e+00 -2.399781143153887086e+01 -2.946634335132803262e+00 1.117232030959246103e+01
8.722487026479262440e+00 -7.712636189101982787e+00 4.004014137208424984e+01 1.797383026455369759e+01 -1.820267348789540440e-01 1.597912957713780457e+01 4.497885092020787567e+00 8.690068490686194025e+00 2.001224259900960689e+01 -3.169365241713043702e+01 -7.524915376181526838e+00 2.707892275059003317e+00
1.092474657402989067e+02 1.462967314579948441e+00 2.631300273605204509e+01 -5.021385845925532720e+00 -4.283389537141404446e+01 -2.112807231017872311e+01 -1.174032502529867728e+01 -8.530088306398809550e+00 1.318449799913479659e+01 -1.361949975764244947e+01 -8.294800772009619294e+00 2.178807603901173895e+00
9.207697117186651781e+01 1.894109203297021704e+00 3.278435476551278782e+01 -8.188378731127281540e+00 -4.445595991586858986e+01 -1.570828040361174693e+01 -1.716147208594577478e+01 -1.153773108119607826e+01 3.490019587653156563e+00 -1.490420263181717253e+01 -5.889090193530702066e+00 2.827021176548133674e+00
1.024859447384149007e+02 -6.251704324263526402e+00 2.615072216443923736e+01 -5.972892385995557163e+00 -4.806192602913789358e+01 -1.504991484885233177e+01 -2.121173449332324878e+01 -1.656206871866433517e+01 1.087421096319579128e+01 -1.284223472980920810e+01 -6.589163920016239295e+00 4.545260895456072703e+00
9.488456707156424841e+01 6.531491796763198465e+00 3.306789384577416513e+01 -8.496024905948555528e+00 -4.793619689299093523e+01 -3.058735880035159127e+01 -3.082309450810494056e+01 -7.663670956739196072e+00 4.453659712624130407e+00 -1.489086173457081053e+01 -1.685415593307856508e+00 2.949724276284618085e+00
9.649705446879829651e+01 2.091722147629231188e+01 4.161146473250325073e+01 -7.494188326699767089e+00 -4.069550597708992257e+01 -3.795040572745212160e+01 -3.259138579162937788e+01 -6.973004741798195738e+00 7.347200734076460904e+00 -1.732123397730762449e+01 6.805138953785974110e+00 1.994109719739905584e+00
1.064124819076504735e+02 3.616264335198543023e+01 3.262392004776098986e+01 9.460048316263792723e-01 -4.030014088646558434e+01 -3.676372899988743370e+01 -2.781612828501005907e+01 -1.000770918476980675e+01 1.170436068445849465e+00 -1.619523851754773958e+01 6.404716470139762308e+00 8.649257182409453293e+00
1.118062110194222782e+02 4.278893870913943687e+01 3.418639317840006697e+01 1.453217327495634592e+00 -3.448804382471585939e+01 -3.655295669523791702e+01 -2.898302566022179860e+01 -8.179981714079508137e+00 2.796255521888276974e+00 -2.027929101759529118e+01 9.019382080482781561e+00 9.576935246908519161e+00
1.064104840514300179e+02 5.234647816319193225e+01 3.729406215939052061e+01 9.171282401730643130e+00 -3.853752263559331936e+01 -3.777925785501183498e+01 -2.503582745578441404e+01 -1.331867369428539760e+01 1.471140487371350680e+01 -1.656000058474052850e+01 3.472750292913126646e+00 3.214644254741731544e+00
9.497682919214521746e+01 6.893257605142005673e+01 4.450619012494502158e+01 6.664236938861971105e+00 -3.975495625505315900e+01 -3.253411341857611205e+01 -2.508488058278622646e+01 -2.753283411367939415e+00 1.322295382873547709e+01 -1.765157246518312562e+01 3.807504585996949409e+00 5.503091631496146441e-01
9.141879571098030510e+01 6.046843520215926304e+01 5.290748103321320883e+01 3.659615781624291131e+00 -3.661242127594256601e+01 -2.776717613216956337e+01 -2.010661457999007595e+01 -3.637095267517944208e+00 1.814214013589373309e+01 -1.357944153172245372e+01 -8.292111301537172352e+00 7.217944226544439346e+00
8.976092317105656093e+01 6.157074189884863813e+01 3.444383108878703581e+01 7.222241377412279562e+00 -2.717763481286895200e+01 -2.547073286629903777e+01 -3.922289044071314734e+00 -1.775051062892087916e+00 1.475860732929030306e+01 -2.417561073153781592e+01 1.612622013831884082e+00 7.228603360820290646e+00
7.927478717502359018e+01 6.982446523674312289e+01 3.776529568235152112e+01 1.459779735379628107e+01 -2.352054763998637910e+01 -1.618422233849078395e+01 -9.805691835804617895e+00 -6.812075263895712496e+00 2.203387808647341117e+01 -1.773753963523609301e+01 -1.544041130539452489e+01 1.495392088634804217e+00
7.877218810697804940e+01 6.973630493502740535e+01 3.001989685382476480e+01 4.548983754457930573e+00 -7.848401233771915564e+00 -7.148261023782196411e+00 -8.666934517113778824e+00 -3.209576908868348344e+00 1.802473041434561196e+01 -2.411639118546936444e+01 -1.645536660271424267e+01 -5.738799602450104231e+00
9.417457373026222456e+01 5.916659230550031623e+01 1.012788176303427434e+01 7.208564477703677476e+00 -2.093740144844991136e+01 -1.136964223359026427e+01 -3.452200491651560732e+00 -1.042714096261035284e+00 1.537199508940717863e+01 -1.562595199483718922e+01 -8.948938562364048721e+00 -8.567502292464574509e+00
1.049817794998074021e+02 7.791356262615622086e+01 2.340445864490087757e+01 -8.676386776869978945e+00 -2.969951257379321419e+01 -3.050850759913783250e+01 -8.576238677016796430e+00 3.603722748062203607e+00 2.181730308633776616e+01 -2.260529322696126187e+01 -1.066524517881890688e+01 -2.875996953203202811e+00
1.157686425927095115e+02 4.234953858370742807e+01 9.433618781342409942e-01 -5.679892245484017721e+00 -2.622947118856906101e+01 -2.119283172217874522e+01 -1.123003107533955713e+01 -1.051934575572817643e+01 2.309090441878712241e+01 -2.032908274526696601e+01 -1.114271156181252742e+01 5.042380257764937923e+00
7.671892047409606619e+01 6.386108140748492090e+00 -1.319694851430251248e+01 -2.355274433706486548e+01 -2.880757254113923693e+01 -2.192755782767865469e+01 -1.996312829654896603e+01 -9.642311310789885681e+00 9.499883648956402027e-01 -1.189841903546848378e+01 -9.947030186255599205e+00 -6.868771159949124794e+00
9.223354274989596036e+01 2.501062921834671116e+01 1.261873296719993043e+01 -6.132368751442793808e+00 -1.524155895038908248e+01 -1.349265935660233495e+01 -1.227546560125034780e+01 4.635928637135341646e+00 1.493296934292532541e+01 -5.329262879573878564e+00 4.715131830678088720e-01 1.272511897507681766e+01
9.719150337182784938e+01 1.547509090420009059e+01 1.117766973692499377e+01 -2.297912467250072588e+00 5.649168027618752141e+00 3.427656476379541850e+00 -3.702047724573970022e+00 1.615355827596065552e+00 2.588771995794106928e+01 -2.030988403123641461e+01 -1.616379632801912791e+01 1.895688411891763536e+01
4.662083696350874362e+01 -1.647822702160951991e+01 2.571034894892390810e+01 -3.342391758477106123e+01 -4.356221018504724896e+01 -1.889706529535433788e+01 -4.066071272095545197e+01 -2.255295473926298300e+01 3.928855526520349883e+01 -4.005140883451792888e+01 -2.470034873961671451e+01 1.236307156675212937e+01
1.510341753074361471e+00 3.524917924232814359e-01 3.649708727790778084e+01 -3.205709803475286179e+01 -3.805962111480712906e+01 -1.049461367522104815e+01 -4.103345981121533015e+01 -3.018433632219011642e+01 1.272376465561361059e+01 -3.290948502876626947e+01 -1.124028641647101523e+01 1.319944046977422403e+01
-5.293615565060470374e+01 -6.569441143830050578e+01 5.181557779921887175e+01 -2.352895487145208619e+01 -4.649726723732235456e+01 -2.054363559804347261e+01 -3.072830564474780957e+01 -2.148389051389236748e+00 5.209586851635149785e+00 -2.979703774755916967e+01 -1.005971929803921228e+01 1.276394302555578442e+01
3.339825470209796521e+01 -2.923760204261742857e+01 5.039869320988833579e+01 1.989544116771418558e+01 -1.265627153998666898e+01 5.700053051536634996e+00 -8.056255645339721383e+00 1.483100446193086697e+01 2.484646295729234922e+01 -2.491646428187886997e+01 -9.235951270257201529e+00 1.263658544796481742e+01
8.614885398981792264e+01 -6.040683175740659294e+01 -3.458477280471019100e+01 -3.408120455504764834e+01 -2.216665518689897141e+01 -3.341009189729192030e+01 -3.701771234928869347e+01 -2.850282012323317815e+01 2.052351282975394753e+01 -1.928085783872769809e+01 -2.057768386956660756e+00 2.267125928519868694e+01
1.244357026577541170e+01 1.538369574941532258e+00 1.522259370721453386e+01 -3.211510198269974126e+01 -1.107188018554743181e+01 -1.161092571896314762e+00 -3.822005608830338730e+01 -4.475792331698997373e+01 2.269121857807246556e+01 -2.644525749111551605e+01 -1.168850098629502376e+01 2.052458786146576841e+01
6.615017553890027102e+01 -7.259655348625827287e+01 6.117284567072989176e-01 -2.859917223409195230e+01 -2.374666698025216860e+01 -1.656025454978768607e+01 -2.884605654477560677e+01 -3.533538921666963972e+01 4.419462819766689421e+01 -1.199467288173175916e+01 1.384117387516109510e+01 2.114352003668005509e+01
1.869820161077736742e+01 -6.279855896294056095e+01 -1.712189822243324144e+01 -3.676883237407386673e+01 -1.738171681366857291e+00 -5.203465274084501324e+00 -3.411011171533159825e+01 -1.201517571765450398e+01 -2.096323783444544731e-01 -1.790473870397637768e+01 -1.931021759881504352e+01 2.170250592137989987e+00
2.560317420583592352e+01 -6.459571117463588052e+01 4.593599898223955336e+01 -1.614158983294919025e+01 -6.457783583878081046e+00 9.110617160274228965e+00 -2.388168912018836920e+01 -1.626747400398365784e+01 7.224843321268552643e+01 5.246398552894418366e+00 1.534442530302072427e+01 1.502638176261923775e+01
5.142090052505654540e+01 -1.027821198957086040e+02 1.559453078873875498e+01 -3.234787183366034213e+01 -3.341079464187913572e+01 -3.006082625154663290e+00 -4.098225084566230692e+01 -2.903800641489275236e+01 5.748920474766214284e+01 -1.972719726176607224e+01 1.060862294205835532e+01 1.014922618364431628e+01
3.983037130631196021e+01 -6.860868177613045304e+01 4.433360535924980184e+01 -3.520966064059857104e+01 -8.455513076803557126e+00 2.238720409414052259e-01 -3.161862870103247758e+01 -2.063935602606033726e+01 3.523688829648061471e+01 -9.051409376267931961e+00 -1.724931120555197372e+00 4.769065193609686171e-01
2.786616621671050353e+01 -5.432702642722175312e+01 3.472900752038786720e+01 -2.980578642380553944e+01 -1.356086176821122535e+01 2.093709942284978087e-01 -3.137113646185127891e+01 -1.466160716267874875e+01 3.026321971655347909e+01 -3.534479100208652635e+00 -4.992907483306328054e+00 -1.484203656901242674e+00
2.713804455581880148e+01 -8.493788795646594281e+01 2.159234906618235783e+01 -6.230237421514132024e+01 -2.013701485020969173e+01 -2.692156584650688345e+01 -4.113447109664234347e+01 -3.176999895118879635e+01 3.051409165033979676e+01 -2.089264461356384572e+01 -5.794974450886794415e+00 -1.368739948429781705e+01
3.694907308620771857e+01 -7.173427535218718276e+01 2.458529989812754479e+01 -4.144255602540144423e+01 -2.119800508411623241e+01 -1.159177732258379301e+01 -3.950641789266467185e+01 -2.411523043528348609e+01 3.274628880829006050e+01 -1.281838841598866452e+01 -2.630943217530385958e-01 9.243024720466785915e-01
6.086355217459738043e+01 -7.021258153500214405e+01 2.321767353306251636e+01 -3.106367215715500762e+01 -1.201957218365579649e+01 -1.233651360085883653e+01 -2.075049449737247897e+01 -3.338402519928425249e+01 5.591650235270738278e+01 -2.704375760947928597e+01 1.557390536672660986e+01 2.850610080241849253e+00
6.394622645237818404e+01 -5.522825291180406282e+01 -7.584876549643679855e-01 -2.346860193218834567e+01 -2.003753039884438891e+01 -2.334566874616579746e+00 -2.604862203638372620e+01 -2.595700247662365712e+01 3.944371501292001625e+01 -3.047920021584380379e+01 5.718228098181247887e+00 1.388059337814444572e+00
6.261958280167668534e+01 -6.781923589109146278e+00 4.700718086503073989e-01 -1.736744076569586070e+01 6.331690539782823812e+00 -1.132567411332542662e+01 -2.091037325803015534e+01 -6.842572766400586204e+00 3.244431204752159204e+01 -1.894637955926466333e+01 8.000701457619801005e+00 3.626138090642688105e+00
6.768258592501673832e+01 -1.011352419674444114e+00 2.758085447083019304e+01 -2.400100485289746644e+01 -9.383476061609753671e+00 -5.301776217409851277e+00 -2.236650521677617576e+01 1.540076412764049163e+00 3.379963006192330965e+01 -3.260995372649644963e+01 -4.498783950376527230e+00 2.336938665083475808e+00
7.527690928589733232e+01 4.348562791978356934e+00 1.285700877469444237e+01 -2.903931155684886534e+01 -4.258137603971623442e+00 6.723051281980931826e-01 -1.439575373983929829e+01 2.395271898286427614e+00 3.183493907246637988e+01 -4.523874084510624272e+01 5.174881428490420099e+00 -6.904158105321196892e+00
6.747380040508519983e+01 2.051202730861925971e+01 2.753446105830473556e+01 -2.869202014415974133e+01 -9.320746459480778512e+00 9.228672372031248017e+00 -9.514759970966313318e+00 -6.291878624271692644e+00 4.531909720466885005e+01 -4.072554021031990601e+01 4.312885247852220161e+00 -7.863841259974936548e+00
5.455068208834431687e+01 3.061125914046970919e+01 2.374741546664965597e+01 -1.887535608071853233e+01 1.848586386339328591e+00 6.022111959539385495e+00 -1.697532569161340543e+00 3.116537394106158487e+00 4.207132615212054816e+01 -3.661062928479579881e+01 1.199704844278537053e+01 -1.804383857459094287e+01
5.861676296526870544e+01 2.438272427305990675e+01 1.564544803596262135e+01 -2.827576079061699232e+01 -7.667287050744959309e+00 1.303588857023175684e+01 -1.358538051956574222e+01 -1.118720670070812773e+01 1.855025345665303860e+01 -3.218947349603813279e+01 2.578556763403069496e+00 -1.711625211107140032e+01
4.398836003948468942e+01 1.655378094593987015e+01 2.103267617245932897e+01 -6.084103943749862964e+00 -6.152828552197405543e+00 5.904617125367589203e+00 -2.078225520874258692e+01 -1.602649980439443311e+01 1.464082224433795254e+01 -3.460436768692166254e+01 3.687402249119040576e+00 -2.096794331738092865e+01
4.388317538858987632e+01 2.081485896189243334e+01 2.746506933814224993e+01 -5.746665494875077940e+00 -1.093295860753675131e+00 1.465548134375675815e+01 -5.898306270395746509e+00 -1.077097764809069957e+01 1.672634881904304649e-01 -2.826604847715842439e+01 1.052954358202922336e+01 -1.295951018258736553e+01
2.596259650273825770e+01 -7.273007040365792264e+00 3.532082951044469610e+01 3.468568313482826015e-01 -7.263047503976332919e+00 1.890983994016469794e+01 -6.379118516212514578e+00 -1.415938402806177088e+01 4.715799503776954005e+00 -1.665453250001949215e+01 1.281417462370630744e+01 -1.131122359931029386e+01
3.141409457459848564e+00 -1.588305365561740601e+01 2.092087423859229744e+00 -4.434706605255930079e+00 -3.821856680614814650e-01 1.608345193529056161e+01 -7.399670931712978295e-01 -1.527810814587988553e+01 2.765221315199671182e+00 -2.147865596326702331e+01 7.913358478908417482e+00 -5.139025029675794443e+00
-2.412238306436753632e+01 -2.910502751618514594e+01 -7.222324204836185757e+00 -6.554043202070538143e+00 -1.475660045885230431e+01 8.534631266737976674e+00 -1.457828174623116979e+00 -1.421104298151511713e+01 1.144096048357296169e+00 -2.220063183955763719e+01 1.182587696136046951e+01 -6.940373902795484717e+00
-3.837008060825850464e+01 -2.273600018921401045e+01 6.164805046118475573e+00 -4.835163170029614932e+00 -2.106978937623716774e+01 6.312187455404702163e+00 1.210715969896236288e+01 -3.595700629536242587e+00 1.826934818628938029e+00 -1.540795493965221752e+01 1.869057482947122928e+00 -1.315912418680394858e+01
-4.108609362696370937e+01 -2.025825338200692016e+01 1.333719423053891262e+01 -1.207187987293696274e+01 -3.273697983097568454e+01 6.955677437667642238e-01 1.043241333810145832e+01 -2.421542894227826537e+01 4.145875591325554055e+00 -6.284148697939640371e+00 1.188566487110365344e+01 -3.365634425702245469e+00
