-4.739295574719353965e+01 4.111976987155150454e+01 3.700015976308858967e+01 -2.405020554545374978e+01 -1.763653837973205629e+00 -6.608231557293266611e+00 -2.761907164684506455e+01 -1.423803602298456639e+01 -1.814545546980245661e+01 -1.537780705068993115e+01 -6.804361282674737943e+00 -1.487929916129839114e+01
-8.684138192765349373e-01 3.452156752157361552e+01 2.650378356817118330e+01 -2.359822931832638204e+01 -5.474352464225562542e-01 -1.113158916253194164e+01 -2.909143989088047988e+01 -1.756565673233664882e+01 -2.526013194461534894e+01 -6.767652052034063281e+00 -7.429236627402852733e+00 -3.360488817956892404e+01
-6.542868985686294714e+00 4.773203890641496372e+01 4.675421043394887022e+01 -3.247073947911820113e+01 -3.528138763402075107e+00 -3.025588537579032078e+01 -5.164785120029609544e+01 -3.302474831521181642e+01 -2.796565151318672804e+01 -6.446288509860793603e+00 -1.554026289403585359e+01 -1.837662188802854502e+01
1.530780197453489855e+01 6.007663238378415826e+01 4.126526493100656978e+01 -2.429228262104673064e+01 1.089984213013534209e+01 -2.031389281605622443e+01 -1.692437314914977620e+01 -1.623612699211517452e+01 -7.856147208339263166e+00 4.728290660400061185e+00 -4.443497444076268899e+00 -7.598723979022135033e+00
2.051446696299437988e+01 5.252042948136011091e+01 4.011720852220496170e+01 -3.179492831044847634e+01 2.265966996703292935e+00 -2.164247925158087327e+01 -2.836751469494026523e+01 -5.517879663261060941e+00 -9.783445503728167125e+00 -1.773079399759579511e+00 -2.922761079397812267e+00 -2.014580543086632147e+01
1.824957432553945225e+01 5.621508084280239359e+01 5.098775967257386554e+01 -2.142109490338471289e+01 8.612082386778425303e+00 -1.853899678826721953e+01 -2.736994317456316850e+01 -1.733958246927529956e+01 -5.097206764090621789e+00 1.308511108713209481e+01 4.398815229972682372e-01 -1.504001555121505440e+01
-3.549204216934290912e+01 -2.921196251997078885e+00 7.042948082155695033e+01 -4.053297836999151116e+01 -2.051552488292287535e+01 -7.147959334732144399e+00 -2.349724773960775082e+01 -1.817611872871251322e+01 -1.422289316302533635e+01 -1.020510563331325926e+01 -2.118460672599317718e+01 -1.674537679589588635e+01
-5.788929400010142956e+01 3.964088611037421117e+01 9.269500848461791520e+01 -5.453609095464874201e+01 7.614069816307621252e+00 1.770651597247478293e+01 -2.913980267549458958e+01 -1.466188045336861201e+00 9.078625871933429181e+00 -1.149941612021579296e+01 7.353199922380174058e+00 -1.489941059675846802e+01
-1.225517006517689964e+02 5.728220112915282414e+01 1.347905489331958506e+02 -3.074373944150448779e+01 3.235486973286703538e+00 -5.705130104113228739e+00 -5.165519546339830015e+01 -1.879246871426766674e+01 1.081428683464238993e+01 -1.101925059539765606e+00 8.816214728931763389e+00 -2.122396462659197169e+01
-1.547846076540880631e+02 3.324826718432344563e+01 9.228859161950347811e+01 -4.942350400539537958e+01 2.084277780728589846e+01 1.691222192630105781e+01 -2.184611854143479803e+01 -1.224467310488360994e+01 -3.353589259632591357e+00 -6.913234795774878094e+00 -2.065946661288061925e+00 -1.231895616545248373e+01
-1.876474829036921790e+02 8.205610963233519684e+00 9.059351131984760741e+01 -3.033708716175947728e+01 1.328747415992655334e+01 1.102070217724432766e+01 -2.723788904698493596e+01 -5.483237858803823528e+00 -9.772774927448438120e+00 -2.245844708291193825e+01 -2.249073091102001598e+00 -1.345388217087914384e+01
-1.383763919353930874e+02 -1.062045299929608788e+01 5.859978468635804916e+01 -6.407552715996891379e+01 1.716212495070810817e+01 1.357898888064318044e+01 -1.677502619260093297e+01 3.321820770376504584e+00 4.555724403939282574e+00 -1.045726466365294272e+01 1.071346110927882123e+01 -1.421558589633075798e+01
-2.102002169259879167e+02 -9.963977227495114164e+00 5.998824228110774470e+01 -7.058891423203212412e+01 6.628508211139760853e+00 1.072277012640875604e+00 -1.906498771160694616e+01 -9.379896586313137163e+00 -1.500682061619914132e+00 -2.202153407419789488e+00 2.983723933159254660e+00 -1.098274012057592586e+01
-2.202667947335958445e+02 -1.477567557357951866e+00 8.929541868779574543e+01 -6.650170596846587046e+01 5.813634612938478163e+00 1.207507233131902069e+01 -2.101931312984914513e+01 -9.073798882582948977e+00 9.847700447683266134e+00 -4.607979428102847663e+00 -1.201021407290169485e+00 -1.666990135045397636e+01
-1.510918787643395831e+02 -8.271274168134995719e+00 6.383394571642948989e+01 -5.933699009485528109e+01 1.824972622110771425e+01 1.862636298641770338e+01 -1.632041056583673466e+01 1.414719960018891953e+01 5.589557472958404105e+00 -6.250630354654518328e+00 1.221042132739020936e+01 -1.007342654347275612e+01
-2.355067962504127195e+02 -7.955375192573875154e+00 9.699774191691687975e+01 -4.657604052202080425e+01 -5.869763204074791574e-01 1.892314063318802653e+01 -3.337029274739985851e+01 -2.064830503149416074e+01 7.222120072708511529e+00 -2.981637587805394318e+01 -6.280115334373652658e-01 -2.013592592163315942e+01
-1.838573467515150810e+02 -2.520765411188437000e+01 8.796934962200359109e+01 -4.099534601830281133e+01 -2.220808230654544246e+00 1.476389351799664240e+01 -1.754799280427175034e+01 -2.110151070487628999e+01 7.160946569212486068e+00 -1.504847762299391967e+01 -1.039161425135323391e+00 -1.074091411477394153e+01
-8.949995336935481305e+01 -3.508257715201179394e+01 7.223519167144220887e+01 -3.717175518878477192e+01 -1.859917070459229649e+01 5.180779688633030844e+00 -1.131363378622508975e+01 -2.828427402718157424e+01 -1.607337373183076679e+01 -1.221896900148483667e+01 -8.469602184108740772e+00 -3.186230759540789492e+01
-3.374358880447341136e+01 8.131758179418229204e+00 8.072811720873018260e+01 -1.256447769745140874e+01 -1.480164079579883918e+01 -2.741638750208892716e+01 -3.632647904721665100e+01 -5.528229241201444211e+00 1.003545881150697028e+01 -1.008010155319226264e+01 -1.987395066711122205e+00 -2.595271430507966315e+01
9.999743649663992429e+00 1.003948681726526893e+01 3.780102839275146920e+01 -3.290341262580398052e+01 -6.274137085873658037e+00 -9.955912622145842050e+00 -4.033781882974959387e+01 1.825923798409997412e+00 -6.995326719829085604e+00 -1.997118913759757675e+01 -5.726761284547669639e+00 -7.435519654384219912e+00
6.691729317919704600e-01 6.559907328534018234e+01 8.354063812139185075e+01 -1.907563205250249183e+01 -3.354869535415932802e+01 -2.439556011342931185e+01 -5.138876156787789284e+01 -2.213859015667785002e+01 -2.920537445686472111e+00 8.434228257845705068e-01 1.820649532554349692e+00 -2.119549231508872467e+01
3.164887646637124874e+01 4.625663952331885298e+01 5.132300234659583538e+01 -2.820043548965698221e+01 -5.605391180756937430e+00 -5.381603152104039722e-01 -3.061578992948640732e+01 4.760037856304055737e-02 -3.676995766302814772e+00 -3.555488164436409804e+00 8.472058598733921642e+00 -6.963958944985371602e+00
2.752075027306788613e+01 7.499353080414491046e+01 5.252259318454994741e+01 -3.660030323290673948e+01 -2.410238736933134263e+01 -2.075818324379027402e+01 -3.857246025814134782e+01 -1.097649703810986033e+01 -7.346722114616948573e+00 -1.533958449417530900e+01 1.803307951036799084e+00 -1.098207042804445521e+01
4.305080681153039990e+01 8.371042834196038029e+01 7.001509713367970278e+01 -2.377688672157585614e+01 -2.457687740013248856e+01 -1.993845327602530304e+00 -2.582236133424091662e+01 -7.606370078493603692e+00 8.297834509010945325e+00 -8.140636031595800404e-01 1.523115252147760934e+01 -3.459672155967741247e-01
6.732707833679175735e+01 4.935961143565555176e+01 3.889557036807660495e+01 -3.098620221145862530e+01 -1.541878005858334078e+01 -2.170652825098921213e+00 -2.285003488573636687e+01 -1.299659647994072742e+01 -5.373012051020777946e+00 -2.145510796695280220e+00 -5.652829202983285839e+00 -9.910547875973740872e+00
6.248749751365696170e+01 3.546605237294275526e+01 2.891756882503132076e+01 -1.141108984130389459e+01 -1.789540684446714280e+01 -9.018828488955090705e+00 -2.234594592906607957e+01 -9.582939307673900231e+00 -1.922037163280826633e+00 -1.321375257324280739e+00 2.854062188478319051e-01 -3.199361898387198977e+00
6.508373614563186038e+01 3.621221238448093516e+01 2.190893551207237522e+01 -7.370619326699034968e-01 -9.121678076958072978e+00 -9.611503666145898350e+00 -2.414755004557909857e+01 -1.269506955529264403e+00 -7.166375865635503217e+00 -1.431817119623887535e+01 -8.687936056537572949e-01 -2.717994885073549138e+00
5.042183228127473882e+01 4.705779164234529333e+01 3.617101951804707483e+01 3.187677688193081504e+00 -1.273194250534924166e+01 -3.823524886901410014e+01 -3.969677472190797118e+01 -4.721205302127296832e+00 -2.364956119394626022e+00 -1.120866057693925910e+01 -1.029783944213677671e+01 1.617886826958048196e-02
5.611456194410648379e+01 2.412666693970199105e+01 3.654110548186800855e+01 2.111054842729193837e+01 -6.232109323579609672e+00 -2.122934846559562772e+01 -2.706741034728137762e+01 2.641249860341114530e+00 3.116735590284172908e+00 -1.016852492198836444e-01 1.804552392188183862e+00 2.654771871849123333e+00
2.653830108531217036e+01 2.657507273675098958e+01 4.626317352742904632e+01 1.814137682553847242e+01 -5.159701867776968598e+00 -3.419046563902121960e+01 -2.049153803458584022e+01 1.003024188800795358e+01 -1.990729410609483718e+00 -1.058735561303807060e+01 -7.113296480882457473e+00 -1.066225458987218033e+01
2.133420308106488505e+01 -1.581489239874200869e+01 3.977413214130768182e+01 9.383446421837982498e+00 -6.289149861455215706e+00 -3.986083050029107255e+01 -1.290396205309898292e+01 -2.968779750247813709e+00 -1.205959743795379957e+01 -6.293910504341116763e+00 -1.556875148651857899e+01 -1.357754473302359699e+01
6.726202332222744218e+00 -9.402778811737828590e+00 5.700491066231460024e+01 9.758809243005625689e+00 -1.098280394010722283e+01 -4.316314040435912602e+01 -9.847450009445283925e+00 8.731749982117669617e+00 -8.199363048484441308e+00 -8.005436639702683266e+00 -1.310526751702030879e+01 -9.077589345309965196e+00
5.252735939702448675e+00 -6.577077527676821189e-01 5.712182030286802359e+01 2.509040561952928527e+01 -8.977090134224567919e+00 -5.996212719973279803e+01 -1.894558071596365778e+01 2.847593462017115939e+00 -8.669013808455410697e+00 -7.049489355908916899e+00 -1.810553164615553356e+01 -7.027251336011823390e+00
7.752140148829468558e+00 -7.370018997153888751e-01 5.186373897515728970e+01 1.133438420606564279e+01 5.866225333244027951e+00 -5.589194432881745911e+01 -1.053778848380232702e+01 3.970520884033899023e-01 -2.421020286397376875e+00 1.894198857939582981e+00 -1.396592430471195456e+01 -9.037567518459326266e+00
1.749643877995703178e+01 -2.650764982076977105e+01 2.936473365616701159e+01 3.685089684801300614e+00 -8.825964856319277629e+00 -3.733092142790259516e+01 -1.195913578830129431e+01 -1.051821820907232130e+01 -7.678757299683734772e+00 -6.065130069540181523e+00 -1.721651383925812695e+01 -7.361153047448405928e+00
-6.612077967703547721e+00 -1.553646069538065833e+00 5.514059690872429798e+01 2.025447991416502092e+01 -1.440233202292508707e+01 -6.173742125788940172e+01 -3.009571599288068811e+01 -7.143146782460453537e+00 -1.400981456712719675e+00 -7.456809226879668628e+00 -1.223099631048136793e+01 -1.014018614255863682e+01
3.140117250970821061e+00 -7.356975013152036169e+00 5.381558063858291518e+01 1.517674686738187084e+01 -5.362958684622721961e+00 -4.825301352062418658e+01 -2.742182491025001312e+01 9.296064658976078476e+00 -5.642672776372762655e+00 -2.358550228133962534e+00 -1.303555507862732554e+01 2.388042866914262596e+00
2.178399904242733243e+01 -1.577454462250344136e+01 4.898505058879825924e+01 1.346158378427736757e+01 -1.230373440059548251e+01 -3.861485806229450901e+01 -9.110478218010573670e+00 2.527143827086961725e+00 -7.611088933420210978e+00 -6.171825749261467209e+00 -1.270419699424377313e+01 -2.154353641977946765e+00
-5.996707020423170498e+00 -1.142280977966390765e+01 5.998220926868788183e+01 1.584989281070937217e+01 -1.534956757852286380e+01 -5.986979738728892642e+01 -3.631637742712979389e+01 -7.833673939347499449e+00 -2.867829373848040930e+00 -6.227095036274056028e+00 -5.257972683007288595e+00 -1.172402131279456938e+01
8.687522802034985503e+00 -9.867100695516976216e+00 6.019739883467385511e+01 1.335197498980771158e+01 -1.161340387407077568e+00 -3.936846650757940580e+01 -1.353501789254803356e+01 1.696623521398216816e+00 1.026415860808605807e+01 5.020372277616609757e+00 -8.354903771273750834e+00 -6.632275110076620628e+00
-4.408627024352373525e+00 -1.140665045248266729e+01 6.485180357000950835e+01 1.146840650345510504e+01 -2.580500406521014867e+00 -5.929336526020998122e+01 -3.694746526913899487e+01 -2.261562482840214994e+00 8.508270827442673934e+00 7.822616270214547640e+00 -1.618829403466029504e+01 -1.070610475139788065e+01
3.745106397315852931e+00 -2.348520672058878489e+01 5.032055890889937899e+01 1.082320937926375137e+01 -5.914121814374801112e+00 -3.766496437929166063e+01 -2.662693391708989310e+01 -3.750623901814510663e+00 -3.257788723012973620e+00 5.884519993767064250e+00 -2.431720132749164431e+00 -1.147683886339672910e+01
1.233071321524039377e+01 -2.470881390362947627e+01 3.836093925256521686e+01 -1.779498095731784524e+00 1.855626016238296039e+00 -4.242872164892490616e+01 -1.692792672014763156e+01 -6.384527331707939624e+00 4.857185797447250764e+00 4.646455973826150831e+00 1.636680560577381538e-01 -1.690423140098251409e+01
-1.167805382907829070e+01 -3.341713342582394830e+01 6.232892130670302322e+01 1.076452464827678313e+01 -1.758987683545915104e+01 -6.218871196066636031e+01 -3.268195677963853285e+01 -4.842104593696702430e+00 4.025002313813038413e+00 2.505006282881007351e+00 -1.274382449208154355e+01 -1.567278952689824223e+01
-1.814683290095667090e+01 -3.758985880152609127e+01 6.371826115251642619e+01 1.119776942117652752e+01 -1.197250244052451684e+01 -6.019196487061571332e+01 -2.674635406968107887e+01 -1.883692765402527058e+00 1.615949002996324069e+01 1.387605637673990344e+01 -7.344480487543794567e+00 -2.137313408011675975e+01
-3.290843734358503525e+01 -5.328771771616268893e+01 3.265231399752691743e+01 -1.333507090711064613e+01 -2.016036151112582075e+01 -5.179903714346171739e+01 -1.259297279231547151e+01 -1.177601449819256629e-01 1.350646092327414394e-01 -3.468633727276326795e+00 -2.434438222678623376e+01 -4.150076992620257244e+01
-5.299803337893800759e+00 -3.980704459697062703e+01 5.524733386240194477e+01 8.826546793523698753e+00 -1.495505026062966181e+01 -6.189936844607368727e+01 -1.137873822272912250e+01 4.133657760192665620e+00 6.254804851223218165e+00 8.147049010937346125e+00 -7.838965260245458033e+00 -3.034596335166442316e+01
1.250494892038291184e+01 -3.979063142477467352e+01 2.860216658771406628e+01 -5.622623016257153772e+00 -1.246458309936252462e+01 -5.005999283674813682e+01 -1.066352178747058232e+01 8.773639957570508185e-01 -4.055351164343995229e+00 4.010063170190889537e+00 -1.419912888112722982e+01 -3.113674989370821322e+01
1.851782499183406205e+00 -2.261492738579303818e+01 1.702806252895700467e+01 -1.742854081271957156e+01 -2.754085388058147998e+01 -5.448252139149917639e+01 -3.492001416814273540e+01 -6.137490480124193404e+00 -6.921947246743345161e+00 -4.581650379597308032e+00 -1.617297198135968017e+01 -4.121685504133822064e+01
2.768883799293040937e+01 5.010634960151704398e+00 -5.709415076115660348e-01 -3.484432997073785288e+01 -3.593978669897837364e+01 -2.882847950837766859e+01 -2.611864684025617578e+01 -3.616576991465771940e+00 -1.089734428587198067e+01 -1.181875501060551414e+01 -6.061416907774601626e+00 -2.982709948151070734e+01
3.086241385742912513e+01 2.154201402989779268e+01 8.044629257370303321e+00 -4.260120600875377761e+01 -6.017383623738793830e+01 -3.442058788931583280e+01 -3.309930793823528461e+01 -2.027488850145571320e+01 -2.059985115018109525e+01 -1.945850956485753258e+01 -2.388914168905491309e+01 -3.013876950660137055e+01
6.370219877198014302e+01 3.098085194100269746e+01 2.339579865592796892e+01 -1.453588337747922310e+01 -3.763538474910734521e+01 -1.420589727976222783e+01 -6.715782362126985205e+00 -4.673313597475736714e+00 2.840024710478884717e+00 4.328509992180419985e+00 -7.306993180966099288e-01 -1.118093218451879522e+01
4.569409180640678159e+01 9.748132132550896500e+00 8.273842196126542703e+00 -1.220154738881080725e+01 -3.338854494666794892e+01 -6.760248248446874442e+00 -1.120965600803512885e+01 -1.119574011164406002e+01 -3.110649994499994797e+00 1.498335559610282530e+00 -1.015821301863470794e+01 -1.980884360882710382e+01
3.903083468214215657e+01 1.249850148419370299e+01 5.156663491151978196e-01 -2.665290449125729566e+01 -4.724814486131405289e+01 -2.738606330922276300e+01 -2.032754176265518709e+01 -2.449325572218820923e+01 -1.639484853440287537e+01 1.016550709910183814e+00 -5.993281665101944711e+00 -2.318202443887361852e+01
2.714673776980598774e+01 2.057703690914642891e+01 3.056403787714997833e+01 -6.837619293330673642e+00 -5.254959813005187641e+01 -5.699476773520118655e+01 -3.346774949478242434e+01 1.203894812888082022e+01 -3.447369940929085885e+00 -1.750204025747863934e+00 1.649821676137996107e+01 -7.579236579289038822e+00
2.587957298516259286e+01 1.744802666451885198e+00 3.211331325427050132e+00 -2.158814158577466102e+01 -3.069432741193880787e+01 -1.764173957908758439e+01 -1.643754933396548168e+01 6.769888557386889438e+00 -1.353330640610659508e+01 -1.309163313114436988e+01 -5.461095455203321514e+00 -2.551920031342881501e+01
-2.709893165901941359e+01 5.474340229668754887e-01 3.724073631524260009e+01 -1.699880112569222845e+01 -6.749328410836825753e+01 -8.625264591271783843e+01 -4.286955693179227467e+01 7.300847277090817045e+00 -1.363247148189893743e+01 -1.398040210205961742e+01 -5.889861123705050439e+00 -2.940540363865147100e+01
1.113214990712693808e+00 -4.808403948615781687e+00 3.986671730901733923e+01 -5.344807054928136125e+00 -1.405617472152172098e+01 -3.954343409842878998e+01 -1.491182392896219078e+01 2.580021779300418672e+01 -6.013872741252892062e+00 -1.155482386348362844e+01 -5.375927148311241410e+00 -1.535535575753388571e+01
-4.820085545707259200e+01 -5.824164077444362597e+00 5.178516079096236524e+01 -5.833316424589729543e+00 -4.212995377217750814e+01 -5.995760963792299947e+01 -4.655596918972054254e+01 5.644292856870603003e-02 -1.102583071942563997e+01 -2.761088562283276815e+00 1.245899732241288049e+01 -1.661714454574108402e+01
-7.391041708618010375e+01 -2.278154988558372906e+01 4.775176728362669110e+01 -1.067460239499341945e+01 -2.812982804905083611e+01 -1.713412468084774787e+01 -2.443184290283707938e+01 1.154651928961671459e+01 -8.175301629230014022e-01 -1.076027878142886252e+01 6.074601320695641959e+00 -1.787501746479306775e+01
-9.709601088887183096e+01 -2.812384917836797626e+01 5.980016319815176473e+01 1.046401249425037427e+00 -1.552178278933137179e+01 -1.577612929989768276e+01 -3.929342465778097448e+01 -4.780210646939318408e+00 5.423173910579841106e+00 1.270156787132624920e+00 -4.048014292713254525e-01 -2.127048944741975589e+01
-1.029438642373426660e+02 -3.797960437235458642e+01 4.636949160356112998e+01 1.300967278905524438e+01 -9.600443543350431597e+00 -1.647446741565066475e+01 -3.773413910436877217e+01 -3.451063858563894637e+00 7.252772904831947365e+00 4.745211379977435584e+00 -2.685542065276397494e+00 -1.904723313890698222e+01
-8.283140956939925559e+01 -2.477547250784333954e+01 5.937797053314304208e+01 1.804461595480949399e+01 -1.602941478890486326e+00 -1.913553731945243896e+01 -3.242813275026978204e+01 2.107499623228243912e+00 8.577674519396891739e+00 1.995041924225173346e+01 -9.923929324731476598e+00 -2.489205999004487424e+01
-1.056538820241031260e+02 -4.460189507271131504e+01 1.890324508962197214e+01 6.345470210159664504e+00 -1.279877131111188859e+01 -5.999790311880140337e+00 -5.249134355925412621e+01 -7.721108763898927307e-01 -1.860193301980407909e+01 -7.593148718057998181e+00 -2.155820735181922387e+01 -1.334762623263314296e+01
