-6.442845064677730704e+01 1.275243249852611171e+01 5.713180323920935777e+00 -1.037737635118096691e+01 3.891720340801312972e+01 -1.449343728071769455e+01 2.680288296354226318e+01 -1.049962778544837860e+01 2.005769137557859949e+01 -1.436440745468251023e+01 1.404132956515588226e+01 1.941622661531529737e+00
-7.460765270876720479e+01 1.600354350228207423e+01 -3.548137235080216723e+00 -1.648831309489110453e+01 2.554455390621226485e+01 -9.429378234700916295e+00 2.012756509909968372e+01 -3.919201297527677319e+00 1.947693294225905447e+01 -2.473313328906408870e+00 2.514457452650220048e+01 -1.610431285220931041e+00
-8.078894040651316288e+01 2.617773548002249928e+00 -3.586936505800426556e-01 -1.870510431429211096e+01 1.164075054766580841e+01 -1.841417557066629485e+01 8.629475172969145902e+00 -1.272525281269935427e+01 1.224412300129468356e+01 2.194592029516052811e+00 3.127108024026263422e+01 -4.121906111173395004e+00
-7.895747180604050186e+01 -5.492010902326873278e+00 2.187823163847844654e+01 -4.532444729473342093e+00 2.855664866667538604e+01 -1.026276716493962127e+01 4.937572308106545904e+01 4.536842343362258667e+00 1.299936972922348133e+01 -1.231849097020427486e+01 1.443888887483777950e+01 -2.564749672747609566e+01
-8.033863667152651544e+01 -1.179277695796069203e+01 2.154205992822837956e+01 -5.170064540503858552e+00 9.368135827880941235e+00 -1.770869597896141556e+01 3.940485299067555047e+01 -2.480936536117725666e+01 -4.166389715175618846e+00 -8.063646712242510617e+00 1.691858600912281929e+01 -2.124097696538760616e+01
-7.663741064705610029e+01 1.630988263059045984e+00 2.457901022443160954e+01 -2.397309510662766208e-01 7.375106190515926308e+00 -2.758501856067126923e+01 2.542942184725963273e+01 -1.420129138630269772e+01 -8.804175652815979802e-01 -8.573907746430187160e+00 1.937472037942224290e+01 -2.159907276145274224e+01
-7.144621821420214758e+01 -8.811737689178826827e+00 1.721640065677829412e+01 -3.792608360674951218e+00 3.355603036068037781e+00 -4.101610461614417602e+01 4.179440894376892857e+01 3.017790607143561843e+00 -3.280844624446614954e+00 -1.465538182933781286e+01 2.598854910242495464e+01 -5.788756958164896993e+00
-7.584458536233901782e+01 -1.126808528319644509e+01 1.792338975865355266e+01 1.432248129961201855e+01 1.232664959980480113e+01 -3.995573210794094621e+01 2.622644122363968933e+01 -4.521991104919140803e+00 7.989098811071778883e+00 -8.363471895344980922e+00 2.727419100000902219e+01 -1.286853770008940145e+01
-6.266752376420477333e+01 -1.194869882961521412e+01 9.919756671663627401e+00 2.161736356746885690e+00 8.822788776319239190e+00 -3.085098576217118804e+01 5.046074637058554657e+01 9.311595574072056181e+00 2.803391379189339450e+00 -1.682184425183540455e+01 2.261958479307085668e+01 -1.500975422164700213e+01
-8.363607082444070784e+01 -1.666753018929654218e+01 2.000364150684592168e+00 7.735775835370746201e+00 2.357587678658482133e+01 -3.319406223840073977e+01 4.251730933417516667e+01 9.922979658770696432e+00 1.274377991373342134e+01 -1.591330510937524423e+01 1.365465448373523749e+01 -1.101207076313271216e+01
-6.540776830881553394e+01 -2.610597709279015533e+01 -2.899715332787467847e+00 -1.927073888351313213e+00 2.976152092255016512e+01 -1.390118671184733756e+01 5.470338385003161363e+01 1.894002284512321310e+01 6.950194225371061130e+00 -3.060682348361745397e+01 1.364801652922417929e+01 -4.175232055842791112e+00
-4.958955540770832471e+01 -1.926095998945949361e+01 -3.385993060677714883e+00 -3.508244094153372572e+00 2.739316886664359885e+01 -2.421076751756979917e+01 3.904303900992161402e+01 7.885573928281549350e+00 4.989131719284081612e+00 -3.973870760054659712e+01 7.391177857422140285e+00 -4.268673162471467109e+00
-2.734250392159811582e+01 1.843345959128515688e+01 4.692568334278623077e+00 -2.608888335068420439e+00 1.246099497240833998e+01 -4.641606030672375027e+01 1.571654667256245652e+01 3.516761477921903634e-04 -7.228277168365525363e+00 -2.695356485894407683e+01 -4.133421076935483995e-02 -1.451861089675725758e+01
6.139609508323301412e+01 4.732597218150881702e+01 2.216006700810719110e+01 -6.773220309659105709e+00 -5.144363761004505875e+00 -4.118830237850396259e+01 1.248686217000832954e+01 -1.847380322452658374e+00 9.523246356067053497e+00 -1.787159462884865846e+01 -8.245426554270132158e-01 -1.370757686216105320e+01
9.913411483754239839e+01 4.988393806881015990e+01 -1.186988346958886886e+01 -2.192258687402513928e+01 1.725015081095857106e+00 -2.924992032006517206e+01 1.660070461268953323e+01 3.136008639536013165e-01 4.720856421133434289e+00 -2.202861788623535233e+01 5.615790923138049173e+00 -1.069858561723549961e+01
1.040424397921624262e+02 4.643664757185679548e+01 -1.737837142596916706e+01 -3.190302437534678859e+01 -3.890028138108656552e-01 -3.058939665775159256e+01 1.624108159601420454e+01 -7.586579489434836177e+00 -1.090295570780271461e+01 -3.073472571493432781e+01 4.784734512522422989e+00 -1.412936909990975920e+01
1.085158603346717712e+02 6.118176900294012910e+01 -1.646838005642837288e+01 -4.532210661193454371e+01 -1.426101400311749146e+00 -3.146861118378250310e+01 1.755084720291163691e+01 -1.811357001590842941e+01 -8.346252348692422274e+00 -3.281643441196826672e+01 7.729467381056992492e-01 -2.000841097420902770e+01
1.135625874472971333e+02 5.224679188600624968e+01 -1.296522893395761322e+01 -3.676775378287713636e+01 -3.020409284171825082e+00 -4.534103029904193960e+01 1.982843877781105135e+01 -1.162026312882679768e+01 -5.106800950799811112e+00 -3.552504562283750289e+01 -6.125785467953139829e-01 -2.220888786104256241e+01
1.033090553211344798e+02 6.038008072245281710e+01 -9.005364099421258040e-01 -3.440246379512487351e+01 9.594687731449935697e-01 -3.817709120703554504e+01 1.367289514710711273e+01 -1.072849066856232803e+01 -8.299570964772668091e+00 -3.238034284112379169e+01 -1.167390621981616050e+01 -1.810778456167873429e+01
9.797980755648670481e+01 5.321220400716642018e+01 -4.126385928801370007e+00 -2.570642273172840220e+01 1.060235589019287161e-02 -3.138219900586448219e+01 7.601507547414705357e+00 -1.570283984909704422e+01 -8.048547409215142778e+00 -3.345368062926249308e+01 -9.107377604663321691e+00 -2.884925423438201264e+01
8.758077073618525787e+01 5.075973795314907022e+01 -6.017080442001561558e+00 -1.924213388826646209e+01 9.795068484958791011e-01 -3.399553710079910473e+01 -1.470573333844711339e+00 -9.094604555652336941e+00 -8.396575184394931668e+00 -3.442401684037609044e+01 -6.971132203710966202e+00 -2.561234268543173798e+01
6.972000933848747195e+01 4.740406652657830477e+01 5.969617458124904630e+00 -5.728862519397139863e+00 5.484777545934563570e+00 -2.057638998968806732e+01 9.294224875924809837e+00 -2.787689198697941073e+00 4.308815076836249425e+00 -1.138960665406676398e+01 -7.487588331985286061e+00 -2.043620426984998417e+01
7.362632113004407586e+01 7.084942984475900118e+01 2.867829888411657535e+01 -1.001792683922718297e+01 3.017912954628387467e+01 -2.670401036085259960e+01 2.018059283304214091e+01 -1.662096994882150724e+01 1.483668158960104755e+01 -1.440515129433129360e+01 9.481742343199060841e+00 -1.775792655888454874e+01
6.353497390636653108e+01 6.720799258731494774e+01 1.271699476542474194e+01 -1.277783996665823096e+00 2.154612136314556992e+01 -1.798473418835087045e+01 1.231554801517432374e+01 -1.345381020536053285e+01 3.796502270240446730e+00 -4.980957549597958334e+00 8.414480307551496452e+00 -1.594734829554593247e+01
5.876131789638496628e+01 5.060249603131862273e+01 1.753515542650748671e+01 -1.157736498335260222e+01 2.662259665520525687e+01 -2.722907593206920041e+01 1.509909062657185252e+01 -2.301160967629288479e+01 2.752984156374501667e-01 -2.272657643692247120e+01 7.823288955251528343e-01 -3.106841676913937889e+01
2.033170747873695205e+01 4.942562042141010181e+01 3.432367744296590217e+01 -1.895101461042644075e+01 9.533773712428747160e+00 -4.278123442872252724e+01 -2.146073025467408080e+00 -2.853353590689117425e+01 -2.351468959356144950e+01 -5.098689667167978712e+01 -1.112822156944339191e+01 -3.006144991377499309e+01
5.065872544093953422e+01 6.710981007037770496e+01 2.851555515181766509e+01 -7.608069439082119523e+00 2.831475346151137273e+01 -2.522261486728253033e+01 1.454366148596105646e+01 -1.843476712119890948e+01 -1.227360662625399534e+01 -2.963196832160710770e+01 -2.657688157842645005e+00 -3.374552072466835284e+01
6.043381094962368394e+01 7.257758115547486000e+01 2.869961071651189144e+01 -6.693014535579359325e+00 2.403351958733175309e+01 -2.359039727350377902e+01 6.354636174653593095e+00 -2.343849633041315883e+01 -3.344235747291429917e+00 -2.339002836955809173e+01 -7.701391978302951635e-01 -1.446124805345052877e+01
6.333327288945307032e+01 1.234049037638975577e+01 1.876867158756071241e+00 -7.794569288133548213e+00 3.170569081803434131e+01 2.055133676736204862e+01 2.508986911795417996e+01 -2.162715720807724296e+01 -1.113257194727704302e+01 -6.208798328616064310e+01 1.515499176656882385e+00 4.166372002834261679e+00
4.328158525546769653e+01 3.493968544531769993e+01 2.059650544598519772e+01 -1.690049103807752573e+01 2.757461016275979659e+01 -1.617984031502264486e+01 6.534931784286774903e-01 -2.749399940508265416e+01 4.119048352525271461e+00 -3.983767255177853883e+01 -6.921741570769512464e+00 -5.959561168313262769e+00
4.213432211200368727e+01 -9.908424723788897381e+00 3.394944063638878617e+01 -6.043292514466136467e+00 8.405056559322856558e+00 -5.730765180618294430e+00 8.254172808622612934e+00 -3.790603831267968360e+01 7.017194275011570781e+00 -3.189383521278390887e+01 -7.447652077662178627e+00 -6.695094970658390210e+00
3.075185893421441108e+01 -3.441899010812019810e+01 3.613368864534434977e+01 1.740538002735610235e+01 2.047465760770310084e+01 8.024288972482741755e+00 5.665104183035523100e-01 -3.671491379377195585e+01 8.682596976781054465e+00 -2.438632934671235830e+01 -3.496835178911467334e+00 7.230039805225681349e+00
8.755862740946790623e+00 -4.505694163126575802e+01 5.671620503684896875e+01 2.869959635764949724e+01 2.219129471491416794e+01 1.316040520119524437e+01 1.026934926768153389e+01 -3.344970058282384429e+01 1.081151503335900443e+01 -3.231576535530390970e+01 -4.420489006089185047e+00 8.235076464537527841e+00
2.809509002294292124e+00 -6.745578417445075559e+01 5.364394125358022336e+01 9.766868587889213416e+00 1.436585613946969353e+01 1.045848469001964176e+01 1.043836317741032715e+01 -2.636112220823481778e+01 7.697520588775093486e+00 -2.823410758437155010e+01 -5.900661986155156136e+00 3.688677792301097824e+00
-3.998503146090773441e+01 -7.597260288470661749e+01 5.096606246330644296e+01 2.817367735618026359e+01 1.258951465398245517e+01 1.332677054421694862e+01 -3.621498593176619707e-01 -1.627841398147497642e+01 1.313889563303961783e+00 -2.302219509175454348e+01 2.831077569137778749e-01 7.402423573829241654e+00
-4.997743455305747773e+01 -9.295408799291976720e+01 5.446821011171271465e+01 2.088177895402783690e+01 9.005301296323539262e+00 2.399778576960609655e+01 3.683423589403888254e+00 -2.293401360501746922e+01 1.261568782529173260e+00 -2.427789564966872149e+01 1.971635631775005670e+00 3.340631877113809267e+00
-2.272906308636985173e+01 -1.000527283815456627e+02 5.263608011809384379e+01 5.898400228615635399e+00 6.472011527617867799e+00 -1.996181094429640535e+00 8.172181000014473451e-01 -2.565193481372734396e+01 6.546227285269763385e+00 -4.845136843814507444e+01 -1.154168876396128773e+01 -2.164439613048845246e-01
-1.331125193908443638e+00 -7.334160256216365781e+01 6.194400969160113135e+01 2.756602518746185027e+01 9.932787438321220463e+00 -6.228894561038854860e+00 -1.959803121445210738e+00 -1.767524609925891355e+01 8.579563307997336352e+00 -3.900307516867101754e+01 -1.163088910302591472e+01 5.203461517750790577e+00
5.143099282975580167e+01 -3.655818268635609058e+01 6.702157212472877745e+01 2.084590547004124872e+01 1.484366207704692719e+01 -3.099911086645391833e+01 -9.463614961619466470e-01 -2.571959108161484053e+01 1.236427068530325002e+01 -4.143623544550177940e+01 -6.106130518021645415e+00 -9.267238718166238343e+00
7.249320250348249317e+01 -1.131730955048452891e+01 -3.921651593607602404e-01 8.415818592813906207e+00 2.214570202856875447e+00 -3.221395109965720138e+01 -2.328265967972133055e+01 -1.591857476371866120e+01 9.985124961354772566e+00 -3.609666715134949300e+00 -3.999310641635735131e+00 -6.957851386524216863e+00
8.970391137494584655e+01 -3.035668782933804977e+01 -2.769161167420778824e+01 8.380898111944425466e+00 1.612154721174353966e+01 -4.993716229946568319e+01 -2.224990048862155589e+01 -2.890233374817589507e+01 -1.817677755771877557e+01 -2.287567395822498995e+01 1.152794375523213066e+00 -3.336155636574708261e+00
9.822624590779628306e+01 -2.372290906230382745e+01 -3.448150031875243826e+01 1.665440092235456859e+01 2.063197351933798274e+01 -3.203827858419251129e+01 -7.245412386109038039e+00 -1.026324755693182667e+01 -1.253073684592149917e+01 -7.322892691644733887e+00 7.565908155243290523e+00 3.782661049524346453e+00
1.026305091013918798e+02 -3.001741768584013670e+01 -3.101510444971722791e+01 4.699214389030576200e+00 3.317817695403870459e+01 -3.879204383707458703e+01 -3.213241997496529834e+00 -1.444369692671068961e+01 -7.878719615822170397e+00 -7.972432636962269115e+00 1.017350460203608264e+01 6.844896604822313435e+00
1.010806590279061368e+02 -4.966951251618628049e+01 -2.351593436142985638e+01 -1.855202093248716011e+01 3.631227623398441295e+01 -4.943665524585296112e+01 -3.432597510292478837e+00 -3.073023284763168661e+01 -5.152339782167656423e+00 -1.992806528227997021e+01 -3.521721042184236872e+00 -5.955265453689988497e-01
7.512820535666719479e+01 -3.794089088063654458e+01 -2.710683054281541615e+01 -1.758197428482422442e+00 1.381248150088318738e+01 -2.778965703580781366e+01 -3.008883329199997014e+00 -2.217839372586968238e+01 -8.969008971878182024e+00 2.679751465176135827e+00 -5.078687504615553294e-01 -1.298304757191784287e+00
9.557989875500497590e+01 -3.671760525464846125e+01 -1.323408222870510542e+01 -2.064460017993873464e+01 1.930631350198576968e+01 -4.159721946091075040e+01 2.790212781775224027e+00 -3.503975106381104609e+01 4.131645389719741601e+00 -9.844046121833592622e+00 -3.707083549437951486e+00 -1.023474662601229745e+01
8.226529542275910956e+01 -4.275309719015221788e+01 -1.373534586702011495e+01 -2.572397272867278417e+01 -5.486797776289269457e-01 -5.296055959589673279e+01 -2.243861385133495201e+00 -3.553925779519204298e+01 -6.496114167654774008e-01 -1.374889093105104010e+01 -1.343609607880059009e+01 -3.515960404218996693e+00
9.939139475110928856e+01 -3.389465698280238826e+01 -2.241681237001669658e+01 -2.996725194226739664e+00 1.786975007523371772e+01 -3.296717996107988569e+01 1.145061199800540130e+01 -1.789205185002767706e+01 -7.477702395570235971e+00 -6.109594242933603425e+00 2.467946023206561534e+00 -3.283694873774133605e+00
8.386032140635727217e+01 -2.063415670327397677e+01 -2.672361873049193548e+01 7.276567477231298930e+00 1.809785856200036136e+01 -2.788305093256286327e+01 -1.799655547553397028e+01 -2.807256701410624444e+01 -1.158753026684620302e+01 -1.012887787375732529e+01 -1.889485495427192241e+00 1.450097660717327486e+01
6.709488571800196155e+01 -2.132024687955937381e+01 -2.554040483904260839e+01 -6.647465376196430853e+00 1.401329094609407200e+01 -4.811067764835767946e+01 -2.059481848696085393e+01 -5.120459972186906583e+01 -1.315987842703673394e+01 -1.102153011226440782e+01 9.347127250160673029e+00 -9.430733493425002223e+00
5.691906375749464075e+01 -5.458097428813406538e+00 -2.743862071705676797e+01 -1.481180480036302427e+01 1.692118031023711211e+01 -2.336592499763823128e+01 -2.669374510908762765e+00 -2.731829369525758366e+01 2.273410388396269077e+00 2.521388949138557045e+00 9.427908359790862391e+00 -1.073053773518551246e+01
4.676165238543742220e+01 1.697605435708172905e+01 8.124329647097813023e+00 -5.353762583428585131e+00 3.862364677317620476e+01 -2.130652585100916951e+01 2.346022787258293274e+00 -2.622765306685387188e+01 1.148588690783773636e+01 -1.831813628653269177e+01 1.912907028197343351e+01 -7.143255047929828905e+00
3.193347086915312616e+01 3.094350580214877411e+01 8.962647916776091961e+00 4.363052932577228482e+00 3.204866377260049859e+01 -1.456887479660040441e+01 -1.491340792445683405e-02 -3.314416223049039445e+01 -8.835112075905191986e+00 -2.094072326516059235e+01 8.756559506442876284e+00 -1.179927017181731586e+01
3.878068192443669204e+01 1.996525291114885903e+01 1.340140630580199144e+01 -1.115436345330474488e+01 3.647495408392755678e+01 -2.720536513998131056e+01 2.429116145609031108e+00 -2.290553406820067295e+01 4.288097143925513777e+00 -2.608178903891425904e+01 8.419766219763545223e+00 -8.224625607075903844e+00
1.010862012480779448e+01 -2.863919489888659520e+00 2.094839544286259780e+01 -2.120038253591880562e+01 2.295073809468365766e+01 -2.532028586630180200e+01 4.793612038724837987e+00 -2.764726443262004096e+01 1.286410699200603247e+01 -2.711754717488919297e+01 -1.165861269575501424e+01 -3.806249319398180830e+01
1.437090233672149608e+01 -1.252000090861863946e+01 2.937151235787186465e+01 -3.750385682445103441e+01 1.335814900511949688e+01 -2.267907886049180277e+01 -3.330066394175430489e-01 -4.193060237811577906e+01 4.553939834493766270e+00 -4.663496561189585066e+01 -7.504236373030655827e+00 -2.006795020082980585e+01
5.710142857228230184e+01 2.296145244211996328e+01 1.993695258644180512e+01 -1.889456992549949632e+01 2.494342423132125219e+01 -3.751205854307061571e+01 -1.266149121916450149e+01 -4.181029850415106353e+01 2.842217104770670133e+00 -3.011889817115774548e+01 3.379401857789625652e+00 -1.762782664899141594e+01
7.880930636842117565e+01 -1.734777643600763852e+01 -3.855675458343232265e+01 -1.448377287620906628e+01 9.402277268241368446e+00 -1.073790154717783452e+01 2.098586183099692803e+00 -1.431389191850563414e+01 -5.505685071938864361e+00 -1.355410283923065329e+01 -7.204066783848058542e+00 2.957479132629323715e-01
1.244077501199353151e+02 -3.653130279550143200e+01 -3.739429356671432458e+01 -2.736220638865442112e+01 4.035910065089377952e+01 -1.902157142131379075e+01 2.560371817468169553e+01 -3.331987595062758345e+01 4.509522432538116021e+00 -2.619400112186403007e+01 7.479816132363284353e+00 -1.750792200065844462e+00
1.160720397205095935e+02 -2.300549877311998159e+01 -5.220780055979520284e+01 -6.202869301671848135e+00 3.430760781451274966e+01 -5.061210277306530614e+00 2.694225119306073069e+01 -4.134606505473831461e+00 1.011937806179312815e+01 -1.866711269129576323e+01 2.700975650713905551e+00 7.536397461820776300e+00
8.560263105846260601e+01 -4.062084071754138392e+01 -4.919321947569361697e+01 -1.862344880248259216e+01 2.408209385435727601e+00 6.464980157385773474e-01 7.317058497298164710e+00 -4.151290162079775747e+00 -5.874482248385752392e+00 -1.302656194430013059e+01 -9.034507357930234406e+00 1.206753866014078636e-01
9.564996349924747676e+01 -4.923098147644204658e+01 -6.439222784868454141e+01 -2.973856116399669247e+01 1.154367979548878687e+01 -1.111392883133520648e+01 8.949893873471260974e+00 -1.363397032287342725e+01 -1.430992019717667318e+01 -1.919756636146214035e+01 -1.369894923332189585e+01 1.697947757109694589e+00
1.316673746606483633e+02 -3.748526243921214274e+01 -3.712056022553937851e+01 -2.784719854538121808e+01 3.664332576249850604e+01 -1.328784791795099007e+00 2.876536660014062363e+01 -1.120973497439290512e+01 2.219649330197372095e+01 -1.569528573203239752e+01 7.420610072080182640e-01 3.941213370553990902e+00
9.059865095138940205e+01 -2.316401671387296091e+01 -5.249811510079870658e+01 -2.232075933619653796e+01 1.308974676727995146e+01 4.382240885834548294e+00 -1.003938023864087370e+01 -1.009183375671762661e+01 -4.215535037353773440e+00 -1.092412495891781177e+01 -2.192731642284679872e+00 1.481985860257914789e+00
7.954906274738485195e+01 -3.272006218846621550e+01 -5.774627936424361252e+01 -3.068795437043462115e+01 3.534455578606671367e+00 9.440531664507361143e+00 5.351172319471392491e+00 -9.809911450623683749e+00 -1.487501889957759893e+01 -2.240309730558181656e+01 -1.479315224449357657e+01 8.393498576307880654e-01
1.075240351905651153e+02 -3.082891123192784733e+01 -6.082960143120048713e+01 -3.140869695619063506e+01 2.262016949089185047e+01 8.931199109158544758e+00 9.364896410431100549e+00 -4.341071708723988287e+00 -1.723894493870862910e+00 -2.873268691674545749e+01 -2.016533361864529184e+01 8.326168689794439359e+00
8.881399364953946929e+01 -2.967555681700273240e+01 -5.412205867358898814e+01 -2.143949529478785365e+01 1.382029280673876315e+01 1.489726267023427475e+01 1.333972368015080079e+01 -2.963957841323217046e+00 -1.400469827512744203e+01 -1.765492461219795928e+01 -9.813288574782925267e+00 -1.365863624550661015e+00
1.175839515833822588e+02 -3.022456972073356241e+01 -7.083832679577932367e+01 -3.031228951178387021e+01 3.667155891398628142e+01 -8.132117792181093208e+00 3.147182792136934637e+01 -5.808966944741097649e+00 9.287155915671512219e-01 -2.707935459449056026e+01 -1.039902966567393783e+01 1.954671696419298721e+00
9.630404805704853288e+01 -1.766688681764998137e+01 -5.011037415632422665e+01 -2.654858598887577159e+01 2.763844379711008159e+01 1.193316289850623946e+01 2.622836340353408247e+01 -2.217271587351264728e+00 4.821886700843061035e+00 -1.475860233881615002e+01 -7.602038476331481220e+00 1.110469432272088497e+01
6.903144277767616188e+01 -9.110669483408363689e+00 -5.030557498830330587e+01 -1.889272214602756605e+01 1.108190364133557893e+01 1.734209479061926018e+01 1.223517914822579122e+01 -7.106786408704519609e+00 -9.196565278242765373e+00 -1.104199203778913585e+01 9.608223961478401520e-02 6.727419674954044027e+00
8.669845079975206659e+01 -2.927806589840996665e+01 -4.828185035184243645e+01 -2.478578714444501330e+01 6.469425799985229375e+00 -9.457957723900873859e+00 8.643253625465675327e+00 -1.084294427362595492e+01 -1.842210057712540916e+01 -8.685723244083309424e+00 -3.156095944430377997e+00 2.296853811313104288e-01
1.077062044954831350e+02 -2.764210177455982986e+01 -4.505642922800187478e+01 -9.699038079935766277e+00 1.823128838480886316e+01 1.851958556501579478e-01 2.084760151948092854e+01 -3.310319781244605686e+00 -1.254873395639283196e+01 -1.494865524517046218e+01 -5.382450259442435936e+00 -1.110977620035431546e+00
1.007479498366954687e+02 -2.283990542256757550e+01 -4.190135242045019481e+01 -5.065199111610141358e+00 3.380462120609674059e+01 1.261195601295613145e+00 2.270554580435739211e+01 -1.113337605846357370e+01 -1.382527528144678897e+01 -1.061970957336039234e+01 -8.499546299346381062e+00 -9.161709063298992817e-01
1.084752688927520126e+02 -2.058839786663904192e+01 -2.108889911288405017e+01 -7.077575458596811586e+00 4.024402756866872721e+01 -2.007968656640055372e+01 2.562655750001066224e+01 -9.831641053775925343e+00 -1.395263865415985549e+01 -1.974780092272916932e+01 -4.975672303035372224e-01 -6.398364009340584246e+00
9.201625163854707523e+01 -2.147395406674852936e+01 -2.637238096504969320e+01 -4.667926267289258802e-02 3.099067949919173515e+01 -2.575221809414309249e+01 3.884752742303601458e+00 -2.293790453073909674e+01 -1.796008257459672208e+01 -2.231732002135898796e+01 -7.671280018207594864e+00 -1.387420863338441634e+01
7.954173085649586028e+01 -6.919850161157793167e+00 -1.479924429373106420e+01 2.428957445140593752e-01 2.897184416132280660e+01 -2.748178084455588532e+01 -1.264102199937389059e+01 -3.294282447489491261e+01 -1.151722488397690825e+01 -9.843150557450332627e+00 -1.167947841373401019e+01 -1.217758085718238448e+01
8.534166415595879585e+01 2.583725234932247261e+01 -3.992717197131837370e+00 1.222651189123110882e+01 3.266363577661321926e+01 -1.439697804277965609e+01 -8.022398576306008167e+00 -2.894132294753085688e+01 -1.373879419774839050e+01 -1.393255913542234126e+01 1.644829247907850345e+00 -1.402252647721108936e+01
9.302241872580790982e+01 4.023837695583545582e+01 1.442873269942351655e+01 1.172393402763291803e+01 4.733014620288717822e+01 -1.430837868333019891e+01 3.732650385603183629e+00 -3.507253874996742127e+01 -1.054396315678799212e+01 -2.106090652668399343e+01 4.004335057992086000e+00 -1.377487478530606069e+01
9.016878591123489173e+01 4.715560898552797653e+01 1.556046760377884297e+01 1.189193710190832931e+01 4.118467690541136506e+01 -5.944122786559558946e+00 1.069225084936160641e+01 -2.933893878460383320e+01 -1.107377994038052194e+01 -1.208057760575091777e+01 -8.735074102027811094e-01 -2.637015626645641575e+01
9.021319479355403814e+01 4.764757731198082524e+01 3.795171084189502153e+01 7.574770604724776035e+00 5.706722326690802305e+01 -2.181608407282966411e+01 1.193709474528695225e+01 -4.135261897682973142e+01 -7.662602744914188690e+00 -2.966843211743030295e+01 8.900629984865906508e+00 -1.376931870613330133e+01
9.110198376206390947e+01 5.610263619117611711e+01 3.133522430870694464e+01 -4.507564643299865281e+00 4.287258810290590816e+01 -1.831560000446099679e+01 1.815642603965163104e+01 -3.391025112980474177e+01 -4.437207230938117419e+00 -2.826314514671322087e+01 7.224744432590547660e+00 -1.415471747924372359e+01
7.915954223445505988e+01 5.917686517269237356e+01 1.999067045063523551e+01 1.694275773806999297e+01 2.549522831983566107e+01 -9.601930900369580968e+00 4.350068473752440212e+00 -2.313938745975591615e+01 -1.076000849905899415e+01 -1.904748685962736232e+01 -1.073173551062675646e+00 -1.590503031978067749e+00
8.096811638394268584e+01 5.243863876111886668e+01 1.730977663032320280e+01 5.532328280992558689e+00 2.157762861030539625e+01 -1.018410330947823006e+01 4.088595600122126861e+00 -2.210288439827844087e+01 -9.134418905365640384e+00 -1.396893912513348113e+01 3.092795135347857993e+00 -1.091216077173117149e+01
6.575360383956342503e+01 3.628369618352741099e+01 3.998460390057126279e+00 9.589911514577913465e+00 4.544750339597412037e+00 -1.175839128058772332e+01 -2.990250097082889802e+00 -1.727852395493859916e+01 -5.829555617176266580e+00 -1.995111731995037019e+01 -7.671971764476489319e+00 -1.408587726828702458e+01
7.408555279662442672e+01 8.474814321591143340e+00 1.793071038477143730e+01 -1.710935235993406245e+00 -5.195535638356860275e+00 -7.325636296926962387e+00 6.679311823513771618e-01 -2.421358861366913473e+01 6.050480438626324897e+00 -1.417635712264688053e+01 -1.081023450897640537e+01 -1.544890082329196446e+01
7.648821327862449948e+01 2.141498668822968199e+01 1.362498135468650773e+01 2.505335891457520603e+01 1.073860401862829939e+01 -2.506642514458457782e+01 -7.622175556387422724e+00 -9.322658627505344686e-01 7.253771460612417954e+00 -2.737154051505663599e+00 -7.167053287720592358e+00 -8.343490754385275210e+00
8.696718478497430738e+01 1.624792894330337489e+01 2.104715014184467137e+01 4.662617657040892993e+01 2.055584923163152666e+01 -3.757985428804082062e+01 1.034849287533765372e+00 -1.120687520531671311e+00 1.631129986046583102e+00 -2.017015512302063840e+01 1.161315073713270696e+00 -4.549451312001121295e+00
8.137065975751278302e+01 1.890381647304511858e+01 2.105072163252608419e+01 3.835020996346156608e+01 2.254601562875029330e+01 -4.692340022533473132e+01 1.533607902357392527e+00 6.220702369926313757e+00 1.095122125230335808e+00 -1.409257466580525886e+01 -2.679439669657014633e+00 -1.196757797683198987e+01
7.746664003735224924e+01 9.544306832964112530e+00 2.507427209322349881e+01 3.439032341523739689e+01 1.773629108247915553e+01 -4.840277640456093167e+01 -6.104741398264941665e+00 1.984354053838870868e+00 -6.431975165360830360e-01 -9.257230322811880185e+00 -6.873791958162994931e+00 -1.307181732509721428e+01
6.588721729322060128e+01 8.386582563310938099e+00 2.128704257318366899e+01 3.966005819230002771e+01 7.789597465282700028e+00 -4.055753539408360098e+01 -1.662227848864209179e+01 -7.626891222324283959e+00 -3.680442032685292020e+00 -1.973261229264936389e+01 -1.201520459904845595e+01 -6.490133843731943131e+00
8.491178894813174338e+01 4.848188953873318496e+00 -1.117190021645470743e+01 2.547308152882760623e+01 1.571102635748475862e+01 -5.074028593803387821e+01 -1.511376700077207857e+01 -1.678440157113989528e+01 -1.088264246979300154e+01 -2.941485180351751794e+01 -1.583446012426579586e+01 -2.396224999948115197e+01
7.169135629652933517e+01 9.991279844337062954e+00 1.323207483958707087e+01 2.619026590977530233e+01 1.915675604002662524e+01 -5.281570898213394116e+01 -8.400037671279626750e+00 -7.952429881031324754e+00 -7.232678353147031558e+00 -1.375314659364078373e+01 -2.659396592388992175e+01 -1.981105142798411478e+01
7.116921850827372964e+01 7.757261294713878819e+00 1.325080675269584773e+01 3.573529448897450322e+01 2.547190094674227367e+01 -5.172693828818125894e+01 2.643882962563528061e+00 -4.337563855823537651e+00 -7.927462626542443047e-01 -1.486953502172444885e+01 -2.056053498290902226e+01 -1.950190323314829399e+01
7.581275879777814453e+01 8.266912279284738929e+00 3.023144571042816864e+01 3.514141484164120754e+01 2.593252449246948288e+01 -5.634671796316514758e+01 4.207135723045397624e-01 7.184754449730057502e-02 4.627525746027393083e+00 -1.608150764166609292e+01 -1.509016114292878008e+01 -2.282809910117507002e+01
7.873210236812593621e+01 8.440737158878594215e+00 2.688466521870761738e+01 4.340192709732676235e+01 2.219962630707665241e+01 -5.335317633578101493e+01 3.660755688220202142e+00 -5.269458792902518063e+00 -4.831546741538172984e-01 -1.872824108739865068e+01 -5.268561982315823400e+00 -2.382903730173880774e+01
8.436109763870035749e+01 1.385991533111515395e+01 3.089941187105714704e+01 2.900644439382580941e+01 3.412141662371031714e+01 -5.956674638844252456e+01 1.699214546287225236e+00 -1.413595444429629922e+01 6.830230623231667408e+00 -5.543937640334037908e+00 -5.060301474436448288e+00 -3.375341454870124380e+01
9.340200008095860085e+01 2.322327160621192821e+00 3.155943762455728319e+01 3.219202556431525863e+01 3.248513247625983524e+01 -6.770803585899631116e+01 1.484893042934140972e+01 -1.355082646850423522e+01 1.072615852703225237e+01 -1.452457677995099772e+01 -2.016153493685061360e+00 -2.885641013922838027e+01
8.806404789745849371e+01 6.770971050102501110e+00 3.289502464945780247e+01 2.022653770505077730e+01 3.341659491823494932e+01 -6.201766932300048296e+01 1.901629848793715283e+01 -1.823081969213374265e+01 6.485094286357091065e+00 -8.992153713964631478e+00 2.885205716949975407e+00 -3.030522004027008975e+01
7.149203575046328751e+01 1.639656198107548235e+01 2.237893051125171695e+01 1.525060013550718452e+01 2.774611096932533627e+01 -4.198253564019610451e+01 2.563587065979660906e+00 -1.718950171054956400e+01 5.826136146046303921e+00 -1.404441502740580994e+00 -6.376357783909128329e+00 -2.096166086466284639e+01
5.799507103706818611e+01 9.135618097145432159e+00 -9.772397272562560744e-01 8.675216020535916783e+00 7.513292312705527998e+00 -2.782773352331315664e+01 -3.634296920937849062e+00 -1.674914128969205862e+01 -2.238578004193501059e+00 -7.375318934164625695e+00 -5.726217594228762309e+00 -1.938016181968829699e+01
6.491753688587499482e+01 2.517994061466120570e+01 1.817076408251407571e+01 -3.124424174130624454e+00 1.218373978779095879e+01 -3.069485000612604608e+01 1.365279610331931792e+01 -6.612100585848328826e+00 -1.300481107589500862e+00 1.249381294303346657e+00 -1.756943338022089129e+00 -1.602607031545109706e+01
6.686708384542409078e+01 4.351351919683825287e+01 2.876474993545837577e+01 1.910291070876407105e+01 2.584850554046069249e+01 -3.128032176312908774e+01 5.381877594082459026e+00 -2.204889599500251762e+01 7.928850765619577246e+00 1.175520339927105695e+00 4.308149718450039245e+00 -1.449271169057328734e+01
6.285988765800494349e+01 3.009863916792782845e+01 3.540362068560409625e+01 1.675410146238987252e+01 3.709514051886753805e+01 -3.808042874866593763e+01 1.036158595643972724e+01 -2.706706651065069735e+01 9.911069205761837253e+00 1.332957600324480296e-02 1.258604491088699007e+01 -2.824086445283930047e+01
4.603282886464400292e+01 2.557894832601494528e+01 1.364592207514514755e+01 2.879208754945350535e+01 3.464038628207943304e+01 -3.416317754222470171e+01 -1.494014218691209539e+00 -1.867140170914403186e+01 -1.104575370973936321e+00 -3.704627638390454614e+00 -1.133438998756549410e+00 -1.005191588278172432e+01
3.483188205846794006e+01 3.701041656368679611e+01 1.952178757448347568e+01 1.679094535652394082e+00 3.097216671216953188e+01 -3.230704650663994926e+01 2.165920396550474081e+00 -3.100778416076351363e+01 -1.750712963856552840e+00 -7.394507081909913460e+00 -3.192423795871901948e+00 -1.784694365880778477e+01
5.785374867644613062e+00 2.296607914851387378e-01 1.932424651661100157e+01 -1.175054615073605646e+01 1.022561640657562165e+01 -6.102935182034323702e+01 -1.160828896596419213e+01 -4.920927548339684421e+01 -1.098731594333333028e+01 -2.786897389676428460e+01 -8.621191065688151411e+00 -3.718680687749235858e+01
1.664616074959131709e+01 1.159532270259696674e+01 2.750648118754611460e+01 5.428915555323237996e+00 3.741700709458923768e+01 -1.890648370859576843e+01 1.711112670181135798e+01 -4.136055724559928137e+01 1.972354298574914289e+00 -2.175497483418936895e+01 -8.961338606048752098e+00 -2.489725880792266466e+01
-7.157677573551459282e+00 1.645039232661775941e+01 2.614136471358012770e+01 7.248947302555687422e+00 2.395680812888142341e+01 -2.843329665613257617e+01 2.107244466129643001e+01 -2.961055661662098970e+01 -5.861965609580325420e+00 -1.785996573940769849e+01 -3.870614644585556707e+00 -3.194404764447044442e+01
-2.032162575562831108e+01 2.351254188363577668e+01 1.108667264269588060e+01 -2.471902904304443993e+01 1.860595239606270113e+01 -3.897255158450728629e+01 9.590556628297619568e-02 -3.770918463036545631e+01 -5.134262255950176268e+00 -3.743379858917478487e+01 -6.371019230287128465e+00 -2.295269396037566167e+01
-8.137887436170718303e+00 3.457040655020310282e+01 2.988856984771197034e+01 -5.405715374589334488e+00 2.466113871758134479e+01 -2.418688054300040591e+01 1.671052778158733432e+01 -2.357008566294694418e+01 9.052274538203123555e+00 -2.175439090652604790e+01 2.133031569649929349e+00 -2.313757388967443163e+01
-2.013666533674766157e+01 3.743444360355630351e+01 3.471910044302811116e+01 3.042063285922320226e+00 3.892224267514608016e+01 -2.794804420680372203e+01 4.408118962953296638e+00 -2.739333601286594799e+01 8.335639580206340327e+00 -1.883560663591710949e+01 7.633061905398909275e+00 -1.794509220971414010e+01
-2.308410213018632362e+01 3.124911678301013396e+01 3.131207248800684084e+01 -6.533729703325413141e+00 2.942109542903758168e+01 -1.685850198972995173e+01 1.807367589988500711e+01 -1.333098619621195091e+01 5.106338485292226004e+00 -2.511690392963883411e+01 5.143740454860640021e+00 -1.593458101169315455e+01
-2.922921760412587133e+01 2.309704766794158814e+01 3.414958747324911315e+01 -1.797664546258275919e+01 3.714838526032142596e+01 -2.908944453087086401e+01 1.231561672701499610e+01 -3.341893772099557935e+01 8.072023260866416194e+00 -1.909492611651579352e+01 -5.773487374902407154e+00 -2.392702743080626959e+01
-5.917929968414470920e+01 8.167136098457582705e+00 6.112351531175430175e+00 -1.153973302217074348e+01 1.336477687688911509e+01 -3.584568963187129498e+01 1.994252059799821453e+00 -3.234273260970153530e+01 -7.326694668085101725e+00 -3.951556716987184359e+01 -4.950543111524602580e+00 -3.241447990517646360e+01
-5.323186583659679627e+01 6.685946785023258343e+00 1.641653976977744378e+01 3.709669395432058536e+00 4.007045379344327785e+01 -2.803017093930024828e+01 2.273606607511239108e+00 -2.762269119346650115e+01 6.030323052885321999e+00 -2.577901679684233471e+01 -1.302849750890058722e+00 -2.306662894679418230e+01
-5.413426775407931757e+01 6.530347017758562522e+00 9.553266384200000516e+00 -1.009050682212845018e+01 2.289551510724535177e+01 -3.886608937896801308e+01 -1.993662779795823958e-01 -3.678391374677437398e+01 -9.814945892201003552e-01 -3.316774276231990370e+01 -1.016415888016651792e+01 -2.257484503111098206e+01
-4.238231903974759973e+01 1.761572723768491855e+01 9.660982081243600916e+00 -1.833185040197643900e+01 3.084125558846069737e+01 -2.337477377944647827e+01 2.608801477624032117e+01 -8.250037880453694683e+00 9.613942663279505751e+00 -2.611080671783685503e+01 5.537695061286276754e+00 -2.435405825682928338e+01
-4.191982473473377979e+01 1.780996753921775877e+01 1.995947515879684531e+01 -9.949985082061964192e+00 2.380361398404154372e+01 -2.131211986421696736e+01 1.442615732422573771e+01 -1.829371305405204495e+01 1.114895688736870483e+01 -1.737453030540621768e+01 8.681558473373131690e+00 -2.104898330345788793e+01
-5.163406274197542700e+01 1.618111894978226317e+01 1.199526051559988460e+01 -1.135903448215766431e+01 3.148248624317259114e+01 -1.264241691263369383e+01 2.679863501814082838e+01 -1.367643768388041892e+01 1.947194860078624856e+01 -1.910633898847466128e+01 8.644527386725997076e+00 -1.259125893812145591e+01
-6.716555318550402376e+01 1.971496146200088617e+01 4.626219338585421781e+00 -9.564874032174992990e+00 2.534420440337491698e+01 -1.900886391564396050e+01 1.272061551780699418e+01 -1.513322449963319016e+01 3.106441455522623851e+00 -1.379992519272744289e+01 3.942678991396598054e+00 -1.019409962005133607e+01
-5.829026724335676590e+01 1.176402608352193369e+01 1.124739501923119178e+01 -5.154131134194617658e+00 3.381710075741912647e+01 -1.914499892274998416e+01 2.536018110713300189e+01 -1.102108123523969851e+01 1.366602529989162562e+01 -1.038442070607232637e+01 8.628267734128080235e+00 -1.915054044924298537e+01
-6.806913292890348544e+01 1.092805132576178195e+01 1.424948915852820441e+01 -1.948991397598767605e+00 4.206116850339061841e+01 -1.860852976451539220e+01 1.016745321424089710e+01 -1.482676646180724767e+01 2.374073011272899691e+01 -2.831472652256404210e+00 8.467929509334659599e+00 -2.262047230057060432e+01
-6.734283506440817746e+01 1.375935921568164133e+01 8.605497080839391799e+00 -1.365099186383416985e+01 2.629277718891827220e+01 -1.113547341416014547e+01 2.977513639011196744e+01 -6.991829497499812973e-02 1.265201259820847746e+01 -2.054077146738362813e+01 1.366222947995462533e+01 -1.786983361589694752e+01
-6.661462219937070017e+01 5.388799909685579870e-01 -3.818267397723198897e+00 -1.675529274105393895e+01 2.179625633085854020e+01 -2.771401836044578459e+01 1.039640148294646238e+01 -7.445368462013009392e+00 1.841231819066619479e+01 -1.108504457780299290e+01 9.024105406643210259e+00 -2.277950086171303212e+01
-7.432427819883537268e+01 2.157866201001329642e+00 9.948672238419471459e-01 -2.422271564962754908e+01 2.811620446047646382e+01 -1.803108150004807442e+01 2.344040927389546169e+01 -6.720018702610637717e+00 1.811205637231657306e+01 -1.199336259282632611e+01 1.373792933750737078e+01 -1.843605957206018431e+01
