-1.641544792884213777e+01 7.466374109933630621e+01 4.445129475165907706e+01 4.322682438278711459e+01 2.693772938350812396e+01 1.434864721810206589e+01 1.665080552365009936e+01 7.057814227190063683e+00 1.518732917929854764e+01 2.837156407634206623e+00 4.789313697727416219e+00 -1.442848595762185937e+00
-3.394694836292308082e+01 6.807758653880657107e+01 4.085720287415065144e+01 3.942230685963289716e+01 3.084765573777048075e+01 2.926026784546963455e+01 1.306885709269905504e+01 -9.069492032848900820e+00 1.269981531712731737e+01 -8.256415796913946892e+00 -1.188179391908679072e+01 -5.205858845617553854e+00
-4.862659120544508085e+01 6.170612359405431846e+01 3.748497517452243244e+01 2.013613842770082840e+01 6.420045182626692437e+00 8.420601928693601579e+00 1.334005837055303623e+01 2.081124874973466987e+00 2.404277242270734760e+01 -3.927062644973296823e+00 -6.640484240501645985e+00 1.532105948114725891e-01
-4.119559636228842692e+01 6.562775510807631463e+01 3.991004221203399993e+01 4.338509526704385166e+01 5.015098206049005114e+01 3.872756262923794424e+01 3.633619486109135011e+01 7.173241582954407392e+00 1.795935237197778633e+01 -1.521025786534323387e+01 -1.313743456866868442e+01 -1.214493701586735064e+01
-1.563920601872572291e+01 6.184148624132362215e+01 3.337989913271297127e+01 2.133232046947580329e+01 3.683191358990209885e-01 9.436453693848973145e+00 1.464212335782325347e+01 5.612386583059107981e-01 2.719130359883403969e+01 -8.233305760855937905e+00 -3.162464884641330798e+00 6.992695177767940251e+00
-5.555983284742060846e+01 5.359554723097788553e+01 5.218290316610458035e+01 3.712225222094799904e+01 1.939670592902331592e+01 7.802504268410317856e+00 1.974518486002390105e+01 9.936760821882591799e+00 2.577367000193724778e+01 5.399982628881928370e+00 4.464107325452904007e-02 -4.595745968318021291e+00
-5.589584369181437751e+01 3.802408632521016330e+01 1.290791491812122871e+01 2.571920341284732814e+01 3.251839217470643462e+01 2.833892751565356249e+01 2.458793280009741267e+01 9.928911928767498729e-01 2.386514265305816451e+01 -9.031013293779375672e+00 -4.071185308157899030e+00 4.342750864444039571e+00
-6.017502576987929785e+01 4.124773786538512610e+01 2.364204036684433419e+01 1.549693094665779114e+01 2.105377443087729716e+01 8.237781880606480200e+00 1.522998986239162278e+01 7.491125093647981181e-01 2.610252965446871087e+01 3.508013037862696137e+00 -1.583988554707297602e+00 5.973514882265664738e+00
-5.114115793113988673e+01 -3.078174248312019756e+01 3.042621669287704478e+01 -3.975182629573610793e+00 -6.323050322810108703e-03 8.396767144187679222e+00 -3.484185918655811065e+00 2.709763140421195260e-02 1.952098986742632603e+00 -4.658875909483754185e+00 -2.013988638722469027e+00 -9.126785385947027152e+00
-3.039729340979739192e+01 5.153956979974981323e+01 4.103615541320696991e+01 6.558782206741927467e+00 -1.747815590081308823e+00 1.661214769806060332e+01 -3.692154453710514428e+00 -1.133634088721354338e+01 1.967986789844855622e+01 -1.446700016132794708e+01 -8.325030738430781341e+00 -4.189862430320808073e+00
-2.789282810069659035e+01 6.224034178039789822e+01 3.848181658371852620e+01 3.085952649122301139e+01 1.867374876473289191e+01 1.341838328674349157e+01 3.137027480096822973e+00 -1.632109094645351632e+01 6.426552813863742664e+00 -2.182934364651739756e+01 -1.323769707446914268e+01 -1.011726211281621346e+01
-5.005711048355725268e+01 5.970519391342590154e+01 3.795633622328396939e+01 2.711588048525110395e+01 1.082376934639525246e+01 6.865549187173017209e+00 5.465477745178257685e+00 -1.233834604793138823e+01 1.191329665743697852e+01 -4.206721852080414159e+00 -1.201976580127821492e+01 -7.882895758927295660e+00
3.789724460208422840e+01 5.852968458190078849e+01 1.831800069067652714e+01 1.952562429258870935e+01 8.472218954157733961e+00 7.349897136914195883e+00 1.180188985042549810e+01 -4.931709960944169246e+00 1.182128549658245120e+01 -1.107952473397860160e+01 4.533588873325957280e+00 -1.034344658218779189e+00
-5.229438842725666348e+01 5.035715875119369400e+01 3.078160238765672574e+01 3.629988437983890037e+01 2.985872838447339817e+01 4.292460300398154516e+01 3.110244337456196462e+01 1.102228992997961754e+01 1.983834468397798645e+01 -5.834415728341255658e-01 4.973357187536861623e+00 -1.800424275490815296e+00
-4.521462555441255660e+01 4.901492210148801121e+01 4.595399167189121670e+01 5.164946641590226761e+01 3.535989001972126289e+01 1.892201968468134510e+01 2.882073143614776001e+01 2.137581021219167710e+01 2.419085005083523754e+01 -3.995626410258296346e+00 -1.100015768671531546e+01 -1.054478540242029538e+01
8.726224578228540807e+00 5.027108110323895573e+01 1.648698444170053179e+01 1.753872343533181066e+01 8.733451465198221797e+00 8.406954372486367788e+00 4.883290771189156665e+00 -1.259216219444466667e+01 1.164101604326446449e+01 -5.009222073872916958e+00 8.879077972469209268e-01 -7.625802112118671872e+00
-4.705561285716127173e+01 4.608902029032837788e+01 4.060844116484118871e+01 5.292837771082739096e+01 3.256800728406406620e+01 2.560261147506328783e+01 2.695657096124951480e+01 7.090169216822410636e-01 3.185958277784945558e+00 -2.182163873376495644e+01 -1.381397530397382667e+01 -6.840812025742202707e+00
-1.327225704489159064e+01 5.789978758631908562e+01 3.339318436772373389e+01 3.407974225532321100e+01 1.377647663621871743e+01 1.507139706651130773e+01 1.880156280458483309e+01 -8.900312675551186103e+00 1.023021986518018522e+01 -8.782289224758878632e+00 -4.677032772418877826e+00 -4.204285306279981427e+00
-2.206562447975133878e+01 4.253286773734689064e+01 1.998062525984108717e+01 3.228850012602030972e+01 1.137378544030831407e+01 1.528183216887575746e+01 2.233689144698452722e+01 5.257586686730038039e+00 2.125563465840697930e+01 4.063536240601225202e+00 8.354884851596400708e+00 1.129718209760993730e+01
-4.821250357250615792e+00 4.347766946657337428e+01 3.014259438822892179e+01 3.289516546380534123e+01 2.319638036535303272e+01 1.520582919696168389e+01 2.421847845414600187e+01 -3.755335573415489847e+00 1.111163826322026704e+00 9.131978550374642012e-01 1.788121334944202090e+01 8.048264062227962867e+00
-3.840756419502526331e+00 3.437681571558618998e+01 3.105168302684066362e+01 3.895253362684981369e+01 1.106178834863109728e+01 9.472271849239414010e+00 3.216182503668625259e+01 -6.409139588938460363e+00 -4.182250225967029778e+00 -7.034225407580906975e+00 9.837454194321065160e+00 1.045973212438772837e+00
1.284235846398917502e+01 3.276678949029771104e+01 2.206465651234417535e+01 3.060118039782830834e+01 -3.172984799632121433e+00 -1.091484217393331768e+01 8.166429982845034630e+00 -1.176554798794203993e+00 1.696288386735194109e+00 -8.452418472044644915e+00 7.443721806146038844e+00 -5.228791568499868703e+00
-5.426162812522966838e+00 1.934369415286640503e+01 2.412072593554204047e+01 4.375678108518499698e+01 1.659798695398485080e+01 1.607540284433231292e+01 3.305821523850796950e+01 5.568318271337390435e+00 -4.136397847322966115e+00 -1.274457595437518087e+01 2.171678035163918707e+01 6.103968382439887819e+00
-1.110086467316859427e+01 1.901537727726169180e+01 2.215916600378491363e+00 1.198034358723735693e+01 -1.573574568912486171e+01 -2.012883752957316119e+01 5.832525455162533845e-01 -5.509054314956514098e+00 2.578299763272298595e+00 -2.220874734362633163e+01 -3.746426387771281674e-02 -8.452995353007320745e+00
-4.613591693833081209e+00 1.454081746248052198e+01 3.590674962754120969e+01 4.426550112092827760e+01 1.701179899718800570e+01 3.197485146419364099e+00 2.504434797328957174e+01 5.898408117799847084e+00 7.376724412320378121e+00 -1.259307406171591559e+01 9.839205382233501496e+00 -2.259613299986372947e+00
-6.208112665993456680e+00 7.230747822430252825e+00 2.541071643561735272e+01 2.799712589464868628e+01 3.701041637645718030e+00 -1.703760197020953937e+00 1.734028707556380056e+01 8.459576501104596247e+00 1.525337406329301970e+01 -1.595950119787541155e+01 1.267640647204850701e+00 1.200863542652179206e+00
-1.447450421406815568e+00 3.155695117793288063e+01 4.241129007894743097e+01 4.697245492441987835e+01 1.664470881236105626e+01 2.265572839158742369e+01 3.103563588364362857e+01 1.217604082758722228e+00 5.785512466208839299e+00 -1.839955092593797303e+01 1.577687943614342281e+00 -1.289941713393888278e+01
-2.655016626311780925e+00 7.138967823019720882e+00 3.422364452888149344e+01 4.807178951876238671e+01 3.809659470438897699e+01 3.598385535027905746e+01 3.271851364541618068e+01 2.073861419862534472e+00 6.807616804744109906e+00 -2.012293317053405417e+01 9.810185339685368433e+00 8.669168168539780339e+00
-6.026192108357805388e+00 -4.842194283045961001e+00 3.350419726333760195e+01 3.532697049827034874e+01 3.098998672671141819e+00 1.338068255024239761e+01 2.466930833174404469e+01 1.323622129471764941e+00 4.347929905395013783e+00 -1.773177798305538744e+01 -1.671597255423033168e+00 -3.284791781518590970e+00
3.078157899315256429e+01 3.572697464183037397e+01 5.840196035639419847e+01 4.096541391249696318e+01 -6.461414549087591830e-01 1.075985870654976750e+01 1.717282914453472031e+01 -1.665691277095038503e+00 1.023548655384658801e+01 -1.154771953195048440e+01 5.855926701139956947e+00 5.352807000954268091e+00
8.242538454420369476e+00 1.375906367890328497e+01 4.975764141260950879e+01 4.552893835828862734e+01 8.051304882611274749e+00 1.936842933990619997e+01 2.831344164863625679e+01 8.063806676260647066e+00 1.269234069113639762e+01 -2.026123813235201254e+01 4.033333716291023663e+00 6.951781537847397274e+00
-3.003849552388088995e+01 -4.478914604726870863e+00 4.462151244644199721e+01 4.528389030784273928e+01 8.860120747523554385e+00 2.918868733625839340e+01 2.099097155044537644e+01 1.516649495380175683e+00 7.004605094457454939e+00 -1.887952816686612323e+01 1.712585525950953702e+00 -4.414455884213357162e-02
-1.994038035484527782e+01 -7.464544637963966167e+00 4.332659860245874484e+01 2.615899636949106011e+01 2.001042716746052719e+00 1.764733621725145696e+01 5.965567818463410887e+00 -7.030542919528086632e-01 1.508969027569241739e+01 -1.091616908613135095e+01 -1.051331511968135679e+01 -1.011106670083344028e+01
1.228922803970675304e+01 1.465087784850634289e+00 3.569246951354229225e+01 1.554802571634553487e+01 -1.998030654629154412e+00 4.951413286304354955e+00 1.820172810365133387e+01 3.143384244750683898e+00 1.311960169408349586e+01 -6.673475700393352028e+00 9.405548012503791355e+00 7.234227097211311630e+00
-6.574957238627790801e+00 -2.196947823827304358e+00 4.885168734622300235e+01 3.706233659762973787e+01 -1.157827049490131799e+01 2.209130757200540529e+01 1.996357787506151027e+01 3.612468582041117315e-03 1.614481541742940962e+01 -1.378435372190959463e+01 4.125458534021751333e+00 9.243681584374819238e+00
1.543634930356714641e+01 9.128932855900529830e+00 4.310732193230131060e+01 2.548684298235721002e+01 -3.978727777815956657e+00 1.816482314878069815e+01 1.602879517049379032e+01 -5.884694425385674776e+00 1.200951116022124054e+01 -1.891100341352837688e+01 8.088477358611125823e+00 3.319728792843327447e+00
-1.845609336085676233e+01 -7.855466668277207631e+00 5.063103248296562953e+01 3.697274865889676221e+01 -2.768344062671210359e+00 2.277100464787556433e+01 1.094352984116556904e+01 -5.747024021475903410e+00 1.804918664453249022e+01 -1.379316102190930771e+01 -1.449503502916754005e+00 1.691817432477237482e+00
8.868583787487748893e+00 2.355431346632245848e+00 6.548870656615963526e+01 2.831816054044346131e+01 -4.568899266236276624e+00 3.196813974998830332e+01 7.360914774683741335e+00 -9.268030213317198118e+00 1.923546521487457994e+01 -1.227074424388172957e+01 2.231887249787838812e+00 7.127588600548024012e+00
-4.197532524806604215e+00 -5.569132461034534742e+00 6.286056005641667355e+01 -1.714064471715975557e+01 -1.712494140641809892e+01 5.945524116573393769e+01 7.389895889480792235e+00 4.240717302124618726e+00 2.818863722578701925e+01 -1.242069526289960635e+01 1.048716385348541458e+01 4.032456132675372729e+00
-3.753450516503110013e+00 -7.653059719346383183e+00 5.967116802487983307e+01 -1.498106409134582506e+01 -6.796022839684283667e+00 4.024150594677203685e+01 -1.231742836898201077e+00 1.378540498811620996e+00 1.941856078362452109e+01 -1.399976505846823827e+01 6.963938900146253275e+00 9.580233751993034730e+00
-1.257160999756268183e+01 -1.074010737163943574e+01 7.676233361474939443e+01 -6.061174697920540311e+00 5.107130723448070064e+00 4.120683026845135544e+01 -1.134608220114492916e+01 -1.239455480033264756e+01 1.760953442989109519e+01 -1.169261342445224017e+01 3.275000166594927542e+00 8.232563180541387027e+00
-3.584049767870632763e+01 -1.693043501113982785e+01 7.214059544781834177e+01 -9.541858326129784018e-01 9.242690404510508273e+00 6.439868299991229605e+01 9.393538121696197507e+00 9.559801353507377808e-01 2.870190179850956724e+01 -8.839368463624268646e-01 8.421180853347594919e+00 3.346233025521077042e+00
-1.788493772771483847e+01 9.301179180090143106e+00 7.949492840751443623e+01 -1.236132628482347684e+01 1.109493549330924722e+01 5.426652946825512203e+01 -2.066852579584991911e+00 -2.859256694358693895e-01 2.128033795115381821e+01 -2.059216852616024163e+00 6.324552725763471273e+00 1.345073644619441033e+01
-4.324441844872685436e+01 -1.694753624732986452e+01 5.806234698919105597e+01 -1.888267980459862372e+01 3.393639207717043860e+00 4.843797599662050857e+01 -7.862345441366608512e+00 -8.753816946020128498e+00 1.575103088931726880e+01 -1.153340061581154430e+01 -1.262092722238623921e+01 -9.174881337692962546e+00
-4.715390287299041461e+01 1.601796813434104294e+00 6.121123898514240125e+01 -2.425084870481641985e+01 -6.762766357377381965e+00 3.184097080838387228e+01 -1.036037730564396497e+01 -3.197499314093222633e+00 2.442862128340457062e+01 -1.756434385136245169e+01 4.895365784237894147e+00 1.669160050874269885e+01
-5.464757029883783446e+01 -1.076006740273575346e+01 1.115433588793302420e+02 2.129927075385622537e+00 3.589006854828511006e+00 3.828605470698792601e+01 -1.623372375903935350e+01 -1.326126880234784089e+01 2.162655970442153119e+01 3.310039594953725128e+00 -1.100790771322005313e+00 -2.145312123332457910e-01
-1.184654076124325854e+02 -2.226808173452170792e+01 1.150006607469157558e+02 -4.182899574606114612e+01 7.691206578326781340e+00 1.859087240935206964e+01 -1.187765856465510694e+01 -5.759203177335053603e+00 2.281168933728578985e+00 1.592306930484711724e+00 -1.254585038808524011e+01 -3.558682000849666238e+00
-1.224211757935640321e+02 -3.930896726779706540e+01 9.750296081586733976e+01 -4.022392402474424955e+01 -4.901631795431828920e+00 1.709853870605385850e+01 4.770218713903480179e+00 -2.030671656782134704e+01 3.464082182897397111e+00 9.601952630117830623e+00 -2.196963750465450005e+01 -8.982581193802950281e+00
-1.563975602018530537e+02 -3.171370863317541477e+01 9.282970553841907702e+01 -3.914764133634010079e+01 5.086255289525233536e+00 1.797635068710789952e+01 2.082229689451324361e+00 -1.292949814591167623e+01 1.612576968960257062e+01 5.516588264605553960e+00 -2.131175503543212812e+01 1.456519567062322551e+00
-1.564617078913952355e+02 -1.536792195160669294e+01 7.227238761925946164e+01 -4.688535467798202205e+01 1.091306819365257930e+01 1.381145025360733314e+01 -3.761833079668115420e-01 -7.459347431542500573e+00 1.956614524903907792e+01 -5.279511259013503377e+00 -6.376132326446640519e+00 1.429511041459997500e+01
-1.136106552008536994e+02 -2.103797017414321857e+01 5.516433502787043608e+01 -4.561994737287098900e+01 9.993823056427849849e+00 1.000617305146889180e+01 -3.874679757924912149e+00 -8.922339419889546264e+00 1.555927048466064200e+01 -5.904415420078040988e+00 -3.239661648778080938e+00 3.178110265400230006e+00
-1.604371951515774413e+02 -1.590217920200794488e+01 7.657670376857598171e+01 -4.468283475073828015e+01 8.043333677928004022e+00 1.989484280055912890e+01 -2.969438653206507350e+00 -1.239018099305930320e+01 3.303497590948308016e+01 -1.283888829864048375e+01 -6.756386084810092285e+00 1.289055845173173864e+01
-1.108288997204905826e+02 -3.554312250853456590e+01 6.929632094604946246e+01 -4.790260790118447431e+01 2.258647840838901022e-01 2.171991287872285170e+01 -3.691691000931900390e+00 -1.940941673359729336e+01 2.694838812783843096e+01 -6.094034932688001227e+00 -1.263415522260701351e+01 1.666118304256044524e+01
-1.174101861808589149e+02 -3.891413021689059804e+01 7.223789821460044891e+01 -5.035821558225870120e+01 -1.480361719963445566e+00 2.189209733042112305e+01 -7.781817236013885974e+00 -2.257190524351951311e+01 2.578552614253799291e+01 -9.744797475368624617e+00 -1.426784333371924696e+01 1.195832650034228095e+01
-5.965388462570727768e+01 -6.113518692142628197e+01 7.272368512092299397e+01 -3.953368792328045345e+01 2.977101469746139983e+00 7.662958588617135192e+00 9.039883097624411334e+00 -1.684698343002572329e+01 1.416372362011272301e+01 2.871270378206488338e+00 -6.539333714550372711e+00 1.650272003771811491e+00
-1.151106472773023626e+02 -5.829496943725877145e+01 7.927788268052398735e+01 -2.355361491641716754e+01 -1.763662847046663984e+01 2.757623937995334984e+01 8.665887152873164467e+00 -2.020923783377689631e+01 1.887598189026086715e+01 1.065264985758084748e+01 -1.471623061871012261e+01 6.855715172389437839e+00
-7.217743207457561994e+01 -5.816427014322844968e+01 7.805287567210187660e+01 -3.262454202457580266e+01 -7.261599775538532420e+00 1.429772566678482804e+01 5.789255308630938401e+00 -2.320924584820585324e+01 1.447851636592716673e+01 -7.301349351511108310e-01 -1.069640427114465098e+01 -1.502467246458467631e+00
-8.673745595605286951e+01 -2.766853753235232105e+01 9.900831611092444007e+01 -3.957558075068279635e+01 -1.068105901515342637e+01 1.680611167817486518e+01 -4.577153117510169622e+00 -4.109404360667922163e+01 5.805390072068441043e+00 -1.069839159986989685e+01 -1.888547222685275884e+01 -8.422646147414379669e+00
-5.724890076798116922e+01 -1.993023983527910303e+01 1.172616559631272395e+02 4.006152203637642017e+00 6.613256410388294704e+00 3.590302843293490476e+00 -1.281041435051161947e+01 -5.301351485820717357e+01 1.189571439496335969e+01 -2.589829479876177487e+01 -1.334601873691313223e+01 -8.430625607033832125e+00
-1.543068198715619133e+01 -1.646999012523318129e+01 9.973538664805016651e+01 -5.430626907338516052e-01 1.698971925725309617e+01 4.053915314166465222e+00 -3.215459391793863375e+01 -4.231098283680645977e+01 6.784380984622103483e+00 -1.291565868537813877e+01 -1.595419297660774305e+01 -3.290023409053607573e+00
1.044607557566346046e+01 -2.371998404480633127e+01 8.073539404469542546e+01 9.032833473798099533e+00 2.447255460844762354e+01 -8.052331049172035904e+00 -4.652327534718490654e+01 -3.662186847006189083e+01 1.036657550455761623e+01 -1.491126160416304636e+01 -1.724707794168731212e+01 5.426233428361242339e+00
-1.469253915594086024e+01 -4.722142212211236867e+00 5.962624118410461449e+01 1.029940623012018275e+00 1.979266571976625855e+01 -1.805854857876820319e+01 -2.092903981857542917e+01 -4.560633577678981965e+01 1.935240722038649608e+01 -2.602388743664336701e+01 -1.237545061306022198e+01 6.632020955833235476e-01
-1.726182814143335520e+01 -6.516692255422264601e+00 5.793321351182046186e+01 -8.743796713713155810e+00 5.418316803027105166e+00 -2.046574229958211255e+00 -2.268304990033929869e+01 -2.735369242041446469e+01 1.021272834156708242e+01 -2.164632805991014664e+01 -1.889222852459469237e+01 -6.276637129858041675e+00
-2.659837230189201307e+01 -1.053063471338671508e+00 5.902711011651700801e+01 -4.125601909037941439e+00 -2.179875669167818053e+00 -1.236774307184561472e+01 -2.621521905856524626e+01 -2.085862793549242866e+01 1.657169531939888074e+01 -2.695981417434973082e+01 -1.534384967713734405e+01 -1.653986772009506012e+01
-2.807193557088802294e+01 1.096923322815757373e+01 5.049752995862041161e+01 6.296223231911020068e-01 -5.475876031832892288e+00 2.869617060160614574e+00 -1.938163197161213702e+01 -2.721444123126106263e+01 1.640670398323868895e+01 -2.929085200186499094e+01 -8.707079096021351106e+00 -1.567024883188364548e+01
-4.901538420397207574e+01 2.917550584853622553e+01 6.253345078349273933e+01 2.730664413596936413e+01 -8.344984057350195883e+00 1.405990716873999702e+01 -2.402082625577738995e+01 -1.198419095803774148e+01 1.961703787754818507e+01 -1.909749501235191360e+01 -1.029792851181119673e+01 -1.861509155271090421e+01
-9.181934363483571815e+01 2.879012075089172740e+01 6.690548803965472757e+01 5.300891549654449619e+01 2.414274285921438690e+01 2.917723367927936451e+01 -3.919861091492702343e+01 -2.996026215910788792e+01 1.255518894996119172e+01 -1.463194154155181614e+01 -7.358330728941263388e+00 -8.295927115263902252e+00
-9.725931435078683762e+01 1.184428753622634289e+01 3.442203838205929145e+01 1.522752148846914011e+01 3.271704135869820895e+00 1.782257545916008112e+01 -3.130012859622516785e+01 -1.684547454762052610e+01 1.819475534275429851e+01 -1.732634633620477871e+01 -2.036851259027900696e+01 -1.779836810069533115e+01
-1.581821203722296900e+02 -5.421654640034175543e+01 3.356912594932349236e+01 1.288901691683300399e+01 -3.539397702152008218e+00 -5.990348338539028816e+00 -4.528002797915480215e+01 -3.329378904338462775e+01 2.423225754584408520e+01 -2.993495947222672271e+01 -1.854705316599756060e+01 -2.062480009272599091e+01
-1.233127007677673248e+02 -5.510396471706523869e+01 4.763029968596671182e+01 -1.468013656671201161e+01 3.377982252269656982e+00 6.718820382860914542e+00 -1.124809350174223965e+01 -1.525528521605389720e+01 2.937919424701595972e+01 -1.057562942476849344e+01 1.733005695302135329e+00 5.314091737305294494e+00
-9.487772647344067423e+01 -6.604112247695303495e+01 5.434984680042820315e+01 -1.409204728981989163e+01 1.004149781958353849e+01 7.331131590500685746e-01 -2.031238665016575595e+01 -1.714577301090128003e+01 2.582418984132631934e+01 -1.370169883739307082e+01 -5.615255783535566536e+00 -1.121969310281851051e+01
-7.667334565596721774e+00 -4.538209315040319325e+01 7.574890387184920826e+01 2.816649005245643878e+01 1.586940221747510193e+01 -9.219806587087383321e+00 -3.439996311356945569e+01 -1.282965677856233455e+01 2.783866539268967699e+01 -4.549977913042295263e+00 -2.741572397388264903e+01 -1.651475286549277044e+01
-1.869349330445091439e+01 -4.159509948741008145e+01 8.626911240026647931e+01 1.579521732134817213e+01 1.639321405583974567e+01 -1.088571347080878482e+01 -1.638575317888564342e+01 -1.082597525718904130e+01 2.747887849010333738e+01 -2.555292588275883503e+01 -3.821044370317523686e+01 2.466974507215673906e+00
-2.288352402585432088e+01 -4.216265889350421503e+01 9.381839631134576507e+01 -7.855165950648968831e+00 4.536488469322196515e+00 -1.809284514852999948e+01 -1.329206955481955887e+01 -1.672694324730171189e+01 2.290106352182244365e+01 -2.625156744237995099e+01 -4.394501853064188879e+01 -1.820646525231021329e+00
-1.553067684312082974e+01 -4.230501943035652346e+01 9.027302248126403583e+01 1.406147094046452040e+01 2.657013434930818985e+00 -4.676160082288734365e+00 -6.561850386454256778e+00 -3.087476321634113674e+00 1.536609892245808595e+01 -6.032451397942878657e+00 -1.555074561103810282e+01 2.841862952533302789e+00
-2.050750787034461098e+01 -4.889619960079215844e+01 6.949725644091468268e+01 8.657037572946153503e+00 -2.659625870655052537e+01 -5.217256608943374729e+00 -2.490890454113021946e+01 -1.831257489161209406e+01 1.200955075072651468e+01 -1.762159071670314603e+01 -2.756898522011159613e+01 7.129716574861344469e-01
-2.602942053873967154e+01 -3.006277591095045665e+01 9.204325705826991566e+01 2.923140891083657777e+01 -8.453227448571949409e+00 3.448897513498608181e+00 -2.440708328402661564e+01 -1.573392439752613825e+01 7.938998702971398203e+00 -1.846233033056633133e+01 -3.200507628905613444e+01 9.227841482910648097e+00
-3.764927392873602940e+01 -3.085077834594219581e+01 1.085068809063024844e+02 4.759914073830415759e+01 -1.208395704911341362e+01 -1.985060904483412614e+01 -4.325607160707693311e+01 -1.804087084819414954e+01 1.629546264755979479e+01 -1.887377611728864935e+01 -2.243039316824958362e+01 3.560446401827443985e+00
-2.026005614841726654e+01 -3.813420328158032646e+01 8.199371433694233247e+01 6.767490906345400070e+00 -3.048607475381517418e+01 -1.915795430413801270e+01 -4.298156402978625579e+01 -1.309065772202425748e+01 1.117634468204781584e+01 -3.531051641814551090e+01 -4.057469532792192979e+01 2.362151872444298029e-01
1.501205353013264698e+01 -4.167402240265847269e+01 4.253681127333858569e+01 1.616002205179203344e+01 -5.300716379093996622e+00 -1.422848899869628170e+01 -2.083875795125857877e+01 -2.020962955739750377e+00 2.467045914372079807e+01 -3.458786367293332997e+00 -8.249371788290595475e+00 6.806096019329306301e+00
-5.468932688334358971e+00 -7.413850596563689166e+00 7.141066478227381253e+01 2.117537193191554223e+01 -1.603342985274756316e+01 -3.703905452389160757e+01 -5.079410735326159454e+01 -5.452600039015813138e+00 2.586030203532905247e+01 -2.135674192018492690e+01 -2.109955598531311338e+01 8.676934475184250317e-03
2.025050917932584582e+01 -1.675158399454007707e+01 5.019335683593887154e+01 1.122640026384253531e+01 -1.236463881914598417e+01 -2.632501245397246947e+01 -4.260894225854001860e+01 -1.483694858749136358e+01 2.608508051763289615e+01 -1.685095177465976235e+01 -1.421368909684813175e+01 1.515990830948874901e+01
1.169821866570680058e+01 -2.064275394514938000e+01 6.347832755926089021e+01 1.225999367065314871e+01 -2.488960612943396100e+00 -2.613077628762511040e+01 -3.460482610461328079e+01 -2.127799938007547809e+01 4.270849742500654855e+01 -1.190319696766130875e+01 -1.750235025686270163e+01 1.052596514726480059e+01
6.577932771283593993e+00 -4.145447147676736677e+01 3.903800757391806542e+01 3.051404298995686659e+00 -1.625826857136080861e+01 -3.132283219889668402e+01 -5.340237660611476400e+01 -1.148299495867572517e+01 1.522410632127270347e+01 -2.204520846240268561e+00 -2.528605474225240357e+01 -1.080829344444569173e+01
8.564854707510153986e+00 -4.562785940886905678e+01 3.607506999725242025e+01 -8.842270908153945896e+00 -1.297144220280745586e+01 -3.226101671432351736e+01 -5.093258855498987714e+01 -2.549262358288148533e+01 2.313457188946253495e+01 1.537088205560462217e+00 -3.270860705202836982e+01 -9.561676378531982934e+00
2.441823319772635159e+01 -4.170945696630448651e+01 5.205347388006713061e+01 -7.467418248190888619e+00 -2.086454517322120950e+00 -2.441296233283499362e+01 -4.906917568583299527e+01 -1.263481982668997183e+01 3.585213037448370699e+01 1.205570518559467530e+01 -2.294203742438602234e+01 5.187214399361623762e+00
1.554287933952952372e+01 -4.821894287339993213e+01 2.645855244593805367e+01 -2.447325712298130185e+01 -3.828014514617626318e+00 -2.654063516024625358e+01 -3.262728640069946096e+01 -8.249711208356023562e+00 2.862338611675572508e+01 2.071652267055133478e+01 -2.849592473031318818e+01 -1.656706558671110496e-01
2.566942955692686468e+01 -5.683415885744405927e+01 3.240406097125386253e+01 -1.323286751329872502e+01 -1.416948702744806887e+00 -1.079408479184017544e+01 -2.158703402577988939e+01 -8.857525659803885176e+00 1.771074534212626617e+01 1.006310306152396805e+00 -1.700650608042050038e+01 7.139056069279144268e+00
2.187228047599065661e+01 -5.798478112454961320e+01 3.636522616000755903e+01 -2.319420209798885679e+01 -1.854693549069249059e+01 -1.739308879515240847e+01 -4.130858622261136759e+01 -1.852219049161111286e+01 1.800268857726140226e+01 8.999240392965850432e-01 -2.112787302562648506e+01 -6.122313722841660200e-01
5.253923823119457381e+01 -5.467811395341897196e+01 4.977907223102890555e+01 -2.145172038414035143e+01 -5.878966667018733716e+00 -7.719573033075686652e+00 -2.843773079261364245e+01 -9.278154371657148403e+00 2.864646901213626862e+01 2.114349538483828894e+00 -2.340386993536383020e+00 -1.890776084924881584e+00
4.358962172038163629e+01 -4.805675350752153463e+01 5.117928237911922196e+01 -2.294916638034039380e+01 3.540785396923382677e-01 -7.080019733752184408e+00 -2.815139966167869545e+01 -1.209495229187043464e+01 3.117546280582451956e+01 -9.444363613050093420e+00 1.116064408897923421e+01 -3.437732997630396525e+00
4.400906792822702585e+01 -2.033222887596289041e+01 4.319583686196596517e+01 -3.348917366317522237e+01 6.643567805309249508e-01 -3.453242958607179780e+00 -5.013908430857193288e+00 -7.448334899098592032e+00 2.742575109998460903e+01 -1.519547428879369377e+01 7.441828269396870255e+00 -1.522792325126306912e+00
4.471642946265330920e+01 -2.153769084473241335e+01 4.030694416379080991e+01 -4.897241517926268273e+01 -1.462157649253907010e+01 -2.261433612054120346e+01 -1.141913961574224246e+01 -5.193520012517088169e+00 5.228363361409908983e+00 -3.744252052350198312e+01 5.830342133538575666e+00 -5.952494814284968960e+00
4.454157653612109868e+01 7.792675389843761735e-02 3.587781356738510397e+01 -5.987086189098238265e+01 -1.953834326056196602e+01 -2.151824137648253554e+01 -2.541386883417094111e+01 2.989341432467488957e+00 1.350294475278675144e+01 -4.988108215212744767e+01 -6.232141675647559609e+00 -7.921053178990502097e+00
5.839265033458200094e+01 1.352487804111476422e+01 5.965164903521943529e+01 -6.351211730561911395e+01 -1.646948307491854990e+01 -8.362103138718790518e+00 -2.542182441101242141e+00 2.819474541211714147e+00 2.756551703650051977e+01 -3.458045957492986844e+01 1.342274864342452467e+00 -9.292559910401742229e+00
5.116149858085894664e+01 1.762913586141086242e+01 4.635781443287985581e+01 -5.486561493322570016e+01 -1.842970130461937828e+01 8.108571031359103287e+00 -1.250059473283207012e+01 -5.483175865568989060e+00 1.849944177044709193e+01 -1.162613838806977995e+01 2.375806229540967429e+00 -1.880322892238904586e+01
6.232732855638730030e+01 1.500012414607761180e+01 5.659252641812840068e+01 -3.177761743411588924e+01 -1.245137083854123894e+01 1.255832248794636286e+01 -3.683308213359261174e+00 -5.453915770033619381e+00 2.619455340472487848e+01 -1.017731492734862009e+01 7.368813195947245376e+00 -7.994515387543145835e+00
5.951062930659733041e+01 9.006780300348038892e+00 5.994978230023196630e+01 -3.320057073221636301e+01 -2.269757965171877601e+01 -1.915688452285537835e+01 -5.095088208186765222e+00 -2.211331961941767332e+01 1.379080331438135865e+01 -8.096063381542592197e+00 -1.469419923522666593e+01 -1.276830317735904430e+01
6.670719199897682472e+01 5.554392693615411325e+00 6.220934592287717635e+01 -2.823090905086009172e+01 -1.010713103060062146e+01 -1.394511423860301491e+01 3.409464051018481712e+00 -1.150804670610200908e+01 1.311085237921375679e+01 -2.020135451070743926e+01 -3.301090114173307555e+00 -1.169054100714273936e+01
6.183402415374889216e+01 1.862711915175844268e+01 6.418458595773216757e+01 -2.555087779251946145e+01 -1.448747910752730839e+01 -1.284548451180366690e+01 8.958843951457415855e+00 -1.824250229264460899e+01 2.004723986092554355e+01 -2.081264711648776000e+01 -4.653103709812291378e+00 -5.732855802810650658e+00
6.630983603443939955e+01 6.823407033592074455e+00 4.008610954496873546e+01 -1.233734188321409775e+01 -1.824388810229410751e+01 -2.956065958208859090e+00 4.828078860132745120e-02 -1.673262117129900872e+01 1.088274357140548432e+01 -8.745010660569914052e+00 -6.071083106854702649e+00 -1.073567498726179181e+01
5.359206561255435020e+01 2.792505634686788341e+01 3.335023648851847611e+01 -1.903078292646322112e+01 -2.170290443265909630e+01 -7.296253405227058231e+00 2.338951193271215701e+00 -6.126839739659757811e+00 1.583525523699913862e+01 -2.208331606467437780e+01 -5.009874981295834750e+00 -7.419003480418867369e+00
6.109264829728621748e+01 2.235231388734616331e+01 4.934942275195115258e+01 -2.970950292954936955e+01 -9.003643720969716213e+00 -1.395526531710289575e+01 7.908748178953403318e+00 -1.198451481130836527e+01 4.023319954021147282e+00 -1.583720711771595369e+01 -7.361920133417729772e+00 -1.428529590929130499e+01
6.773859684172630580e+01 2.349651367965755711e+01 6.723355608459952748e+01 -2.904534128125785131e+01 -7.984477825578383481e+00 -4.367934189399413469e+00 6.265058309893401400e+00 -2.190224408535542899e+00 1.578852554994049484e+01 -2.924871190589733772e+01 -9.668215704532666877e+00 -1.492100688382998008e+01
6.331530118329337142e+01 2.286919396057508180e+01 4.163653310424818699e+01 -2.023902080770663403e+01 -5.300110889444960449e+00 4.265740201774980811e+00 3.612726645230635025e+00 -4.857154967917255206e+00 9.587715205230997739e+00 -2.220400196345626398e+01 -2.433731480415495696e+00 -1.455342989101476192e+01
6.716513315184796795e+01 4.210041022108842412e+01 2.970084363503489655e+01 -2.309070574212565674e+01 2.229093124399994963e+00 -6.383501178818892008e+00 -2.749379045331040494e+00 -3.646236104469159134e+00 6.770703410153637858e-01 -9.667375413699270226e+00 -1.215824125021902624e+01 -8.432627095099352488e+00
4.990047063772149727e+01 5.621724380676027266e+01 6.642098583117797261e+01 -2.593412924740923842e+01 1.559877010295273436e+01 -4.355597019014346039e+00 1.474214652574557860e+00 -7.111474300005406590e+00 4.851043854542963274e+00 -2.159205864234031225e+01 -1.279354771850741201e+01 -7.484246606878434349e+00
4.737346277118393090e+01 4.083996159850785546e+01 5.501594820051708723e+01 5.853433112647353553e+00 6.630894314220475039e+00 7.646976338807859541e+00 -4.295146883948850913e+00 -1.397120885513084154e+01 -3.076896815773073612e+00 -1.750596654412285957e+01 -1.167775518762596665e+00 -6.670375482363784414e+00
2.282857630318242315e+01 2.374031439662791598e+01 4.663704890892357469e+01 -1.162507753124197585e+01 -2.333027084516562155e+01 6.820677770983840205e+00 -1.239034846967490822e+01 -1.612490742557676526e+01 -1.792893552334302587e+00 -2.591931674714254541e+01 -1.391555070855642562e+01 -1.461056676045180502e+01
7.841067161049969592e+00 2.115052329118746144e+01 4.496446174182625555e+01 -2.182507094553315241e+01 -4.218286185642750752e+01 1.543159155953804351e+01 1.058218948586398511e+01 -6.513850739312994520e+00 1.370761202595341643e+01 -2.267999465442711227e+01 -2.359123525684482026e+00 -1.115865388157646088e+01
-1.880992899111826233e+01 -1.044141321716598725e+01 3.085097275801852845e+01 -2.532729049712409264e+01 -3.655223156606504631e+01 8.021919506206188544e+00 -4.898572999882079948e+00 -2.054113237348544274e+01 1.930122705218597190e+01 -1.862003512473617661e+01 -1.267567421265706429e+01 -3.075323618696605976e+01
-1.618928524181561812e+01 -7.189093423716383491e+00 2.128629515838777664e+01 -2.672278930825554966e+01 -4.097404336657127999e+01 1.045744741686515056e+01 1.027580818048657640e+00 -1.566687983204996115e+01 2.003641959157621955e+01 -1.622518469317139633e+01 -1.235176045768878339e+01 -1.543487000361796468e+01
-1.724492309463263950e+01 -2.280397816940803324e+01 2.617644296192070641e+01 3.761564258562671181e+00 -2.781530176150556599e+01 2.208570168068585104e+01 1.316256189199655857e+01 -1.381443479024305354e+01 2.285944573026664273e+01 -6.322077999635796530e+00 -1.052951539215748156e+01 -1.311454606021233360e+01
-5.365884984512359068e+01 -4.657890417951125528e+01 2.568242045774177384e+01 -2.411297870787346653e+01 -5.550311562788063213e+01 -4.861537251989092923e+00 -9.697171860381279984e+00 -2.721017654217116188e+01 6.372175796592333796e+00 -3.354527670112250348e+01 -2.603328930948632092e+01 -2.914820148545387468e+01
-4.828121451436221179e+01 -3.615950721251857658e+01 1.225943720325705044e+01 -1.545332562813485922e+01 -3.183767356613806143e+01 -2.676772516407819325e-01 -1.288773843162213328e+00 -1.992642648576038766e+01 1.985699704707794666e+01 -1.193902872524741277e+01 -1.192597906408973962e+01 -1.893661279101347716e+01
-3.554264709215603091e+01 6.542614405065072525e+00 2.854525230635166011e+01 1.912977416910583761e+00 -1.165699186905720453e+01 2.230219301622374672e+01 1.390534556938877309e+01 2.171082115410021274e+00 2.809650917497511102e+01 -3.697876719900595077e+00 -6.050059947300304941e+00 -1.089306421017539783e+01
-4.032349174644753731e+01 1.277975409498828618e+01 2.906264662045158076e+01 5.616137421058192913e+00 4.574680211238879579e+00 3.142940278247341368e+01 1.665556816855900024e+01 -4.724517441968044906e+00 3.216476270392583103e+01 -1.262656305393322498e+01 -1.767818172376509978e+01 -1.718479898809178508e+01
-5.855392977710209124e+01 -5.864361247669127408e+01 1.236685131301344498e+01 -6.078994220499197354e+00 -1.822947615975511582e+01 1.221430250638972126e+01 1.322216369940421465e+00 -4.609356689740406465e-01 6.858790249122079352e+00 -5.817901420578110105e+00 -2.491995359842380964e+00 -6.935769568864293078e+00
6.327748423670342959e-02 -6.630175779584340034e+01 3.967360451157200263e-01 -1.714665441176920524e+01 -2.555350089026578786e+01 -2.716657636559829392e+00 1.185357035995613906e+01 -1.210026368130916197e+01 5.151916391716244448e+01 -2.702083916066304070e+01 -1.381924238777632574e+01 1.894662211188180834e+01
-4.610244121494973513e+01 -1.245851139739512661e+02 2.623278519769361594e+01 4.716480051562557563e+00 -2.226671157583781735e+01 1.644315675570892665e+01 1.345240365680290751e+01 -1.240959016741336285e+01 3.211750996715595363e+01 -1.608848207834715538e+01 -1.963914367534935934e+01 1.046969390549839574e+01
-5.515369606338167330e+01 -1.038549236191533396e+02 3.421090519959905407e+01 5.444350677153744655e+00 -2.372889295317168745e+01 1.859939401700627570e+01 3.720166296301885112e+00 -8.468687535578810710e+00 2.350273203508762521e+01 1.554867915540139034e+00 -1.591924257541651144e+01 9.418804649572257048e+00
-1.449071404268446486e+02 -1.195470176827368363e+02 1.415842266066088229e+01 -1.753014697464461946e+01 -3.371212931517298017e+01 6.350888277217817901e+00 -1.278928439553213359e+01 -2.535220413577292220e+01 5.841986716569497418e+00 2.150378422587907679e+00 -1.189230864152378553e+00 1.797560028991912873e+01
-1.821000325960027766e+01 -1.186132801267547308e+02 5.321370987276270625e+01 2.637583613841334440e+00 -8.812758511940680606e+00 1.815234681631833169e+01 -1.300907624959648956e+01 -2.237778456859465592e+01 3.873430436789922737e+01 -8.794726428443269128e+00 -1.451181045528475444e+01 -1.610295480950789226e+00
-7.934205230856537128e+01 -1.455186978679833203e+02 5.801073800905510325e+01 5.780515036462761103e+00 -7.012555333967545934e+00 -5.204482845093724164e-01 -2.246387416097814338e+01 -1.967895940997526694e+01 5.947665585533945887e+01 -8.768459720017247605e+00 -8.291071824653588607e+00 -8.927875894720976646e+00
-6.171159184823196142e+01 -1.087054776990350433e+02 4.131578554092421740e+01 1.167477682248431670e+01 -1.087687891883670943e+01 2.215444943849270132e+01 -1.400184373390194459e+01 -3.116849308377776850e+01 3.154955867633383804e+01 3.566639296112639190e+00 -1.350013566266561682e+01 3.415821985437515806e+00
-6.280264218543458554e+01 -9.022537047370082064e+01 4.707235131682785578e+01 1.501577967901010169e+01 -2.018340840255327606e+01 1.038259000033117019e+01 -5.982823220207668768e+00 -1.425025824385608786e+01 3.267818211296548725e+01 5.152776379913162064e-01 -2.220618087823169873e+01 3.825242394767727205e-01
-9.143339819611307462e+01 -1.242221903159736200e+02 3.882972929198794532e+01 7.448326761841175703e+00 -6.724684177945952968e+00 2.756223459518653129e+01 -2.083823653092331440e+01 -2.982123628967870488e+01 3.270072799669182473e+01 4.087447271905742419e+00 -2.033295573477737861e+01 4.100409436498832605e+00
-1.613664255145400261e+02 -1.474873156688246070e+02 4.436227384915873984e+01 2.116974721483901334e+01 -7.920080726485993594e+00 1.200392807820716001e+01 -2.336665413963893911e+01 -2.883327531636532726e+01 3.179556776449822664e+01 -2.692678559008621075e-01 -1.331225746738756222e+01 2.818705934529631030e+00
-9.715169579627774965e+01 -1.113593652997616914e+02 6.049538393411037163e+01 7.510426074158011112e+00 -1.190395053924705948e+01 1.582602905845309493e+01 -1.246658765963468340e+01 -1.913124775348889273e+01 3.778729679579392808e+01 -4.231612947617148457e+00 -1.333324955186348504e+01 7.680492808768046853e-02
-1.712695368753341540e+01 -1.018664263314981611e+02 6.746534245514804695e+01 -9.590371959861339946e+00 -1.450318801199234287e+01 1.559057064173200047e+01 2.550538817101155598e+00 -3.066040412384498737e+01 3.600164804279822306e+01 -5.935378913962814806e+00 -4.421838962994354638e+00 -8.096028648193914989e+00
-1.123014341193893415e+02 -1.057963471093241878e+02 3.730844719716235858e+01 7.592546925673016034e+00 -1.379651237973424394e+01 2.432647181619735832e+01 -1.275090537876630847e+01 -2.068088460435004805e+01 3.023683701699508930e+01 3.020283493946617881e+00 -1.426657810302757312e+01 2.926913951272410497e+00
-6.494939707101883641e+01 -9.405329914609043840e+01 5.117359452629693806e+01 3.110755931699293431e+00 -1.681998861136439061e+01 2.453129101500278963e+01 -7.119359380857315678e+00 -3.332844616017153783e+01 3.936617909566690798e+01 -3.184658015347640259e+00 -6.574045598977734883e+00 -3.585931828407426636e+00
-1.077711611823860238e+02 -1.175912366260375563e+02 4.612639539779843290e+01 1.900432379005856021e+01 -8.453893452019091370e+00 1.686294839015515379e+01 -1.766910353482447960e+01 -2.022371529646395771e+01 3.928933011596569713e+01 4.476705181333109351e+00 -2.293354370953642984e+01 -1.574528419729076534e+00
-1.448382699982079203e+02 -1.433916534745499689e+02 4.524253421971651079e+01 1.898012976274246810e+01 -8.138080240200240567e+00 8.493635742929448895e+00 -2.908783296509747629e+01 -2.228032630736420572e+01 4.806160026123812656e+01 -9.263930697110556167e+00 -1.922665445739853851e+01 5.292680933828396661e+00
-1.359038423147830486e+02 -1.428113255691426957e+02 2.876308822365322015e+01 1.067577308433278738e+01 -9.530833999181753668e+00 2.423509888560283798e+01 -2.309774209405584600e+01 -2.016261353810330803e+01 4.685901766559916837e+01 -3.311191707630442238e+00 -1.286259426383447213e+01 -3.563728735221342703e+00
-2.222796438256582263e+01 -9.722433296405156966e+01 4.906867877633917630e+01 -5.273466175317233606e+00 -6.542121888849042222e+00 2.604172970272323795e+01 -1.867625846654211941e+01 -2.573723593410244348e+01 4.543568301351533023e+01 -1.228649191428663201e+01 -1.012097252997055108e+01 3.041783361954657927e+00
-1.181418719208126618e+02 -1.567631982827400066e+02 2.670616740678604373e+01 -2.529702746709410199e+00 -4.874099554777419741e+00 2.844429583180652799e+01 -2.083089797215998829e+01 -3.326139791998544126e+01 4.918178622571571879e+01 -5.818270290704298020e+00 -1.335593342942840067e+01 -3.628824485111659115e-01
-6.100219034579338739e+01 -1.067040581268440178e+02 5.520213578645039831e+01 1.335181063945414337e+01 -8.865034984478594282e+00 1.594588606952708965e+01 -1.840003059228300231e+01 -1.890818309185818435e+01 3.842527936505402408e+01 -6.594274377104341944e+00 -1.389325444160161993e+01 3.406106341075870958e+00
-8.160966940606122932e+01 -1.066043639832880103e+02 3.923780352003025484e+01 1.005261824678452598e+01 -1.418986368326920378e+00 2.324834803082486445e+01 -2.938030959599642600e+01 -2.588806421694701498e+01 4.894290597634788753e+01 2.452823337513559743e+00 -2.267854016798014527e+01 -1.014944837332738325e+00
-8.496810743094128782e+01 -1.099076215180316751e+02 4.771124178751094291e+01 1.434947610724670852e+01 5.473322455514229024e-01 1.863092647109439071e+01 -3.447287285815399116e+01 -2.525914075185311702e+01 4.648355875981493313e+01 7.137272066142481108e+00 -1.700242799341778976e+01 -5.104643398321251802e+00
-1.129101280798197990e+02 -1.234914579640229704e+02 2.101195463472997105e+01 -4.747616701349651080e+00 -9.325662637099238594e+00 3.118444988758038505e+01 -1.647990927326622312e+01 -1.990345568952930932e+01 2.761641980424568033e+01 7.404299406243834980e-01 -9.762932038192033701e+00 6.764886045520010605e+00
-8.041860574543247253e+01 -1.662850402571511950e+02 3.741718111603441344e+01 -9.017115185801677368e-01 9.795430114636983987e+00 3.678927019595347758e+01 -1.980752542994842713e+01 -1.885104972772001730e+01 4.852599205286855266e+01 -1.697177105470480996e+01 -2.545087804465494230e+01 -1.957779844544284886e+00
-6.950389510119305214e+01 -1.449675056243395659e+02 -1.370397069576668958e+00 -3.028763485977957259e+01 -2.364195166731385456e+01 3.164605828028625822e+01 -1.013066065548715500e+01 -7.483227527541562729e+00 3.990718684823391982e+01 -1.211961851182676853e+01 -1.158066449189966107e+01 2.695495960260852542e+01
-5.030733616373593264e+01 -9.977041214716612672e+01 -7.707474978473614513e+00 -6.855664675728917246e+00 -1.544866097921607029e+01 2.337470738092899580e+01 -1.354232169134315100e+01 -1.827572374521785292e+01 4.466383972663609825e+01 -8.306849034543200005e+00 -1.532377799044185451e+01 1.072016940821897535e+01
-8.768905565868587360e+01 -1.116643406779265604e+02 -8.828197060628994564e+00 -4.482346542941728629e+00 -1.828222046747357155e+01 1.827978855201302011e+01 -1.620823274505546863e+01 -1.954359553561453566e+01 4.969952359799078323e+01 1.706726209325466925e+01 -3.398472326236496865e+00 9.275906913450850055e+00
-7.046208638468036156e+01 -9.762541459128055976e+01 -7.661405648669875390e+00 -3.161193174144130147e+00 -2.246691361746066917e+01 6.825362127544451596e+00 -3.726827874508836658e+01 -3.616526991384827738e+01 3.477264250502560117e+01 4.695942511177888967e+00 -7.174314695248911633e+00 -5.910423050735134076e-01
-8.204692217518491759e+01 -6.713564769362176321e+01 5.223551419984259425e+00 3.511850685448833609e+00 -3.537722595333163689e+00 2.211121779383653774e+01 -7.396510533083891836e+00 -2.716365439940940263e+01 3.287265784879828345e+01 2.548427100711240012e+00 -9.277826147515462196e+00 4.727438893372323037e+00
-8.828408966263764057e+01 -5.502769754896068832e+01 1.363198886789110098e+01 7.219819638707904552e+00 -5.918861398739851509e+00 2.584380728016093798e+01 -1.415425557219367469e+01 -2.409977223008661440e+01 3.605069449804689441e+01 6.186432453959080036e+00 -2.510906677905999729e+01 -1.312997333050820359e+01
-7.657740255967121357e+01 -5.386817969116760452e+01 1.303804266161096015e-02 1.446484377754994632e+01 6.067178515530029514e+00 3.462275386741907823e+01 -1.862879204573188341e+00 -1.705763612948847197e+01 3.779090109823196997e+01 -1.503205058011212625e+00 -1.584131920333325461e+01 -4.636796206588424063e+00
-1.042319230239542662e+02 -5.055204495423555500e+01 2.713244082778986765e+00 1.617597004539081240e+01 8.967870284735717235e+00 2.680776294282792094e+01 -1.705385079653118030e+00 -2.430764837047706806e+01 4.043686157411008963e+01 6.772666447352328589e+00 -2.782343722258303842e+01 -3.553749204845566112e+00
-1.040135559081215888e+02 -3.785488394772127663e+01 -1.460965687627776788e+00 2.299722431512047294e+01 4.234935978647969002e+00 2.423848136990505964e+01 2.602907369111103542e+00 -2.416556180479972227e+01 4.824903425639953980e+01 8.335533407805908013e+00 -1.568082282235155134e+01 6.900883625345144878e+00
