-8.759689057839506177e+01 -1.463893879404938581e+01 -2.540791097663612774e+01 -6.489574378753258266e+00 -9.237416715441169046e+00 -3.880025850825336420e+01 9.244086189065347625e+00 1.632482017443713218e+01 1.889754961726675475e+01 -7.182057971981566702e+00 -2.180699564882600328e+01 -5.192776363336435885e+00
-8.358477565797883813e+01 -2.433771058853625391e+01 -2.892807251632226695e+01 -4.180005711084948672e+00 -7.630602775921558667e+00 -3.115728831804412380e+01 2.226769948907477215e+01 1.701203451238025011e+01 1.769700082865675128e+01 -2.283862467023338638e+01 -2.672188129681613589e+01 -8.383640032610230719e+00
-9.031437088927137324e+01 -1.073657129059120230e+01 -2.606579669448939285e+01 -6.203221286034179549e+00 -1.044649802136562222e+01 -1.916626004247839177e+01 2.741800064453521202e+01 2.219024495045050216e+01 1.933055366709718470e+01 -1.883968492290377128e+01 -2.276603433052513026e+01 -4.531538355144481223e+00
-8.840494217277861821e+01 -9.916380838796703401e+00 -2.579731930986684318e+01 -1.763112946192678265e+01 -1.233793876826671365e+01 -2.726620290931177593e+01 2.708519421619245904e+01 1.521521026924541076e+01 1.979898042419821991e+01 -6.098128781537925036e+00 -1.097275813720578697e+01 4.648734010321957655e+00
-6.854664338799335610e+01 -1.828223842497825657e+00 -3.152061223291426728e+01 -1.588649320970915468e+01 -2.056870352047776862e+01 -3.690816665261865381e+01 2.031664434392471463e+01 1.765334588945815142e+01 2.206219688767842868e+01 2.598769477873807965e+00 -6.625873944499279133e+00 1.355061483306093706e+01
-6.911523378625405201e+01 -9.368127339892161842e+00 -3.895055508820435364e+01 -2.274416419885463370e+01 -2.332982090674000730e+01 -1.941627956280342460e+01 2.236867730782714148e+01 8.491379862307759652e+00 2.396215084951867880e+01 -2.955268842706148202e+00 -1.916735944196806685e+01 1.257324016086504770e+01
-7.391120585227790230e+01 -6.503282618370131551e+00 -3.642472285735306059e+01 -2.773933606633688953e+01 -1.671470390197928779e+01 -2.090556728574842182e+01 1.809682582290767883e+01 1.211053122556840478e+01 1.927910767910971757e+01 -5.913381249236293158e+00 -1.929289904047981707e+01 6.347542535812820574e+00
-2.930938409765601449e+01 7.048726483660281872e+00 -3.476054679410726322e+01 -4.508212559901143379e+01 -2.810532467015666214e+01 -2.997668632636478847e+01 8.089152465486799670e+00 1.800526466337472931e+00 1.746170483054350342e+01 -7.122309773392786703e+00 -2.916973309132670167e+00 2.599240449831503241e+01
1.596037926502552651e+01 -4.231226054949748061e+01 -1.149772954039731019e+02 -9.965010252225400222e+01 -3.089339362909331754e+01 -2.094800061130217017e+01 -3.363216085754696660e+00 -3.898815012791418155e+01 3.751806295147384063e+00 4.912006800592999767e+00 6.757709894118258731e+00 2.772313490314250828e+01
2.164348704593008677e+01 -3.411481277188400441e+01 -1.262603368314674128e+02 -9.798685370695437769e+01 -2.450092955026940444e+01 -1.321050201789241596e+00 8.504559514133438469e-01 -3.395656876440123995e+01 3.942052155332593788e+00 9.689479374980342286e+00 7.142696764989075575e+00 1.924193723440887283e+01
-8.261624575690850847e+00 1.212186192326356604e+01 -8.897049088076147427e+01 -6.435498609023836991e+01 -3.895621228318194795e+01 -2.662172366030212345e+01 -1.599473405149329963e+01 -3.070904678652495789e+01 -5.468669101916920905e-01 6.016552817527247576e-01 6.050116032028415525e+00 5.115335662131007766e+00
-6.630500941689646766e+00 2.653711013214592640e+01 -9.126627500851822106e+01 -5.231948123346835899e+01 -3.817129684393574962e+01 -3.491939672137648643e+01 -2.013088132273332675e+01 -2.810103723543607401e+01 -1.372785351025967771e+01 -2.384045912867272676e+01 1.297601147082037620e+01 3.788518136770637312e+00
-6.149224020667240609e+00 6.925789429887447568e+01 -7.134254994741230860e+01 -5.550838513796827556e+01 -3.253690162038434153e+01 -5.846258035111906892e+00 -1.970889947403961173e+01 -3.237385747022909754e+01 -2.075532937933106581e+01 -4.921364876978110914e+01 1.139885068396727519e+01 -6.937602372402924544e+00
2.865905400025193472e+01 7.329445404258558483e+01 -6.266172619580397196e+01 -2.641779170776820607e+01 -1.858815985591175490e+01 1.267674724168193379e+01 -1.150544027827362115e+01 -2.701546686820684684e+01 -5.642579553831596151e+00 -3.731130201569348515e+01 1.589190997490207558e+01 -2.420392041257308335e+01
4.420845721160313246e+01 -1.887496840416491395e+01 -8.537260342515585876e+01 -4.673729675466671551e+01 -4.652500137375657374e+01 7.878919562936384402e+00 -4.107332042192257404e+01 -4.263804006013434389e+01 -1.385543660708372293e+01 -5.519727618866052410e+01 1.648137743656509357e+01 -4.360698953277714196e+01
3.750970709361457978e+01 -2.772394757862874215e+01 -6.975162197647085804e+01 -4.391425612458071726e+01 -4.116662943462523572e+01 1.411889251503957965e+01 -3.024097049370745438e+01 -3.047107227495503068e+01 -6.631067559836072434e+00 -4.899290413889446683e+01 3.365639036666827622e+01 -5.210919802703142523e+01
3.755357304962957699e+01 -1.669265518404392878e+01 -6.356383199378980464e+01 -4.803031153516671736e+01 -2.308905188621434235e+01 1.421781017046456697e+01 -2.289882860491854544e+01 -2.060975738912289401e+01 -9.487886189616213883e+00 -4.639598721922453706e+01 3.519725084543404847e+01 -5.870224674196254000e+01
3.110736249752915938e+01 8.957417982476226115e+00 -6.948051627704265343e+01 -4.783882161179419512e+01 -3.586706775193795238e+01 1.375693852385526483e+01 -4.112887984375495165e+01 -2.668534189732726247e+01 -4.526483719425828056e+00 -4.801113746167620633e+01 3.138402760901919919e+01 -6.187293676899170691e+01
4.825593429195836848e+01 2.457088235271175591e+01 -7.478446216587840922e+01 -4.282846046947474861e+01 -1.429845320542005105e+01 1.815326527165639448e+01 -3.103798950362984144e+01 -1.877756697196731750e+01 -1.343156316715192133e+01 -4.172417805802749058e+01 3.283922802843562749e+01 -5.751702213211261494e+01
4.158502716807824839e+01 2.652994690332492311e+01 -8.565448139440064779e+01 -3.385850760027275186e+01 -1.530712552273153015e+01 1.655672706712912401e+01 -2.562778015947341004e+01 -2.175160364881772779e+01 -2.046413202391380537e+01 -5.497155854306225820e+01 2.025944625515467834e+01 -5.142016467015882597e+01
3.089792755816421987e+01 2.189958388405332101e+01 -7.904679739873661504e+01 -4.102018557410261224e+01 -2.122835878395267883e+01 1.516769631133928797e+01 -2.423539130979197864e+01 -1.935876191490129372e+01 -2.535515338013328090e+01 -4.781285553630770124e+01 1.493069075852254457e+01 -5.618625459578682069e+01
3.129053515973557609e+01 1.357800368389142776e+01 -7.796761135004905441e+01 -5.293810687349143507e+01 -1.422832595066861572e+01 1.713577841078133712e+00 -2.913982201340930445e+01 -2.902062505634815892e+01 -2.940373258035092618e+01 -4.376577848526103764e+01 2.042979540410687633e+01 -5.127861583802607015e+01
2.302699465535569701e+01 1.612821904681967666e+01 -5.316004638194752374e+01 -4.578719830414426895e+01 -1.907326753110695350e+01 -3.088831447747487857e+00 -3.235410318353247305e+01 -3.937512245705786995e+01 -2.979423977403961032e+01 -1.350194145626581843e+01 1.405218032613838375e+01 -5.650639583187479786e+01
2.313061789820412173e+01 2.513368263026713478e+01 -6.262302315093650407e+01 -5.877429842210462141e+01 -2.225384041294460502e+01 2.658876474238409671e+00 -3.655939721979445522e+01 -3.980865113532833277e+01 -3.920847029408935214e+01 -1.624665254443767637e+00 9.186251171141091021e-01 -5.741489377364349878e+01
2.230148390782933632e+01 5.600057881543118299e+01 -5.765521832455910811e+01 -6.677545482911150998e+01 -1.730909633621612187e+01 -1.319026453054219949e+00 -6.127002301998845013e+01 -3.955506079949434195e+01 -3.185694195724642341e+01 9.766240333408738650e+00 -6.802509169677056988e+00 -5.423187297770402182e+01
2.927198483612938773e+01 7.209618326995848747e+01 -4.782529013379269145e+01 -7.212755579178050880e+01 -1.286961563482388371e+01 1.184429390377766822e+01 -4.777302962101217787e+01 -3.583060666308080044e+01 -3.587634211746974700e+01 4.633985667650440732e+00 -8.820487285988349413e+00 -4.474665378192759135e+01
5.629532690066922385e+01 6.595931082895936015e+01 -4.886616385706446408e+01 -7.543590416533271537e+01 -1.713575756718222465e+01 -5.013262000060018764e+00 -3.007379384596419314e+01 -2.936997521022086133e+01 -3.221734176483023759e+01 -7.565678518941840736e+00 -7.110371176263662107e+00 -3.325984799822511917e+01
6.587426856626927929e+01 5.799260217973095166e+01 -5.769969050592749227e+01 -6.255597955140170541e+01 -1.985732366087109213e+01 -8.407431950646262919e+00 -2.288176339044002816e+01 -2.375619379118021257e+01 -4.919338398110641464e+01 -2.947867205189018946e+01 -1.198019929956992868e+01 -2.169717785706447799e+01
6.019174013190546191e+01 5.365342079432107880e+01 -2.999527645819589594e+01 -4.439076814101923674e+01 -2.251974616816411157e+01 -6.123133829804787709e+00 -1.049911051786423144e+01 -3.054877616494353987e+01 -5.664050682571607354e+01 -1.816467311751961944e+01 -9.889726886331256850e+00 -1.130674796627522838e+01
5.577644060672380988e+01 4.440336036686633747e+01 -3.020624200453091390e+01 -4.030515487616879966e+01 -2.585067404162144555e+01 -1.122283755931670690e+01 -8.823109099937848754e+00 -3.395458070720289356e+01 -4.589183463514437733e+01 -1.450579957014752530e+01 -1.339633499150406060e+01 -1.424652391263742146e+01
4.177847900793756253e+01 4.039447495896933304e+01 -1.559892061712660549e+01 -3.919424747194031511e+01 -9.277151752528116191e+00 -1.159265348642205140e+01 -1.512781786669509465e+01 -3.078316431678983989e+01 -3.884930098533927634e+01 -4.477020703892195641e+00 -2.244090646377466136e+00 -1.084421857868284533e+01
-8.965655022400079588e+01 -4.327253283205477885e+01 -2.525619271413557598e+01 -4.865287963930600057e+01 -9.457615848768082145e+00 -5.085472581139460146e+01 -2.649492770384321005e+01 -1.269401130902250330e+01 -1.594738431190652150e+01 -1.690278218018240253e+01 -1.536768733682693977e+01 -2.660642185523234104e+01
-1.241204861851217913e+02 -4.541445566579406545e+01 -3.293768576881645060e+01 -3.630389236080877424e+01 -8.594088938405434419e+00 -4.166638114866178455e+01 -1.573459577541210663e+01 -3.683106312753380962e+00 -8.111986348626547993e+00 -6.016063207957230041e+00 -1.189379713148968243e+01 -2.823265622766081862e+01
-1.298145010015427374e+02 -7.485649145566210194e+00 -2.474783181192887582e+01 -1.572439907760463029e+01 -1.063608690084731734e+01 -4.141320602967692821e+01 -4.908421426357456596e+00 -1.293413092955153765e+01 -1.253847761637031155e+01 -3.585719956837441380e+00 -8.604085613761956353e+00 -9.501824093437118535e+00
-1.459221315916520041e+02 -2.782003838405646690e+00 -1.549179701352599459e+01 -6.287902701283842433e+00 2.875154641100070574e+00 -4.345442233320956404e+01 -1.681872550149802237e+01 -1.372451265514941632e+01 -3.020616437247850783e+00 -4.129704590563360256e+00 1.402328388486543620e+00 -5.519582481912369332e+00
-1.456277866185998846e+02 -6.138298589712919195e+00 -3.169000110687270677e+01 -1.165997607757735999e+01 -1.219280385464449168e+01 -3.611554700982362220e+01 -2.630348882311132286e+01 -2.394742030591442372e+01 -8.465306222814703574e+00 -1.419858638681851382e+01 -1.199608148176835343e+01 -2.175321266046545787e+01
-1.495098121775410505e+02 -1.463572243046003329e+01 -3.149568162396307969e+01 -4.806782615812332793e+00 -1.265780034347525174e+00 -2.908571860462542702e+01 -2.090183627927013532e+01 -1.330656395574073869e+01 -1.756082216016809028e+01 -1.087627282210800317e+01 3.367794209912121417e+00 -2.484055805361075286e+01
-1.287803734998557843e+02 -2.085314136686597664e+01 -2.515099496553481373e+01 1.193632004158259186e+01 3.068292589547402471e+00 -2.326640262536184522e+01 -2.235701735320953532e+01 -6.277315783889379830e+00 -4.802397062152468088e-01 -1.306317808997535224e+01 -3.458145336998250663e+00 -2.515613526761120511e+01
-1.359879690113193078e+02 -3.005207970674399220e+01 -4.468729575053433223e+01 -6.175879367469078396e+00 -1.939452622634924239e+01 -2.610546494380617588e+01 -2.455247478262489480e+01 -8.690792828150822658e+00 -1.243880023388166656e+01 -2.226993788154688758e+01 -2.324985611142150788e+01 -2.301579559926243945e+01
-1.201544164745403407e+02 -2.016551502002690910e+01 -4.933146521801965179e+01 7.352362255690552573e+00 -1.329163003642151075e+01 -1.486402998402313003e+01 -1.179677899052500578e+01 1.893340615387591352e+00 -7.482937193252128694e+00 -2.184064384994184849e+01 -3.112177184993184298e+01 -2.813429072527712549e+01
-1.201636467411904050e+02 -1.844500426694711237e+01 -4.677217266497608250e+01 -1.452472537202157099e+01 -2.888517881111288688e+01 -3.038542259876298601e+01 -2.859364450332326157e+01 -1.729973005889739923e+01 -1.166715088950038748e+01 -1.615815017330480163e+00 -8.394140820915531265e+00 -2.283871276371058912e+01
-9.893639819018360981e+01 -3.889694916973037486e+00 -4.377404314059675983e+01 -4.526760830494510834e+00 -2.659609514433279287e+01 -1.452082549952053725e+01 -2.824021307513123702e+01 -1.513935185130698358e+01 -1.281531316797281761e+01 -8.370850245309389592e+00 -5.706904846033753920e+00 -7.286799371072945064e+00
-1.048631108753976378e+02 -1.593461331731377051e+00 -2.947313184643203599e+01 1.169019172826562869e+00 -2.128833138339532383e+01 -1.734486967586484685e+00 2.712108386627893886e-01 -6.560657325568268305e+00 -1.819348154508961812e+01 -1.532985613485501020e+01 -2.964744428329452841e+00 -1.654340076875960008e+01
-1.235982185988091828e+02 -1.228490731120809443e+01 -3.263472453003328155e+01 1.258885276853013124e+01 -7.140432032028000364e+00 -1.175354030108890058e+01 -1.881558894146206029e+01 -2.365836643891445767e+00 -8.343392539850785994e+00 -1.949533785735138025e+01 -1.593884199662449141e+01 -2.249398996113449201e+01
-1.127760970567902348e+02 -1.699237322898552449e+01 -4.743627459606230445e+01 1.911241128648301313e+01 -9.216461075822945048e+00 4.231521242004863126e-01 -1.007436597834225722e+01 -1.111340882623752258e+01 -4.800899819762918241e-01 -7.843917087999350279e+00 -4.864090749610190834e+00 -1.006478086419771145e+01
-1.142638615701181521e+02 -3.074185653876607915e+01 -3.957367354007483584e+01 1.659763053725335169e+01 -1.754204995954721369e+01 4.934081626337465387e+00 -6.983341745955268465e+00 -3.188226849871790058e+00 -4.068416169294802209e+00 -7.822674312421926679e-01 -6.679939704301574466e+00 -2.231486200559512767e+01
-1.002896890487288033e+02 -3.050840595385697895e+01 -3.856126011133682141e+01 2.624285300454341296e+01 -1.811080024692871859e+01 1.822144480554545920e+00 -1.851243460150349307e+01 -1.573363415172579138e+01 -1.339965679640760499e+01 -8.261345246685545263e-01 -4.552263571861685953e+00 -1.744946607933181326e+01
-8.409103297003615296e+01 -2.383106928122258239e+01 -2.880687905402665550e+01 1.271864518804112265e+01 -2.105476704548189559e+01 -8.478455100220477547e+00 -1.508038266836477348e+01 -1.029209262401474767e+01 -1.618016903657071737e+01 -1.725081577799719046e+00 9.033842737546166290e+00 -1.884291774877211223e+00
-3.158897484924683141e+00 3.254875072555404536e+00 -3.040517087762831849e+01 3.842288372261368767e-01 -4.056025680541254985e+01 -3.937077544044284139e+01 -2.359204823547477758e+01 -2.582831107857030517e+01 -3.597671236939116568e+01 -1.731827831024812525e+01 -1.221096509027933763e+01 -1.121795677242911715e+01
8.463609640798483724e+01 3.697607469710901285e+01 -5.396394788020845823e+01 -3.447317945095817038e+01 -6.055492253446919904e+01 -4.349167145626823583e+01 -1.628604308601015660e+01 -2.698371745682140954e+01 -4.590483492596277415e+01 -1.170223093873541487e+01 -1.448866283987960202e+01 -1.119228237263074277e+01
1.007222787615103243e+02 2.394784182337191680e+01 -5.485040470404885582e+01 -6.202212956455599624e+01 -5.648846291864975910e+01 -3.747058009504739573e+01 -3.678457451189404992e+01 -3.274249947447696485e+00 -5.544317269892620459e+01 -2.582206642589885348e+01 -1.159215509348331885e+01 -1.225577064700830476e+01
1.062680989395896773e+02 2.827147106021823220e+01 -4.080639430736425766e+01 -7.303699938741172559e+01 -4.966947290824240469e+01 -2.418935176691131517e+01 -3.641939191568103240e+01 9.562654801779647329e+00 -5.740373533466987510e+01 -1.786341252872868779e+01 -7.995540746325451309e+00 -1.537355800720655807e+01
8.884031985766851847e+01 3.622511735047949344e+01 -3.616127288797722628e+01 -7.839307951586323497e+01 -4.993174657335823241e+01 -1.314445200230887068e+01 -2.821143928432131176e+01 3.829810971421275134e+00 -5.191994718744909676e+01 -2.080487264318350782e+01 1.015597016102984895e+01 -2.924721953297740740e+01
6.235001816243659789e+01 3.639974271313556642e+01 -3.578297525110814092e+01 -8.245399029084876474e+01 -4.809987804176618198e+01 -1.772553913598827080e+01 -3.054071282554875566e+01 2.319778238450863839e+00 -4.438541542535153894e+01 -3.658814505229823766e+01 2.902267900971276049e+01 -2.909381103269450008e+01
3.790067143607034694e+01 3.456062992060119399e+01 -2.151637513847665417e+01 -6.572803406614482924e+01 -5.176663091006032857e+01 -1.990503317127860328e+01 -2.989502533425422826e+01 -3.836727166622988072e+00 -2.975494227490413124e+01 -3.858563687568675959e+01 4.006264799437139601e+01 -3.201565068220527621e+01
4.317354015774137821e+01 1.230455473021949153e+01 -1.409114700514357033e+01 -5.548103935873348291e+01 -5.345650917215380105e+01 -2.624038993061139191e+00 -4.399886207380517789e+01 -2.805579137820247837e+01 -2.094384293826472643e+01 -3.080401107700656382e+01 4.739240855594506741e+01 -2.779064352436019547e+01
3.970318542676479723e+01 -3.454256642507522201e+01 -2.051001014163485081e+01 -4.470853154547355501e+01 -7.111209804221917352e+01 -1.233290703065706317e+01 -5.376928854051469386e+01 -6.275836337376107821e+01 -2.790956129973992361e+01 -3.146926926921398149e+01 1.674158173945606620e+01 -1.387134674384683564e+01
5.401849595770806900e+01 -1.333530910560561722e+01 -2.335045163706185178e+01 -1.127338777237433476e+01 -4.314012363537580086e+01 -2.040046096039247558e+01 -2.395303092018328783e+01 -5.706653356982859293e+01 -2.215622371094248422e+01 -1.117674879214122896e+01 2.038166271760411519e+01 4.011945860586820345e+00
-4.259346181825000599e+01 5.898051452618574331e+00 -2.899733373834518346e+01 6.203864395788282415e+00 -2.062633186605305369e+01 -5.148335679994492153e+01 -3.118470718046478041e+01 -6.394082874642745651e+01 -1.285698727445930167e+01 -2.698666127927610958e+01 1.932181721728034418e+01 -1.737499100156931320e+01
-1.083292923302008433e+02 -4.063591449037790682e+01 -2.417356530621540145e+01 1.741996509681739980e+01 -2.684453162674246229e+01 -4.644788088847290908e+01 -3.255934827754976624e+01 -6.214183429177665374e+01 -9.211364176189887232e+00 -2.465047030652743487e+01 2.106657499198777828e+01 -1.309176351096612656e+01
-1.492096152389439681e+02 -4.453450592304970712e+01 -1.171335270856295274e+01 1.795606440711849672e+01 -2.166151211158591749e+01 -4.517580337373863841e+01 -4.617226838622487151e+01 -5.952541607757312647e+01 -4.213598417871322610e+00 -1.350743372676959453e+01 1.137794225800142911e+01 -2.982122168599945766e+01
-1.571425136578755541e+02 -3.383531163664500241e+01 -3.313312417846011826e+00 2.009819421066969625e+01 -1.968344213956871158e+01 -3.895525231184063131e+01 -3.086707036757459832e+01 -5.956248858921662048e+01 2.546932123014403970e+00 -1.226971423224789604e+01 1.000726108911963941e+01 -2.926226415183815988e+01
-1.680595482534012035e+02 -3.815390359617313720e+01 9.029425683191888652e+00 2.350863945258571164e+01 -1.952329778111610281e+01 -4.444141412497840804e+01 -3.045097303799702004e+01 -5.481792104309879221e+01 1.455940396979977791e+01 -6.290101978254361015e+00 2.401358953260386730e+00 -2.275363385617480105e+01
-1.565366409637442189e+02 -3.184003390571783498e+01 1.531371697951422206e+01 8.158303673040075310e+00 -1.973657321884395088e+01 -3.559629913276403101e+01 -2.632209956943006546e+01 -3.654737569082648463e+01 1.100088993141017646e+01 -1.425383080802528823e+01 2.823759866196700941e+00 -1.658162000448966467e+01
-1.835674413304638222e+02 -4.343979060541012416e+01 3.327247113053357452e+01 3.043688447941917730e+01 -9.639155665491697889e+00 -4.368710272966002606e+01 -1.278075695927377886e+01 -2.520991984384147599e+01 8.842062985149127030e+00 -4.092201783360915002e+00 1.016528286547885429e+01 -1.762551783757827906e+01
-1.923758082917668162e+02 -4.652279181248410111e+01 2.758190269063701905e+01 9.802342757491640413e+00 -2.862051738247439658e+01 -5.173715302982755304e+01 -2.092609118565213322e+01 -3.527011765759442596e+01 9.215199338667332540e-01 -5.222177387705563945e+00 -1.756315003438573719e+00 -1.967602814180288462e+01
-1.825247354318634052e+02 -4.432112943018772455e+01 2.850694846977869901e+01 1.301538275544800527e+01 -2.198295409446240001e+01 -4.410050717277248111e+01 7.572713735853633388e-01 -2.951402961152761861e+01 6.258575207438120458e+00 -2.855916229159626063e+00 6.799227648246688460e+00 -4.293570999430121660e+00
-2.132652927630047088e+02 -6.730632535597048616e+01 2.144838995696513706e+01 1.746942145634982291e+00 -2.761759840504588226e+01 -3.689338917575686594e+01 -7.251445416916387998e+00 -1.803944752112969496e+01 1.293137757234804752e+01 -4.762292834561509203e+00 9.741923717216026901e+00 7.492974890586947545e-01
-2.013474647425475155e+02 -4.913573537702744431e+01 1.824577159868112020e+01 -8.746783499305838205e+00 -2.355335099876918292e+01 -4.303429702378983990e+01 -6.434463694276969292e+00 -2.620996232005171578e+01 1.868577088448126844e+01 -9.159719459266211672e+00 1.259902523013256115e+01 2.582299469027979022e+00
-2.021796989899181938e+02 -5.494236947669384108e+01 2.799240973799795995e+01 5.265414100774336248e+00 -2.297870552396058841e+01 -3.759185052945485950e+01 -1.549080517148948744e+01 -1.995316428161346067e+01 2.611526405437840737e+01 -3.619354394269858055e-03 6.325855804131247595e+00 -7.759629197144006341e+00
-2.063173515434142757e+02 -5.619129989899219879e+01 2.942994293438449560e+01 9.965161096775819516e+00 -1.755920046457256589e+01 -4.166826227036451513e+01 -1.509748739094272807e+01 -1.748171977424861012e+01 2.166072560563850402e+01 -6.004420825862100131e-01 1.316501939188409942e+01 -5.859340140271674713e+00
-2.113433662277506642e+02 -6.388980208128771210e+01 2.093584819945540687e+01 -2.461156977272413560e+00 -3.057154980601411154e+01 -5.322114392176260367e+01 -2.671238840993425967e+01 -1.981356586319093793e+01 2.411842790091074207e+01 2.923327937395912457e+00 1.913927707149049695e+01 -4.637920004665177842e+00
-2.201215552823829853e+02 -8.113408813142073939e+01 7.221315466662221461e+00 1.017587411854226609e+01 -2.565014006278872216e+01 -4.056835065774765070e+01 -2.058186031720706310e+01 -1.653579059867669443e+01 3.099011894266946143e+01 8.514416411825417086e+00 1.644926242412788397e+01 -4.522384307235877365e+00
-1.891236422001328208e+02 -8.307538036127371583e+01 -4.271864687753190282e+00 1.321184871401173666e+01 -2.649946838398039972e+01 -4.013489426513957881e+01 -1.815394077603705014e+01 -1.171510155677635900e+01 1.730853314195987380e+01 6.930303743919754567e+00 9.693095392044156711e+00 -4.423147021833017334e+00
-1.660365011554387706e+02 -6.907538417630001959e+01 -5.723758736778833622e+00 3.877327539591740369e+00 -2.616118399709858977e+01 -2.490820761543173489e+01 -2.019530887660357976e+01 2.542608625118383259e+00 2.520465469002526504e+01 9.702397180420232914e+00 1.143078755787331424e+01 1.790682301439336710e+00
-1.063205404656694100e+02 -3.719243295831606133e+01 8.797990157708213133e+00 9.945173245112407301e+00 -1.238218769356662463e+01 -2.340480831677591311e+01 -2.571753755941365327e+01 -2.198374913658750529e+01 -4.038707196430378232e+00 -1.335145371014286120e+01 -5.069413528867693586e+00 -6.851056783262566618e+00
-7.481987737714848663e+01 -7.954768592911616309e+00 1.140681152098298767e+01 1.780008597344155064e+01 -1.481390682672460457e+01 -3.772546711723292390e+01 -2.652146425875760016e+01 -3.441432920960603070e+01 -1.174894266377497942e+01 -1.495921792397517258e+01 -6.752694509808218726e+00 -1.642732042955736205e+01
-8.545063729576992273e+01 5.890341527001459188e-01 9.789933021278571346e+00 -2.106008963931300659e+00 -1.204790359874094818e+01 -2.605771762647644607e+01 -9.114709208616812219e+00 -3.141694123303852137e+01 -5.808640708838591848e+00 -1.454250004916821837e+01 6.570220407757920711e-02 -4.527718237875946627e+00
-1.430800092372841732e+02 3.686651123510405625e+01 1.504020887300825748e+01 7.203323732252641776e+00 -2.438924976049732152e+01 -4.990272180264683755e+01 1.137027248211892072e+01 -2.940572360066556001e+01 2.035603054501312847e+00 -1.247485102718398409e+01 6.100445031925876727e+00 -6.806746637531142063e+00
-1.516449360031112406e+02 2.946388451637292860e+01 9.901848299812211707e+00 8.139210854246980986e+00 -1.788350837458162346e+01 -4.338894450713277706e+01 1.671762550070017639e+01 -3.954989117962078637e+01 -1.535187260045519508e+01 -2.421499029074088227e+01 4.634927291923271575e+00 -4.088443981145113426e+00
-1.167271574836755974e+02 4.772781246446684555e+00 1.952973665969029327e+01 7.963452940249886147e+00 -6.286724227632536355e+00 -1.908374316882922272e+01 6.895067404269786593e+00 -2.683811141176958870e+01 -1.514676698963416612e+01 -1.345083890577950747e+01 2.256448943573160726e+00 -1.812453416593183153e+00
-1.853179292625789572e+02 1.457437491854407696e+01 5.746822437488398805e+01 7.715855052174251050e+00 1.716167168271168464e+01 -3.308245841983662672e+01 -3.087736995031429288e+00 -2.349619698213057006e+01 -3.124958899237802790e+00 -7.767736938346454512e-01 2.659064060700575283e+01 -3.038697064483869781e+00
-1.687683312728176475e+02 -8.542418087561443940e+00 6.163164746151129947e+01 2.491372036010526703e+00 1.717504028328730392e+00 -3.037877953392345631e+01 -1.053292290636167117e+01 -1.459192209116408279e+01 -1.496550395389562915e+00 -2.550658562529378059e+00 2.779945796442551398e+01 -5.400400053344258211e+00
-1.278908886346606408e+02 -1.376311089391426457e+01 3.965529749660650793e+01 8.513893441335719459e+00 3.867917101407518210e+00 -2.013178282794804375e+01 -1.666270516093426579e+01 -3.135699689583704242e+01 -8.461415389578505142e+00 -7.202060601796308248e+00 1.964965371624897017e+01 3.028287988094723326e-01
-1.283072736636467539e+02 -3.213157053567235266e+01 3.051500668532945326e+01 4.858386166570991094e+00 4.107422942908636188e+00 -2.253770002708980869e+01 -2.146259016114468565e+00 -2.427954748625666426e+01 -1.162930816633896391e+01 1.150039867047691233e+00 1.455627389819112238e+01 -6.311047704347263476e-01
-1.175352168583377619e+02 -3.058268881134767625e+01 4.365378825229321080e+01 2.127385646531509877e+01 1.573995312034335115e+01 -2.321850283897286005e+01 -1.383882044396909805e+01 -3.651570909551652733e+01 -1.452288029049310936e+01 4.202223467820403791e+00 1.986812902239352496e+01 -2.312665284102845664e+00
-9.858028767799788739e+01 -1.693351206368411255e+01 3.436525569832168259e+01 1.093089921651574414e+01 2.834622609360796730e+01 -1.621177179982378647e+01 -1.309367052230261308e+01 -3.605618821853674660e+01 -8.128281691159811473e+00 -7.883275385436183669e+00 1.939819530521397439e+01 1.759388874586637286e+01
-9.247397099029628009e+01 -2.866648178418642345e+01 2.517762593097934953e+01 -1.933243921110583408e+00 1.771753853483053831e+01 -2.446085147754328837e+00 -4.183010016964940903e+00 -2.996504535498708321e+01 -8.532860328504265013e+00 -8.874313725932118757e+00 8.267048961887571323e+00 -1.622887361033924725e+00
-8.035982786388288446e+01 -2.226979963624870607e+01 3.019668819596276066e+01 1.469697301708976944e+01 1.327702280906909138e+01 -1.136379756091141502e+01 -1.011754006937962380e+01 -2.695868708734683139e+01 -6.099628549336568284e+00 -1.275577285257812221e+00 3.686905828958886300e-01 -1.410739991610708444e+01
-7.662561752425975214e+01 -2.469879784150729307e+01 2.624413372130048216e+01 2.269670533651716227e+01 -3.669421208952702962e+00 -1.440542639438019812e+01 -1.392083696672322901e+01 -1.542803737132814668e+01 -1.920758377644828929e+00 -4.544564856823907206e+00 -3.350147384804978756e+00 -1.083828835981169902e+01
-7.145550708829533448e+01 -1.178753368818792246e+01 2.297733705820862582e+01 2.993190207455437601e+01 1.231215615611261249e+00 9.328729616939339664e-01 8.329724858922597619e+00 -6.312014691769423536e+00 1.443561948139192630e+01 4.572623851863131250e+00 5.525506591231228448e-01 -3.023657535090052306e+00
-1.751682855238672332e+01 4.253737661919674196e+01 4.093400071116172967e+01 4.477681471553405146e+01 8.350548519696703309e+00 -4.685163989204998103e+00 -1.670818362831449377e+01 -3.117861132065160135e+01 -7.295977494508502303e+00 -6.047599902655342419e+00 -3.588121234173344831e+00 -3.432642745439068221e+00
2.778521607164254803e+01 9.457201388985225776e+01 5.242365631684549498e+01 4.026883364220134354e+01 5.672013391423642581e+00 -2.544786969045340541e+01 -2.968006755334542035e+01 -3.550082076321358215e+01 -3.714041756938976757e+00 -2.844190270090880546e+00 -5.147864804927386295e+00 -6.511008873967114141e+00
4.028963278437900897e+01 1.132395012892056059e+02 3.614680407067854162e+01 3.095099036708081286e+01 -4.713725803556767069e+00 -2.126980085277408961e+01 -2.403759916420772669e+01 -2.303293550596687211e+01 9.915221481473986742e+00 -9.179386813940247691e+00 2.934133494603944570e+00 9.287935912601859911e+00
-3.630286224468615330e+01 1.010354071455371354e+02 1.247527253182678919e+01 4.448850161495380462e+01 3.121170769468052697e+01 -2.697243457264259803e+01 -9.536057120716947111e+00 3.098374219546164099e+00 2.541712798829115272e+01 -2.485893381977268035e+01 -9.909022479476907730e-01 1.003179582776248857e+00
-5.471484120411100349e+01 7.920395787334416582e+01 4.732767549155905584e+00 4.120307568055062575e+01 2.266505894838795854e+01 -2.931156487580672731e+01 3.699887348860757097e+00 1.955751381582938819e+01 3.246555327524274048e+01 -1.641981339435806575e+01 -4.590370668431526524e-01 -4.979250932791617679e+00
-5.077777594886946844e+01 6.681562607247016672e+01 1.425586253474472542e+01 4.041344149743982683e+01 1.693573358046309352e+01 -2.590438877563587994e+01 -1.032345324207481951e+01 -3.589659067284935112e+00 -1.903257739605102028e-02 -1.743640835744291451e+01 -4.812260440034783038e+00 -1.600687976570519666e+01
-5.366648026983150999e+01 7.800038490896605481e+01 4.390616737752498722e+01 5.717178489205336689e+01 1.630090815762633838e+01 -2.336379523826329319e+01 -2.553945065715987539e+01 -2.215929697683505140e+01 -2.032207685209134951e+01 -2.130618858678344196e+01 -7.113664365696838132e+00 -1.023023108143308590e+01
-6.467629163228143341e+01 9.881894472250169770e+01 4.761477839605758788e+01 6.356522621046553212e+01 1.108170104149643898e+01 -9.145993419941703451e+00 -2.478703497267166256e+01 -1.699766649591667544e+01 -1.182876511024839772e+01 -3.292683703186602528e+00 4.764501836759444942e+00 -2.498600971331037535e+00
-1.030497833407845008e+02 7.548158866728647354e+01 4.351387464107847336e+01 6.505667260972872157e+01 2.136864748167113959e+01 -9.063359912002521668e+00 -4.251817984172166831e+00 5.477808224909424872e+00 9.733582678498200025e+00 -5.717802459153404016e+00 2.228542726628726101e-01 -5.670293401696382851e+00
-7.886793264121877201e+01 3.243678908026130614e+01 2.984691503135885782e+01 5.254845914741903812e+01 9.943684523645320184e+00 -1.617250141766309213e+01 -2.930193131607434509e+01 -5.257919538818701888e+00 8.508952055043748075e-01 -1.839880698555627703e+01 3.338662368378154888e+00 3.681455385626164922e+00
-5.575487580199646231e+01 5.614487225881686072e+01 3.130585047617571703e+01 4.277215931740556698e+01 1.825749999449153904e+01 1.103411474014433846e+00 -2.556399036715909290e+01 -2.449308986860210524e+01 -4.406318044011475976e+00 -1.469569057250591015e+01 -3.797044502752627171e+00 -4.880188765528245654e+00
-4.029457596259413776e+01 6.972458459834932398e+01 3.683451681058517124e+01 4.602797118163287848e+01 2.369227007276662533e+01 1.495019085419180271e+01 -1.394471699637455941e+01 -2.505940998346908799e+01 -6.740791651903435877e+00 -1.481345144610188136e+01 -7.506569997161870234e+00 -2.195904935164243010e+00
-3.345194532895722261e+01 6.216247119640367913e+01 2.197969638615651888e+01 4.421520212445383891e+01 4.073333410745463112e+01 -2.236673260752499726e+00 -5.644310364919560286e+00 -1.506245505759356185e+01 -3.018582214710135325e+00 -4.471251534906173219e+00 -1.063223113023438238e+01 -2.125054606968598847e+01
-4.022040091843697951e+01 4.972716072932178832e+01 1.312507227692428557e+01 2.589508637783925238e+01 2.839174490961075747e+01 8.402831391839818309e+00 4.968499258472009572e+00 -1.979841083363749377e+01 -9.757978358876727043e+00 -9.946101969322800329e+00 -1.880116562308638706e+01 -7.713883168639184440e+00
-3.883023120781106741e+01 3.798023797454028738e+01 1.060573342918984530e+01 2.332773088002513617e+01 3.588284416017679490e+01 1.991100724775991893e+01 2.269094675422477891e+01 -1.019860196361446292e+01 -4.057970345971227744e+00 -1.729387764893366208e+00 -1.338550601723653699e+01 -8.108080064250339447e+00
-5.373657520575264357e+01 5.097054870277014516e+01 1.838329863987523183e+01 3.405433586129704793e+01 3.067880738253981221e+01 3.133570904502460053e+01 1.198691514931539359e+01 -5.498094468312793914e+00 -9.024989133088375581e+00 -3.366081971361187186e+01 -1.667387118134193003e+01 -2.319260590366424779e+01
-7.338388332530590219e+01 2.823242976957681094e+01 1.781431799930649618e+01 4.103496655351612077e+01 3.279172073708931379e+01 2.224709043038242129e+01 8.736062743351798332e+00 4.306246418727140979e-01 -1.101424933626288549e+01 -3.282354772343339278e+01 -1.165150600484709109e+01 -6.794986583060949492e+00
-7.693310606503197846e+01 1.650659771733434411e+01 9.630533053962668788e+00 4.034795548373993768e+01 3.218953405628555231e+01 9.843850838815679793e+00 6.783925609896634512e+00 -1.637267960838700187e+00 -1.290500930937497337e+01 -3.925112379678212449e+01 -5.275490744631629703e+00 -6.606169515977542872e+00
-8.754407252518856808e+01 3.623303733303223595e+01 -2.067630951620503765e+01 5.505199173806457225e+01 3.575317324988745327e+01 1.152122189684224907e+01 8.798338747468433141e+00 -1.019737247581534945e+01 2.526879737414157168e-01 -2.658315838155520439e+01 9.023616589396326049e+00 -2.798205081963593521e+00
-9.792278438996355305e+01 5.025714268005492613e+01 -1.260996945920301826e+01 6.898396521029761175e+01 4.136948559404314096e+01 2.296654717559741243e+01 1.747193791546593644e+01 5.436087089655672777e+00 -2.271797304688769614e-01 -1.931627012136557653e+01 3.666884168438436120e+00 -3.684391139865838660e+00
-7.227281250124181611e+01 6.212025311990741017e+01 -6.213587839856428374e+00 8.029604509028969517e+01 3.844748811962222135e+01 2.169496728775595429e+01 4.061324669543679988e+00 -8.697695339303603390e+00 6.826800233598611101e+00 -3.258044526699569587e+01 -1.032890656448534905e+01 -4.922247874635115927e+00
-7.867781022964881288e+01 6.836935824740493217e+01 -9.869554379704151614e+00 7.065320706762507541e+01 4.806798524836288777e+01 3.554296171232086010e+01 9.590154749554313796e+00 -9.296133854812026698e+00 1.080419523123514747e+00 -3.568188935557266461e+01 -1.885567100206373681e+01 -5.903145542033312321e-01
-8.740438357010722825e+01 6.111844651871449230e+01 -1.969514035920391493e+01 4.978909305780027239e+01 3.911197862722971763e+01 2.949963619570540629e+01 6.647322263573203216e-01 -2.747789075915451917e+01 -1.467142306493367521e+01 -3.133875410998000888e+01 -2.267603619781529289e+01 -1.634346751962112165e+01
-6.339238430661094981e+01 7.916997030117923373e+01 -1.889382585033670381e+01 4.778525554567040956e+01 5.125628512726281372e+01 4.553839369925744762e+01 -4.475300501657570429e+00 -3.995760458979155771e+01 -7.296462872775036246e+00 -1.364225717248930714e+01 -1.187592910477876984e+01 -7.243986479467681150e+00
-7.507637594357606758e+01 6.817559551187845557e+01 -8.411972838980874556e+00 5.848728056814876197e+01 4.349492821444741253e+01 9.024142216176638698e+00 -1.333803998549140113e+00 -1.732161806691058814e+01 -3.255766092445230520e+00 -1.670884557640356505e+01 -2.223593915613925986e+01 -4.564336561875497189e+00
-6.760473764099775451e+01 7.396049351840741792e+01 3.987256159664143595e+00 7.537747835167934340e+01 4.691709211027678350e+01 1.370560443231533121e+01 1.764900190458273954e+01 -7.154469152688092137e+00 1.537922880427651151e+01 -1.862993412263292470e+01 -2.214954018295227200e+01 -1.403694898376874001e+01
-7.015452034573199569e+01 5.047696476200338367e+01 2.922992030928952545e-01 5.694389954697180656e+01 3.240857853747241535e+01 1.848963840034767614e+01 1.600700086151916324e+01 -1.116489858246748312e+01 1.932296568668614611e+01 -1.114217651367050799e+01 -1.976410554516538198e+01 -8.204943989336399568e-02
-8.903714137585470212e+01 8.087338348040496783e+00 -1.988106290538096133e+01 5.445002711441422605e+01 3.557584640209996252e+01 1.231647921994339434e+01 -1.422111430781200836e+00 -1.001076698246571617e+01 1.257346231579390761e+01 -1.174601871923787755e+01 -1.992828151386853364e+01 -1.443696625824446400e+01
