-1.146078129936889951e+02 1.395970649362565830e+01 7.195414940497123268e+00 9.879085926745048596e+00 1.554739409854858323e+01 8.274508227486656153e+00 1.381053128715236511e+01 -1.710930236378050751e+01 2.702328245290151187e+01 -7.951062367695922894e+00 7.200101113839099121e-01 1.774701061838106853e+01
-1.373674797447063725e+02 1.943330005076584932e+00 -1.257222183332074117e+01 -6.537375263598040220e+00 -8.821943575085743561e+00 -1.012416415275436066e+01 -1.806733152017891442e+01 -1.575976681106932098e+01 2.691449016697003316e+01 -9.516790257097042627e+00 -1.015088507559580044e+01 6.355778458939691511e+00
-1.081911099838121686e+02 2.227735813111198393e+00 1.015575933421850685e+01 1.728250655686485260e+01 3.466917912620411268e+00 4.811839395643199069e+00 8.050182463913738928e+00 2.765954186644857149e+00 2.438509437013742343e+01 1.087035712092055917e+01 1.339398885033117459e+01 3.718800764779616852e+00
-1.209433591429568651e+02 -4.168379638870193915e+00 2.565646691206762142e+01 -1.045514680385881690e+01 1.422984356634108849e+01 4.250289748093759101e+01 1.870398005879663117e+01 -5.285446994377926089e+00 3.119306374150276540e+01 -2.080606347439913684e+00 4.688114162883572078e-02 5.023172176461178751e+00
-1.098564920625295258e+02 -7.769363808463316090e+00 -6.912468268467966581e+00 4.493416157783457265e+00 5.661791424800108885e-01 8.085981739579315430e+00 4.784772692145407902e+00 -4.899250376003855934e+00 1.493334012910261066e+01 1.422483171893547560e+00 4.410163979295936620e+00 1.665487041886755648e+01
-2.097239582137077036e+02 -1.598763128170401444e+02 5.079213115695657166e+01 -1.571838922275950701e+01 -1.986440499114850411e+01 1.144717260942362991e+01 -2.064885650058207567e+00 -3.881177428194053647e+00 3.807335387484319256e+01 -2.358383720499681147e+01 -1.098732767490468021e+01 1.434879465841530077e+01
-4.457006413478286078e+01 -5.028966176058757753e+01 3.846183306665011514e+01 -2.656417818718421131e+01 -9.130881955450833587e+00 2.178115141175027247e+01 -8.275748779040416281e+00 -3.761068035878198490e+00 -2.400593936981877619e+00 -7.436061947107003078e+00 4.764319486430209416e+00 6.552657517113587460e+00
-1.520129801000265957e+02 -9.894889729117286947e+01 7.145688136284641701e+01 2.000715063057845100e+01 3.562377510517740209e+00 4.657779790580234192e+01 9.725151389317019834e+00 -4.817981720832453796e+00 2.367070549839028359e+01 5.256970982757568578e+00 -3.419673153089660911e+00 1.486630803515213151e+00
-6.256213810641939688e+01 -6.418496777884408289e+01 6.363230106748976311e+01 -1.494828812909733706e+01 -1.696660459224586504e+01 1.323589031846346664e+01 5.225499813917384717e-01 -1.071641828758228598e+01 1.105750769143377354e+01 2.692893353979357585e+00 -1.127139619761366518e+01 6.315893562210755263e+00
-1.290836287442704418e+02 -4.883267620292979672e+01 4.569966451088436798e+01 1.141588039877186489e+00 -2.122031347998547091e+01 1.043121178246408576e+01 -5.309738738335416208e+00 1.017747096956629349e+01 5.116445217042412708e+01 6.425015254155511002e+00 -8.273442109857013449e+00 4.037512431134512525e+00
-1.068918133473963792e+02 -2.034345225478908503e+01 1.071130222130562260e+01 -1.994807790787157842e+01 -1.432794661726664387e+01 1.740966771481690500e+01 3.527606650918529319e+00 -6.673790785646974477e+00 4.008951140267417657e+01 6.221742330250158659e+00 5.596145771269728897e+00 1.480784331458885461e+01
-8.609044228974460111e+01 4.151053757528737065e-01 2.609000440859147929e+01 -1.036780965832514134e+01 -1.980069885559686327e+01 3.187158418138245253e+01 2.571854455612108836e+01 3.876135739700489857e+00 4.048984270110037187e+01 9.195491426353076037e+00 -5.722256247326557022e-01 6.903829538757028317e+00
-1.113297541273262823e+02 -5.368837295277579358e+00 -1.837666826387569508e+00 -1.546294101783226083e+01 -1.212327014534513836e+01 1.962083295176941533e+01 1.585911296900952827e+01 -8.949754594452368650e+00 1.913972182658888244e+01 -8.665908782182652814e+00 -2.056560287056649372e+01 -8.223594114313456771e+00
-9.704332429825932138e+01 -5.366925893889168186e+00 -3.641998511817139406e+00 -1.968505772269034182e+01 -2.346020920758010320e+01 1.054351388181203930e+01 6.449187720401790003e+00 -5.546974167783380594e+00 3.094663124154430278e+01 6.701921186527636465e+00 -6.742540662161007781e+00 2.769345517946195656e+00
-1.691735955040973067e+02 -6.954338903186132459e-01 4.017149845035764599e+01 -2.160026816208300460e+01 -1.166861683138923311e+01 3.359963721122603175e+01 2.372093023651874688e+01 -3.182727152156656469e+00 5.161076132279799822e+01 4.734762978891019714e+00 8.627111825415191504e+00 8.543664433675642655e+00
-1.199505464964244368e+02 -1.369741288458127428e+02 1.531562758225498122e+01 2.277603685006734935e+01 -8.326913008418655338e+00 1.542678549182328496e+01 -8.506247666549288766e+00 -3.341208334250406864e+00 4.891797815587018761e+01 6.202743953376668173e-01 -3.407334526394141250e+00 -1.894500240056268048e+00
-1.125521266898705619e+02 -4.596003826110441537e+01 3.338575047315190503e+00 1.382937898096315799e+01 -4.102761949493698879e+00 8.201810987181088919e+00 6.951016393282288597e+00 -5.525211285145211093e+00 3.403011750621145382e+01 -3.382761858641289088e+00 2.550248599777777514e+00 -3.672586503446714445e+00
-1.191394944877630735e+02 -4.615549017567747114e+01 4.724177896433269908e+00 1.997967562597845692e+00 -2.537309533682779339e+00 1.294088830089030751e+00 -1.606945012110835513e+00 -1.091111588559041046e+01 3.308066561212267231e+01 4.075310469455814655e+00 -1.957099936288448916e+00 8.367391639979086193e+00
-8.541690503540039003e+01 -3.237535769724460977e+01 4.833931485143993712e+01 -1.757899830723538059e+01 -2.147781460474697823e+01 2.833420712570054434e+01 -3.906692389299836421e+00 -1.692516662406278272e+01 1.789133157062979507e+01 -7.528423271353154256e+00 -9.555593865507476803e-01 6.604199920499983278e+00
-1.020753683652639836e+02 -3.442973530927458370e+01 2.065697835462589893e+01 3.450799993071582250e+00 4.899698176331123811e+00 3.509243622816455144e+01 4.785950212833281370e+00 -2.667146815904246182e+01 3.110715304322544128e+01 5.858637584609509119e+00 -1.338205665610392714e+01 -8.078276998921074536e-02
-1.229144189704458228e+02 -3.984501540934728325e+01 3.177716942716116222e+01 1.980355901408832864e+01 5.824352437311098640e+00 2.665023022204149683e+01 1.768475544774981145e+00 -1.031381156657772813e+01 3.793653520352458486e+01 -2.589771727681251523e+00 7.573219297402747685e+00 1.658114778518837085e+01
-1.082922556093290325e+02 -2.963565700151671223e+01 4.450633495171375387e+01 1.162430361359793807e+01 -7.188129785485348755e+00 1.216075198614529640e+01 -9.519097902678193890e+00 -1.824438027237598448e+01 2.969256808841910100e+01 5.281027692858103251e+00 3.647662836911953033e+00 1.275795791980782212e+01
-9.512801850748196841e+01 -2.723047476642405940e+01 2.267424059157260885e+01 -1.144584743720904463e+00 -1.262946380254062007e+01 1.737407331690047130e+01 6.710604508032247395e-02 -2.300418293256547742e+01 2.635179887864544668e+01 1.023832989279607197e-01 3.777604975252772501e+00 2.257438899220935014e+01
-1.316761389318759825e+02 -5.408933244394488327e+01 2.760095447350733622e+01 -1.591180243446908449e+01 -2.084536499348024563e+01 2.042782707216046845e+01 -3.685804651517159858e+00 -1.163421333839296246e-01 3.670045065538600682e+01 2.836358845273280860e+00 1.095711918015788733e+01 1.197760349531433377e+01
-7.996927616722788912e+01 -5.876066200990581301e+00 6.119601908335010876e+01 2.871489665033460881e+01 -8.073246139908905050e+00 1.722212454519344149e+01 -8.755584816966957007e+00 -1.377231322385993906e+01 1.899147394096648611e+01 -1.039703333291902609e+01 -1.349131320112434196e+00 1.318748084394945863e+01
-2.192828178346903911e+01 -2.347793939380613093e+00 5.791828749934492748e+01 1.151911908567405796e+01 -9.094131319698991689e+00 1.302941521565930749e+01 1.896073814000835078e+00 -2.446928297900339544e+01 8.510531768444625556e+00 -1.770403781324468540e+01 -1.693123773111036012e+00 -8.618777582835270845e-01
4.705359809005673810e+01 2.562414774015036301e+01 5.782183354473290393e+01 -1.437626342361415155e+01 -1.120541153050197991e+01 6.098850649581336825e+00 -1.560606447108149197e+01 -2.932451488168434039e+01 1.389676692977163874e+01 -1.740700066068647800e+01 -1.037758450616469474e+01 -2.936247792753376995e-01
3.797797156543676067e+01 3.353546017786932509e+01 9.488538227228721667e+01 2.480720722219157182e+01 -2.752165548695852948e+01 -1.498470315438120437e+01 -2.204116847975784665e+01 -4.606028809044532579e+01 1.684465060741076314e+01 -1.214048110122739743e+01 2.913388273085454117e+00 1.603950257256822054e+00
5.876005444211276085e+01 9.071751658416410180e+00 5.305804764780550897e+01 -5.105069714663196478e+00 -3.324590557693304049e+01 -4.417331043659864509e-01 -5.472802694277286939e+00 -3.726944843926786888e+01 -4.069706116723265765e+00 -1.160533304272214039e+01 -9.736826848186952432e+00 -9.306482701751068731e+00
7.668777456549797478e+01 7.707808597044328636e+00 4.751709022803699156e+01 3.561248801305946010e+00 -2.300974742372670079e+01 2.679460164478149053e+00 -3.906261868537623805e+00 -2.222033390091048943e+01 -4.351045000205244762e-01 -1.319676408064391637e+01 3.372305140728446560e-01 9.511022166795106259e+00
7.534657699325694580e+01 3.260696001367524133e+00 5.150351238551635902e+01 -8.861592837053647642e+00 -3.735615535249617380e+01 9.072072565289154511e+00 1.350853285048361130e+01 -2.122279684546064260e+01 5.898026630236552492e+00 -1.258726002028686253e+01 -6.889204399373014986e+00 1.733073922170087755e+01
7.560819994581456172e+01 -7.253198314566921212e+00 7.406834339157094860e+01 -2.024955797103769584e+01 -1.496022697129174261e+01 -2.254878448514730405e+00 -1.536372590707630437e+01 -4.426543134192155549e+01 8.410635366940908852e+00 -7.336846465123581851e+00 -1.291616775711588616e+01 1.743441673405048320e+01
7.405249622643384555e+01 -1.087313167736074249e+01 6.031051086872531641e+01 -2.407678534804147574e+01 -2.672296064033967511e+01 -2.329214717143221591e+00 -1.608959416279265753e+01 -6.193793019353390861e+01 8.988560762234559576e+00 -2.399299010054501480e+01 -1.722988208447509351e+01 3.165766504788330238e+01
4.524060163813629032e+01 -1.027770869639655693e+00 4.098598737047993268e+01 -2.903158355237117405e+01 -1.938627122137790337e+01 2.298785979374888910e+01 -2.864754577501565436e+01 -4.014817694434755424e+01 1.237356504846345828e+01 -8.578264178658765005e+00 5.305684191510334990e+00 2.140800813556116111e+01
6.008145141176577653e+01 -4.715733169862979679e+01 1.017413472045190170e+00 -5.289513465444915852e+01 -3.400422110194510594e+01 3.317877320963008714e+01 -3.372245722963771897e+01 -2.640410995492803181e+01 4.951472147163202919e+01 -1.570563583166920374e+01 -5.191768149603062099e+00 -1.125279658753655099e+00
7.290024482103402192e+01 -4.621022301732418214e+01 8.376066850732797775e+00 -4.117708620623317017e+01 -6.907839760834328047e+00 4.747913087354639572e+01 -1.746663931194232333e+01 -1.261400804716558000e+01 5.727107784094531695e+01 -1.928862790941710514e+01 -9.599005121826436948e+00 -7.940315333121647612e+00
7.389543306027070457e+01 -6.861088255193550367e+01 2.912399445777904106e+00 -5.193077451750053797e+01 -1.118370900975786597e+01 3.203918649961738652e+01 -2.167615557867729592e+01 -2.261331039676477417e+01 1.851019473800097970e+01 -1.370874244842066680e+01 -1.690848772109183074e+01 -1.169528685532018386e+00
7.779022787547157236e+01 -7.272869155816397324e+01 -1.939199210374697202e+01 -4.645821831981457706e+01 -1.971944905583286101e+01 3.217583401064684523e+01 -1.588264168500778162e+01 -1.926338393605407973e+01 2.767307996864849784e+01 -1.050173704928339546e+01 -2.259598480372518736e+01 8.994171753615955112e+00
6.307872737744459357e+01 -7.583857222469046633e+01 -2.296064427321097412e+01 -4.107612335406376047e+01 -2.095941946048183624e+01 3.033525150286383365e+01 -9.735466548099029893e+00 -1.698371970117833740e+01 2.878532527724641454e+01 -1.280280505812185865e+01 -2.709395351822529818e+01 -2.769388968690662534e-01
6.747270608519542634e+01 -7.603560217374150909e+01 -8.836727487951673510e+00 -3.892008548871265816e+01 -2.006181066580518646e+01 4.154144728460033065e+01 -1.810460361512123972e+00 -1.581386582319312417e+01 3.544926103610200840e+01 -2.782497797372884385e+00 -2.280617930704711682e+01 6.185876682362967394e+00
4.336067664555439194e+01 -9.774900686093425861e+01 -2.801799586152505128e+01 -6.041195854848051994e+01 -4.118259352979036692e+01 2.169344461926120360e+01 -2.160772918896946493e+01 -4.180890303602483016e+01 1.856925556214681805e+01 -2.846333495325571050e+01 -3.606948714659154120e+01 -1.086800818154257975e+01
6.924227294915877451e+01 -7.121148639187771323e+01 -1.178936817498880885e+01 -3.590232133574916418e+01 -2.029867249493343451e+01 3.769945922798151372e+01 4.099456704551657005e+00 -2.685169123741872710e+01 3.674752455545846885e+01 -9.137739854015194396e+00 -2.238797293655866127e+01 4.958541207252409322e+00
6.267318425149071004e+01 -7.874340973657419340e+01 -1.874565190633362377e+01 -4.190832086266429002e+01 -2.908857420210075873e+01 2.987856535749605413e+01 -1.269497746148807726e+00 -3.397457577350138536e+01 3.364267440008262611e+01 -2.402074101858689659e+01 -1.815437964839043161e+01 -3.840662646487234433e+00
6.023991417183802355e+01 -7.688339406264489639e+01 -4.206043989944581618e+00 -3.351106920998719829e+01 -3.375951983150952174e+01 3.544364001559816302e+01 -5.551901554534556027e+00 -2.574732801659635584e+01 3.715959713262428465e+01 -3.926188447879022192e+01 -1.387132851671436740e+01 7.965541665595017307e+00
4.427149103533147922e+01 -5.123062106048131170e+01 1.669420365848240806e+01 -2.163996635444141958e+01 -4.872325545628097387e+00 4.404609013924402916e+01 1.688600813924810140e+01 -2.939569759726211373e+00 4.086637065412972447e+01 -3.233274534199793493e+01 -2.532822701814419020e+01 7.232388832353405128e+00
7.861378610065268902e+01 -3.506349648774306615e+01 1.870850922517686143e+01 -1.639958728758298179e+01 -2.454101646463581332e+01 2.757190319151334634e+01 1.263881697434445961e+01 -1.088387400199884780e+01 5.486619363385389647e+01 -3.498998249336684552e+01 -1.038052068877167855e+01 1.563692194224106302e+01
7.630101515493481656e+01 -4.213899440665093721e+01 2.162004221399373449e+01 -3.117595171699576184e+01 -2.023966823002670878e+01 2.026533666541786260e+01 1.211440097880166267e+00 -8.252598117844184955e+00 3.583850100541964423e+01 -1.362127572090593830e+01 -8.068974658572372505e+00 -7.516381482068263509e+00
7.754387527442391104e+01 -1.792326911342670215e+01 1.709070605451455549e+01 -5.206273029143505227e+01 -3.155288900289070142e+01 1.045935425086556592e+01 -2.245747748263271504e+01 -1.757723007854018604e+01 7.898265274190302776e+00 -3.444203029322083864e+01 -1.725610251852527455e+01 8.578290023188438473e-01
7.974813528532172313e+01 -1.335197970906679643e+01 2.467785933803031284e+01 -1.756949216944024528e+01 -2.609608800921418492e+01 2.903189715068531029e+01 -4.261152423046472570e+00 -1.348217256669449426e+01 2.746659431725429812e+01 -2.412134121848997736e+01 -2.154416113432736424e+00 -8.487930627572177755e-01
6.795461828220720690e+01 -2.713457034714673455e+01 1.142083209079509842e+01 -9.897493067576828452e+00 -3.299084957798118012e+01 1.633758716658172006e+01 2.912516189993263893e-02 -2.127730505347619072e+01 5.824625296799850638e+00 -3.669295834052096694e+01 -2.045692182123375602e+01 -9.983769622546292410e-01
8.653382825393771327e+01 -1.699037675829626792e+01 2.689648888961823303e+01 -5.163426187518718180e+00 -2.771166365585671088e+01 2.353959164591428532e+01 1.929292103555023896e+00 -1.303818827615300435e+01 1.856762712692516715e+01 -4.464393146854951056e+01 -1.200513630190975434e+01 -1.139042801929657145e+01
9.286432898303972650e+01 -6.095941479525073703e+00 2.855181826554552060e+01 -8.871573868354724723e+00 -2.056106364018175015e+01 1.762009563212991026e+01 4.010063890227519856e-01 -8.511633048531486168e+00 1.357730355400452993e+01 -3.707229776431171331e+01 -9.290131211905563902e+00 -1.258026182853744679e+01
8.993120721708805831e+01 1.544245636475784611e+00 2.693580563127660810e+01 -8.631930157336940024e-01 -2.302238004440123831e+01 2.620836312750849117e+01 7.552318389170473267e+00 -1.377183146641365674e+01 1.877767008135838012e+01 -3.533994966150838479e+01 -1.468190177176896682e+01 -1.054182931788748689e+01
7.270528104235637556e+01 -4.798011235317297896e+00 4.393388223782848456e+01 -1.105110514321882320e+01 -1.760662033894860912e+01 2.662118514892934940e+01 3.990711897178205181e+00 -1.519684684775375239e+01 1.492518397839533506e+01 -2.863584809991865043e+01 -1.811980574764920959e+01 -1.537265533084380031e+01
6.425784537533894536e+01 -8.846100109347605489e-01 4.403266092117003438e+01 -4.754825710589202004e+00 -1.002730902031488291e+01 3.082641039938747696e+01 1.012743402324452369e+00 -1.939269585087519232e+01 1.022879698412211624e+01 -4.551870904089297198e+01 -2.913525027805664180e+01 -2.208424492581814746e+01
5.829285987167692440e+01 2.306260498243126023e+01 3.512111694289372821e+01 -1.832380863291383477e+01 -1.239702272760240120e+01 2.679637111111572878e+01 -6.813098152644132988e+00 -2.161589665833961149e+01 1.732414148626060069e+01 -4.729024729756851286e+01 -3.041966567699834201e+01 -1.706550127034418907e+01
5.963275672674598837e+01 4.162825778007908895e+01 3.667504851962257817e+01 -1.910922994154577736e+01 -1.329408310149520211e+01 1.402805346284733012e+01 -1.432219796141491663e+01 -1.872458936271547714e+01 1.414992928903524128e+00 -4.257716871659361857e+01 -1.780902534589551678e+01 -3.449752203555524588e+00
5.349699021181154279e+01 3.254887624811934188e+01 2.333971290346966754e+01 4.489869350392665659e+00 -1.595910525549492087e+00 2.729800562545312204e+01 -1.520718926410641103e+01 -2.248214641080942755e+01 8.677990702409342560e+00 -3.012082672404132921e+01 -2.564612161394275347e+01 -5.859536602710090136e+00
1.909728835760385479e+01 8.672551443377379599e+00 2.929250248702511161e+00 -6.357770177666152378e+00 -6.907424038439457625e+00 1.593621294127624921e+01 -7.978483276067377616e+00 -1.744430088531763801e+01 9.754146038641357208e+00 -2.040530944617416509e+01 -1.482280243987585422e+01 -8.135558480302126583e+00
7.623406624071981108e-01 -3.578901870275623676e+00 -4.646703234140261429e+00 -1.136097166414108273e+01 -2.459503861762966537e+01 -4.030928866924668341e+00 -4.058711053118503997e+00 -2.564485011025360350e+01 3.331697362050781486e+00 -3.006497535252914588e+01 -2.773525215097687635e+01 -1.634792410708627131e+01
-1.260285176925423301e+01 1.020537663613670487e+00 1.820444114577207273e+01 -1.099486361583397098e+01 -4.024616421897611929e+01 1.087453770338450454e+01 -4.656404448100163407e+00 -2.503797548382710758e+01 1.230307297030181601e+01 -1.359062168430650530e+01 -1.224716460389985428e+01 -1.635952069395327158e+01
-2.982302306935101299e+01 7.586148840817921624e+00 4.059142638198041197e+01 -9.088778614146585610e+00 -3.431073068261348169e+01 1.504841217364107031e+01 4.765813710470728992e+00 -2.549952957389569264e+01 1.924016644572520107e+01 -1.140869713201038493e+01 -8.170410499812806648e+00 -7.290568453763978773e+00
-3.513553120329773094e+01 2.940244633614206293e+00 1.161080120079040512e+01 -1.621727488495827885e+01 -1.955221236047245270e+01 5.181158244833191873e+00 -5.606946757537509818e+00 -3.175437740522976071e+01 4.956745344059616087e+00 -2.127431706359002561e+01 -1.834905439970101071e+01 -1.730000697854175939e+01
-7.677312335287280121e+01 -1.211043206217096113e+01 2.133738398306014972e+01 -2.125693389688085233e+01 -3.145260282550565734e+01 1.199278368748088930e+01 -1.602140253276196091e+01 -1.398539904067078687e+01 2.447124212365475060e+01 -1.724490639540410086e+01 -6.963653255912861439e+00 -1.073373556291395658e+01
-1.258423065787154087e+02 -1.543052790526989426e+01 2.625589697895311048e+01 -1.406037624198197378e+01 -1.096658219311457927e+01 3.327663836298947331e+01 -1.413155694524879991e+01 -9.301517633005728314e+00 3.312884955833884248e+01 9.272848933670380100e-01 1.450121347779066205e+01 8.736148386691890977e-01
-2.177715545172752343e+01 -1.105705706353356987e+01 2.867169142070255106e+01 -1.736991563404789929e+01 -1.914347478754866927e+01 1.194266874567519210e+01 -2.436717025177384865e+00 -8.480275331058379606e+00 1.051264885957519368e+01 -8.626356055370806075e+00 8.477224401146649768e+00 -2.557752970899094258e-01
-7.544927785598158465e+00 -1.121364680603038977e+01 3.516322451119997794e+01 -1.460122818692618729e+01 -1.444691448015242941e+01 2.165578464301550454e+01 -1.491753133701380918e+01 2.421785355066180312e+00 1.857653594539883102e+01 -1.312026993651329576e+01 9.745980497494691974e+00 1.468324151421244750e+01
-5.930231370393941859e+01 -6.278064305623987451e+01 5.157241710895874576e+00 -3.421682153189129849e+01 -5.276744406734981574e+00 2.418372817549541764e+01 1.014451145050202818e+01 5.941472898096162858e-01 1.052641260607172846e+01 -2.374205797431402143e+00 1.659656737653976677e+01 1.420456565242771774e+01
-6.721885287184508684e+01 -6.438732001419120365e+01 -8.134392044312942716e+00 -5.875236681377025150e+01 -1.894520805800234342e+01 1.883566000867608636e+01 3.182152888093909837e-01 -1.495307563428892372e+01 -3.815905451185703789e-01 -2.483503763350421778e+01 -1.158492541833643941e+01 -1.137230823352489750e+01
-4.382452151049907485e+01 -5.930675710150804036e+01 6.604129130154371197e+00 -3.479940822257339050e+01 1.420735840327636978e+01 3.665023438312233850e+01 1.034342212837979424e+01 -1.227287277757609374e+00 6.899855260687248304e+00 -1.218019798588250424e+01 1.240489564414190227e+01 8.890383187540798815e+00
-5.469006459719597757e+01 -4.495878776785492192e+01 1.471678287566761156e+01 -4.519208909220232329e+01 -3.604753854684774605e+00 2.987731539831732164e+01 5.030710652902059543e+00 -3.140251108348885101e+00 9.058446017784827831e+00 -2.438779980846258155e+01 1.842404564141607182e+01 1.997957513277464159e+01
-7.968585211631142329e+01 -3.301715687241434694e+01 1.073653375638025409e+01 -4.340544587203301319e+01 5.996854404293140206e+00 2.102597725715838806e+01 3.493080436076749784e+00 1.828109289274459925e-01 5.260581732497065843e+00 -2.592849537125937331e+01 1.858564496149587697e+01 3.302602052253952536e+00
-5.613221037271024727e+01 8.116774139649447051e+00 1.315195783920345107e+01 -9.471825594119241742e+00 2.233159377338482088e+01 3.266160797965274298e+01 1.006815500672826502e+01 -1.523461305408530642e+01 1.008996747867122323e+01 -1.453789402382703244e+01 1.902273067791523786e+01 8.488434110825121337e+00
-6.716123155373774978e+01 5.631614416901905784e+00 -2.213661495527797030e+01 -1.580274248373660484e+01 1.674905886262422072e+01 3.245940723878513978e+01 1.568414119458258682e+01 4.914012252605057363e+00 1.277526177591553846e+01 -1.438182641892810132e+01 7.846009003534645920e+00 1.695161359218180053e+01
-5.020277403675770245e+01 2.710378867616587861e+00 -4.094552209512635699e+01 -8.913768809983276142e+00 7.197671756931796949e+00 2.704072054340066700e+01 2.775088718810058097e+01 -1.781174784325235905e+00 1.304282821457957375e+00 -1.785812249649731243e+01 -1.156948464422529188e+00 6.749806349673113104e+00
-6.063787938036649905e+01 5.160202714246078237e+00 -3.525158782404658098e+01 -1.658257172686760939e+01 -4.812962468954535833e-01 3.611965212091195099e+01 3.953736600391374623e+01 -1.935273770272365468e-01 -5.884005442097821614e+00 -1.142062136496629776e+01 -8.590278092250461128e+00 8.414881308076548549e+00
-7.318082045452342754e+01 2.379328118473348752e+01 -1.420427994659312176e+01 -1.318102661060320457e+01 7.361030605952789685e+00 3.167344172971172611e+01 1.571907222844324181e+01 -1.662591287677035012e+01 1.444064693489427320e+01 -1.983185793680839915e+00 7.898769699243826992e+00 1.014256916218215210e+01
-8.391665627998636978e+01 -1.150031334333904587e+00 -2.160323001616620786e+01 -5.569497780202314452e+00 1.426777927829298420e+01 3.414146850625004248e+01 3.147432035660802541e+01 -6.304085972994778686e+00 -1.624900220374242643e+00 -1.902390432535110065e+01 2.680230157342072594e+00 2.294048799874880018e+01
-9.500319836707657828e+01 1.570119073830934298e+00 -9.561433537303919650e+00 1.131372252394236178e+01 1.598618047464184677e+01 1.427373174793141608e+01 3.056409449638697762e+00 -7.408155088838241475e+00 1.167729246831399337e+01 -9.966387705316590129e+00 -3.334627896370321309e+00 1.709363272656548105e+01
-9.113103266052938523e+01 8.650501196251816793e+00 -1.285385788076461822e+01 -1.793804741759934540e+00 6.570534822241189232e+00 1.601325835148959342e+01 2.277200696903562971e+01 -2.680112857914328295e+00 1.419648744815089003e+01 -4.646767600769885931e+00 5.893793687330163067e+00 1.328232243235558485e+01
-8.607055521294836353e+01 2.735180123781815631e+00 -1.701379713053922416e+01 -1.242140641677044632e+00 3.503560822418759546e+00 1.242898214949440927e+01 9.146565037428246114e+00 1.284525554212100351e-01 1.799596638944474236e+01 9.194561622568870884e-01 5.618850822439110937e-01 1.111759928328987357e+01
-7.731142510468413320e+01 -9.503516306227777477e+01 1.926757615883991193e+01 -4.061439605533807651e+01 -1.701317903818457156e+00 -6.062774400047974410e+00 -5.522105677018097936e+01 -1.397683563071960222e+01 2.584011514657419895e+01 1.168415047852188415e+00 -2.199536032010157882e+01 7.025196288202060213e-01
-9.178997094989534844e+01 -6.648612269923815177e+01 4.796368645895820748e+01 -1.968899357646485626e+01 -5.175760913483729020e+00 2.384597117865846627e+01 -3.946105132333066479e+01 -1.165643725840177503e+01 2.460359317230535936e+01 2.012856870913611118e+01 -8.397011218749121042e+00 7.481621189359794144e+00
-8.979011240653210280e+01 -8.168445807669274927e+01 5.603681221536154311e+01 -3.370691200165677692e+00 -7.171514707576664982e-02 2.066112578070931072e-01 -2.661204251090008555e+01 8.035428183843821515e+00 3.565853868333654475e+01 9.118840517408528967e+00 -1.666868133895891901e+01 -5.290086632151988155e+00
-1.059280788955438766e+02 -1.018834416173034185e+02 5.434916280554834600e+01 -1.226622909629684344e+01 -1.685984951107244356e+01 -2.187219406442157776e+01 -4.687311781475319350e+01 -9.754880821129273016e+00 3.351406130386134663e+01 7.397574191140366295e+00 -1.540218197890464680e+01 -1.152568389518271275e+01
-5.262961492244063777e+01 -8.791498596004521460e+01 2.791778297147062204e+01 -1.180227052679167521e+01 -1.214236970986821040e+00 -8.929150169763877543e-01 -2.103501576550193164e+01 2.171857132102355425e+00 4.655621222790429670e+01 3.926211426885583222e+00 -2.417866158187331393e+01 -5.382368311094160696e+00
-5.709182084772350230e+00 -3.385260536497713701e+01 5.248159080739079485e+01 6.617665234844372080e+00 2.159988161959418562e+00 8.684169801025007907e-01 -1.571174099045768457e+01 -1.308906566157804363e+01 4.537310815129595909e+01 -3.508907962176158080e+00 -3.704759845719068068e+01 8.695592771922459718e+00
-1.354261520168212840e+01 -2.094208027981423115e+01 5.913745625287263152e+01 -7.336139938677407102e+00 -6.892768338587377919e+00 -4.720408911430258314e+00 -3.305754037592032546e+01 -2.974099521382382250e+01 5.612231427957229357e+01 2.894716402666442701e+00 -2.531053577338718696e+01 4.649879686126927147e+00
-3.257483951827535584e-01 -2.341352234750370442e+01 4.555365085480258358e+01 -1.194670569552585171e+01 -6.353927685922397650e+00 1.505509093927863162e+01 -1.499499819046411986e+01 -1.567012108853779040e+01 4.888902293719479530e+01 -1.354080602722293136e+01 -1.835160941251543321e+01 6.313198004865586022e+00
-2.645449977111006490e+00 -2.846010648646024066e+01 3.544447403245075634e+01 -3.990951245178993645e+01 -8.211174342165511675e+00 6.034566051702776157e+00 -4.881023560171530562e+01 -1.702580719185388958e+01 4.208338909166003816e+01 -6.228079377062561761e+00 -1.974711944998314550e+01 1.390958016974020772e+00
3.779177540091176724e+01 -4.115179829828601044e+01 -1.545431143339425661e+00 -2.422381963991316667e+01 -1.453049383213314982e+01 -8.801088107221655576e+00 -3.884489248376651460e+01 -3.891187832967013804e+01 4.741730498128733018e+01 -5.612518183396959515e+00 -1.775961688629376667e+01 -9.750665849128243856e-01
4.379764340560095803e+01 -3.284227331758111745e+01 7.029570541648164195e+00 -6.522797322251737029e+00 -1.416145420581317538e+01 6.739155721801138865e-01 -3.229297645921201365e+01 -2.567366082025635166e+01 6.201233683258006124e+01 3.561756208306251281e+00 1.395671252093835690e+00 4.656356051182572564e+00
8.879838167167793728e+00 -4.461637069010422607e+01 -3.314205756571301009e+00 -3.870512019840029438e+01 -2.567373619259666384e+01 -1.950604333803953949e+01 -5.415268220352892570e+01 -4.199614057927733768e+01 4.171990080985816007e+01 -1.421385525166329344e+01 -1.061298947832491280e+01 -1.612957571860936667e+01
2.531103499044784755e+01 -2.842867365959969206e+01 1.129369329161842472e+01 -2.419477044065960314e+01 -8.554151523797234091e+00 -7.802821464905932203e+00 -3.335986095850249455e+01 -3.121078819147856365e+01 5.413973380204807029e+01 -2.906263102266611220e+00 -3.170433698057064653e-01 3.023809937167149187e+00
3.815434712426231556e+01 -3.794640990540807479e+01 -2.917636733835417662e+00 -2.327861620379421126e+01 -1.918644526250956872e+01 -1.113198773213174775e+01 -3.716805750546369325e+01 -4.015333751171952770e+01 5.333084891265198735e+01 -1.249843998847429916e+01 2.654322760991686625e+00 -1.041772174594940736e+01
4.230890110665656323e+01 -2.070458129822354465e+01 1.745773200754808130e+01 -2.055784753166900458e+01 1.440234303466868315e+00 -5.048233401946907506e+00 -2.861404656341509423e+01 -2.628911681992904192e+01 5.388982894755195474e+01 2.094213927706946698e+00 2.455476188644972524e+00 3.919620927873229466e+00
2.364872216311421127e+01 -2.215108974546059883e+01 2.562790715079700021e+01 -1.697710733544518291e+01 6.777046746467375371e+00 1.802936435481674238e+01 -1.219196709348613439e+01 -1.257078575813913979e+01 4.812940180394316769e+01 -1.849067421317976567e+01 6.207180825141751512e-01 -3.696691530215069577e+00
2.462975586048609600e+01 -3.554696028307751110e+00 1.305532844818540283e+01 -4.838051379701590804e+01 -9.220589778837762651e+00 1.167277486724946556e+01 -3.925719161998614481e+01 -3.983058096572253248e+01 3.681919779328872266e+01 -1.728186593356608824e+01 -8.739864766764018356e+00 -1.521074268757030445e+01
2.772299837975835857e+01 2.007114891067761064e+01 1.714508773216511273e+01 -4.385673792511597924e+01 3.034495074136011272e+00 -1.031149768590254467e+01 -1.693304186356483143e+01 -3.774113335185290907e+01 4.411782856481470816e+01 -1.812296905467216135e+01 -3.041156216363981368e+00 -1.163593518258135617e+01
1.864028700576107411e+01 4.036695592912840880e+01 3.305671333988244953e+01 -3.743148173327242745e+01 -9.754374162161418838e-01 9.060381385270726895e+00 2.765110752397692551e-01 -1.623754754015161694e+01 4.319602214222318537e+01 -2.536500638761088311e+01 -8.369514927801379400e+00 -1.352190743705396336e+01
2.709180964498329125e+00 3.907729287617227953e+01 4.520805459409434235e+01 -2.332845529928942696e+01 8.217398308915440097e+00 3.851522173098194113e+00 2.587087918545076803e-01 -1.749893450920028215e+01 4.501569795154784970e+01 -3.680408922407583816e+01 -2.254673855005881578e+00 -1.077867142992991667e+01
2.554464837229571472e+01 3.404672672616158025e+01 3.731805206059988933e+01 -2.568207059092913624e+01 2.456975597063301819e+01 9.139182891123008190e+00 -4.295026822409512057e+00 -1.978406662196277566e+01 2.351258098357940085e+01 -1.923034918809486982e+01 -2.661669491708048341e+00 -2.354761952691325888e+01
1.636828951077072603e+01 4.031215345517730952e+01 2.690091126771095276e+01 -3.451260247213332377e+01 1.650806491986196534e+01 -4.112493115743460770e+00 -1.646875982307079411e+01 -2.161813313414273807e+01 2.160812190870734995e+01 -1.979775287330223676e+01 -5.271019099971656630e+00 -2.090773136603039006e+01
2.800208717964587279e+01 3.110085852952496310e+01 2.751765279007476295e+01 -2.329613946787750223e+01 3.539366498150548157e+00 -9.543933494259249528e+00 -2.244090236783143055e+01 -1.981350013038683500e+01 1.483274123983686366e+01 -2.089161493434257721e+01 -1.169402046570422016e+00 -2.437409125667168652e+01
2.009068534075786516e+01 2.202654562905112812e+01 2.271785120538979186e+01 -3.094535687608785324e+01 -1.107504924709811434e+01 1.798594018713204434e+01 -2.491969717834928488e+01 -2.038516998868468022e+01 1.663996101380173442e+01 -1.774754265347289817e+01 -8.337933741493397832e+00 -2.158814153934381252e+01
1.057327045955170064e+01 9.172513930531056570e-01 -1.069477821963975117e+01 -2.014325255283409177e+01 -1.552513080961463388e+01 1.640022875473832897e+01 -1.248651061293778852e+01 -2.336998004745015578e+01 1.417043280820008810e+01 -2.057123734285788785e+01 -5.154315641163762507e+00 -2.151884260553936556e+01
-1.115671319535056405e+01 7.750140255163202596e+00 -1.697993932312177634e+01 -1.764259769562492863e+01 -1.686153116977870070e+01 -4.826177968090282988e+00 -3.694423647276253053e+00 -1.307097486388977003e+01 2.811774055128357830e+01 3.401831005490109305e+00 -8.937346666959479435e+00 -1.309942271844460926e+01
