1.475423120233009300e+01 9.670592721968372985e+01 1.970094384073356863e+01 9.198721405051969668e+00 -1.043381257767211023e+00 1.153799958255029168e+01 -9.574457037941309423e+00 -2.908877986754648148e+00 -2.055937817921816801e+01 -2.770719590813262556e+01 1.445074752379838934e+01 -7.838811263933617823e+00
1.477005591368092396e-01 7.579101945576660171e+01 2.699692111493757807e+01 1.226809319516443431e+01 -9.119535138332279800e+00 2.217098859976381675e+01 -2.029429633970989499e+01 -1.351371220524805494e+01 -2.827951957834813346e+00 -2.486166407546090795e+01 4.005871261472746525e-01 5.199221562473088198e+00
4.203031211490182883e+00 6.259322137808948128e+01 3.322019946939428792e+01 4.846177230206143882e+00 -2.355833844606201488e+00 3.097763246550510985e+01 -1.923998249706060371e+00 -2.535162564281522890e+01 -1.765724744065216356e+01 -2.441949519209408592e+01 1.781550611490236236e+01 2.458565851625059917e+00
-1.289714291872214647e+00 5.602463775605022533e+01 2.881187674920373354e+01 1.990397896090688734e+00 -1.197128991983352719e+01 2.904842719759236047e+01 4.842560119287098175e+00 -1.361508212321406575e+01 1.151562553370979458e-01 -3.315036927080312523e+01 8.222531800014758474e+00 1.297137302872282838e+01
-1.149697331249444510e+01 5.627771948182042649e+01 3.162099688300141409e+01 9.035933888565519823e+00 2.842848180392772761e+00 2.796565683283491666e+01 -5.160315257359897601e+00 -2.525597389117731240e+01 7.313790839490827977e-01 -3.428054172538609379e+01 3.129631425504930675e-01 8.270089195798188797e+00
-3.515504535182610368e+01 5.106433823637785707e+01 3.283316657521208981e+01 1.053249562350615420e+01 6.019835874420792265e+00 2.732220834044521496e+01 2.783170181535274512e+00 -3.359613231446353154e+01 8.379525221976901861e+00 -3.491685378026774345e+01 -1.426302198856550074e+00 3.586309393872081586e+00
-2.547186458618220684e+01 3.335659360601822243e+01 1.650885974040513204e+01 -1.124627908988113933e+00 -5.842682975153331348e+00 3.551604698786842107e+01 -2.053559531211859301e+00 -3.518096903287628407e+01 2.740385784898290211e+00 -3.669051486447160926e+01 1.773555813026324302e+01 1.090540085436087026e+01
-6.420047086040352724e+01 1.843250589848431531e+01 7.226814443413500655e+00 -1.316882827052910798e+01 -1.507618746687305666e+01 -2.247949519606614821e+00 -1.601963953837007892e+01 -3.729846619193611446e+01 -4.540599696542562569e+00 -5.097378153803643386e+01 -1.289627455364315978e+01 -1.486140062217420521e+01
-5.170615789937394879e+01 3.053044434728567325e+01 2.214696711412102914e+01 2.921910718288817321e+00 6.966813355409126274e+00 1.636753114249390606e+01 -1.564296564385849297e+00 -1.838480383943160135e+01 9.558289935796031145e+00 -3.294568751114677241e+01 6.892381168097031718e+00 5.526343937148888052e+00
-4.097187510593733606e+01 3.319832303000337959e+01 2.998541868493190421e+01 1.222627695660020208e+01 -3.949278379642101378e+00 2.096212546196240112e+01 8.497646658746102588e+00 -3.310917042128378540e+01 1.645672013889119256e+01 -2.118026157896106554e+01 7.688292600077319960e+00 1.692964361436116150e+01
-1.984069564376051886e+01 3.944511291576739609e+01 2.313592881124716527e+01 1.632440494617019056e+01 7.588835367641538099e+00 2.585215072365433997e+01 1.171770409637544752e-01 -3.061755094698688850e+01 1.302288575955289929e+01 -2.160752908705435260e+01 1.355505354868692791e+01 7.418581216941534606e+00
1.135895161276709331e+01 5.056466178976455694e+01 2.233431768256753003e+01 5.883047674372194003e+00 -4.453560058568847069e+00 1.383982606197992382e+01 -6.880742165311991343e+00 -2.991864373451785042e+01 3.801724960607941295e+00 -1.352120220404098028e+01 2.186431938527103114e+01 1.843774401080016645e+01
3.369975279769663246e+01 6.523815099494015612e+01 8.347546130373464379e+00 4.020697531437062544e+00 -1.009808536505246934e+01 7.465919290556946919e+00 -1.438037244097535705e+01 -1.925804943606282649e+01 -2.237565869493574056e-01 -1.867317823609696958e+01 2.411568518280612494e+01 1.227847738102175690e+01
4.219268686727612305e+01 7.124193845288914417e+01 3.352405821555486831e+00 4.565580690404354769e+00 -3.342922992637534563e+00 -1.372531710190695309e+00 -1.708655967780921614e+01 -2.894886809279688933e+01 -5.663665313208142038e+00 -5.007586545447829884e+00 1.983447478629155114e+01 2.331603894444083025e+01
3.229840357448161114e+01 8.494490248703857560e+01 1.079538581427928179e+01 1.074883192819755706e+01 -1.395871765860284341e+01 -1.864732979265208002e+01 -2.348838421127581455e+01 -1.737842173529542222e+01 1.150431792052250657e+00 -1.166301149594353603e+01 3.355570304331094178e+01 5.592648827255530364e+00
3.584951462419635959e+01 6.417583948027672136e+01 -1.558958913458553308e+00 1.160856025538068792e+01 -1.592366858813693398e+01 -1.266667879817052444e+01 -2.049245196565524907e+01 -2.117345993847077068e+01 2.701253681960625208e+00 -1.867801889200320975e+00 1.784805768568867279e+01 -5.115445442942457177e+00
3.470398315858522409e+01 4.694759247369895405e+01 -1.354565327686121812e+01 -1.298020991054775308e+01 -2.746346882215220475e+01 -1.031394261995279038e+01 -1.013379318155297604e+01 -2.429431752788840626e+01 -7.388289896356226905e+00 -1.311749857229256833e+01 1.788439390924905892e+00 -2.588491185637865399e+00
2.563645656842178511e+01 5.360450409287670936e+01 4.389440675002901138e+00 -2.597463552911894347e+00 -1.310321640028496581e+01 -1.176020802613100358e+01 -1.732685920018181491e+01 -1.832244842615428837e+01 3.481614914229333113e+00 -1.050811164839270972e+01 1.275645221254500861e+01 -8.316591452371127957e+00
3.263263156053541536e+01 7.051664700466349700e+01 -6.094342928819973970e+00 -2.871324052589643294e+00 -7.155160069985156746e+00 -1.221086138168668400e+00 -1.285409540057977651e+01 -2.160598116131096447e+01 -5.087160985707710026e+00 -6.991817047567348453e+00 1.665945651497009905e+01 -7.428641724406752189e+00
1.832239746501576860e+01 5.626651265910453503e+01 1.769093217919351257e+00 -9.085857626916173047e+00 -1.573458761151282204e+01 3.020800179272127295e-01 -1.265474779741081157e+01 -2.978214329016034867e+01 6.589195291624475814e+00 -2.968192670963249213e+01 1.683839585375742942e+01 -1.111185871556063987e+01
-5.800984561377744875e+00 4.983110263079899482e+01 -8.029450541671542041e+00 -1.753689049486639107e+01 -3.819734099386741377e+01 -1.972655172369021059e+01 -2.899653249610373251e+01 -4.096952129194023939e+01 -1.374049934253033634e+01 -3.042158012561400682e+01 -2.944644128559624985e+00 -1.245810260148044790e+01
1.652417483770180340e+01 6.212432916679416905e+01 1.822857138152541800e+00 2.283501607199588612e+00 -1.389966095161619819e+01 -1.111226166782513047e+01 -9.105585949365584852e+00 -1.731177676555659417e+01 -8.161159905360904077e+00 -2.356288736110459325e+01 1.305664688070905299e+01 -1.277903432537008044e+01
3.053758108571741303e+01 7.007771517898331126e+01 -7.597412480409696300e+00 8.993441072468087327e+00 -6.363577207863857055e+00 2.737913436076797602e+00 -1.279009940562848335e+01 -2.519044451054197964e+01 -4.135300579321911307e+00 -1.716161101103700304e+01 1.294081924040083820e+01 -9.419470615415461268e+00
2.709863537136079970e+01 5.349018785834671519e+01 -1.286496941155855112e+01 2.152469265413683530e+01 -6.520526979513482146e+00 -2.707306906136971225e+00 -1.604355040440580638e+01 -2.470330546324209564e+01 -1.037477906272881079e+01 -1.876270608754144931e+01 1.277400954563517388e+01 -1.254292971245043020e+01
2.866674395453398461e+01 5.257000380131061235e+01 -1.922007587622515956e+01 1.053613727009288681e+01 -1.009437419375872391e+00 1.594747200981479907e+01 -6.976104827989644264e+00 -1.448889808314470251e+01 -1.101898517665546606e+01 -1.575087168375041102e+01 1.740224203694738137e+01 -1.679601209192998468e+01
2.468017538588098603e+01 6.238203975469227203e+01 -3.167641548022738451e+00 1.494297755111190540e+01 -5.047617431022979773e+00 3.512942786279935348e+01 -4.429313545219171644e+00 -4.304842016351559053e+00 -6.161873612316415283e+00 -2.926480114286658463e+01 9.034823042684298144e+00 -1.655154271969774982e+01
-1.490057418921779675e+00 4.451349837611968496e+01 3.361174262844641714e+00 2.768268580523436029e+01 2.645302287359702298e+00 3.661979350967812508e+01 -9.585981221370229122e+00 -4.195834551492570341e+00 -4.052426449133960773e+00 -2.915921517383071659e+01 2.623982381325742352e+00 -1.124609654363307421e+01
-1.207314319946344128e+01 6.038658145646857633e+01 5.343653908563253729e+00 3.417263824806051531e+01 -1.095885374973041770e+01 -4.563080773266332546e-01 -1.419202942074637619e+01 -7.149142143528589344e+00 4.734980427196968655e+00 -1.046419196759411285e+01 1.232976209539144463e+01 -1.068453813212377668e+01
-2.968048365419180357e+01 4.450707309295088976e+01 -4.942698498632618787e+00 3.120018063224046045e+01 -1.623776392990104966e+01 1.256060657447066653e+01 -1.282797565851354982e+01 -9.908649012188504912e+00 -3.397135360171072982e-01 -1.480324064025613318e+01 1.482710564783690188e+01 -5.808959834299814773e+00
-4.698016922693724950e+01 4.613242622983135277e+01 -1.016320020953908276e+01 1.434727224770058207e+01 -1.648138746438196378e+01 2.386590364855308621e+01 -2.223697070433676259e+00 -1.096010231857983719e+01 7.172552263719362386e+00 -1.836147313874296927e+01 8.453600123440100589e+00 -7.851971345719070960e+00
-5.638656310853802722e+01 5.226649164663403724e+01 -1.505184711186717017e+01 1.592713908578936355e+01 -1.996740312744659462e+01 1.032177824594029758e+01 -1.307597241739603078e+01 -1.688081982640159495e+01 -4.308962254809303616e+00 -1.610925024686040530e+01 6.409298237415692157e+00 -9.128735721170091466e-01
-6.264716918477596153e+01 5.307702762139996366e+01 -1.057005463005858381e+01 1.962288595560925231e+01 -2.801448401402066679e+01 -4.176287155535392870e+00 -2.347274975364761218e+01 -2.597983191430224537e+01 -1.624756174180302892e+01 -1.962185387099461309e+01 1.257180232412794396e+01 -2.639431365461709422e+00
-8.742112835613721700e+01 3.784467457273402147e+01 -1.355891545073739124e+01 2.730327673027519353e+01 -2.513175115147186389e+01 2.293313854008135699e+00 7.013785542188575306e-01 -3.087691563550332141e-01 6.587903317239209855e+00 -1.686508224270846057e+01 -3.944849804678102423e+00 -3.470669151138498609e+00
-9.068330844617068465e+01 2.444801884099386058e+01 -2.060556077399006014e+01 1.961108181652834048e+01 -1.920804809053751683e+01 1.206333296205196071e+01 3.679272071210113459e+00 -4.219016818894366416e+00 -1.803030115513896803e+00 -1.071877165156792877e+01 7.107994664807392837e+00 -1.309588011078043124e+00
-7.869059537637210155e+01 4.074984198861891116e+01 1.684876882827079037e+00 3.720393180607926098e+01 -2.400332819714311938e+01 5.218851169696673509e+00 -5.379740492947035158e+00 -5.683248702382388551e+00 3.748428111837295518e+00 -1.746836371436166857e+01 4.110297856546145212e+00 -3.553352538968747254e+00
-7.797175272042588290e+01 4.268643335360008706e+01 4.584997782199849992e-01 3.899380190156954029e+01 -1.549535599028873101e+01 1.626372401103599330e+01 -2.692664405939562133e+00 -1.507702589197763743e+01 3.732263652831756762e+00 -1.751898188162302361e+01 -6.253983877264026603e-01 7.774238374612797209e+00
