-1.141385282776818855e+02 7.892777271156106167e+00 -9.083632218309945827e+00 2.222968782155936296e+00 2.153652854978543196e+00 2.217119979189313916e+00 1.343093604676606567e+01 1.003277095626128990e+01 3.144173994799679406e+01 4.373031552078317397e+00 -7.772645287963158012e-01 -8.259610266430465586e+00
-1.042356603858576989e+02 1.486460497626296373e+01 -1.495212102146794120e+00 1.026474931029682836e+01 6.750576687923826924e+00 5.660496377410886737e+00 1.961186205219007217e+00 -4.086401782881713629e+00 2.587517478415216843e+01 -1.515882997840446578e+01 -1.015141306163797807e+01 6.306116230858203053e+00
-1.204781657221808047e+02 7.017915953734499723e+00 4.922534230472263239e+00 2.347335086516982727e+01 5.640378255257521012e+00 -1.115759545660720553e+00 1.933936615007407767e-01 -5.756519089669280831e-01 3.489590686037068679e+01 8.157456982061672690e+00 4.697001229474890849e-01 -1.796274971052166158e+00
-9.871645301145616713e+01 1.552458966975427757e+01 8.178664395511212604e+00 8.278112089226855375e+00 1.608158850947986451e+01 1.482465180439292851e+01 1.501431462810152517e+01 4.185820051824984844e+00 2.668290329265418137e+01 3.858438008627947280e+00 -2.324458863143568976e+00 6.307727899923165182e+00
-1.154344279587196525e+02 6.322860408581641778e+00 -8.141166945424348711e+00 4.611160639908813863e+00 9.675565768318508120e+00 6.842123447548462245e+00 2.504540110753966076e+01 -4.539298545827077369e-01 1.893784017648032147e+01 -7.814066265665993605e+00 1.433004520380574132e-01 1.507770235656493796e+01
-1.014347507060537197e+02 1.768593785764596049e+01 1.712442060352484141e+00 5.881811239802495095e+00 6.357642778004770179e+00 9.677771486798203426e+00 1.717614448221745960e+01 1.471638963572309944e+00 1.884885367817809509e+01 -1.502195608193782839e+01 5.045805657654844900e+00 9.510961991527398851e+00
-1.041594347892657026e+02 -4.674343821487419781e+00 7.168026734702140246e+00 -4.900871099900821370e+00 -1.100836628736414546e+01 -3.815629335116029086e+00 -1.393974703401921644e+01 -9.098233605843400795e+00 1.938229515668909997e+01 8.936056971682981853e-02 -1.297844355352042900e+00 -2.738078866357085417e-02
7.844878089763328433e+01 4.590038093740211167e+01 2.206116163758070314e+01 -7.744318073449623085e+00 -2.846935857342248610e+01 -2.021513707174022656e+01 -2.855277655234533896e+01 -2.212794285740896072e+01 8.532462509034916209e+00 -8.364719909383847352e+00 5.146203402884447442e+00 1.098009053683315450e+01
9.260750635823109178e+01 2.038806267956150009e+01 1.471596176675054934e+01 -1.982740225117096600e+01 -3.046081627687154736e+01 -1.314528867590692229e+01 -1.481677781380497905e+01 -1.641619219091946746e+01 1.942232180010170950e+01 -5.129110166009642313e+00 -1.788868980867513869e+01 -4.944210578076675411e-01
1.008218955181985734e+02 2.079649356554161699e+01 3.211795767158324377e+00 -1.305402803114463417e+01 -3.583526280873603298e+01 -2.690620695465882761e+01 -2.383895175485331919e+01 -1.623169496317464322e+01 1.026879715427770989e+01 -4.062384616209735455e+00 -8.649842848212518476e+00 1.941448408820622973e-02
9.253316706418274862e+01 1.490577074557492487e+01 -7.786587636628079068e+00 -7.502760734340793825e+00 -8.033221476906197367e+00 -1.071172272480345455e+01 -5.737172267247807156e+00 5.213075844145786952e-02 1.024369653282582249e+01 2.800675975445785504e-01 -5.778471421106904593e+00 -4.970576458640437956e+00
1.127083338526107923e+02 3.758850455908245181e+01 1.375481118151608584e+01 -3.007273703256171604e+00 -1.884243099599484239e+01 -1.471471463224754928e+01 -1.023306345691344532e+01 -6.433409142333672115e+00 2.511966479992852719e+00 -2.578232323267601878e+00 -2.668593982687922139e+00 3.530437053410693249e+00
1.221682891949010070e+02 4.588013756177316793e+01 1.682921218994057355e+01 6.872630952845588670e-01 -1.726100851434716787e+01 -3.115618839066347334e+01 -1.589897978212100682e+01 -1.075073745962444249e+01 -7.523193474312961371e-01 -5.410612330314492624e+00 2.725148514168816316e+00 1.072771036200493633e+00
1.148191502738546035e+02 -9.266721290569348568e+00 4.809551956766899394e+00 -1.845605706769880561e+00 -4.881357452054822943e+01 -5.839574794392309798e+01 -2.912016442599202293e+01 -1.361283545143686169e+01 -4.554536503792136592e+00 -7.975279433944127305e+00 -1.236229873892022724e+01 -3.601706133231164841e+00
1.399205518350606781e+02 2.225302539357060283e+01 1.318286177777379642e+01 3.230484947482885616e+00 -4.614054461303981469e+01 -5.209913959741113842e+01 -2.058416676356653596e+01 -7.487437222728273056e+00 6.921615742258428128e+00 -1.876626266628949491e+00 -4.529084405155475501e+00 -3.198042530000262396e-01
1.013357366186489230e+02 1.505678311857782958e+01 -7.694404779168632302e+00 -1.270882312319425012e+01 -1.741571105469577319e+01 -1.522578770114447089e+01 -1.390723631044754605e+01 -2.964971897306402759e+00 7.396828505154050326e+00 9.361197400925508560e+00 -1.338766886615334162e+00 -1.454736921688092544e+00
1.512425076853363635e+02 1.501684380421458087e+01 2.576131006769997711e+01 1.979169114481222991e+01 -5.598098151285361013e+01 -6.625253731653555178e+01 -1.918763303640008289e+01 -1.454764995319992948e+01 2.102998490903489071e+01 -3.024405519356141880e+00 -1.159974199232874525e+01 1.998848608638730484e+00
1.554293220744459916e+02 1.494862982450298006e+01 1.409793640173282547e+01 9.615854891522719328e+00 -4.637721247542408776e+01 -4.471589775089502439e+01 -1.155706202552125816e+01 -1.339758510772067268e+01 1.516961559469985588e+01 -2.778611527598294551e+00 -1.245221844805142908e+01 6.395992002758500661e+00
1.007414348161439079e+02 1.587865019698774205e+01 1.958830968348657109e-01 -6.768086522035978270e+00 -1.455993006650590438e+01 -1.879253409001962183e+01 -1.609780292050944439e+01 3.201441934500994790e-01 1.346877888208036467e+01 3.832043010662378180e-02 -2.609562572881501286e+00 1.248859772683078440e+01
1.283955886119894672e+02 2.467094527932002279e+01 4.930433805690811511e+01 2.774946221163529003e+01 -6.164648718566682106e+01 -6.082321866610952554e+01 -1.939957933809849777e+01 -1.507059177630419278e+01 1.090646181092964184e+01 3.210512337302192432e+00 -1.745036460951630986e+01 8.006442122959288810e+00
1.145056702117230714e+02 2.298737477719553013e+01 3.944651993400110257e+01 1.821137745211865777e+01 -4.694467871696883776e+01 -3.483533972074145879e+01 -1.138335583825451636e+01 -1.940031451333425849e+01 7.607811238205117732e+00 -1.214248138253690712e+01 -1.869261056969418533e+01 8.683556156900161582e+00
9.422982699534740902e+01 2.310134226353851972e+01 2.791035072569587783e+01 2.410115035424021723e+00 -2.084108874669358968e+01 -8.768222002593645925e+00 -8.522884453091201351e+00 -7.490773551422112320e+00 1.231569539592286411e+01 2.577887101609431575e+00 -7.083630719545965349e+00 3.544775259258657218e+00
9.956219867305395610e+01 2.904327948289942185e+01 2.736057470841069517e+01 1.438334825381734738e+01 -1.991106947524593451e+01 -8.688247151057218787e+00 1.653215341903417901e+00 -3.388349762196376513e+00 2.418555160039209895e+01 -8.619571251472729401e+00 -1.977922037409057054e+01 -3.602977988788520491e+00
3.859769473172947585e+01 2.539632664397034034e+01 5.948128163391953649e+01 -1.109626845571232145e+01 -5.371227406130080340e+01 -3.895403895436607478e+00 -5.393632000942067961e+00 -2.420952307481491061e+01 2.644854788598748119e+00 -1.977391936234476333e+01 -2.651277284157048442e+01 -4.437844516288489416e+00
3.096611091362755985e+01 -1.387357504780789874e+01 3.528660088185193899e+01 -3.179448946615256233e+01 -4.991563271283304459e+01 -2.254011412181017704e+01 -5.725319696766970168e+00 -7.409138282522740759e+00 2.954720176077640303e+01 -1.467972486387617792e+01 -6.363412260444540891e+00 -4.082801145239864482e+00
2.372524698984786795e+01 -4.072205679000931866e+01 1.037947459483201484e+01 -6.105397427214484907e+01 -5.806848837619082815e+01 -1.332200561018105667e+01 -4.750600899852973846e+00 -8.250874247484286883e+00 3.230534556522084699e+01 -6.975349742497002126e+00 -8.730256649298380189e-01 3.828282713892857014e+00
-9.981628381361225877e+00 -6.325950123151916671e+01 3.710181974044206754e+01 -5.781444636623874089e+01 -4.587274382903692072e+01 -7.647478800447228942e+00 -2.286374641286643694e-01 6.173378622282399419e+00 2.719075514004029515e+01 -9.484459595658874420e+00 -8.282350673364154758e+00 3.863888390048811239e+00
-9.504356644547499400e+00 -6.650838167429176906e+01 3.431718857563390657e+01 -5.021000142417697987e+01 -4.383923192540237324e+01 -9.267438157572780000e+00 7.370265359030014451e+00 9.079602568591795375e+00 1.828300104209213117e+01 -2.852964916831576048e+01 -1.655133449957930480e+01 1.032488977359160920e+01
-1.334649852353659760e+01 -6.791716883217608824e+01 3.765191617311924688e+01 -4.723612595956657856e+01 -2.973989650023744247e+01 1.169535595327099387e+00 3.851337095563402357e+01 1.341447152439422297e+01 3.287131317661837215e+01 -2.454957103194378831e+01 -2.639929407448607890e+01 4.145811631345964088e+00
-3.657744124227973970e+01 -7.374452102857858904e+01 2.993602347901741112e+01 -5.478127771708068394e+01 -2.193606751626983709e+01 -3.984299351275544687e+00 1.232873145663801395e+01 1.936019019814337216e+00 2.259821658254755050e+01 -1.670652665339751408e+01 -8.897340859231828603e+00 2.406119867372366627e+01
-5.295473135400972353e+01 -8.655896315973816968e+01 2.891282541807986917e+01 -5.446595216396929118e+01 -1.432262513071449206e+01 2.059428434153728560e+00 2.190429506954819061e+01 -1.281344399642795295e+01 -1.189236995891630677e+00 -2.781395896039452964e+01 -2.637004784316549433e+01 2.536553740978662574e+01
-3.903087082245162520e+01 -7.918582821994814935e+01 2.085497287672551892e+01 -4.965966690369195646e+01 -9.050652198579985708e+00 -3.978089736969234735e+00 1.816857886541748712e+01 1.318145778258832479e+01 2.454038480256548738e+01 -1.324699684025796920e+01 -1.928730045986225150e+01 2.468964431327133013e+01
-5.135324147729014044e+01 -1.024294269603698098e+02 2.482436343890217501e+01 -6.533421019001704622e+01 -2.009565479227595119e+01 2.518612515418019449e+00 1.363773327399103952e+00 -3.087841999586652975e+01 6.529760787642555186e+00 -1.783008394590524404e+01 -1.813597771819343762e+01 2.326567953853604820e+01
-3.429326574579455666e+01 -9.887722868680759802e+01 1.171748534155800314e+01 -4.792600992535475513e+01 -6.494707738223456595e+00 1.320674281678230422e+01 2.123874927615294617e+00 -2.504980710120070597e+01 1.277939504522437986e+01 -2.008903727891703284e+01 -1.755588942968136124e+01 2.069777281275545278e+01
-3.342688282481154971e+01 -9.873932594735529733e+01 4.958684221936597858e+00 -3.790297280450648998e+01 -1.173069249426678695e+01 1.683700995283300728e+01 -1.176007535649464586e+01 -3.598197828232154905e+01 1.547848330120776161e+00 -3.066439299311218747e+01 -3.227324593972337174e-01 2.086053560113249006e+01
-2.578690000660476400e+01 -1.061011546552248603e+02 2.093064106277435599e+01 -3.210588624112821776e+01 2.080401685071429529e+00 3.846906249162561409e+01 8.354470244875749074e+00 -3.387493991478122357e+00 3.602867676023817012e+01 -9.770273077073985846e+00 5.930672622391964133e+00 2.110733921336854735e+01
-1.542263708361847208e+01 -1.013675042090386853e+02 2.496475809541589186e+01 -3.292488350142168940e+01 -1.996272347461307461e+01 2.865322014632941716e+01 -1.868079159410526557e+01 -3.116238804959714059e+01 2.457116764290532629e+01 -3.683480100635427856e-01 9.974513546483169790e+00 2.404473963594956132e+01
-1.548544282195148725e+01 -7.864173459949282119e+01 4.072037803924047239e+01 -9.926208397979827680e+00 -2.467900554932185742e+01 2.620402878286542858e+01 -7.623483310296341742e+00 -2.692307815074713417e+01 1.475862757116388657e+01 -1.643331635492152998e+01 -4.444244226306381051e+00 1.587730166267993681e+01
-3.016954640927274767e+01 -8.858676154056998087e+01 5.584420740779319914e+01 2.796388785963972445e-01 -2.316148784154708551e+01 2.258562219246299918e+01 -2.181222639163220833e+01 -2.950535371222269987e+01 1.772343807971743956e+01 -1.122181793456385801e+00 1.195460538119714933e+01 2.653356886822030702e+01
-6.020203048039267202e+00 -8.690013850850812105e+01 2.207451269689717321e+01 -2.427988759664154728e+00 -2.024605853791874210e+01 1.031565400575161107e+01 -2.367168646699075296e+01 -1.887185407376678725e+01 2.915678053721491025e+01 -9.409730724851725903e-01 -6.254757026420618260e+00 4.805027990816984840e+00
-1.389437495781045051e+01 -1.010185488947653312e+02 3.723788070434613928e+01 1.465838967263245074e+01 4.696743488901802266e+00 1.469946531098953280e+01 -1.816662241270660871e+01 -1.217956187996774808e+01 3.427246444073842468e+01 -4.187881912394382233e+00 -1.169989999734900543e+01 5.609491566396687112e-01
2.368574419814301280e+00 -6.329627922112246097e+01 5.591173485940610988e+01 1.633145747752248411e+01 -4.510267249831365177e+00 5.912415103683582807e+00 -3.296922032264846791e+01 -2.230056231062149408e+01 2.419631554196238454e+01 -6.307413411970618888e+00 -6.860771312140466094e+00 3.089614088579430984e+00
2.681267880170614148e+01 -2.416858800620420311e+01 6.362945598363882738e+01 1.379481037098490148e+01 1.610902508826045221e+01 9.814679649218856383e+00 -3.059721348137356500e+01 -7.790395964786975824e+00 1.902069862274083789e+01 -2.367927366430484426e+01 -1.466223556666978034e+01 5.921810008332274222e+00
6.415127703304332840e+01 -1.444485553317706206e+01 6.295481958556628399e+01 -1.966444541579408778e+01 1.730021298696948406e+01 -1.987705121838956046e+01 -5.415829490705479543e+01 -2.142766725419989626e+01 3.190940787248921851e+01 -9.157709433178354175e+00 -1.250315787735958928e+01 1.613169065643292654e+00
5.696413524253173932e+01 -2.648277686564087219e+01 5.986681411366413386e+01 -4.725712128290791014e+00 1.851070713030251369e+01 -2.502762291425405294e+01 -5.370734177312016300e+01 -1.466198857690154256e+01 3.328137779484247005e+01 -1.023512991557258367e+01 -1.281556228653458618e+01 9.402033492624180866e+00
4.622019939650397191e+01 -1.760762303234363202e+01 6.146203593927634756e+01 -1.061059248249278220e+01 2.237166741210100440e+01 -8.531813261171514284e+00 -4.214339173689801044e+01 -6.529026981722068079e+00 4.232912395740480349e+01 -1.198413026223753874e+01 -8.469868461322040076e+00 7.220205503219226273e+00
4.485503705417484355e+01 -2.167393653215528815e+01 6.029744869976325816e+01 -1.774760493527167782e+01 7.306716713758823367e+00 -3.157432186582907718e+01 -4.652173069120975413e+01 -3.046597554793891405e+01 2.950852620201055387e+01 -6.138251438903107982e+00 -1.509054526517916095e+01 -1.172276769566577492e+01
4.464114092329449335e+01 -1.919302088456741728e+01 6.211093554487099766e+01 -8.068589867547242278e+00 6.858656280059321375e+00 -1.653411449922519694e+01 -5.268716722937351449e+01 -2.097842063567896531e+01 3.071997878468071974e+01 -1.679255531332974449e+00 -1.052495278257958056e+01 4.645171955649258777e-01
4.034757689830973959e+01 -6.525799999462877921e+00 6.519805210455437816e+01 -6.123307777531386442e+00 2.666342723392709502e+01 -1.252456389129346093e+01 -4.765032521028395962e+01 -1.244122510687653005e+01 3.296354425480463135e+01 -6.585826849936815997e+00 -1.713414730248737428e+01 1.791932397256017850e+01
4.427638494355123555e+01 -4.484228517200591568e+01 5.262045216690040661e+01 -2.754108017190410607e+01 -4.392525297805081053e-01 -3.576041774173205567e+01 -5.713507544247267589e+01 -3.487063575060939513e+01 2.895295495700902322e+01 -2.012666129376234636e+01 -2.682027680640644718e+01 2.873911867822167565e-01
3.155651134116432033e+01 -1.845100640899491395e+01 5.880630877497678455e+01 -7.301992891468138680e+00 6.404651720016157235e+00 -2.008789726551140120e+01 -6.100836355814894318e+01 -1.282790318492291526e+01 3.041233721730388595e+01 -9.318880915292638178e+00 -1.080709509576272609e+01 1.648004803418561437e+01
3.460016335457849834e+01 -5.512442747823177669e+00 5.039155605223888301e+01 -5.971130823825515854e+00 -2.156583772054502024e+00 -3.753075454527559973e+00 -3.297380868970258661e+01 -1.482346867320703865e+01 1.527461145261916009e+01 -8.482418607126533061e+00 -9.595524332607705986e+00 2.040365677298254354e+01
3.039914375548496750e+01 -1.556839158322021355e+01 2.958905490658023041e+01 -2.600199526687124774e+01 -9.126327175694738614e+00 -3.070538283105658905e+01 -5.080549197425347074e+01 -4.076932734254066304e+01 1.674201973769948992e+01 -2.081537883963910929e+01 -4.624789427298424016e+00 -2.010808514360182375e+00
5.624127044470688475e+01 -9.878760619279145061e+00 4.988437878741414977e+01 -9.770782402177964343e+00 5.962972884552700137e+00 -1.298080997241156531e+01 -4.163014424929892243e+01 -4.222986033808356154e+01 3.007282210380159881e+01 -8.115270914443618366e+00 2.200565542885096537e+00 1.773966615598508412e+01
5.905194861648543281e+01 -1.337531859162892012e+01 2.855506669018254229e+01 3.957659640071466978e-01 -1.663460212517568948e+01 -1.871625643399346339e+00 -3.482169922941618978e+01 -3.381552542876012524e+01 2.103125767607269125e+01 -2.734569715486401975e+01 -1.453654597835717865e+01 9.283602882839304016e+00
1.154235311928561991e+01 -2.837431455364397337e+01 7.399375469707030106e+01 2.408322922998464577e+01 -1.747524988092843046e+01 8.273864021972572758e+00 -1.207455720421793544e+01 -2.673462911503451878e+01 3.747258245298837664e+01 -1.026504999862565981e+01 -9.668357531421754913e+00 4.547107823539485061e+00
5.998522601205318949e+01 1.069041944922850096e+00 7.122227708733586837e+01 -5.648995650742078212e+00 -1.269691943148511193e+01 -6.712564507640884415e+00 -2.906445625629506324e+01 -3.524001021041512161e+01 1.182867709319136651e+01 -2.228935743738424691e+01 -1.425597776916243120e-02 2.003153628734525427e+01
7.240199830812126436e+01 -1.419213530957571123e+01 7.100425373706201526e+01 -8.412427993168755336e+00 -2.904796565805635922e+01 -8.320357831587349651e+00 -2.698479788224038600e+01 -4.228121058742558347e+01 4.221772415113099086e+00 -3.295588494647955713e+01 1.971669748974793634e-01 1.795350075306658510e+01
5.414468623847688633e+01 -1.522298368474039876e+00 3.327881783483962153e+01 -2.976310923055247670e+01 -2.745027610690631548e+01 -6.339804880452876823e+00 -3.838461311607777304e+01 -2.390578290390428862e+01 7.290140417095129166e+00 -3.563018466891774949e+01 -4.375419397025956947e+00 9.514227732600332388e+00
4.280670968421266309e+01 2.251073677213085489e+01 4.417959057267743361e+01 -2.735941889042469555e+01 -2.112181705860555780e+01 3.886609661039995167e+00 -2.491556560393716779e+01 -1.102731576807704528e+01 1.274946125830752841e+01 -6.313387844778865166e+00 -1.015086321755969578e+00 2.953881437496390205e+00
8.190889709484039827e+01 1.975515614757255012e+00 8.524195604234756729e+01 -2.634648254699104086e+01 -2.709433552789271005e+01 1.071755038585693498e+01 -3.471563987448064381e+01 -3.186743056341980918e+01 1.611551766588248169e+00 -2.616272400357493666e+01 1.305553874079660481e+01 1.490391192873624426e+01
7.869663480479486850e+01 -1.386666789702180047e-01 7.464654349221416396e+01 -2.836279662857942085e+01 -3.334632401457106710e+01 1.065663077475003639e+01 -3.566837586877793598e+01 -3.574548855107654077e+01 -6.037729518061985878e+00 -2.951687773060912434e+01 2.940073279950666141e+00 1.244911035841597879e+01
6.390090424011513903e+01 -1.038754388445343224e+01 4.562230107571453175e+01 -3.117895612991809884e+01 -3.814789660422121642e+01 -2.254088290259517624e+00 -3.474056173557410432e+01 -3.168735665068934537e+01 1.610827605550898767e+00 -2.989688504285820514e+01 -1.139767552810180895e+01 7.919831980908091928e+00
7.621538761678522178e+01 6.721437504372906879e-01 6.269334953025174428e+01 -2.036679794093537765e+01 -2.045426036098315237e+01 1.385064903026273342e+01 -2.297550700903520848e+01 -8.846227283340159175e+00 1.598173278395617203e+01 -1.994072568193606187e+01 6.047056528066958592e+00 1.514378319134029027e+01
6.646401011316068264e+01 1.437832750522402847e+01 9.288264138497872580e+01 -1.415477642707696759e+01 -2.104800839950030422e+01 1.865900628191262811e+01 -2.549470920243253502e+01 -3.140314601878834821e+01 -2.409786832311139548e+00 -2.661800336972667935e+01 5.551271943489959781e+00 1.220506072614848847e+01
6.656060311825793008e+01 2.196213406677467361e+01 6.986432341511688549e+01 -1.037365603071626552e+01 -1.646174776763893277e+01 1.022958877011422807e+01 -2.578309424985413401e+01 -2.212815382241379680e+01 3.165136293700710368e+00 -3.378679819428840148e+01 -5.256284697078100976e+00 7.182962552651538601e+00
6.209232581166668297e+01 2.080107125772210708e+01 6.702743527217901942e+01 5.582551310381077769e+00 -1.128085912934180968e+01 1.316434279857413969e+01 -1.680998687049041251e+01 -2.175657902229097118e+01 -1.660433473774578772e+01 -3.672773075757243078e+01 6.242083617400151496e-02 2.600519832130206765e+00
6.009376748855711980e+01 2.087622356870971885e+01 6.599641090752659522e+01 9.348513973282134515e+00 -1.255108788115665064e+01 9.693452570897690634e+00 -1.954580649142762283e+01 -2.841002065276053656e+01 -1.494850561863441119e+00 -3.807050851587338514e+01 1.029341023062811189e+01 1.491628904314593385e+01
3.600729590461592977e+01 -4.564000424207998208e+01 4.668491434110719496e+01 -9.244164562851963751e+00 -3.898598643984148282e+01 4.330831945871986832e+00 -1.650682569077276440e+01 -3.422958061074844238e+01 1.611636569727172130e+01 -2.026834495859659313e+01 -1.005487136932288195e+01 1.068300555822035314e+00
2.424564612501323424e+01 -5.212215468998248014e+01 6.938552105113109292e+01 1.415254059314879420e+01 -3.240002910899531230e+01 6.408022809916898765e+00 -2.026793769325961847e+01 -2.138241734176421005e+01 2.707026697668164417e+01 -9.871280938766266999e+00 -5.084492321758224520e+00 1.103347157744572371e+00
-2.202770719225580720e+01 -6.567903359470707869e+01 6.319526576248044591e+01 6.436876855073244030e+00 -3.354762343816749137e+01 1.671187195577323337e+01 -1.047493605588893573e+01 -3.705007857940314864e+01 8.939500607844692581e+00 3.052230975478421371e+00 3.915654054564043918e+00 -2.342676109621688596e-01
-2.641212480816206210e+01 -7.728704532461250665e+01 4.750705951381706882e+01 -7.832805773947900896e+00 -1.809054560790693955e+01 2.672418664718458103e+01 -1.755802439853143682e+01 -3.109354998069992249e+01 2.780881308627092352e+01 -3.731313479583182602e+00 -7.862311350904096940e+00 1.322073371325749314e+00
-1.319263072428335803e+01 -8.450037850063284850e+01 2.193835995375676617e+01 -2.391436678033922458e+00 -3.785211475989068219e+01 3.148755967508209608e+01 -6.892936603726724343e+00 -3.434680400769148889e+01 1.276302865008992704e+01 -7.817917608475660529e+00 -3.935598472979875417e+00 -1.256422456051175374e+01
-3.647500665504183814e+01 -8.151234434638931248e+01 2.198699095800306225e+01 -4.412800478124667691e+00 -4.366652667463583271e+01 7.936363624391882254e+00 8.208048557890956332e+00 -2.602008138924040281e+01 1.360225650009175347e+01 -6.789992904103425708e+00 6.453448743095458795e+00 1.366206356455206894e+01
-3.223913453832113873e+01 -6.172503830246365908e+01 3.488968474153340082e+01 1.720313247077026375e+01 -2.376922460167547158e+01 2.847942432353200104e+01 1.390950960030263772e+01 -1.108273789386830011e+01 3.345530826444318961e+01 5.393385889647742459e+00 9.679890149578149305e+00 1.848481638455651677e+01
-2.847966335274665894e+01 -2.397554408651562952e+01 3.618459695654149755e+01 2.139961776044000885e+01 -1.822630277231365170e+01 3.229006791354014894e+01 2.853971791013384873e+01 -9.748532717431650951e+00 1.766149703857825770e+01 -3.766184971289798789e-01 1.360752964685824651e+01 1.829143913664842813e+01
-4.579018549991467779e+01 -3.413081338718816227e+01 1.243460468918965489e+01 -7.391962077587026059e+00 -3.328301956254024674e+01 1.478897081726160323e+01 1.687982152714783624e+01 -2.818699010851219100e+01 2.373806216649603229e+00 -1.846286211690827406e+00 7.059900143392249916e+00 7.165108764261217900e+00
-3.529762791699722868e+01 2.675064840336230709e+00 3.836516799309752912e+01 1.289456453221950660e+01 -2.293812493192772450e+01 2.192774907401083340e+01 1.615053934587368900e+01 -4.138512853295988236e+01 -7.840416103958556704e+00 1.862093191984921958e+01 2.340428011475158598e+01 1.229375668973913882e+01
-3.009200400681473297e+01 3.006313800408280912e+01 2.405289842550934054e+01 7.837362575812548471e+00 -1.636478572722270641e+01 8.926675758236273239e+00 1.997763124973212712e+01 -2.150371858062460007e+01 -2.628276762089978735e+00 -7.312303792002357028e+00 -1.118920036381125138e+00 -5.702366841151132348e+00
-4.758566518044373339e+01 3.949869526563260536e+01 2.316313653416836971e+01 9.968959614537178382e+00 3.176707832933058917e-01 5.982923888073496954e-01 -7.404655027929472055e-01 -2.462584476798591382e+00 1.835267856075815018e+01 -9.890026290651704244e+00 -4.432426756112830546e+00 -7.473425286359644204e+00
-5.851702204401726704e+01 4.053531377657232326e+01 1.641306286744666565e+01 1.277913379824833129e+01 5.371716097855321337e+00 -1.321970001928581340e+01 -1.019896360936286683e+01 -9.698230816672030130e+00 1.351389430297772165e+01 2.265375542396942166e+00 1.584364362952558558e+00 3.431935628206565614e+00
-6.383711840350628108e+01 3.490841404527722602e+01 4.513387126600739485e+00 -5.733032054182249926e-01 -2.577189061518604163e+00 -3.745769399532611565e+00 6.518714499374191007e+00 -1.190017411430754102e+01 2.035448304602583391e+01 1.608080869142004765e+00 7.750028574552475291e+00 1.137219317885159242e+01
-8.416938456093100740e+01 1.204221453238153394e+01 -5.425278540743784461e+00 1.309607051572409864e+00 2.292899605761574922e+00 -4.631232107712682122e+00 1.684099970800805757e+00 5.220302971395481828e-01 2.142675728738826990e+01 -3.067626525579413066e+00 -1.438061156112921957e+00 1.138585658347062690e+01
-2.858079250679537608e+01 5.603560461868255516e+01 2.233229882248159726e+01 2.988662739602343521e+01 2.810606242973765045e+00 4.248373421161607766e+00 8.900972756299649902e+00 -7.096266467966263036e+00 2.632737931843541190e+01 3.807842504770856618e+00 9.512697902586992882e+00 1.109967978099561492e+01
-4.221116145217422400e+01 6.684512702745213630e+01 4.265984185329600109e+01 4.113994857280433592e+01 2.545941945446869425e+01 9.110324577937157997e+00 -5.559856467302026317e+00 -1.367675154807655780e+01 1.845069181281388992e+01 -7.092994055003348564e+00 -5.384198265255352389e+00 -7.020228633125352502e+00
-5.170557466493877996e+01 4.735773025811420212e+01 2.606466645320431752e+01 2.043948662818548812e+01 1.251776774776771717e+01 5.722519628243900591e+00 1.946275904862304174e+01 -6.207261761011356960e+00 1.525664683988603443e+01 3.787185080237192469e+00 3.272713659633262218e+00 1.133591949614651462e+01
-6.328361919796071788e+01 3.339539845723797384e+01 2.034375506104833065e+01 2.618936112312510645e+01 7.690579273222851953e+00 5.470125018089657232e+00 7.193614755064807298e+00 -5.476117547063479307e+00 1.524923209180819939e+01 -3.156620378219597178e+00 -1.133197026634590365e+01 1.181148584958922942e+00
-4.039942405763858346e+01 4.513827136659556771e+01 2.255354078132619122e+01 7.699258043415579067e+00 1.561587270208251965e+01 1.269169173124681294e+01 3.756331723644910969e+00 -8.064722551008021156e+00 1.736773893284370729e+01 -1.268716341154707905e+01 -7.324977876467487548e+00 -8.007707357843262486e+00
-5.731854393489144428e+01 4.594611537109010158e+01 3.714251279678440909e+01 2.952671494025798182e+01 2.416589313868146149e+01 2.785191806522909985e+01 2.898975355503050721e+01 2.130660149382195723e+00 2.398291783124709653e+01 -8.426354460557300641e+00 -1.684206913197545230e+00 -2.470966532562308693e+00
-5.073798368085252264e+01 5.798794539039943885e+01 3.351121272562239994e+01 2.549758256534897072e+01 1.608697819326674150e+01 1.177321226123575038e+01 6.574644172621161964e+00 6.861852857754198176e+00 2.582472931955367557e+01 -2.017908510698695146e+00 -1.096507501924720707e+01 6.344787011589009040e+00
-5.651222404976236646e+01 4.693177968995810545e+01 4.031776247742548946e+01 2.554887714756531025e+01 9.413742107425088435e+00 1.082474096160766308e+01 2.547426557539877479e+01 6.392207517168209563e+00 2.137363259698724605e+01 1.759196463040950453e+00 -6.471816986258744464e+00 4.269228204447818698e+00
