-6.942698877279957514e+01 3.445428757469565539e+01 4.940746725028468234e+00 -1.668961730080786765e+01 2.043628844086394025e+01 -1.006992297767041400e+01 3.241080943219888866e+01 -6.455438298432758515e-01 1.531294108597565184e+01 -2.087146384148747558e+01 6.966279514745657764e+00 -8.208527234092457547e+00
-8.298235873058638390e+01 1.239697670328772183e+01 -6.065135775543391006e-01 -3.102775856235528806e+01 2.421414027401267077e+01 -6.289224945753844054e+00 2.561773396784594325e+01 -8.438743214489534239e+00 2.440302215817374787e+01 -2.482917833996151735e+00 4.025407640017807864e+01 -3.040487584692297851e+00
-7.749478961925805720e+01 9.180181650928343373e+00 3.239814462061486822e+00 -1.781554956844184900e+01 4.438698883842111798e+01 -7.696253509959055883e+00 2.963793672359724241e+01 -7.455915740619956100e-02 3.054913015961408007e+01 -2.089138314011429465e+00 2.556444228684661724e+01 -8.239989383910849341e+00
-6.819450714935675251e+01 2.074151134697598309e+01 -1.416516223535580377e+00 -2.804266980185205682e+01 2.978992569653388500e+01 -9.512545001322244786e+00 2.910105492687761597e+01 1.611277902070058721e+00 2.749561070158407006e+01 -1.354374137299609870e+01 1.487190647307354396e+01 -7.453883299068902346e+00
-5.992812335410661007e+01 3.599126329328133522e+01 3.357305628357735827e+00 -1.550614991273737608e+01 3.625199071483406499e+01 -3.794866174953729132e+00 2.426029166911371249e+01 -5.277062896277994852e+00 1.487623518913346565e+01 -2.054770795862781441e+01 9.389913077364330007e+00 -9.800318431723884061e+00
-8.550654308060134667e+01 2.144405782155630646e+01 3.033947992994076692e+00 -3.298325387481742155e+01 3.500965224090029437e+01 -1.218632241237570746e+01 2.590623273501204338e+01 1.385305765189690064e+00 2.495171054488927709e+01 4.304218206757155940e+00 2.724557832937858848e+01 -5.642174812171725229e+00
-6.416375762305223418e+01 2.653434464608855592e+01 5.896786232201006728e-02 -2.246319037844094879e+01 2.996663427880760366e+01 -5.629682765345535245e+00 1.901906392556792014e+01 -6.027644261502604905e+00 2.882336701715459526e+01 -9.647311881867880246e+00 1.884477944012985517e+00 -1.490584073298296630e+01
-8.135592863816353315e+01 2.074824171549894913e+01 2.725157460135823584e+01 -2.169158761780729971e+00 4.054947843854350964e+01 -2.797033851114091973e+00 1.545628975930890547e+01 -1.366420334727450658e+01 1.206520459322777228e+01 -1.071518187364794272e+01 1.053201885125724147e+01 1.677883327239894751e+00
-7.591403191149760232e+01 -1.512307604132113070e+01 2.010888393456820822e+01 -1.925696052373330502e+01 7.541323173392827428e+00 5.202871533819545924e+00 2.869160296814312971e+01 -2.804389541757313253e+01 3.214645809856093450e+01 6.336822296479184047e+00 1.427519944666104479e+01 -4.855294809875145390e+00
-7.732576647066690612e+01 -1.481053215139951007e+01 5.805659447849038202e+01 -2.323532464369785799e+01 5.880627970549574535e-01 1.803145808097284686e+01 2.865483893626353762e+01 -3.117869800928865942e+01 3.453433217404231925e+01 1.832517630194184566e+00 1.437994592318038833e+00 -1.416256462113225112e+01
-9.835703904855500923e+01 -4.964411627403968197e+01 7.580671560396042707e+01 -1.854718283487262198e+01 -1.974953751615381492e+01 1.848079850627736320e+01 2.154967744658369710e+01 -3.324851738885620023e+01 3.207461341452341230e+01 9.684565201777633803e+00 -4.783417457653284188e+00 -1.616009012590757976e+01
-1.006882336338535424e+02 -7.478182277388319221e+01 6.752288368974966204e+01 -3.059215467989585946e+01 -2.709431380340132733e+01 1.833861368336269493e+01 2.050121404319027008e+01 -2.294378427937135712e+01 1.334964931411478872e+01 1.328565815025847563e+01 -6.903384878921849932e+00 -8.857708777037448300e+00
-1.038439961833205558e+02 -6.503614490867133213e+01 8.054194240477201561e+01 -3.651966993115064497e+01 -1.689428839907888147e+01 1.845816274619313901e+01 7.520191052847398083e+00 -3.532240159976727512e+01 1.437727158686884010e+01 9.560174855426126328e+00 -1.408550505285345977e+01 -2.538416867407167032e+01
-1.510089242018358959e+02 -6.209950788090567642e+01 8.204981151439744735e+01 -6.998485305221823438e+00 -1.514682756556946686e+01 4.026278929407006046e+01 1.287310690147878312e+01 -2.093186117085396347e+01 1.620230061774352492e+01 2.512652487626641928e+01 -1.479284321121546952e+01 3.551483597818501092e+00
-1.458420446208269539e+02 -4.844360862470063012e+01 9.222332713664592063e+01 -2.650237111801429535e+01 -8.619957484020885019e+00 3.808335934855765004e+01 5.902586474643317871e+00 -8.546599780934906576e+00 1.692129589478711438e+01 6.665995691954590185e+00 -1.736921142861314493e+01 -2.441853438534293375e+00
-8.771024267785045936e+01 -5.521613416695333854e+01 7.331284347760249887e+01 -2.447577686353992021e+01 -1.281925666423238930e+01 2.502457225883622627e+01 5.081194718100300989e+00 -1.761928248822077947e+01 1.190993158703829558e+01 1.067870447729288941e+01 -1.313720373554565590e+01 3.548446371810201061e+00
-1.228660142080647830e+02 -4.743429388369956001e+01 7.291709773476631540e+01 -4.941548331989377374e+01 -2.542080241468420265e+00 3.008070818429656867e+01 6.021192731120791564e+00 -1.544436825676696579e+01 9.277080757398772803e+00 3.335967777392612632e+00 -1.285433953282142738e+01 3.851622764076477079e+00
-1.272636877988191344e+02 -6.591924604008302424e+01 1.054825447243951260e+02 -6.085731618766456563e+01 -1.283798683146571484e+01 2.304335414369319679e+01 6.814068851629990320e+00 -3.371909553002603133e+01 3.322891840053425483e+01 -1.222335756884471270e+00 -1.685359446579965947e+01 -3.728365401855916472e-01
-1.197127249961062319e+02 -7.214287727983892751e+01 8.239719308682924748e+01 -5.462866258647034101e+01 -5.678242950068032258e+00 2.098027766476528200e+01 -4.291400378933587056e+00 -2.445429989902346080e+01 6.423003488829444052e+00 5.441238330320914418e-01 -1.832991808276538492e+01 -7.082191268314781851e+00
-5.688957190432986977e+01 -6.902340360580883782e+01 7.324011178476629880e+01 -3.514535804798598662e+01 -1.189637418007268010e+01 1.534269419066686169e+01 9.178651540257629193e+00 -2.934599188804955361e+01 1.753716101209745659e+01 6.961639259617564690e+00 -2.210087979183547802e+01 5.943348552524835071e+00
-1.497859063009188390e+02 -7.782269773260773604e+01 7.562491986092686602e+01 -1.287827776946640057e+01 -2.060728936160787583e+01 2.839995023453057854e+01 1.292680680890139655e+01 -3.349360150064629238e+01 1.306791019665086750e+01 1.728731991528147205e+01 -5.506014369132270048e+00 4.080664339679080044e+00
-9.601110548828995661e+01 -4.798860285660114045e+01 6.438420030230631141e+01 -2.629030049960095283e+01 -3.405163762698803964e+01 4.820312578937160808e+00 -1.330166662456717397e+01 -5.122631694010642889e+01 -1.195842972553782069e+01 -1.772628310971022358e+01 -2.124757715803720615e+01 -1.951767165236455526e+01
-1.032785679192107295e+02 -2.209800595639659448e+01 5.977965543123011116e+01 -2.336770714444902808e+01 2.559912772640866141e+00 2.691371443749196146e+01 1.085858671703575773e+01 -2.899167488365760192e+01 2.317214725905116524e+01 -1.415689662863586662e+01 -1.890651779008097932e+01 -5.849762326988715344e+00
-9.257393583660280001e+01 -1.889914818820722786e+01 7.421338147244897243e+01 -3.308601336504187884e+01 1.082817758224874716e+01 2.691771399604277093e+01 2.596110460385053642e+01 -3.101969037790128780e+01 3.440804976273975768e+01 -9.084872130892959419e+00 -1.078513174326550939e+01 -5.091505131663669026e+00
-8.743284040938473822e+01 -1.769555399625493664e+01 7.586470557771002632e+01 -3.172610457318845789e+01 3.036225182082147978e+00 1.364684157741293546e+01 2.424248374196206157e+01 -2.973126188603094988e+01 4.147921167103100970e+01 2.901117037971900903e+00 4.443868472566385286e+00 -8.379237068522346732e+00
-1.072677177988006747e+02 -2.683142618266565194e+01 7.441125320466946391e+01 -2.324400970031449987e+01 1.974038700544203806e+01 3.816581855470131757e+01 3.709650238848191606e+01 -2.597974829943382247e+01 3.246849630253414176e+01 -2.537206502068020786e+00 -5.548379956940469704e+00 -2.497957573941063547e+00
-9.213056434064365874e+01 -3.969574225822051261e+01 4.136493381655274959e+01 -3.428424417073507158e+01 9.377811479143217666e-01 -2.579499468572140852e+00 1.775020398142249789e+01 -3.941576891232679714e+01 2.775720191463515008e+01 -2.286775044220470399e+00 4.830565223254318141e+00 -5.659999081748045668e+00
-8.268099250495191654e+01 -1.083957829548655738e+01 4.093473065120521426e+01 -3.275322685536239931e+01 6.248174136974350645e+00 -3.868361152313772422e+00 1.694581246901414673e+01 -3.491414502369872963e+01 2.043254099159618420e+01 -2.250617151644753022e+01 -8.174164234981224908e+00 -1.408292624312124808e+01
-8.924478633724689303e+01 -8.200911773882832989e+00 4.875777038748071135e+01 -3.018672219692232517e+01 2.252701529470424902e+01 1.525260617338336999e+01 1.869460175023934312e+01 -2.710809976250000730e+01 3.096266403268707990e+01 -8.455114111888539341e+00 -6.736678333697978083e+00 -1.230853240993222997e+01
-8.474189345629272907e+01 -1.452026056679689781e+01 3.753598780873325325e+01 -2.292837666396957630e+01 1.591727451507537516e+01 1.094396667338905260e+01 3.451957615391326328e+01 -1.731258669176139975e+01 4.346640894813443623e+01 7.239200230819493598e+00 1.233197135689126611e+01 -4.730402228601468195e+00
-8.944936164908114051e+01 -3.723787400751168875e+00 4.905446652397412777e+01 -2.327780563528667201e+01 3.528509323341736348e+01 2.206752004546198265e+01 2.821123009267274995e+01 -3.072508438978403689e+01 1.789832147768580484e+01 -1.620920487682460021e+01 2.775739169505389015e+00 -1.166109832466190710e+01
-9.074242690106365217e+01 1.725022963976239510e+01 3.967376337447710455e+01 -1.899503010126350944e+01 2.205482931575056682e+01 2.596831735870394908e+01 2.078353816723370429e+01 -2.347496238921866407e+01 1.831899140873191456e+01 -1.929351684242762266e+00 -7.170379618871059790e+00 -1.242830114410128317e+01
-7.957474029377250702e+01 -3.653875037546066018e-01 3.253235650687491187e+01 -2.499553741112736205e+01 1.823921668186175538e+01 5.702431693329970130e+00 2.357770606550217352e+01 -2.620949525044350992e+01 2.479847457101464769e+01 -7.155998784406345514e+00 5.033236452290919871e+00 -2.604867378706646974e+00
-4.877123435806301188e+01 -2.915549464785133793e+01 4.320812089722185778e-01 -4.550131790911250818e+01 1.066696950460641524e+01 -9.267635281143011383e+00 1.043783005453916957e+01 -4.892026507302890082e+01 2.169525549462131941e+00 -1.975821487126036047e+01 2.535258325324166506e+00 -2.082906060619702515e+01
-4.426720650147532155e+01 -9.317921656785244977e+00 9.755509854498560784e+00 -4.887394463124893207e+01 1.182939704272924075e+01 -6.731518452225546678e-01 2.807621957016716507e+01 -3.118985675597679830e+01 3.017732578878582039e+00 -1.725448899787141954e+01 1.987092325643188051e+00 -1.519404094266784355e+01
1.705301672766732501e-01 2.640814050164678051e+01 4.311354936860486475e+01 -2.422123663887103007e+01 1.531161999878143831e+01 -1.729568062664498740e+01 5.836570438169104591e+00 -2.666795236850694550e+01 1.108960393375429554e+01 -1.922186802435944486e+01 2.134627165764180212e-01 -2.106848453878490091e+01
1.127147512835146586e+02 4.037058698201255424e+01 -7.003830778233824716e+00 -3.640918501492559045e+01 -1.662362687099554392e+01 -4.036558942096723968e+01 -3.325216446239476209e+00 -3.102083498066481582e+01 -7.278489014687188785e+00 -3.482697168131442922e+00 -5.643874772273652418e+00 -2.460419317481822432e+01
9.204759645911789789e+01 2.885121414852635979e+01 -1.733464238458468998e+01 -3.457503685848942609e+01 -1.866340248856834449e+01 -2.608345302010075528e+01 -9.168248763874341734e+00 -1.975827028675290009e+01 -6.392771850074680628e+00 -2.375612589256614271e+01 -1.894514559196791481e+01 -2.830015079480556039e+01
1.192777858271854825e+02 4.878214293218926656e+01 2.282864751663318259e+00 -2.332790137426657040e+01 -6.781926156913211656e-01 -2.721635211347654604e+01 1.425100337859717214e+01 -1.385224980487567592e+01 1.304030829558110760e+01 2.101384218402504001e+00 4.953568579750477596e+00 -2.656441310359643282e+01
8.645645555057278386e+01 1.914948789189224954e+01 -1.537063860811249327e+01 -1.403846836605779735e+01 -5.617135418974121386e+00 -1.512761800182282279e+01 1.277888799062872005e+00 -5.488715566579621452e+00 -1.092797068388982851e+01 -1.626669697828183558e+01 -6.525225446546909502e+00 -7.193775157997636782e+00
1.202581569993346307e+02 4.811116786961152059e+01 5.168154539713571083e+00 -3.456844201697187913e+01 -6.557785173469754980e+00 -4.216273802356842282e+01 1.346856917423288280e+01 -1.624913555799076192e+01 7.368365882163093517e+00 -1.160598221058635637e+00 3.520050731192981841e-01 -3.908695118313237771e+01
1.050750325011514121e+02 4.276865022456789944e+01 -1.051788814344285505e+00 -3.395027272275067531e+01 -1.134516177664086278e+01 -4.440707850456041683e+01 3.487854603253726093e+00 -7.904627810004519972e+00 -9.914824093216457968e+00 -1.507945800158757166e+01 -1.668394615840725237e+00 -3.837858252734147158e+01
9.812312923349877281e+01 6.122761771601462044e+01 1.049917778760150355e+01 -2.092413240644125239e+01 -2.791304577638892503e+00 -3.629588915410938910e+01 5.433259847463883574e+00 1.772492316150281688e+00 2.498168038256398216e+00 -9.072562677788619467e+00 2.222257953489602755e+00 -1.711009379591143897e+01
9.312220092435697438e+01 5.533954879148150496e+01 1.391331432133158330e+01 -1.662641197553260852e+01 -1.220883389922693851e+01 -2.654107583683965288e+01 7.556081443100800321e+00 -3.709665930261827782e+00 4.151058501981694349e+00 -7.290521393910635695e+00 2.235431924554562855e+00 -1.581326084505680285e+01
1.144868444583939606e+02 6.440556055848617234e+01 7.371544745303773460e+00 -1.986469354680188459e+01 -2.670124028545746597e+00 -2.746225767098400183e+01 1.807950123578437029e+01 -7.740431597816938236e+00 -1.498051651173387455e+00 -2.023491603019207385e+00 2.163077407991783829e+00 -2.958971505597460805e+01
9.822040181433180805e+01 4.180776559694974992e+01 6.809274197518358385e+00 -1.869456043074233165e+01 -9.436549229455751586e+00 -3.427188440490639465e+01 5.592108122310168739e+00 -1.367461937928318250e+01 -9.613131071206067801e+00 -1.182575269286311581e+01 -1.753384612140798771e+00 -2.081708183693215375e+01
8.667649867256180585e+01 4.283464117514336067e+01 -1.071941912084374238e+01 -2.682154940898136886e+01 -2.266233021783356705e+01 -5.218829019812291392e+01 -4.446320296611451006e+00 -1.971325411099218172e+01 -2.100815021885623679e+01 -2.826134069973951668e+01 -1.307569409825240747e+01 -4.330751309597741283e+01
1.121668286002357604e+02 5.835128399534508503e+01 1.537871576507458293e+01 -1.105544832121161392e+01 -1.000487633443312152e+00 -4.384681188724244549e+01 1.813357443768815003e+01 -6.625597706605813819e+00 8.080911422964991431e+00 -1.379876324216091632e+01 1.393771902472234103e+01 -3.339058973259581364e+01
9.010993422224737515e+01 4.866768395744158937e+01 1.277097374363150450e+01 -9.989287071248075023e+00 -1.589915129629630286e+01 -3.322525736115002815e+01 6.065265868760207013e+00 -2.703334311672564549e+00 5.575282059459099493e+00 -9.933570771032648850e+00 2.890602558529878685e+00 -2.627637856451391229e+01
1.081803573428863956e+02 6.996803118818445455e+01 -7.300821745334280521e-01 -1.832696119515391686e+01 4.984683961666637408e+00 -2.755620741421666509e+01 1.897034554413944463e+01 1.029466351239675781e+00 3.510950112835674375e+00 -1.593564858826099950e+01 2.652873764916301447e-01 -2.670507754524305355e+01
9.975658989081077266e+01 5.484538008228889083e+01 9.728442708623020962e+00 -2.328815260208478932e+01 3.051504960179090897e+00 -3.978649064389745149e+01 1.259062481513322496e+01 -5.359551026205434887e+00 8.371605868132043327e+00 -2.338599079141596349e+01 6.755217806265115144e+00 -2.655037651263441134e+01
9.467291133054878571e+01 4.431443277500222422e+01 4.013332532815755194e+00 -2.512259171733982299e+01 5.768024968880709480e+00 -3.490889963526570483e+01 1.972915710848659643e+01 -2.047555692110779901e+01 -1.022011846439088156e+00 -3.163919094305411051e+01 -8.621176187841792071e+00 -4.093845330159851414e+01
8.158008477250709234e+01 5.398041412333075328e+01 3.631979332802921068e+00 -8.197774607535428970e+00 1.789631224891405359e-02 -2.664354639433569005e+01 9.768859201256397284e+00 -3.695883403801692779e+00 4.972380546391520717e+00 -1.396979098270136355e+01 -6.298813502888352289e+00 -2.750344960955885654e+01
9.262002083936670260e+01 6.308513281960337338e+01 9.046429996124688344e+00 -2.585602543299251721e+01 1.344933087758949242e+01 -3.369750781314279919e+01 2.880414797904555257e+01 -3.852285533071250434e+00 1.221335007538230855e+01 -2.715375734847618361e+01 6.369907427513401998e+00 -3.378186356206919072e+01
5.578379502035009807e+01 2.611649648613355623e+01 -1.374869293982814611e+01 -1.500709772173757450e+01 -1.269736478624533760e+00 -2.614319291723260363e+01 -6.958227470746881416e+00 -2.821670463621855163e+01 -1.541202312181109058e+01 -3.048522505490756629e+01 -1.328786385954569127e+01 -3.067580806434802199e+01
6.796629585886584834e+01 6.233405994779171522e+01 1.286746780003021229e+01 -1.445824095711104107e+01 2.155155948348424033e+01 -6.701703601203520044e+00 1.920977644243299665e+01 -1.080531339591467344e+01 1.492617910447993745e+00 -1.736164334131668596e+01 -6.428329318780614976e+00 -2.556481809466924204e+01
5.502159712745486786e+01 4.901045202923661748e+01 1.145085491252560672e+01 -3.792163583572011554e+00 2.585885317321162091e+01 -1.190127060483058941e+01 1.856136125241283708e+01 -1.898629320429343181e+01 -1.123779544311512879e+01 -1.353034016436646958e+01 -1.187423836842734115e+00 -1.271188191397672362e+01
5.141715493718226071e+01 1.986150013094531630e+01 1.985286171432980362e+00 -2.262404660327100103e+01 2.830262702052919366e+01 -1.767157094579524212e+01 9.168103980872475134e+00 -3.381086775506038578e+01 -1.589917330692958686e+01 -1.939202336343360855e+01 8.239431118460505132e+00 -1.924041966085457034e+01
1.589819152838505367e+01 1.316913328953751128e+00 1.066520141411368527e+01 -6.805932292702514985e+00 3.132623783734102929e+01 -1.343068442357076542e+01 9.540880390150698886e+00 -5.374112412435437136e+01 -7.438814365447811383e+00 -1.978004714283128607e+01 2.966813429432582527e+00 -3.790667067692045578e+01
-1.972332324555013727e+01 -2.103112710622052361e+01 2.058748419100245997e+01 1.500770551502652062e+01 2.630197374919465858e+01 -9.378085351061816510e+00 1.406574522149960416e+01 -3.091454269681437594e+01 1.143672897724681725e+01 5.206349165695293379e+00 1.125294222916586584e+01 -2.831559814580763046e+01
-2.422608713194406960e+01 -4.422740664259195853e+01 3.198092984292419061e+01 -4.608052118200015812e+00 -2.128812106463336740e+00 -1.296757821766898822e+01 4.901287637978313683e+00 -5.380083542227951909e+01 2.562929820048559293e+00 -1.298808562804710753e+01 -2.312224464655268719e+01 -3.733055386452608815e+01
-1.140182125641058875e+01 -4.844324544821528633e+01 5.861995614212957406e+01 2.907902623836619682e+01 4.971962143983317262e+00 5.806751105047757378e+00 2.835686157272621521e+00 -5.124738442492407131e+01 9.754602312876704318e+00 2.302627570107662613e+00 -4.310808582051188331e+00 -2.450742113193087590e+01
-3.841208802728658611e+01 -4.482487597539417834e+01 7.340796178392287175e+01 4.081232274193725118e+01 4.260232484140029641e+00 2.035506886553048744e+01 -2.479991726982877509e-03 -3.799488156690696172e+01 5.365592425178785874e+00 1.238366478689499672e+01 -1.476452929369222122e+00 -1.226860817339701981e+01
-2.915713140472981735e+01 -7.277325402752924788e+01 5.227990292706051179e+01 1.316319301079580484e+01 9.740954741711158604e+00 1.255559289427209890e+01 -5.458243356778532451e+00 -4.929759455526947676e+01 8.486720680950174511e+00 5.310522487585208395e+00 -4.326959563348665938e+00 -2.234384592727840868e+01
-3.960529165042375155e+01 -1.029582351397817348e+02 5.694855750575489850e+01 1.217763477280254847e+01 -5.882223266725634225e+00 -1.656813728964324639e+01 -1.331493841575359127e+01 -4.938711185565483675e+01 -1.583272433932101597e+00 -8.334751119453224888e+00 -1.241860185565219510e+01 -1.413941921554394909e+01
-6.246876696943958507e+01 -7.998763242879599034e+01 4.750438002699861784e+01 1.073664687165180354e+01 -7.541190996290960236e+00 9.454129464306365804e+00 -1.479397864088848635e+01 -3.383942647296240125e+01 7.177371888954090728e+00 4.282743505909257564e+00 -1.657477812776652826e+01 -2.419651905504122169e+01
-6.563489767064267255e+01 -8.857919543679125240e+01 6.806934747666240071e+01 2.863611286077249929e+01 8.590633688951051283e+00 8.900217742014593370e+00 1.089059591900203294e-01 -3.822147004789593439e+01 2.500254980738277411e+01 1.260841783768032087e+01 -1.006558849802945232e+01 -1.966791385383898927e+01
-7.003239553480145219e+01 -1.053364228506133884e+02 4.898200521299848020e+01 1.091190269357662146e+01 -6.594298619767284819e+00 -8.393965610784924536e+00 -1.569289269104983120e+01 -4.319868875694287169e+01 -1.137071828041464672e+00 -5.370250816517430081e+00 -1.989190719313138089e+01 -2.127831161802929216e+01
-8.145502282188004983e+01 -1.046470021782809852e+02 4.552955365876124461e+01 4.581145820528690571e+00 -1.595307000308661571e+01 -3.139873711815677648e+00 -2.628057838605314167e+00 -3.245297971777762314e+01 1.160409855979916749e+01 8.716262722320372802e+00 -1.622305390311679218e+01 -1.612130369114962036e+01
-5.948161869008340119e+01 -1.102336601183507412e+02 5.045206494985427526e+01 1.355201153335662845e+01 -9.304767826093140570e+00 -2.984635481390987444e+00 1.381954914574245130e+00 -2.309110546476505021e+01 5.490535855404429455e+00 6.914234349568507909e+00 -5.789065347951705576e+00 -7.765971841888354987e+00
-8.864854228919392654e+01 -1.253690233211622171e+02 8.250800928767486653e+01 3.192278903586225347e+00 1.294339685063048506e+01 -1.714857145263339433e+01 1.472318875316566711e+01 -2.425966276433429414e+01 4.154238079564436248e+01 2.408302923332544765e+01 1.673898979496353689e+01 -1.469370211803386184e+01
-8.259280850292206821e+01 -9.804150641963664725e+01 5.755272568430766000e+01 -5.875036994840100668e+00 -2.320629199390655728e+01 7.607424429488174766e+00 1.130907415180042541e+01 -1.902846198550417967e+01 9.879630616430197243e-01 1.435854059491200196e+01 -2.536667062363735070e+00 -5.158574814620949134e+00
-9.266147432192838096e+01 -1.012365416498662398e+02 8.064341538351948202e+01 1.349578924202366537e+01 7.468559502239680015e-03 -1.953197608982657263e+00 1.615664709331186799e+01 -2.713499223382141068e+01 1.500333331512552348e+01 1.984456613139643366e+01 -2.362490103261385865e+00 -1.810529288810208470e+01
-1.338497831149690001e+02 -1.198086152968023441e+02 6.074827960944524818e+01 -1.644686435680259606e+01 -2.798995620875523826e+01 -8.299487657960234799e+00 6.506673530697557162e+00 -3.145188651607861985e+01 7.005212036672659792e+00 3.229034219854371557e+00 -8.038645868978495201e+00 -3.648463665120465294e+01
-1.127577651144949584e+02 -8.270435049100034064e+01 5.718234501172583606e+01 -6.504397283849966627e+00 -2.365689515677329879e+01 3.214282552059797737e+00 8.087131715457202219e+00 -2.504918756801102120e+01 1.156145738905930642e+01 5.772140164967378695e+00 -7.979405841456477688e+00 -6.564309006433693305e+00
-8.426581409492519015e+01 -6.203686420801476231e+01 5.257707711871377398e+01 -8.022337688908470099e+00 -9.406179710941946936e+00 1.065509669674309201e+01 1.637010716361070450e+01 -2.300239479323369807e+01 1.673095735183201782e+01 3.529867547788048121e+00 -4.706466199879981716e-01 -4.003465449201615733e+00
-7.344292849820125468e+01 -4.455200676543869065e+01 6.374718582893348184e+01 -6.961232387876229666e+00 1.135571811723415614e+01 -1.926041909306078992e+00 3.691960662242765068e+01 -2.375069898564940019e+01 2.746670410727804068e+01 8.167310348625285599e+00 8.917008093461085139e+00 -1.061761612887461226e+01
-7.292812049102511196e+01 -3.195561938001403490e+01 5.019716463316400734e+01 -1.702561022231314425e+01 -3.610465902740125355e+00 1.827720685049453397e+00 3.867641887070043083e+01 -2.379927849824920116e+01 3.175557556297054873e+01 2.581371726807179190e+00 6.403274977353113684e+00 -1.123894669393831336e+01
-8.740935234288346578e+01 -3.378065470757275079e+01 4.164078002656117405e+01 -1.164222887613995638e+01 4.390808531444448271e+00 -4.638444357406030782e+00 3.624481845610810637e+01 -3.241659689999384142e+01 4.088943887217633133e+00 -2.708038940000895067e+00 2.356059876614978510e+00 -1.866723399722069843e+01
-8.120364456372325890e+01 -4.391636252276691721e+01 4.906594753683501153e+01 -1.406794489976208773e+01 -2.485328604353709281e+00 -8.395372282550876974e+00 1.459983521271549023e+01 -4.353460486582478950e+01 4.275556257059851539e+00 -1.321144187115930180e+00 8.261812436662463455e-02 -1.750989914502845224e+01
-1.062786156282442676e+02 -4.412936387263874849e+01 6.288223324854086371e+01 1.203119822543191120e+01 1.195045448456455439e+00 2.601191856936915059e+01 2.177405632281151782e+01 -3.267788166706868225e+01 2.768348555718379345e+00 1.076956053029939753e+01 -1.965694263405388220e+00 -7.285049777131204607e+00
-9.637158929883844394e+01 -6.151785629511214637e+01 7.659676214700141372e+01 -1.207853576777766591e+01 -5.544654105467469840e+00 8.239504817426887229e+00 3.858723866830489158e+01 -5.628332907781843630e+01 9.886060716119310143e+00 1.711896766780508283e+00 8.609507547662520466e+00 -1.109457877286672556e+01
-4.540128052811889603e+01 -8.639150950461899470e+01 6.082714179343429350e+01 -1.846285797775162152e+01 -2.197742609737344921e+01 -1.440718026714702615e+00 2.458468880492775810e+01 -4.163941223152015425e+01 1.472322642310797214e+01 -4.604023538033241714e-01 5.688124530107895538e+00 -1.769377668255177127e+01
-1.147756417326678786e+02 -1.023754692244788771e+02 6.867536558241732791e+01 -1.060450053615232058e+01 -2.373862457803998893e+01 6.190379096140810944e+00 1.955411979270272838e+01 -3.773473777781489247e+01 1.341440158454993004e+01 1.616485850503286059e+01 9.032553013140635301e+00 -9.725543433313003305e+00
-1.137503342770194052e+02 -9.008543682821597542e+01 5.722600257382859468e+01 2.654196287028304901e+00 -2.905544704296443115e+01 1.591455301271036760e+01 9.720920974827755856e+00 -3.024755919240356761e+01 3.421009326142760099e+00 1.007685279011410273e+01 -3.786423751603892995e+00 -1.716424008103044230e+01
-8.805157617987423180e+01 -9.729256079637875132e+01 5.853415358826144654e+01 -1.472280750504252111e+01 -2.360313495230877123e+01 -1.065561958947707666e+01 2.836980279362342205e+00 -4.491827094666618336e+01 2.456927230692491637e+00 -4.929679732444006035e+00 -1.175280627948997747e+01 -2.830593692286116081e+01
-1.119565262226070104e+02 -1.096620849375167950e+02 5.617196747404031498e+01 -8.803072917639113371e+00 -2.552996520502487954e+01 1.152607390897616924e+01 1.297030444664406623e+01 -4.393979541729666494e+01 -6.128654995864799560e-01 1.166575627622942335e+01 -4.134657096495502060e+00 -2.746059829729976087e+01
-8.028283218044582270e+01 -9.196653160843814589e+01 4.237089799489693576e+01 8.064200347216772258e+00 -1.688435300881420886e+01 5.275689715971088489e+00 1.062344852784908866e+01 -2.254622783631871741e+01 1.796894726654393182e+01 2.407383796786853480e+01 2.704282035278327889e+00 -3.013568807567565511e+00
-9.906824116866515340e+01 -9.067635142894907574e+01 4.121046129881541731e+01 1.088711218403966541e+01 -1.685960908009897352e+01 1.353164143344881154e+01 6.935411992665475367e+00 -2.584589492570634306e+01 1.463372017126510727e+01 1.208688067654579612e+01 -1.002533475573351396e+01 -1.766145157041711755e+01
-9.762454957696152746e+01 -1.026452214900749311e+02 3.160433722111520183e+01 2.980223618577553246e+00 -1.191355827445210380e+01 -1.926724032655668140e+01 2.713902088699753357e+00 -3.342612929831356183e+01 1.962252304047733986e+01 1.457005982283196843e+01 2.031640902249115754e+01 6.823590587868137547e+00
-8.047690419151413721e+01 -7.405174989344558867e+01 4.157219248009850787e+01 1.207016153243847789e+01 -6.777826961051711674e-01 -1.627413318788008922e+01 2.951239708279216778e+00 -3.560661197490141205e+01 1.767863786249206370e+01 7.133516492008579846e+00 1.761120522322199733e+01 -2.031392042939513143e+00
-7.614261974775146768e+01 -9.476573763163671060e+01 3.448406356118177740e+01 9.934077961193715112e+00 7.198745852680712431e+00 -1.673842071499735695e+01 2.252461880244595349e+01 -3.130065716860784164e+01 2.522218055146945304e+01 4.683140191402713981e+00 5.105159772566489451e+00 -1.789041295929967390e+01
-5.995169564800951179e+01 -5.927125522570568705e+01 4.316531931151484969e+01 2.521111325247040291e+00 -2.781491931010572127e+00 -1.894630507722582990e+01 2.279784425101923517e+01 -3.260103996084889388e+01 2.182344780731741452e+01 -5.336135532895873723e-01 2.639556318342585417e+00 -1.264772452347624920e+01
-8.686255242756845973e+01 -4.754661777278877111e+01 1.495586761286330812e+01 -5.457027262695675063e+00 7.189392576756782560e+00 -1.674963976971550750e+01 8.802694096368337995e+00 -3.270999427957478645e+01 1.601900771796917766e+01 5.424536460978615970e+00 6.604548815469980738e+00 -1.731008802945794400e+00
-6.858989691498820207e+01 -1.926057628314706349e+01 1.880517773076019239e+01 -2.009614041481807334e+01 7.862256396786746038e+00 -8.140512743163823117e+00 1.656493073913784997e+01 -2.421452618493027842e+01 1.882277208443225547e+01 1.866585150225011258e+00 8.894976268484342086e+00 7.284022425461166961e+00
-1.016068507216948831e+02 -4.356056205418848037e+01 1.336727226511709610e+01 -1.088041551381841288e+01 2.744712750141901836e+01 -2.101877819027873073e+01 2.218924414737191242e+01 -1.942731853916867379e+01 1.225884079210936228e+01 -1.604524494348835617e+01 1.134254317111146371e+01 -1.673172648870054147e+01
-8.214340356371724283e+01 -2.411990003597870214e+01 1.863768839173226510e+01 -2.264236255040781032e+01 1.460033426503335363e+01 -2.517087480135519328e+01 2.445487391760971718e+01 -1.504508196016503518e+01 1.761329133983356243e+01 -1.147635976368102995e+00 9.509854254740590207e+00 -1.310311937445440122e+01
-7.098700479776842087e+01 -6.488072782084688406e+00 1.217015007332859255e+01 -2.743896051359464039e+01 1.807838062977433680e+01 -1.449293557792072207e+01 2.337921861151287573e+01 -1.278959588509373368e+01 1.783172673324360602e+01 2.367380550752997692e+00 2.758727627640230295e+01 6.100187638313142813e+00
-6.951706347248193651e+01 -7.136535148153823727e+00 2.769438320414833399e+01 -2.750785491062205601e+00 3.111681383263103839e+01 -1.042160754293521485e+01 1.507851429737714710e+01 -1.438988399910781091e+01 1.247118144180815769e+01 -1.197256764772243187e+01 1.014365692079745251e+01 3.097818790632734576e+00
