-1.045220926666826244e+02 2.297970749095215837e+01 -2.951029416205096823e+01 9.755885648595951309e+00 -2.454004224061990413e+01 1.119512313072157639e+01 8.606357270205316823e+00 1.174717294308746052e+00 8.652281707337674987e+00 -9.825609365091763081e+00 2.198622293604950073e+01 2.153000242956968080e+01
-1.296136208539654433e+02 1.934431256521932241e+01 1.462951007760206812e+00 2.947495999711426862e+01 -2.325516572780249902e+01 1.838676646308902818e+01 1.126053425628699500e+01 -4.087361178306007758e+00 1.554865157118474883e+01 -8.499764772700988402e+00 1.597821886163101013e+01 1.048592444582526539e+01
-7.579020408549908439e+01 2.377672863239063616e+01 -2.212709201346421040e+01 1.045328095593425388e+01 -1.938469868858944523e+01 3.319844103382641798e+00 -1.382294331768381745e+01 -1.326921061682907776e+01 -1.470550669591587578e+01 -3.437252889599412242e+01 3.476684372419772906e+00 -5.029385787656852180e+00
-5.688757655147080072e+01 6.054790767956728814e+01 2.647226586172922325e+01 2.849900856064437704e+01 -1.528867994927754381e+01 1.096873130402221364e+01 -3.629667619112441734e+00 -7.624808882232425589e-02 -1.297143043119549866e+00 -2.004021544911225305e+01 3.632976958802854650e+00 -1.629517385066662882e+01
3.876118971771527644e+00 7.758211074359638815e+01 2.616582358352560789e+01 1.617389105190229870e+01 -2.477639646275946461e+01 1.203774532767135419e+01 -5.328008302371830540e-01 -1.403984574304885768e+01 -2.287299884674494166e+01 -1.989746051779516733e+01 -5.674851021084732494e+00 -3.236828309508661050e+01
9.665591052275555484e+00 2.001356662790549379e+01 4.579139257667173979e+01 6.131364174209847917e+00 -3.419753678339704095e+01 1.063693381836289120e+01 -2.564935111893006336e+01 -1.582361862778981099e+01 4.122532314343954063e+00 -9.364749223605500106e+00 8.987667550062649724e+00 -5.807719162169082239e+00
-1.857489117173849991e+01 -1.774291209722654372e+01 6.617147720440496528e+01 4.718397092455790531e-01 -1.752936364667015567e+01 1.340589225518814231e+01 -8.463363163797726685e+00 -2.121362507084472071e+01 2.418945678396623222e+00 -8.099550262532105194e+00 2.063518860739449234e+00 1.384453600912460836e+00
-5.743128784570994583e+01 1.850868656607245910e+01 7.943495352148289612e+01 -1.526292819907842890e+01 -4.198910749204376458e+01 1.966439500979737431e+01 -5.636368635854339004e+00 -3.021188043741438278e+01 1.528943736553325650e+01 -1.598070068951847134e+01 2.355512421229578823e+00 -1.419866523464643215e+01
-6.847042805147748368e+01 -1.075934577976341444e+01 5.757952736558249995e+01 -1.683440802522970614e+01 -1.377088964092200563e+01 -1.718751289207956168e+00 2.445224323102280550e+00 -2.607782006496594818e+01 4.485243011876426600e+00 -1.323944368751626222e+01 -1.765378107551943998e+01 -5.642549605986952876e+00
-9.838180861734781502e+01 1.951580205216865238e+01 8.642037469119489401e+01 -7.792762399842549925e+00 -1.114379122110101683e+01 2.634087420066064311e+01 -5.528259116130359807e+00 -3.277768806939786828e+01 1.389721211547574065e+01 -2.087225254094602178e+01 -1.300533887644715847e+01 1.250148321181140942e-02
-1.216357278688996075e+02 3.164243451805845808e+01 1.059010928664895062e+02 1.091400696938915971e+01 -1.450274387504301288e+01 2.750404906946203099e+01 7.024486239005545585e+00 -5.079234773176990814e+01 -1.547776897208196623e+01 -2.511218876054902438e+01 -4.074127031524858111e+00 -2.898686738561169207e+00
-1.018245545461252419e+02 3.852134992353590803e+01 9.328799516836275529e+01 -2.011780279537987770e+00 -4.127073032732111812e+01 1.863190142166657992e+01 1.045171730723874504e+01 -3.851412682660989617e+01 8.393846031950749520e+00 -1.265638291407056926e+01 3.209608600792781097e+00 -7.217283977526185446e+00
-1.085048277159891370e+02 4.189572913655793229e+01 1.020601841473968818e+02 7.591076839252225206e+00 -2.693688202478958971e+01 2.596098038916633755e+01 -6.861043199431818174e+00 -3.301310375213374471e+01 6.863014296085898636e+00 -1.984755222116326934e+01 1.034723089074186220e+01 1.427048390451957527e+00
-8.375200751834955781e+01 5.641944682906427033e+01 6.673410347185830460e+01 -8.326616796275178700e+00 -3.783068889900343379e+01 3.639588419805761532e+01 -7.307763936545670802e+00 -3.264790420954163608e+01 1.571489880256346261e+01 -1.868328980507898507e+01 -1.413313988264227561e+01 -4.202602672385799210e+00
-4.585871231641662860e+01 3.161597219767840272e+01 6.623174600960692260e+01 -6.809797019210391156e+00 -3.944138584524702651e+01 2.320136314686126866e+01 -1.610333852332103532e+01 -3.934909629811494369e+01 7.849030120915401199e+00 -1.843051110166215167e+01 -4.598416549354628735e+00 -5.251326774004185793e+00
6.151789037362379808e+00 4.893980186781693931e+01 5.603736701735694226e+01 -6.682712759829549931e+00 -3.411666839806723317e+01 2.929005493839390084e+01 -1.972554239685864985e+01 -4.491207339784988051e+01 -1.333378061321624397e+00 -2.207101599429604732e+01 6.430574436850182707e-01 -6.130629086379133952e+00
2.346572688723821898e+01 6.272534512318646449e+01 5.861176004166574671e+01 -1.153652018605124141e+01 -3.248147228198605774e+01 2.109517571228897737e+01 -2.299365177839337093e+01 -3.546398866387742999e+01 -1.370895062021974553e+01 -1.230491661534236236e+01 9.379236271977404726e+00 -4.411725387399890508e+00
3.305118307381712839e+01 6.328470982518210519e+01 3.137797310216590674e+01 2.378517052979083335e+00 -3.420095441424687976e+01 7.641085655468740079e+00 -1.588572567895607435e+01 -3.354364259571395479e+01 -1.229892383002167833e+01 -1.900226629082020935e+01 1.624251349715619241e+01 -1.744157614883379992e+01
4.848392380006858815e+01 4.728467109190044937e+01 1.191845615125737368e+01 5.981594955656987622e+00 -2.472338267343622675e+01 1.591519435227806234e+01 -1.710496430407343382e+01 -3.152140074388964308e+01 -2.120782335507303173e+01 -2.032740865391920693e+01 1.929548810078581056e+01 -1.392585097920196802e+01
4.865614422234445868e+01 5.103319090334011321e+01 1.435243991379028472e+01 1.321140268459759604e+01 -1.191237851144191318e+01 1.133506588007728766e+01 -3.596972424191834961e+01 -2.295398341419315003e+01 -9.566897968344791892e+00 -2.601669603724601032e+01 1.317650995284717830e+01 -3.894709529784607938e-01
-1.279155229685429607e+00 5.204018061769302150e+00 2.760172601296072514e+01 3.261917572345791427e+01 -1.126507041044380486e+01 1.572962817664226343e+01 -2.872722896932592107e+01 -3.031488247875902431e+01 -1.042889405003686321e+00 -1.357808453492463663e+01 2.561550032195668347e+00 -4.037137238885028978e+01
-2.925474011844515587e+01 1.442677715360728108e+01 1.962539432685314722e+01 2.850221389508393344e+01 7.105144286046242819e+00 1.137852465307637928e+01 -1.785618197922300965e+01 -1.762854230473224248e+01 3.115688811053489715e+00 -2.488355749931475458e+01 8.372951319800918668e+00 -8.950815076575341367e-01
3.305927062014618656e+01 4.074393096159066197e+00 9.297988177159503209e+00 3.016018417075214231e+01 -1.286475627794091636e+00 1.582046297657765344e+01 -2.535291901248333346e+01 -2.890689297207801900e+01 -2.694978372625128848e+00 -1.631908259581783582e+01 1.092579315082249813e+01 1.078306156914755398e+01
7.117332420248951053e+01 6.068356473048845601e+01 -3.273085296993375692e+00 7.447923628777115113e+00 -6.455055223743454640e+00 6.358150173109040182e+00 -3.457510290204943715e+01 -2.079031537274731001e+00 -6.684804239797892400e+00 -1.660543282370636575e+01 1.075435441877461074e+01 6.779337664157504051e+00
8.827586037918172224e+01 5.806619243470360203e+01 -6.670992998919990313e+00 2.674699285677947458e+00 -1.177626690100894535e+01 -3.996121089566660345e+00 -2.335144986494729835e+01 2.144882739726801990e+00 -4.070217744614615718e+00 -1.733079666461448554e+01 9.307297666354472199e+00 -4.962742355091353197e+00
8.705601351620799733e+01 5.939131368879381512e+01 -1.384372973919955285e+00 7.960522411678628840e-01 -2.064323709291635822e+01 -9.799778082944904156e+00 -1.975244279407524672e+01 -2.499276927221608879e+00 -3.220203630603560185e+00 -1.470821880255582315e+01 7.159294462160403327e+00 7.020248887710001107e-02
7.793863412724695650e+01 4.325271009082190687e+01 -7.550866121757200844e+00 1.041089997863125394e+00 -2.313857836914825228e+01 -1.506778951933193689e+01 -1.890284906688810196e+01 -9.759657813465974385e+00 -6.729780942364984142e+00 -1.172769566824948662e+01 1.000010873012593837e+00 -7.502813140966632766e+00
8.342161815397646762e+01 5.823471768154303874e+01 -1.267163096302213710e+01 -3.324520103875090893e+00 -3.613702973401325380e+01 -1.718826557196705807e+01 -2.598387857947932034e+01 -6.263185112774015018e+00 1.453959700002863675e+00 -1.438371421773672942e+01 -4.144436788477102063e+00 -1.984979896407314826e+01
7.497136265186128412e+01 7.769403202081096538e+01 4.869274252277482340e-01 -3.825856099565036583e+00 -4.072813029760834524e+01 -4.557401027282208084e+00 -2.453166046613693396e+01 -5.591585618790380074e+00 4.961524942438317431e+00 -2.288307473687371640e+01 -4.270685067489959685e+00 -1.865560870958553963e+01
5.703967476000671866e+01 8.178752257575914086e+01 -9.893428805870737364e+00 -5.267571200786697050e-01 -3.564298128826751366e+01 -1.646954179199030932e+01 -2.713819375849475790e+01 -1.436269316585903333e+01 -4.521866570269733820e+00 -2.001533118909535958e+01 -3.180785926727928370e+00 -2.147020008234601107e+01
3.424703998207382938e+01 9.147307372758947963e+01 5.428012924121170535e+00 1.605659073797291114e+01 -3.842041381599775463e+01 -6.526032656460191816e+00 -1.193551450962561056e+01 2.771948788133940411e+00 1.921619273272218109e+01 -2.214408333662559958e+00 7.346396343976888232e+00 -7.411090415124936825e+00
1.260183290007653722e+00 6.725641633700955424e+01 -2.064141582403309627e+01 1.538603485477520039e+01 -2.474292630066175747e+01 2.513969047772952159e+00 -1.103741940420264811e+01 -6.950446114202333270e+00 7.299456397000246177e+00 -1.455239211919371911e+01 -1.167187145851730179e+01 -2.689751988987123354e+01
-3.907701544047961306e+01 5.757559602553310185e+01 -1.770096987416210155e+01 1.516015548997050466e+01 -2.955386360836006787e+01 8.205505908563610618e+00 7.326627356797343893e-01 1.555290727939200757e+00 2.896175169637943636e+00 -2.250585733514203568e+01 9.374536423421938380e+00 3.707165005173562733e+00
-1.225952035038416454e+01 5.814482068416639038e+01 -1.366910267961726433e+01 2.270966045179193316e+01 -2.883958255413160288e+01 -1.543964309517534828e-01 -1.001529527820665955e+01 -4.796230740245754021e+00 4.340916854053950225e+00 -1.356802008414772942e+01 8.589701371845375633e+00 -9.148451801306698883e+00
-4.616378881748276797e+01 4.800534002941212464e+01 -1.798487291629699669e+01 1.244769766657400112e+01 -4.663936470445892724e+01 -1.374471537634185836e+01 -1.836705198238313486e+01 -1.753503351006946787e+01 -1.054300407942119477e+01 -2.635501780660088400e+01 -2.268163409343949777e+00 -1.550760631073545781e+01
-6.335091483537367907e+01 4.330227514882721351e+01 -1.812466359004757521e+01 9.398051470257575701e+00 -3.259272778864778530e+01 1.785254325978401058e+00 -2.096450761925825645e+01 -1.326066310183870556e+01 4.130643178809805249e+00 -5.264208089077090591e+00 1.370705679603347349e+01 4.906017027939542530e+00
-6.861802398024902061e+01 4.728168409463845023e+01 -1.939301250999665172e+01 2.288455421556128755e+01 -2.090443526826785003e+01 9.363572671826343452e+00 1.461982910049195006e+01 1.892740815593649018e+01 1.837243499902943711e+01 -1.628649089794918847e+00 1.557421074386192217e+01 5.358101957624194611e+00
-5.169109179864650372e+01 5.010066128767321203e+01 -3.611797355651005681e+00 2.763924965148775215e+01 -3.052110026384877273e+01 7.414613891624411757e+00 1.191070061241395139e+00 -7.372695969063200572e+00 5.911949871473419549e+00 -1.431467129592049048e+01 2.147528900768809201e-01 -1.093479086024206381e+01
-7.451020447189929996e+01 4.070443949569152409e+01 -7.276877196955569005e+00 2.982547622963444667e+01 -3.123182901823721380e+01 -2.801754601281389867e-01 -1.657873149976791893e+01 -1.525938062298801867e+01 2.820648960601173982e+00 -1.848332917087408589e+01 4.407023103196390679e+00 -3.946655824417270253e+00
-8.001268021385669726e+01 3.185842339861335404e+01 -3.416360407603605154e+01 9.559578703353968976e+00 -5.310279217628747972e+01 -1.885748307176448790e+01 -2.759104017878120629e+01 -2.832054022180404473e+01 -2.773779432165109071e+01 -3.918325567193418379e+01 -5.967728131989954221e+00 -7.740798248873893783e+00
-6.917566596680822499e+01 5.285838096682205389e+01 -1.173159660082217393e+01 3.013337045590933982e+01 -2.339548114781015897e+01 1.061350445115455976e+01 -7.868675298284743214e+00 -6.358940063178271096e+00 -6.188500782779737364e+00 -2.479839194079682585e+01 3.295771458392250608e+00 -2.051773174991778248e+00
-9.028549364408850408e+01 2.799287468296255099e+01 3.105502021609736651e+00 3.239506507744819430e+01 -2.628405715708702672e+01 1.300547001471493491e+00 -7.340552768525421712e+00 -1.183678798862805870e+01 2.073165261159589878e+00 -1.335075816929056103e+01 2.164708374113144096e+00 -1.017181971837518617e+01
-5.928832977253114223e+01 -1.689514296640882662e+01 -2.887166492567693510e+01 -1.260521785090431379e+01 -4.300525324366127222e+01 2.649763473849507989e+01 -2.137457876080836172e+01 -1.961611594133252368e+01 1.081902407876081540e+01 -1.108807812141236226e+01 3.153605902549403694e+01 3.270029788389599457e+00
-9.114822197058076370e+01 -3.985948074456918278e+01 -4.136965427117230831e+01 -1.286662223300115748e+01 -3.982284349763045839e+01 1.845765232247072163e+01 -7.315820039221196502e+00 -1.089720258771198758e+01 2.350582873329503997e+00 -7.274092434028203158e+00 1.863604845077539807e+01 2.561869427174300995e+00
-6.041630420113460787e+01 -1.056907188307623713e+01 -1.690616081667318582e+01 -1.285987512411072942e+01 -2.839810728670691731e+01 3.471535890358766352e+01 2.031628053519985322e+00 -7.363382271255405342e+00 2.289729789160209972e+00 -2.242639512300286952e+01 6.018137197107881420e+00 -7.142086624373947146e+00
-8.546529872462775757e+01 -3.833469658098132982e+01 -3.818573998103256173e+01 -2.645669778345044065e+01 -4.471889045063348078e+01 3.017043146222574634e+01 3.221602067577901352e+00 -4.918783772200194804e+00 3.430716924920718114e+00 -1.711903639878424599e+01 2.221004504820053427e+01 1.609943704903933082e+01
-5.591233149402033575e+01 -3.250683838500759748e+01 -3.187760898069424442e+01 -1.826934317852560952e+01 -3.906269174534001820e+01 3.048875245395998235e+01 8.405148903895051760e+00 -1.985568168853654392e+00 3.670904653181032540e+00 -2.140226231403742219e+01 1.136378326788237914e+01 3.267205144252423921e+00
-6.198912097513978381e+01 -3.948971564502940623e+01 -2.970743348858858113e+01 -1.777423522056399818e+01 -4.328772549178447093e+01 1.788547986278754465e+01 -9.370400705514120077e+00 -1.371143742796787279e+01 1.141905650157353946e+01 1.026977823813231439e+00 1.504550572325809910e+01 -5.456809680050671574e+00
-6.086464825878492491e+01 -3.390770284543293656e+01 -2.054443440881242466e+01 -6.662829326668477492e+00 -4.009551606743245600e+01 3.934226142066790999e+01 2.031742667513241951e+00 -6.560860214094215159e-01 9.555279061856623457e+00 -4.700217029302834248e+00 2.556676396568521881e+01 1.736290492911636818e+01
-3.961216287520518620e+01 -1.738974209150481798e+01 -9.670952528314101571e+00 -2.117434453200464617e+01 -4.179197382800448679e+01 4.013224522817576201e+01 -1.836196629393389124e+00 -1.099155120504190108e+01 8.131946904853855074e+00 -5.937470923207736284e+00 1.848492855558157544e+01 1.106005294809705397e+01
-4.429394882691025259e+01 -1.149016384810327196e+01 -4.056794333110242512e+00 -1.396720086177204934e+01 -3.313717625476813566e+01 3.709237817343284149e+01 -2.027740897421157129e+01 -2.236137929188128126e+01 9.194951082565907541e+00 -3.381770634673209486e+01 5.747225926421527298e+00 6.855573931475914762e+00
-7.593093536178250247e+01 7.034116434960507647e+00 -2.906602918519094914e+01 1.841973065345162652e+01 -1.270565631539257012e+01 2.736256997411299352e+01 -8.966942987342764182e-01 9.853875729210146428e-01 -6.097175984106593116e-01 -5.435929520443634644e+00 9.644967109707467401e+00 5.071234187938390647e+00
-7.743968077818396978e+01 1.547394628368263270e+01 -2.205882843214506295e+01 1.462436349777619959e+01 -3.003124001304014001e+01 1.269720146346207734e+01 -1.790333922886049756e+00 -1.626811374845954816e+01 -1.445889871724606657e+01 -2.503245299031804905e+01 3.451908480826335168e+00 2.146681501072690290e-01
-7.742146770887896423e+01 2.024095191329137577e+01 -2.349081578974876550e+01 1.701078174896934314e+01 -2.575809721419627252e+01 1.622665915622289390e+01 -1.930975153194148586e+00 1.087733887742482697e+00 1.656259160995116275e+00 -2.765419795985115314e+01 -1.602808449478181574e+00 -2.861633563168742178e+00
-8.794623945071683124e+01 2.021729174972264076e+01 -2.092188384965130865e+01 3.058468710894128151e+01 8.942802159020216024e+00 4.528759102025971828e+01 2.651565203417839456e+01 1.835309650904081735e+01 1.498177934991928240e+01 1.762943044172055274e+00 2.096553058747233678e+01 1.510527711106883331e+01
-5.520753801333660249e+01 4.413597138409147647e+01 4.215634599151117712e+00 4.729018821803452965e+01 -1.072430470345531717e+01 1.796045109323249278e+01 -5.502645681048240256e+00 -1.030332417685502655e+01 5.619232017567830084e+00 -6.310502909595469667e+00 1.011652042773817328e+01 -4.811857000964591791e+00
-7.855103435804235801e+01 4.095832226770875195e+01 -7.560061475087588079e+00 4.132935940915748319e+01 -7.732214395434375831e+00 2.680947330541354034e+01 1.129035236112526519e+01 8.815424684924852983e-01 1.364362799518541003e+01 -3.789714921443353202e+00 1.865998813413738855e+00 -8.200860241297224462e+00
-8.453275745152048160e+01 3.155785357462361418e+01 -1.730640596774678031e+01 2.843145646088434120e+01 -1.477985303506662262e+01 1.097872056664326124e+01 -8.699729709235613839e+00 -1.318105236052841533e+01 5.503522916888091698e-01 -2.075739485471182633e+01 3.029028820979462466e-01 -1.547249110296354591e+00
-8.051616113592208990e+01 3.983971163256282466e+01 -8.130971848192952933e+00 4.422154973212931139e+01 -7.592476895826516525e+00 2.040752050811993712e+01 1.179798659160389640e+01 8.783865586616821375e+00 1.302272391585069045e+01 -6.202027052118046058e+00 4.718063564938140608e+00 -1.223149617374744125e+01
-9.828523440833984637e+01 2.690171903088904060e+01 -7.685137271530869896e+00 4.668867190498296793e+01 -4.862365991850691849e+00 2.099011212105014224e+01 4.456903274218230848e+00 2.692403920539869766e+00 1.596817317839566286e+01 -9.790619255572442725e+00 9.741376299771417280e+00 1.197987807363861901e+00
-9.448507419912704108e+01 2.931709775522789130e+01 -1.103470708007029089e+01 3.865905847498625292e+01 1.113454157958799762e+00 2.544789213277105233e+01 3.266368793240672641e+00 -8.071823080978745013e-01 2.248478998051680122e+01 -9.463767719654569532e+00 5.761859976078450352e+00 -4.950928429015991838e+00
-8.465600714077815780e+01 2.367285173482997607e+01 -1.739746068452905092e+01 3.886220748421999360e+01 -1.246970878554666129e+01 1.661398567498807566e+01 8.512459848281974217e+00 8.891163082269097018e+00 2.298845616610493536e+01 -4.540939107845138878e+00 9.346893726556722015e+00 7.074707837820289669e+00
-8.688216612834652608e+01 3.423428091310854171e+01 -1.268377125453876353e+01 3.005197720974052089e+01 -1.615656019352726247e+01 1.067021294191890135e+01 2.047700897465542180e+00 -4.965537600448099553e+00 -4.193759066592395168e-01 -1.562162983539235128e+01 1.131336251537482518e+01 -2.167296227217450522e+00
-9.622159657245160247e+01 3.742212461535818591e+01 -7.167964236744770457e-01 3.780630871992674713e+01 -9.770731302146980823e+00 2.100797006056009053e+01 8.824454725151170464e+00 2.099974886817132624e+00 9.693543751472212477e+00 -1.121499807328559761e+01 1.540560940784038380e+01 1.491262155148721735e+00
-9.822773609117238891e+01 2.864191394447947658e+01 -2.212172182009949140e+01 3.611681472407202875e+01 -8.962099503133039491e+00 8.147004669092945406e+00 2.802788740212428742e+00 -5.643538450750692270e+00 5.399075880350348022e+00 -1.118247622586109813e+01 1.763612939685227943e+01 -7.129526987202828181e+00
-1.152313209533938760e+02 1.883332413869248612e+01 -2.374650707071640099e+01 3.317172965730244982e+01 -6.897850301566036180e+00 1.943729712332569193e+01 3.552209146658375616e+00 1.515887712169392554e+00 1.202009378919014537e+01 -8.659266605953696683e+00 1.193773966964523225e+01 8.064970544862941182e+00
-1.352803720274408761e+02 -2.176150935691731014e+00 -1.884796922507704409e+01 3.272564320506438662e+01 -5.362918812516978662e+00 3.128809884494423343e+01 1.656074411491162124e+01 1.805842264720107693e+01 2.553160290816937561e+01 1.916061653328311465e+00 1.384536946408502800e+01 1.787120724496410240e+00
-1.098499665638415195e+02 2.083658718688657885e+01 -2.532979472223902917e+01 2.642163668249011721e+01 -1.528660392318756678e+01 -6.292968001554585911e+00 -7.367326524243893004e+00 -3.799821254872406406e+00 5.374972255915799746e-01 -2.109671039620226551e+01 3.008091544551133367e+00 -7.520798956721009176e+00
