-1.097635565746675042e+02 -7.678564320453844516e+00 -1.220614511581842976e+01 -3.023505564733356632e+00 -8.312131477675496427e+00 -8.855328387202476392e+00 7.669402145326966291e+00 3.204308058154699435e+00 2.035408016838479739e+01 9.034073023699770388e+00 -3.021426914021843935e+00 -3.043097154397477411e+00
-1.291623210445370944e+02 -1.056757076731612521e+01 -7.204450050205853273e+00 2.615599876874181717e+00 4.482383152124608472e+00 1.119681231671361665e+01 2.607671100553160670e+01 1.040190836133226604e+01 4.024504895096054469e+01 2.328298533759469535e+01 8.521673141940144802e+00 1.186863126662362156e+01
-1.145459460643488967e+02 1.181601144416487159e+01 7.083922876774508381e+00 1.618397586980709235e+01 2.833930374798428886e+01 1.602765046054378928e+01 1.598208413855806675e+01 -8.648861815511775575e+00 2.225280290830628616e+01 4.541278600125249199e+00 -3.776621472816588110e+00 1.824721499293070925e+00
-1.284916387415922827e+02 -6.659586537141901630e+00 -1.386086693732094233e+01 5.564072336230809768e+00 5.542093040368243351e+00 5.674021801366002649e+00 6.731319105347914444e+00 1.879120304727859292e+00 2.691939138975178025e+01 -6.550755618675887959e+00 -1.243187607312470710e+01 -3.615512866564492889e+00
-1.169501244999458152e+02 8.415794702724246790e+00 2.615565397322933805e+00 1.344630713817609546e+01 1.514046492263987709e+01 1.241836778811507713e+01 1.760619060079957165e+01 9.439556908585919892e-01 1.923695502565361437e+01 2.557582352378496182e+00 3.320330598746399353e-01 1.776436773441512074e+00
-1.145508225431275093e+02 5.630835492199532055e+00 -1.042865203184657474e+01 4.105845682640453020e+00 4.436715024496358240e+00 1.035114046788528697e+01 1.416454350805641305e+01 3.774781157344242466e-01 1.582640796695818075e+01 -1.727202959591109277e+01 -1.466236477119515769e+01 -8.852378047104391356e+00
-1.087606886652172875e+02 2.042962134541051711e+01 1.094848267958673738e+01 8.022023850109590626e+00 -9.693093089348168157e-01 2.530180118485594321e-01 1.181414771819552634e+01 1.681303584207610946e+00 1.405136458892761198e+01 -3.436073631601379574e-01 8.407093673932335420e+00 6.674883666756439737e+00
-1.079299549328283661e+02 1.045175476857252406e+01 -4.592171331683533309e-01 5.362859286715520923e+00 8.476683475475748963e+00 2.629139399410522215e-01 1.140061469601460331e+01 1.418374665930821443e+01 3.788205417783920836e+01 6.389058416520809303e+00 9.589973362342394836e+00 1.099785199274810310e+01
-1.110814060118033098e+02 -7.772201316715565689e-02 -1.339681466726003478e+01 8.483971234030306618e+00 1.134925803579049131e+01 4.956849031577104547e+00 2.592748703988031256e+00 -1.372159594639362012e+01 6.860010714855378389e+00 -4.219657235226083714e+00 -1.312213146877270198e-01 1.092186480829311535e+01
-1.248030173481580078e+02 2.335888503435062269e+00 3.901014616268357216e+00 8.171745583755892994e+00 2.154882624379655276e+00 2.920602733886799030e-01 8.886729631219385084e+00 -3.190289346222730860e+00 2.375411988834139621e+01 4.449198451223791650e+00 5.496877693131871467e+00 1.607054399352801610e+01
-1.388810385805509213e+02 -2.205631337319114849e+01 -2.329716083829464424e+01 -3.198371552373775017e+00 -1.044114861175137676e+01 -5.163525320733709734e+00 -2.499455813816111149e+00 -3.623089289162553683e+00 1.510124501372547812e+01 3.852444309570106640e+00 -6.102821915127045749e+00 1.897640531961639176e+00
-1.177788444439120354e+02 -1.681909571901690725e+01 1.202728671963577511e+01 2.423857371083186507e+01 1.227221037445918705e+00 -1.209239803061555740e+01 6.232764008887457408e+00 -1.656427551622151384e+01 3.447904105281894260e+01 1.751478880098232338e+01 2.190667056467544338e+00 -1.652413396651236965e+01
-9.335392094503104943e+01 -1.535164480177451196e+01 -1.453465395204942823e+01 1.136651921706490498e+01 5.635229855789824605e+00 -1.689791436995448493e+01 1.089136413002384396e+00 -2.137426112397175615e+01 3.519899759889909063e+01 -4.448171379169790995e+00 -1.222370862594225471e+01 -2.521043394831033879e+01
-3.988759318184013125e+01 -6.241481564467864018e+01 -2.059137722569662188e+01 4.656315063914941277e+01 -1.219566339521589171e+01 -1.482419486783452811e+01 -2.246967052639055851e+01 -3.785120384390860693e+01 3.230102483865573504e+01 -1.920368588275446431e+00 -1.704148237850094283e+00 -3.536900172518350871e+01
-2.894081249684089308e+00 -3.446916122589387754e+01 -9.198783627780817707e-01 7.194981915178511933e+00 -2.308136065081733079e+01 -1.770765889005053140e+01 -2.212233127071969108e+01 -2.508730939011235606e+01 2.990195163835550218e+01 -9.863150504434464949e+00 -1.255891245679451984e+01 -4.263452921404284268e+01
6.350009601400428494e+01 -1.242073012709304791e+01 3.868004679773113352e+00 3.107039007072668468e+01 -1.747457962439635537e+01 -1.297934861842567855e+01 -3.327321198395952706e+01 -1.592835472426614984e+01 5.308477732351406075e+01 7.835734501050458434e+00 -3.645668288696905179e+00 -2.464818852645181835e+01
5.395652655724435931e+01 -2.771725248238772821e+01 1.126755278250729653e+01 8.663317789839089400e+00 -2.768230353157863988e+01 -2.903051006581672056e+01 -2.782841457980249444e+01 -1.097676547350737764e+01 2.915042471154008652e+01 1.177882426948823280e+00 -1.746730660570533900e+01 -3.301207197087634881e+01
5.358534243649273776e+01 -6.934039844451697832e+01 -3.431121779726458598e+00 1.073075661405900760e+01 -3.846743375511724139e+01 -2.693105334653678540e+01 -2.575448000765762657e+01 -1.598730604217216822e+01 3.146852277312057922e+01 2.078395447616716574e+00 -7.254284849343662245e+00 -2.257052802029042482e+01
3.275090598536270647e+01 -3.895611506044939887e+01 2.151229793316840500e+01 1.395787179423916058e+01 -2.807369253359449246e+01 -2.539178806859910509e+01 -2.556777647446813972e+01 -1.161232720596005308e+01 3.195974738840720164e+01 1.469037594519813439e+01 -1.055530100716426389e+01 -2.769379448028348634e+01
2.058533979036887729e+01 -5.748823073494460800e+01 3.449121839695824576e+01 1.281030836663427586e+01 -3.759239894671910065e+01 -4.095325356208502399e+01 -4.326488691808215492e+01 -1.853198780048309757e+01 2.871759476182279158e+01 1.763309727893291523e+01 -1.057293958559731095e+01 -3.106090207183823537e+01
4.866669117122420829e+01 -2.662164189503015876e+01 4.865685099660375101e+01 9.625413334099050644e+00 -2.550415433456566205e+01 -7.148019434787527437e+00 -2.309545228019006657e+01 -1.640580854096589647e+01 3.116284118980674123e+01 1.314653603165324469e+01 -5.142530150222871299e+00 -1.699426738006391346e+01
4.558305953060202853e+01 -4.806067368495769188e+01 2.529093431122968738e+01 -2.763086671855478738e+00 -2.393665125575376962e+01 -3.052887197103295591e+01 -1.475426847158846222e+01 -2.977804242653378708e+01 1.712485325195022767e+01 4.471701070709795722e+00 -1.642120925434035783e+01 -2.924528644797187837e+01
1.589795200396354602e+01 -5.647191438412482967e+01 2.839357020168227308e+01 -1.435181694196548818e+01 -2.962247193397731948e+01 -4.320408488171457151e+01 -4.399927221967162438e+01 -5.038183023411426831e+01 1.385063852320137201e+01 4.274187093884280753e-01 -3.216853622865797746e+01 -3.676271314212100094e+01
3.260900168069802874e+01 -3.934029518384096491e+01 4.208976022056328503e+01 4.263159029996353766e+00 -1.997507997407328517e+01 -3.564041531609959179e+01 -2.467286579690432902e+01 -3.925811622734947548e+01 1.531236744896644097e+01 4.966535179403032352e+00 -2.297533724678424250e+01 -2.191222654520283442e+01
3.762516206616875358e+00 -5.013478363947812966e+01 3.921935313520472732e+01 1.596002951616684129e+01 4.992593693562795920e+00 -1.300437465600076692e+01 -2.850023863687795966e+01 -2.132563130607965718e+01 2.668067002325663495e+01 -9.557282963521505081e-01 -1.628081878546133865e+01 -8.409208770436167768e+00
-1.299574084435412402e+01 -3.612669046454811195e+01 2.330843775725282896e+01 -1.565097483926209776e+01 -2.866495721803138608e+01 -1.688244209066265356e+01 -3.220979112736884531e+01 -1.381721653354791535e+01 3.292109712455894766e+01 1.074861868872348225e+01 -1.179948567150398198e+01 -1.319782791793661403e+01
3.212431840537436578e+00 -8.736839401561720564e+00 -4.647139441105024638e+00 -2.246248593918205216e+01 -4.317899793827166377e+01 -3.386810678050292722e+01 -3.316766435231436105e+01 -2.667577247854556788e+01 3.566327814046463374e+01 2.229025905470487956e+01 -6.371484692763266011e+00 -1.452478897218311715e+01
1.340285626233649108e+00 -7.283257207891677965e-01 1.917713631715778355e-01 -5.270986446121391999e+00 -3.336297523541592369e+01 -2.498368667178723967e+01 -1.324623761820027212e+01 -1.100652825158636539e+01 3.762450091008280140e+01 1.623341380818142810e+01 2.335895074053157661e+00 -4.812415132740821555e+00
-5.462566318264245524e+01 1.010702171837916197e+01 4.054314908249986615e+01 -9.441759444531426126e+00 -1.772924174662969676e+01 -2.063584911838983160e+01 -3.969352757515969188e+01 -1.132397210003005839e+01 3.704252481422786758e+01 1.066583831683314543e+01 -1.971387589442752830e+00 -1.806891480751351509e+01
-1.117533358156050305e+01 1.817138840041334902e+01 3.770456260109245505e+00 1.453184417510660431e+01 -6.442786181401471524e+00 -2.503757038707454541e+01 -2.408813895090828794e+01 -2.908547390088627793e+01 2.130305781644642948e+01 -4.670437256089681632e+00 -1.544232833192417687e+01 -5.347254507359461506e+00
-8.472603433562596820e+00 1.705136638530734317e+01 -4.530043785723900207e+00 3.418947337598193137e+00 -1.983406685618061260e+01 -2.589125634335825765e+01 -1.976697117501379708e+01 -1.860716882761524715e+01 1.855073729347349243e+01 -1.588143373324711671e+00 -1.103678631761481554e+01 -7.343655289748745929e+00
-2.094842403648254603e+01 1.929110490770906949e+01 -7.527486259566639859e+00 -1.850829290398229077e+00 -2.425477903907248134e+01 -4.693167596101577033e+01 -3.293344489435186517e+01 -3.049408969827438654e+01 1.300569837827582198e+01 7.272377314033175999e+00 -1.279242102201583720e+01 -1.453822471780689618e+01
-1.029025584063133465e+02 9.162493135654479204e+00 -6.821539789799872189e+00 -3.433113736478874500e+01 -4.534721361376578130e+01 -5.312664355308206865e+01 -6.442337033955595871e+01 -4.918110217658921357e+01 -1.227099294292242249e+01 -1.736331014456297694e+01 -2.535036594348001771e+01 -2.159868483047619492e+01
-4.538305946504192434e+01 2.548379901342194742e+01 -2.949615230940496602e+00 -7.428938831195608827e+00 -1.863536570230355949e+01 -2.404340956490097625e+01 -1.476537854467904154e+01 -2.168647810580266366e+01 2.108070308673190141e+01 2.154621767591772930e+00 1.438572090739774545e+00 4.191282024601670209e+00
-8.058788622599359996e+01 -9.232679744821025736e+01 1.324449029642727815e+01 -3.497415773024232521e+01 9.598263066841374425e+00 1.860318559176947417e+01 -4.482646317691590809e+01 -2.451643446115042480e+01 9.282765634163332891e+00 8.817470145004350002e+00 -1.327247004157598198e+01 5.122607532533125507e+00
-9.674407288454074205e+01 -7.654507773913573487e+01 5.879068639903681515e+01 -2.445832367974950472e+01 1.563845814356090891e+01 2.351925175883285846e+01 -5.115304507840014026e+01 -2.286720587144478856e+01 3.398873060037099947e+01 1.288538888858296971e+01 -4.374967537318635635e+00 -4.679066638073819284e+00
-6.371824414356610333e+01 -6.796599191961200859e+01 4.274937482323852578e+01 -2.861395613337943189e+01 1.582186306322781455e+01 2.489210983963165091e+01 -2.292833426604917690e+01 -1.350712412410132757e+01 1.744497743316508931e+01 2.603568923785518407e+00 3.660348042415284553e-02 2.625616963971175721e-01
2.226425025202764196e+00 1.039519234774281653e+00 7.812952106203869107e+01 -2.040395632939251414e+01 5.993445901006165144e+00 2.092224735369824984e+01 -1.805538564194793594e+01 -2.122249536600553910e+01 2.116706641789336629e+01 4.894231340596518542e+00 -1.134290905931983673e+01 -3.042798437480807472e+00
-3.493691300306755210e+01 -5.624099165128533251e-01 7.293711121247116580e+01 -3.764637395692911070e+01 -1.211190771759768525e+00 3.059372964415456586e+00 -3.191021600982731599e+01 -2.406960215406964920e+01 2.294011533946464354e+01 1.198405766335580047e+01 5.217788648160844645e+00 -5.218940481169247469e+00
-8.568224323191478220e+01 -2.653826651094950506e+01 7.954362945172216826e+01 -4.686082563186591443e+01 -5.101077905766414622e-01 9.068521489538035496e+00 -3.537777763777248197e+01 -2.674875344291699975e+01 1.706447351127351197e+01 -2.392393739402794761e+00 -1.487104027441889897e+01 -5.946216505345025993e+00
-7.685521454641116179e+01 -4.200969876873172382e+01 6.791361031114951174e+01 -3.568372058832939331e+01 8.907177643387537813e+00 1.857713955802741879e+01 -8.767783251226523689e+00 -4.676953992793660753e+00 1.625090010184409195e+01 1.115019037024582715e+00 -9.059305988367976070e-01 2.311282183387235456e+00
-1.369024073350606727e+02 -5.181172625482699345e+01 7.633973339682589199e+01 -5.652016599107778916e+01 6.986407024139641209e+00 2.407461724096025080e+01 -1.951870619163236853e+01 -1.606903345116189641e+01 1.345561337334955354e+01 -6.616096318099449647e+00 -4.132330581393418356e+00 -3.578793805967299679e-01
-1.672464105559689074e+02 -6.146124549045834584e+01 6.366886869895339629e+01 -4.407135138979653277e+01 -7.093106661720725015e+00 1.336858669895973684e+01 -1.705245717740497469e+01 -4.733733559704002225e+00 1.654263298708490026e+01 -6.653192763974432822e+00 -9.794419702056458732e+00 -9.380298748078253368e+00
-1.718819554375172629e+02 -4.331612477885585832e+01 9.044985708662672153e+01 -3.907766527905386056e+01 2.900649437067030334e+01 2.012900915817376557e+01 -5.920263282735773736e+00 4.466241447952289390e-01 3.266849410630724293e+01 8.053827559001378589e-01 3.709254746527665958e-01 -5.222499005682918138e+00
-1.614761971359206996e+02 -2.432134111189013126e+01 8.848371285609240999e+01 -4.777517384747659435e+01 4.035452485019344060e+00 2.182948044085910411e+01 -1.244966682619550546e+01 -7.577323485357804422e+00 1.525935752767022358e+01 -1.380853540716445416e+01 -8.673422994812224118e+00 2.254705370980438772e+00
-1.474046009482553643e+02 -2.351671760207729989e+01 7.163565163396873459e+01 -4.579689553165191995e+01 4.610782227190791893e+00 8.273071377016075090e+00 -1.561303217244806874e+01 -4.627019474294788992e+00 1.359697983678650601e+01 -6.338485206843008868e+00 -6.838353834550661148e+00 9.275934214197461003e-01
-1.476600695501350060e+02 -1.711213726956476222e+01 7.924442815464452394e+01 -4.977601895306536051e+01 7.185746439026602594e+00 8.215546048031114879e+00 -9.425507247231616148e+00 -1.667190118778515995e+01 2.115158158922090337e+01 -2.312626496193982195e+00 -4.544725572213470954e+00 1.148979409412217478e+01
-1.313340174399752982e+02 -2.079520254859728823e+01 6.708323966734353405e+01 -5.097739730560104476e+01 1.916524556537055890e+00 1.581364005803984796e+01 -7.467519897943402540e+00 -1.173316050420947931e+01 2.238818008919803049e+01 -1.019107525260789338e+01 -6.566987224377173860e+00 1.008829910590985968e+01
-9.398498929780637923e+01 -3.075317895252268130e+01 5.691229243273804173e+01 -4.070493594945462235e+01 7.897592580165857967e+00 7.420902530590030466e+00 -2.246988404395842132e+00 -1.032145140141776984e+01 1.716106326341465405e+01 -5.513520484639541586e+00 -4.275149249478141122e+00 9.389300509452372268e+00
-1.222722826999224708e+02 -5.915943412332327966e+01 7.182980536772896585e+01 -2.631381633790061869e+01 -1.070203577141860052e+01 1.589880647843200911e+01 1.950875377073957306e+00 -2.004021388331068465e+01 2.501257204941182977e+01 6.545175806855618283e+00 -1.462835906841309708e+01 4.980634222324732185e+00
-1.034708069718358558e+02 -2.579707950556509388e+01 8.716976492595932768e+01 -2.317956894569266169e+01 3.258615492381868872e+00 3.392153227270244820e-01 -3.254826816640920129e+01 -2.208454657359161644e+01 2.111821583806176861e+01 -8.784957167884169138e+00 -2.488737484637318076e+01 2.873207858597811359e+00
-1.615432645924866222e+02 -4.983909262959051034e+01 6.617721614308391054e+01 -4.396084317125708196e+01 3.944082336745696971e+00 1.558930828120600687e+01 -1.911900765787704870e+01 1.283830411163840779e+00 1.415297279514084039e+01 -7.665397507276139777e+00 -2.661836965226838103e+00 -1.011727652239281028e+01
-1.452884032648174184e+02 -3.815606412670767611e+01 6.439870907629054386e+01 -5.282479768827805344e+01 -3.032133685652426358e+00 1.897013396933597562e+01 -2.700231771975681383e+01 -2.283900982602435192e+01 1.318335394038576913e+00 -1.061656234382592601e+01 -1.350969181323457668e+01 -9.167469641523329216e+00
-1.434811432829093292e+02 -3.602260254489064550e+01 6.328089998621851464e+01 -3.867586881686891331e+01 1.165261001121369766e+00 2.662895861278120435e+01 -3.010809830845814616e+01 -6.036906943697882610e+00 2.396294249109303820e+01 -4.612774685918119566e+00 1.353110541085827911e+01 5.776949004559371659e+00
-1.161188744367429706e+02 -4.212430953129737787e+01 4.225864491479269702e+01 -4.453066057412789291e+01 -1.313284173610327343e+01 1.678878617186720845e+01 -2.779422431254876358e+01 -1.090740443986885033e+01 6.659205318644382920e+00 -1.483420178754923491e+01 -2.889012053940983371e+00 -5.940855881868093213e+00
-1.313540068009940569e+02 -3.290653406434559258e+01 4.383888335461134744e+01 -5.066377406337632294e+01 -1.535628031076705646e+01 1.306597544630531971e+01 -3.484984373520585166e+01 -9.939068214942674118e+00 1.854439288030005883e+01 -2.694495878053892923e+01 -6.652194177723153246e+00 -9.455646854971307746e+00
-1.400498228420426017e+02 -3.548629906777451026e+01 3.734701703227919722e+01 -2.967855646443439710e+01 -7.803095385250719218e+00 3.496759293408871372e+01 -1.163471796309237760e+01 4.562047318434689913e+00 1.813224462928605618e+01 -1.516795238919349664e+01 5.921965943637608198e+00 4.058519222882918775e+00
-1.251084924280316386e+02 -1.032338080937765312e+01 3.008770595429395911e+01 -3.587012196152632271e+01 -6.044440457933175637e+00 3.578455692395029075e+01 -2.890406662250184056e+00 -2.200656626603422483e-01 2.198885811644881016e+01 -1.343349345195568745e+01 3.435061531423957426e+00 -2.511132975826331659e+00
-1.398043409421066485e+02 -2.743044481315428129e+01 2.667133782074435544e+01 -3.237140597004788845e+01 -8.799063480143715310e+00 1.628885447174960177e+01 -2.023017813851008739e+01 1.225621802514195124e+01 4.505048351099374315e+01 -4.592289292897497432e+00 1.561070289480964135e+01 1.264846035840194816e+01
-1.376807393165669851e+02 -1.555318590039459892e+01 2.711578366337597146e+01 -2.804687559084823789e+01 -2.169103812501532502e+01 5.709476409144036424e+00 -2.786923613606905548e+01 -9.438184728235128773e+00 2.294841423722171214e+01 -1.879591324776616545e+01 -2.059246778973743641e+00 -2.125555601007072415e+00
-1.308012338678187803e+02 -2.075997061346950545e+01 1.396239580016273862e+01 -3.354401147371075353e+01 -1.240096125480397493e+00 1.605069214674494660e+01 -1.339623238444922926e+01 -9.251438882850187895e+00 2.019625464102252721e+01 -3.102385806847537353e+01 -8.628825769713398541e-01 1.631065104272538147e+00
-3.012489393487186362e+01 -3.070535161927839596e+01 1.942795423499103080e+01 -1.611886951536564183e+01 -1.888104061115703303e+01 -1.039954046840933177e+00 -2.096619944016981663e+01 -4.418173998454936857e+00 1.973026623556474135e+01 -9.119535590411018688e+00 3.295423165503140517e+00 9.030267905970124076e+00
-5.790808751110800401e+00 -2.918144968478877388e+01 1.890753535906630489e+01 3.841590833271733452e+00 -6.094188552302831852e+00 1.076303726982074238e+01 -1.748602012980165199e+01 -4.042832001466297065e+00 4.202961178343377213e+01 -2.765030330416665905e+00 1.690572046567758235e+01 1.430518518827740948e+01
4.084099375362204398e+01 -5.414409140129974318e+00 5.476679129358130638e+01 -4.413795359111921002e+00 -2.111564840401559895e+00 9.224668406497965378e+00 -2.290725461415099318e+01 -2.758048249923050932e+01 2.238789934778392876e+01 -2.291782505492358624e+01 -1.705823522418179250e+00 -5.202880489105487172e+00
5.592053961318155331e+01 -3.226835431435933543e+01 7.888686138816138005e+00 -2.099886689124009465e+01 -2.394609381137752280e+01 -2.251510545298631527e+01 -3.798551216991300095e+01 -4.006633662646235905e+01 2.592306118362692402e+01 -8.833427144265824538e+00 1.348154663907895667e+01 -6.865219316128868599e+00
8.251785678342884012e+01 -2.495137333452876138e+00 -1.363764117212221016e+00 -6.186588347833960277e+00 -4.627490624389263729e+00 -1.222630191182242498e+01 -1.563967405705030167e+01 -1.870959184819675514e+01 1.709522304220551092e+01 8.220776759810579648e-01 4.293758077562030984e-01 -1.058725777676063728e+01
4.144339700734326470e+01 -2.696397687380826191e+00 1.405824968589149471e+01 1.688812298891597408e+01 -4.197245447817833153e+00 -2.712817896875193924e+01 -4.159628421324610770e+01 -1.870946926408405275e+01 2.702116674766060811e+01 -2.714103595751871012e+01 -5.903049382388124044e+00 -7.323621740295282123e+00
-1.732675428341410395e+01 -4.292333844099562157e+01 5.212141891883288736e+01 3.476546962483642034e+00 3.178052524710730076e+00 3.334119244742974608e+00 -3.051912982541691477e+01 6.824214580627008253e-01 2.900612452393600904e+01 -3.759873458286038783e+01 -1.937933901530685432e+01 9.766477757162432383e+00
7.635374827082179294e+00 -5.660750402375174417e+01 1.074404325874601511e+02 3.983397521915621553e+01 -1.576052789813140542e+01 -1.738903298043810253e+01 -4.155611157213095197e+01 -9.345559425278393562e+00 4.324792323291565310e+01 -2.687509253799629150e+01 6.124437568628202655e-01 2.295792927914663828e+00
8.191681891056086329e+01 -1.758740547222578599e+01 1.915039214000719880e+01 9.097437441716319739e+00 -6.081739286042435744e+00 -2.396495161897804849e+01 -1.946421587826720412e+01 -3.225813620437499196e+01 3.474486638200749411e+01 9.441159175930177838e+00 -5.276955623463456035e+00 -2.291002318287035600e+00
6.709239337188586205e+01 -3.377308901320802192e+01 1.394080330815380364e+01 -4.411496388920634004e+00 -2.053548263586499090e+01 -2.712789939049682886e+01 -3.259447070846983507e+01 -3.552943285524676753e+01 3.545702298290179044e+01 -2.047786266738356531e+01 -1.678635821792935801e+01 -6.397138190620625053e+00
4.893091637807528116e+01 -1.585509169484300074e+01 2.810106592756237021e+01 -3.482972567407594866e+00 -1.219042416025182973e+01 -2.002328800151072485e+01 -2.994771627546297310e+01 -1.210014301352540578e+01 2.705127622102116192e+01 5.627349348305810572e+00 -5.052173110118511445e+00 -1.154694642212717248e+01
4.713686955664002198e+01 -3.124984700073399324e+01 4.410373618922830730e+01 2.606658102800461396e+00 -1.609963720905130558e+01 -3.432925384404943259e+01 -4.005860238669663431e+01 -1.596981093881970182e+01 3.593974360234832943e+01 1.033947054750871786e+01 -1.773735548752027880e+00 -2.204861974233558897e+01
5.454508539580376691e+01 -1.963069269962020513e+01 3.261429571212373446e+01 2.798008024855993092e+00 -7.555987788465353461e+00 -2.556491824196370111e+00 -2.820363592582648238e+01 -1.611993539712539558e+01 4.164278556679789745e+01 8.552902958444033032e+00 -6.916571728838512456e+00 -1.490537091402254433e+01
3.865698442523570577e+01 -2.098275409998419505e+01 3.725980870142438306e+01 -1.707239352514579700e+00 -2.521600089111033327e+01 -2.940801230708964198e+01 -3.270950599924994151e+01 -1.368671677753696869e+01 2.702005559826618608e+01 -4.603992570284233032e+00 -1.774516962041690604e+01 -2.222965723769914348e+01
3.554607763874652449e+01 -4.394557745178666863e+01 3.636019965633373374e+01 -1.418355992876886162e+01 -2.595776359877505968e+01 -2.052186347566053115e+01 -2.546531089753171884e+01 -1.960046632866130523e+01 3.142925192512193888e+01 -4.177866951273358609e+00 -6.394372320105782492e+00 -2.022241805122411762e+01
2.646816046264132183e+01 -6.369577024466023829e+01 4.905379621320126660e+01 -5.936355158816359889e+00 -1.963641664314631186e+01 -1.584544563798208472e+01 -3.475894540822980616e+01 -1.509471116037568983e+01 3.910336436179329667e+01 9.556936669430138309e+00 -4.792791783612232237e+00 -1.068214733923404758e+01
4.217420960538191821e+01 -6.886921495108833824e+01 4.495528687808717905e+01 -9.754407799128085088e+00 -1.446309899164448609e+01 -1.652374490024758913e+01 -2.147685403776474544e+01 -2.122706595025251985e+01 4.428877750827987114e+01 7.747945278166417538e+00 2.608763415614337333e+00 -1.485607042180891568e+01
4.124790221889512054e+01 -2.956750854938469786e+01 3.901284395221496482e+01 -2.680868633465998840e+01 -7.820522505800981961e-01 -3.047959422213187963e+01 -1.684771122055169457e+01 -3.427329036561342690e+01 2.778532767811195114e+01 1.282007515635051931e+01 -2.191982629848542530e+01 -1.897431734305592954e+01
2.722875569982522848e+01 -2.589585601730262709e+01 2.662744724451546574e+01 -3.990025628477717135e+01 -5.275854749221461581e+00 -1.678319878436995083e+01 -1.700208088658302330e+01 -2.405010958146126754e+01 1.396537520421449585e+01 8.209376202279216272e+00 -3.042191755258147445e+00 -1.417588288689559306e+01
1.294870519017642607e+01 -3.253509441668353475e+01 5.119100944881961368e+01 -1.266196080602969332e+01 -2.675367741651605069e+00 -1.973488213949256931e+01 -3.384436513196722984e+01 -2.326255438165496514e+01 3.466490238003149216e+01 4.687662974191930232e+00 -9.743626035902344995e+00 -2.367534297650931485e+00
9.177728058729769600e+00 -2.290880813019844808e+01 5.688724597129153437e+01 -1.484591542506769457e+01 1.708922022018845510e+01 -1.075411298450352149e+01 -1.876379351444371935e+01 -1.670351882130897536e+01 2.434006720816845259e+01 -5.748114217072423315e+00 -2.466366619362069201e+01 -2.199028067381332363e+01
1.823568865551872875e+01 -3.751862687839975763e+01 5.155651610310059851e+01 -9.221757937309856601e+00 1.592189814613970711e+01 -5.844255407049914197e-02 -1.717653021608187913e+01 -1.687178853641506393e+01 1.800506425819278888e+01 -3.320985530552361675e-01 -1.764925088457681213e+01 -1.176578114141616638e+01
-7.430614675505282207e+01 -6.560783300291912212e+01 6.436188263836686474e+01 -2.797210338370906868e+01 -7.636349600054322950e-01 1.873123006705450422e+01 -1.223511592585029817e+01 -3.296103194599854014e+00 2.497406833841879603e+01 -5.024685251360358151e+00 -1.008146475146673637e+01 -1.832924693317658837e+00
-9.395765748042988719e+01 -5.055172611318152320e+01 8.793869184975289954e+01 -2.154965424506356442e+01 1.345356229024603945e+00 1.423452616489476164e+01 -5.578656115476312571e+00 -1.644676646021848754e+01 7.340337019845793343e+00 -2.363327471631818710e+01 -2.348404322971308744e+01 -1.399018614303485109e+01
-5.564068566882031774e+01 -5.693204840426064095e+01 8.302221039828103244e+01 -5.177320894716140742e+01 -2.442230883677780184e+00 4.241514685965006137e+00 -8.434584825395772256e+00 -2.358646455047759716e+01 1.611760087904091421e+01 -1.334038157772473632e+01 -3.305756112505667588e+00 -1.116212337505776198e+01
-7.596310017303282791e+01 -2.630267626448277696e+01 9.860516704884736328e+01 -5.775539461741379910e+01 -2.349512590603269757e+01 -2.316966329763827304e+01 -4.826657243919005680e+01 -3.878281810325337631e+01 1.859215621911949512e+01 -1.123802003617080558e+01 -9.211711693344735608e+00 -1.746637807059997272e+01
-9.830177632780544172e+01 -3.423521784101265553e+01 7.700814915034742114e+01 -2.893225955054939647e+01 -4.075307923099253493e+00 2.726238814382306330e+01 -8.540240794152548887e+00 -6.674532404276395603e+00 1.403092609753922204e+01 -8.815345312773605002e+00 1.945409365939942514e+00 6.470620387183192435e-01
-1.188606935590309064e+02 -4.622822480239192089e+01 7.793474983263536160e+01 -3.371530628629380999e+01 -1.663443013661662917e+00 1.050354425690717441e+01 -1.121113650346886814e+01 -9.216315934650427977e+00 2.522964157289855791e+01 -3.482848178326120259e+00 -7.308594800488356746e+00 -6.196250672633779821e+00
-8.223667983593702502e+01 -5.254892987305824192e+01 8.020383768586857798e+01 -4.569324341794822431e+01 7.572453017331367553e-01 1.633830677394892916e+01 -2.390289174525150884e+00 -9.623836506656179068e+00 1.833375730001186454e+01 -3.289366243756520536e+00 -4.092466147180193303e+00 -6.974054986623542618e+00
-1.144289172391954708e+02 -3.990420834341831124e+01 8.728634026081485331e+01 -4.885353188275688296e+01 -3.259940689334889896e+00 2.852754014678743033e+01 -7.229206626614058884e+00 -1.309925745495228711e+01 2.518720051926452896e+01 9.755940868061552251e-01 -3.056778921266372073e+00 -7.280924708921386213e+00
-1.516826163413055042e+02 -2.651750527424513137e+01 1.015149773521943359e+02 -5.545509334881238317e+01 -9.650448920298508426e+00 2.335310819528798021e+01 -1.404643861670540161e+01 -9.466551860860578316e+00 1.976888253782703941e+01 4.052558311277044467e+00 -6.086788505122658677e+00 -1.252945119758785708e+01
-1.423819870323838472e+02 -3.562457324181431773e+01 8.827895896834839107e+01 -5.127787138548331569e+01 2.173861289606890512e+00 2.126784960511481515e+01 -6.240451212281643123e+00 -1.391844758802015392e+01 2.970001926308787787e+01 -6.535732891799254318e+00 -1.136360341586308920e+01 -5.111492410526536467e+00
-1.866299911683547350e+02 -6.034121118325778355e+01 7.379090024217212829e+01 -5.031064850631666019e+01 -1.374117672440715232e+01 2.423108209811097424e+01 -2.087097476703510868e+00 -8.787744416747273135e+00 1.860292720347331041e+01 -2.890410673795404506e+00 -1.948731001560351572e+01 -3.001937013691524658e+00
-1.684068248420351495e+02 -5.344706202759108749e+01 9.290982769997069113e+01 -3.966068317247207631e+01 -5.735523494048635484e+00 2.112961785513055446e+01 -3.571495347519321850e+00 -8.925594003107345742e+00 2.355532847078323755e+01 -4.918072658697479227e+00 -9.881747856719005796e+00 1.626970984840332868e+00
-1.931839593536373627e+02 -8.229140673683178875e+01 6.187820048391511563e+01 -4.223835626388235198e+01 -1.231556866036816800e+01 2.131561055812057504e+01 -1.008897174087283588e+01 -1.493569271236175666e+01 1.355027693137868106e+01 -4.368391571859321587e+00 -4.228682215033977343e+00 1.890071870255889852e+00
-2.272786794246796376e+02 -6.692550785794702506e+01 8.609185144218497499e+01 -6.318584124850463724e+01 1.192734266286845424e+00 4.558043067039651675e+01 -3.140235459370222415e+00 -1.336694380775619173e+01 3.880768059074408427e+01 -9.125029906278989245e+00 -7.647686369851786736e+00 1.015847771379979037e+01
-7.718502354539353405e+01 -5.699863852510276985e+01 7.242612156880639418e+01 -3.486041634030004133e+01 -1.388191662597923326e+01 2.861726219004587790e+01 -6.426986809568528081e+00 -1.394019914824126261e+01 1.754529335850188687e+01 -2.283133480027848883e+00 -7.555393491911384984e+00 2.197192290571099882e+00
-6.048067695202428240e+01 -6.434126927404571461e+01 7.489706284642015532e+01 -3.983089198680387710e+01 -3.293069789952924431e+00 1.602141348079526040e+01 2.190433423709069238e+00 -1.650473726315200551e+01 1.763456697737655787e+01 -1.735503501069022292e+00 -7.485867428347084740e+00 2.264952467888718957e+00
-1.664866562181614427e+02 -8.018935446089469110e+01 6.044220450194757177e+01 -2.229628086038835022e+01 -1.981927827292248878e+01 2.053365425332647831e+01 3.721380473942192069e+00 -1.626133887301057968e+01 1.120502689150119124e+01 5.280667994271264654e+00 -8.931353087281943104e+00 1.766024573548938825e+00
-7.455720214343574526e+01 -6.132928656285191948e+01 6.693566649650846045e+01 -2.340342838942671477e+01 -1.585594990281247973e+01 1.519135615145820140e+01 1.064777346161179139e+01 -1.956678924687249577e+01 6.284295721577707994e+00 1.370580462365778018e+01 -1.285666900667728285e+01 -3.868725425720582756e+00
-1.770570275265392297e+02 -6.882552897249797752e+01 9.898708246798636878e+01 -3.437445891125727826e+01 -1.660434643439009506e+01 1.406661652736644008e+01 2.549077358982403751e+01 -3.399277893711090570e+01 1.584667162328494072e+01 1.585632448468971489e+01 -9.159854404449903953e+00 -2.474062563730630515e+01
-9.804616936606460342e+01 -6.979007411030961805e+01 8.365132747459929874e+01 -3.229980312415524679e+01 -1.275642941180586298e+01 8.584930005689763277e+00 2.496522298394873118e+01 -2.479035330805054826e+01 5.802536422605978572e+00 1.091278532352847286e+01 3.503910596314153914e+00 -2.321388017807519333e+01
-1.788846690593167352e+02 -7.531680857294024634e+01 1.023676151207617693e+02 -2.802476461023926646e+01 -1.575559770414470506e+01 9.068804263312568281e+00 8.323270034331482492e+00 -2.074539721236924450e+01 1.622576056301995528e+00 8.498015935517660324e+00 1.603653433316855947e+00 -6.536223335632297626e+00
-1.425722976768360581e+02 -5.430799823779785385e+01 8.304511310774185517e+01 -2.604358728107375143e+01 -1.585794316489885603e+01 1.493840760011785918e+01 1.238472990930145201e+01 -8.017781084537791259e+00 -6.822292437603359794e+00 5.083724150486247595e+00 2.138260617428966981e+01 -9.428796020899371300e+00
-1.057194505477392568e+02 -6.325000460945478409e+01 6.947184103554047852e+01 -1.497584371040037965e+01 -7.479856793710877305e+00 1.631566349420854678e+01 3.842161600104483377e-01 -3.115652878470005493e+00 2.902464840441930871e+00 -7.546066161438170994e+00 -5.329918083357221725e+00 -2.976469157279669098e+00
-8.655169226772528646e+01 -7.577853521812765791e+01 6.285236347570523918e+01 -2.530018127955502649e+01 -7.546498475256697702e+00 1.780793872628309060e+01 -1.091874047481126819e+00 -1.966431359921473643e+01 4.115750986382430976e-01 -2.191670945956766925e+00 1.047396902121618112e+01 -2.009420159427648400e-01
-1.081123943600291142e+02 -1.038690298328385069e+02 3.129034143163422854e+01 -4.131184930066818595e+01 -2.928008517986701520e+01 2.196161522124623389e+01 -1.683659252573930587e+01 -1.957963734365568342e+01 -4.658276513944784369e+00 -1.295115997089199311e+01 -2.015985164323597445e+01 -4.680555386979832200e+00
-9.377196455909700035e+01 -5.469091608621796752e+01 5.422907890207710579e+01 -2.638720405815056225e+01 -1.747238011379953093e+01 5.100072215618208560e+01 3.780145600496858549e+00 -1.386716896505696184e+01 6.387654192034469602e+00 7.841096179083102413e-01 7.277357617083302088e+00 1.635421937396774050e-01
-1.030979139709509980e+02 -4.518238750340879761e+01 5.171900151214106245e+01 -2.949203226559050961e+01 -4.142241792148846002e+01 3.281378030846207139e+01 -1.634296665658592884e+00 -1.362166643931007570e+01 1.203461454959850307e+01 -5.630850822146737045e+00 -2.955870516237095735e+00 -2.665008377736885592e+00
-8.864659240051841493e+01 -5.553290289917058686e+01 4.672445702829276115e+01 -1.145617182036835224e+01 -3.492750373930761043e+01 2.822812299709097061e+01 -2.961249030175777008e+00 -1.857571066843537722e+01 1.200664609879954270e+01 -4.146979487088019667e+00 -6.386080474198495338e+00 -1.266364450451637325e+01
-1.201272921968800205e+02 -3.466928604489461918e+01 3.833074855688245464e+01 -2.993336250739277915e+01 -3.929832582035123067e+01 3.705495821327662043e+01 1.275639954853072666e+01 -2.066018989957463248e+01 1.368526659239631726e+01 -1.825627991066743050e+01 -1.607948504562619618e+01 -1.923808431997812463e+01
-1.122617895111404493e+02 -1.955708310023439012e+01 5.246312329245434825e+01 -1.925981751899141159e+01 -3.033957584991366474e+01 5.296594641631818945e+01 3.046089457900507469e+01 -1.155218107355153734e+01 3.207105316613556312e+01 5.879077543743578715e+00 -2.347413279618264959e+00 -8.966105442935200287e+00
