-9.022244614544945307e+01 2.947488091240997221e+01 2.175380027617166689e+01 1.458451465202838548e+01 7.237970675192932468e+00 1.396630703273256735e+01 1.452893868711888459e+01 -2.420251414273538515e+00 1.938855374108839413e+01 2.360460325473171750e+00 3.023691187305741934e+00 1.110247804500765589e+01
-1.185541541569778019e+02 1.119513153689224261e+01 3.087000976417698439e+01 4.306435832192290647e+00 2.458213437284801728e+01 5.919147264589398105e+00 -5.706487952272714992e+00 -8.266277426012596408e+00 8.987273187376329631e+00 -2.271597534548413400e+00 3.011781151012460800e+00 1.895500321088102513e+00
-1.017918073638636116e+02 2.443519199807511200e+01 1.366980764521391301e+01 8.758641372943927195e+00 8.554841885100881171e+00 1.195565312104351463e+01 7.491082465565114035e+00 -9.014285265223845878e-01 1.818373750722608762e+01 2.186651762488234674e+00 7.623163036882433907e+00 8.372005268190275018e+00
-9.487258168098937006e+01 1.359245592857477902e+01 6.378667207960128316e+00 1.107263544858842863e+01 1.247211976947029832e+01 1.398211413470438735e+01 7.398368388628886017e+00 -3.918198994463552243e+00 2.299798524920999654e+01 -2.097042372935402188e+00 2.380320332733611099e+00 -2.777678890405241408e+00
-1.184881263842012800e+02 5.388383953256647985e+00 1.250253575914269710e+01 -1.130005720074639441e+01 5.459862734696532272e+00 3.263776328191316800e+00 1.330272412568902496e+00 -2.153419924135086649e+00 1.219432225924509439e+01 -1.001642901011120834e+01 -1.388945528273972663e+00 1.301855142810693700e+00
-1.296786335917298061e+02 -1.580640102350160703e+01 2.091967077887665027e+01 -3.104242186643531465e+00 -1.195330767329214439e+01 1.362830855668293495e+01 9.295249053535981076e-01 -1.319748932471547676e+01 5.132762643510913492e+00 -1.085651151840635364e+01 1.160402244854985376e+01 1.344537652213748480e+01
-1.508879520036112467e+02 -4.267415734290676710e+01 6.874297094573520894e+01 9.114291379835156803e+00 -3.163733803568952396e+01 2.946040688048737266e+01 3.062680997280945761e+01 -1.527233607194564513e+01 3.209549008718582286e+01 -2.040178964136036655e+01 1.894302089051722149e+01 4.406907440345146476e+00
-1.938351387600490625e+02 2.667551335067546159e+00 4.981717998147473736e+01 -2.901593222466032174e+01 1.834656802338920301e+01 1.008113046105550303e+01 -1.110526704304814061e+01 1.602082190549246610e+00 4.663611350976927916e+00 -5.966973891701583099e+00 1.793998500755920489e+01 7.938250588171411160e+00
-1.062055107688610178e+02 -5.867506305161998004e-01 2.280340884942155100e+01 5.865007970685635286e+00 7.336624435631025953e+00 1.730455523309959887e+01 1.827025386082520519e+00 -2.029531354431880708e+00 1.632971212750239687e+01 -4.441300080417352802e+00 2.031486897633760780e+00 4.579040345164055559e+00
-1.239856528042460297e+02 -2.028804905303466910e+01 3.254241233291058677e+01 6.654716950040859835e-01 9.059108496845908576e+00 1.088768235816680274e+01 -7.305361641599555256e+00 7.480677935154405489e+00 7.581429171482498397e+00 -2.410768400728753846e+01 1.534677886559608417e+01 1.291587278881764789e+01
-9.926733756165407385e+01 1.299402404766544272e+01 1.239799992976884546e+01 -6.902651611168782786e+00 3.570062224630337511e+00 1.501093812609670586e+01 -2.896601580769508466e+00 2.828020775459158642e+00 1.444973136968680194e+01 -3.335287987409584076e+01 -1.434253397450240541e+01 -9.370677707007862622e+00
-7.437441874878689418e+01 6.075243272975873765e+01 1.960925174236586699e+01 8.108154034729455617e+00 4.827410894251693563e-01 5.804326295784512091e+00 -2.216879256460176251e+01 -1.011361986498442889e+01 2.657648502556730108e+01 -2.523704739287087762e+01 -1.440519254539522898e+00 -1.448136523542470755e+01
1.227123786421408180e+00 5.285236154402031872e+01 2.275121249530945278e+01 -7.819600262304039262e+00 3.411567911036445189e+00 6.025026436877816138e+00 -1.842705987056778838e+01 -9.024500072468235601e+00 1.330649777627830233e+01 -1.492938277102997802e+01 -6.699143101237450715e+00 -1.886653776425328743e+01
2.219041720767374670e+01 5.508789213650855743e+01 8.469835935569077989e+00 1.609285065384713054e+00 -4.142396186462311114e+00 9.165330529171175300e+00 5.925423520033867852e-02 -1.152405098718037380e+01 1.189352681898566466e+01 -2.234184937756533174e+01 1.542170790044692374e+00 -1.569135088613255746e+01
5.248495139603173243e+01 3.271505968580535040e+01 5.324121204280103825e+01 -2.031357586989049224e+01 -1.719459593576453926e+01 1.059292170354245055e+00 -3.112329514205738334e+01 -1.348453493321191488e+01 1.213010279331086494e+01 -3.675022675358311375e+01 6.137846865304157795e+00 2.912439928948515444e+00
3.917368425653575059e+01 6.080387295309529705e+00 6.413310375697376742e+01 -3.072129572633219041e+01 -2.513845470337031429e+01 8.775000454477970280e+00 -2.725074446763545666e+01 -1.677049457483435191e+01 1.735911299445637113e+01 -3.511817128820678136e+01 -8.136516405369755844e+00 -2.761937252923922337e+00
9.791744537430643547e+00 7.260380981945141698e+00 7.042164293650415630e+01 -2.912121943194267359e+01 -2.116149946943373550e+01 6.133804363024000228e-01 -1.419589504755617781e+01 -9.895901565149706869e+00 1.905936862755809358e+01 -3.797623811299679630e+01 -1.757144331973176765e+00 -9.989469815843625256e+00
-1.258614565269463981e+01 2.275518133916691710e+01 7.930359782171082372e+01 -2.831976051771827230e+01 -5.949058644595498713e+00 2.303980838029796985e+01 -2.025820283538495303e+01 -6.558608434559959122e+00 2.471193131114509001e+01 -3.990784490655242678e+01 -2.821572405455141652e+00 -8.260222828549334650e+00
-2.928084979413297262e+01 4.604127209763711903e+01 8.435618439441839200e+01 -2.239974414415548409e+01 4.621692537550159408e-01 5.558448516537946915e+00 2.438250383034183955e+00 -5.227927689994974259e+00 3.442848609949889038e+01 -4.117232947057892289e+01 -1.005909678046633537e+01 -1.266531404903138558e+01
-6.356680276798104501e+01 4.298877726487945949e+01 9.490456365020222051e+01 -7.268777053645697706e+00 4.806964242214004202e+00 1.926290156506311035e+01 -2.054159531385714388e+00 -1.977294844186880240e+01 4.628037185759210814e+01 -3.476852628171450732e+01 -1.893660861371235526e+01 -1.019466635168604007e+01
-7.578300755915186926e+01 2.143904543566132759e+01 7.302336416376211048e+01 -2.323972622546619249e+01 2.044767125176939260e+01 2.074574528022314013e+01 3.747028283203866383e+00 -1.413275083102752916e+01 2.233683021527605561e+01 -4.738284503119207614e+01 -8.427388539414870650e-01 -1.568707424712568965e+01
-1.169918658611366595e+02 2.649757209799000890e+01 8.429459553365573754e+01 -3.139687531086467942e+01 2.204910811612418797e+01 1.839996456662534996e+01 5.705978452779714161e-02 -1.704249790236146112e+01 2.194046710219380714e+01 -4.040963010084148266e+01 -1.393456717806698819e+01 -7.305770742551375818e+00
-1.312269961412603720e+02 -6.956697919497994320e+00 4.606862886734218421e+01 -2.588102164235566249e+01 2.857744239728413760e+01 2.979467585275538788e+00 2.255296321740429821e+00 -2.462127843453179565e+01 3.246153682524773387e+01 -4.677242587729497814e+01 -1.161753908546462988e+01 -1.144596579256423752e+01
-1.659230021475251533e+02 -2.441867806835591637e+01 4.510591755430628780e+01 -1.400451283885720066e+01 2.573976339264090640e+01 1.857696312241999337e+01 -4.456019024344384682e+00 -2.357941661801620015e+01 3.531822505533504852e+01 -3.491028164379595466e+01 2.692642334398227977e+00 -2.004659113610866683e+01
-1.092685595566878192e+02 -2.757845850774607399e+01 4.121161627198620181e+01 -3.713751295008668762e+01 -1.347650439463406569e+00 8.438068259603440424e+00 -9.474244769041028746e+00 -2.130065579829570055e+01 3.469074541355288233e+01 -3.936498674853166335e+01 5.969390975226722240e+00 -5.492043208119727460e+00
-1.060412477904866932e+02 -3.012091190027028631e+01 5.700466089958040072e+01 -1.735925558225170562e+01 1.509592572337344896e+00 1.782680111593709427e+01 -1.084699278390454102e+00 -9.084743332447256847e+00 5.167039268117596862e+01 -1.983839415688821717e+01 1.072521745901437917e+01 -4.284085569304846963e+00
-2.680369064262106349e+01 -4.966907686772552566e+00 6.781978223461871380e+01 -1.809672430779011876e+01 -1.036987007443454623e+01 2.323598025199654415e+01 -1.564022326684942898e-01 -1.161462335867472007e+01 3.434393517803572138e+01 -3.593978600087881148e+01 5.062002550243661858e+00 -3.443665067515355727e+00
6.522475515994452167e+01 2.033676555962649957e+01 3.290811605954705499e+01 -3.409050563369056874e+01 -2.292634409762369430e+01 -4.451798195713450035e-01 -7.018831195230244901e+00 -1.679224824006664285e-01 3.775678712326049435e+01 -4.251156487495598668e+01 -2.170978558714470807e+01 -7.570175938419932749e+00
6.663991972836396371e+01 1.640680587520020595e+01 1.052975726580477556e+01 -4.897606481304428172e+01 -4.858118511885786006e+01 -3.355296574674564170e+01 -3.438852392004125846e+01 -1.321789496653061846e+01 4.583631095768194541e+01 -5.701171939245335807e+01 -1.886421019886751083e+01 7.378497980922904986e+00
6.081821871305933058e+01 7.464773141499430054e+00 7.255051101763766219e+00 -4.491968634609436606e+01 -5.185343216526031540e+01 -2.789717843773851058e+01 -3.095616562383174042e+01 -1.388317014032913299e+01 4.725955721888849581e+01 -5.323969836560513613e+01 -1.503204548271370911e+01 1.144693969269116529e+01
7.910314275920578098e+01 -7.271785513397088785e+00 9.013298227741313173e-01 -3.555468483876875041e+01 -3.365257797364384373e+01 -1.498310790729911979e+01 -3.238297427986884713e+01 -3.993019522384146924e+00 4.133250085511665617e+01 -3.306099015604436175e+01 -1.559766265047366263e+00 1.912616038350316217e+01
7.571877231234810779e+01 1.730461757844057868e-01 2.230325560306448196e+01 -3.979737621158515992e+01 -3.374722549374592262e+01 -2.942864862942674975e+01 -1.162813229901977152e+01 5.554951466407951344e+00 5.044018000658958556e+01 -2.213936449919176397e+01 -6.189626028007930714e-01 2.563002757047593150e+01
9.413264457007412034e+01 3.360737789467430403e+00 3.260421845812435215e+00 -2.930207265270174588e+01 -3.053883030771311979e+01 -4.128521553148149792e+01 -1.921475925933653350e+00 -3.833007337864022812e+00 5.690274417741088087e+01 -2.648424214612179028e+01 9.040988655859423240e-01 2.423743070152472612e+01
8.070183688753499496e+01 4.938707798655076253e+00 1.435718005970728051e+01 -3.518512000278059304e+01 -3.875950797678484605e+01 -3.795170577033402992e+01 -4.847801172106093404e+00 4.453629166734677902e+00 5.420460764396658249e+01 -2.366264280226189953e+01 -3.333509492192062496e+00 3.252476414414668682e+01
7.618477943194400837e+01 -5.178549112613753280e+00 2.178286244025376206e+01 -3.825269187525741188e+01 -3.615069354034609717e+01 -3.990927130278467416e+01 -6.878833337335290565e+00 5.531884664709256327e+00 4.584062232728376785e+01 -1.236124623833177694e+01 -8.641844905395057452e+00 2.462176007896459851e+01
9.161215546734786130e+01 -2.040322164638333824e+00 1.241458829494751193e+01 -3.475960758003885331e+01 -3.633451407508948705e+01 -4.422295545780967529e+01 -3.023050595888676639e+00 -3.185052424143726690e-01 4.828278572419486636e+01 -1.762915890406464570e+01 -7.849819104812046255e+00 2.500349825037603324e+01
8.251929510114648281e+01 1.048748755206569072e+00 9.239566003005021955e+00 -3.243042741331819911e+01 -3.770326671810817487e+01 -4.979281307253434363e+01 -1.952372195083057926e+00 5.617256958740490802e-03 3.980228851585140148e+01 -1.933482389057069994e+01 -1.261832930044806567e+00 1.615370076232751728e+01
8.186175532834514001e+01 -3.704494691952642249e+00 -6.275601768725982410e+00 -2.530123188392624911e+01 -4.557627845359083807e+01 -5.406791687771168142e+01 -5.927104756489054438e+00 -3.596887412006497975e+00 3.061835536614670872e+01 -2.715955498488185071e+01 2.855052798810046255e+00 9.324621601046731101e+00
8.070508284814488320e+01 -1.857152212880032138e+01 1.118886247951792612e+01 -2.343604725633705854e+01 -5.891842838434428842e+01 -5.153240293423253604e+01 -6.549020785943751477e+00 -9.806890769920823203e+00 4.092205733144955104e+01 -3.365551870236929233e+01 2.135486475744813095e+00 3.599691732144739920e+00
7.338579916806546066e+01 -1.420789373844793246e+01 3.249732564256538581e+01 -2.226631545907524412e+01 -5.877887315422255909e+01 -4.105808972684410207e+01 -1.112870570034655948e+00 -1.215163775150739234e+01 4.792510124377504610e+01 -4.111999415065342589e+01 6.426783732834472573e+00 1.457831227986913980e+01
3.732315813153634565e+01 -5.165784442963179401e+01 5.862154369564718692e+00 -5.033023589653473806e+01 -6.943887076875694220e+01 -5.145918388419163136e+01 -3.092997941572760823e+01 -4.017561605117799672e+01 7.851122289083608763e+00 -4.315748019939638880e+01 -2.217179939443716208e+01 -9.791051111513695560e+00
6.548961175644473087e+01 -1.622858267671823285e+01 4.658441659378857480e+01 -1.981284484162618043e+01 -3.502209047873921577e+01 -2.817527874293525159e+01 5.258485134008396678e+00 -8.318055622016309769e+00 2.150319818521622750e+01 -2.398167023753549643e+01 -1.049746885935171647e+01 3.545031576628884018e+00
7.249178250901223919e+01 -8.585859002020281849e+00 2.516980221533790640e+01 4.821095610778538543e-01 -1.687504653049344938e+01 -3.840720248443872009e+01 1.722321069849871833e+01 -1.704825263243520794e+01 6.507617129944207157e+00 -2.052414069090900028e+01 -1.761786445522713862e+01 8.142797618402713766e+00
-4.814178550508141541e+01 -2.536359058974389313e+01 8.981186095159156935e+01 -1.849134498267410365e+01 -3.642752739339130130e+01 -1.854511383956060655e+01 -6.035692359581088517e+00 -5.833603909311068314e+00 4.260313254283778051e+00 -3.649753967734855564e+01 -2.109977384794328259e+01 1.689040035418639363e+01
1.987096292080037330e+01 2.383933406717205727e+01 9.361296546032802723e+01 -1.548559316841279099e+01 -4.038798635221377253e+01 -1.485866919024095267e+01 4.066758815486956280e+00 1.438765065476282778e+01 3.390504932713028552e+01 -1.038660494895012576e+01 -2.043512526206670010e+00 1.639987799530531731e+01
6.701443416293444955e+01 6.323923664678579115e+01 5.046028161595603478e+01 -8.927764925824963171e+00 -3.567387209540473236e+01 -1.654699075839660694e+01 -7.026496142311498438e+00 5.820184663598704233e+00 2.816630462799294321e+01 -2.576159363156035198e+01 -4.320944899749065371e+00 1.164524586179838117e+01
5.323260727331411601e+01 8.099146427701825246e+01 5.112653560479830617e+01 -1.174779872014660853e+01 -3.616887298699566600e+01 -1.243428816087299893e+01 -1.469184279415614114e+01 8.598776651322010522e+00 2.218405929728644566e+01 -2.453953631846641414e+01 -1.322712367002797151e+01 3.952802825122731178e+00
4.455847420726925634e+01 7.888220292806872180e+01 2.567856500958442467e+01 -1.388087005609436630e+01 -3.406666603445627572e+01 -1.029560430787824998e+01 -1.394396149804933849e+01 -8.216362379536159111e+00 1.804478108515856860e+01 -2.050282665731727860e+01 -1.360996300832347217e+01 5.989161290379233726e+00
3.376718581330887758e+01 7.453222930244244537e+01 1.625955805305033053e+01 -2.116638076887278430e+01 -3.294092681652244181e+01 -1.611346086473921702e+01 -1.183102304492178902e+01 -1.249795086044436054e+01 3.466481456333676547e+00 -1.958754801362003661e+01 -5.173936684590090707e+00 -6.535786971687863600e-01
-5.981937205982853101e+01 8.618772701028132133e+01 -3.807109843321335507e+00 -2.108490994100459659e+01 -3.918287286582965834e+01 2.296931418074521947e+00 -2.445341705450639935e+01 -1.489228437216794987e+01 1.359473258053384015e+01 -3.093897376309823244e+01 -1.121997967822865760e+01 3.834808540993167814e+00
-1.192431428245314784e+00 4.725960157539719830e+01 -6.274386471293253997e-01 -2.264477438915227125e+01 -3.160967987406196755e+01 -2.273624387982592765e+01 -1.800193111517701539e+01 -1.218075378305607970e+01 1.036302598643105988e+01 -2.305421843057943931e+01 -7.979330116419695251e+00 -6.400429560431312836e+00
-2.514687023450530745e+01 4.734834100215594788e+01 -1.620701150158949222e+00 -3.069465353423284881e+01 -3.851678541257922461e+01 -2.332417409253324081e+01 -1.515850017343531064e+01 -1.014921518450549875e+01 1.582793855092135793e+01 -5.592129591101181241e+00 7.937546273213088810e+00 6.732074536105821849e+00
-2.390652305192460858e+01 3.251884443732420493e+01 -7.238694564682167432e+00 -2.806429205349356693e+01 -2.671118380073028220e+01 -1.665976340522022880e+01 -1.023320136924789203e+01 -9.210721767945159399e+00 1.576479858253024879e+01 -8.431896496687478759e+00 -1.074747891451936432e+01 3.244025736753886058e+00
-3.291760675348511000e+01 4.637690112573083212e+01 1.155239260221300768e+01 -1.064748644689780122e+01 -1.874451936986169187e+01 7.883712331584986632e-01 -1.131103720542425251e+00 -3.947588141795594474e+00 2.035011441902298301e+01 -1.089509565374476630e+01 -9.858058555090002173e+00 4.493897674508150253e+00
-5.227098096376021630e+01 1.565416093394335961e+00 -6.980926979675313504e+00 -3.468341240165529360e+00 -1.482638220271708107e+01 2.010674902348223991e-01 6.496948486629301911e+00 1.108576736660362627e+01 3.517861219801781658e+01 1.015896867395641756e+01 1.087723332739662752e+01 7.384135203933034575e+00
-8.890053056609350790e+01 -1.914237926189344563e+01 -3.586257786589817087e+00 -3.455575076731882689e+01 -4.258182014722347475e+01 -1.350635786014375483e+01 -3.019065251070111344e+01 -1.103458272861852230e+01 2.473610493017104872e+01 -1.347787801821322162e+01 5.872947146024472431e+00 1.014030472286165541e+01
3.289214910530098290e-01 -1.211301459546043091e+01 1.692069315730514489e+01 -5.823389965961990988e+00 -6.603925775439619450e+00 -2.549145392043544689e+01 -3.508621483218918513e+01 -1.671459063923551014e+01 2.785174845572024793e+01 -8.716915402980808025e+00 -2.686205727829404477e+00 -9.132258620656013903e+00
3.062643290580491140e+01 -1.101582183310806684e+01 7.494095827863877624e+00 -3.822729944161755267e+00 3.027695939532150771e+00 -2.200541107739094215e+01 -2.841288675094205729e+01 -1.735428020300522789e+01 2.950887152769791300e+01 -1.287743200820399281e+01 3.658449803146302415e+00 -1.025353081732542293e+01
5.371968640707054021e+01 -8.515380615464305691e+00 1.660893933428039038e+00 -2.556392195478549567e+00 -1.174077219390585736e-01 -3.219171613274539823e+01 -3.359648443625260938e+01 -1.200873240466441949e+01 3.136087887332100266e+01 -2.481979245293070235e+00 1.327736077837924356e-01 -1.386910107628505640e-02
4.304923350988444497e+01 -5.597687377336249881e+00 1.420698894524768363e+01 -1.608176130030955164e+01 1.267325046732088012e+00 -2.179676572134910373e+01 -5.128488998903605989e+01 1.816796127595457389e+00 2.768243329980317924e+01 -4.932984147672446973e+00 -4.435551795941001352e+00 2.705994313800558437e+00
4.244500287506648561e+01 -1.294598338787928427e+01 5.707906505649837037e+00 -1.438093974863154401e+01 -5.136664341179085547e+00 -3.103225729988795933e+01 -5.149739850004310426e+01 -9.481987574260745788e+00 2.577756570720679008e+01 -1.455098744451561288e+01 -8.927758889380733365e+00 -5.868282906519459274e+00
4.670104782201289595e+01 -7.536217335705745590e+00 1.371095878479200181e+01 -1.752621598224900623e+01 4.317787009432111134e+00 -2.670948872941330876e+01 -4.192722950013074978e+01 -7.600547670666905731e+00 2.702884638220706037e+01 -1.314022894126857466e+00 -5.756061097814450633e+00 -2.775518209640408962e+00
3.944300892249742674e+01 -1.406154731386300938e+01 1.174706455109334513e+01 -1.531899647294859435e+01 -5.545696942541132657e+00 -2.792146892575447126e+01 -4.121858999063395856e+01 -6.790320144075958630e+00 1.983659739893558083e+01 -2.094211714664684365e+00 -1.145843850283866239e+01 -4.941354050698479661e+00
4.181989140640239810e+01 -8.949075196522114695e+00 7.596613153787752815e+00 -5.229830908577396187e+00 -3.350352084840926281e+00 -2.409768345161393199e+01 -4.534291770674423816e+01 -7.287386757097993772e+00 2.552900361928325168e+01 -6.343907276748184998e+00 -1.181586931367951010e+00 -9.627365423525326094e+00
4.058905627670323213e+01 -1.205504286234629596e+01 9.459378840263596544e+00 -7.252889879747461244e+00 -2.348096204041320689e+00 -2.765309140411442002e+01 -4.533495970060259594e+01 -5.294673922174841785e+00 2.147119737331422940e+01 4.708265159654314580e-01 -1.152067078005936196e+01 -3.141157290459128948e+00
4.406555334095894239e+01 -1.353767087506178690e+01 8.664048608549652641e+00 -6.343985964657658627e+00 -2.798181865476779606e+00 -2.736761462596122740e+01 -4.072552174745499087e+01 -1.103221334866561598e+01 2.573161995474913155e+01 -3.423574506382270233e+00 -6.490275641782708327e+00 -4.772236645189209980e+00
3.025932092116048366e+01 -1.405721598839721764e+01 4.357342471570484488e-01 -1.231022284758369878e+01 7.610476512625339751e+00 -4.014417264001619401e+01 -3.791514356415492415e+01 -1.305263205261121229e+01 2.259368863253344273e+01 -3.428180508624653289e+00 -1.184076855133402262e+01 -2.339115929997929388e+00
2.087678431944918600e+01 -9.681965420955700452e+00 2.887813950873641122e-01 -2.321953069542700376e+01 6.799550455808853755e+00 -3.065713003051729757e+01 -3.844183785161786204e+01 -2.397592517361076858e+01 2.549566506076912376e+01 -4.693553076362299237e+00 -1.175606200567227866e+01 -1.772255372469281554e+01
7.423492932035419045e+00 -2.247783308301364258e+01 -1.213071912297146326e+01 -2.305640548652834454e+01 -1.735109650556053396e+01 -4.167679096650941517e+01 -3.767818909192013166e+01 -3.963036524369256597e+01 1.973610037447430443e+01 -1.947920622958066517e+01 -2.859215034963025204e+01 -2.618932799662606925e+01
5.135607819912939576e+00 -4.929724533420476895e+00 1.224236192917264709e+00 -1.235279391491582501e+01 -1.104639184447720268e+01 -3.371704722799972842e+01 -2.696289647641169296e+01 -3.955361432835192659e+01 2.929330111513892376e+01 -1.298909827772902403e+01 -1.404106025104419331e+01 -2.917099264514744306e+01
3.410884905240773257e+00 -1.667697019480845366e+00 1.458769796002151509e+01 -1.353684302515772231e+01 -4.135094635074209712e+00 -2.691414610812973507e+01 -3.170434656176534816e+01 -3.293965760454011615e+01 2.680606790583600940e+01 -1.245630821323371329e+00 -1.555289000765546703e+01 -3.118197589712262641e+01
1.508820814906354002e+01 4.164571718678731216e+00 1.126790790104998052e+01 -5.762280464257756307e+00 3.040345354834688152e-01 -2.321869631445385096e+01 -1.684983499534072848e+01 -3.367795564216895343e+01 3.074854494711792086e+01 -8.998143384250404608e+00 1.357602731301771115e+00 -2.931757937643226342e+01
7.576356239109419022e+00 -1.670956839815289641e-01 3.314294105616298225e+01 -6.195910879063980303e+00 2.290845098509923794e+00 -1.916071638687330747e+01 -2.975277875660083637e+01 -1.471530681689661435e+01 2.005973156997854545e+01 -6.156444780646985748e+00 4.037688087187563113e-01 -2.336313810903804367e+01
1.007228875547003710e+01 7.436794638313001471e+00 2.956193879920154899e+01 -8.733124510919161310e+00 9.674810000454328929e+00 -2.551159636517892082e+01 -1.316131111455443303e+01 -2.364899973189329785e+01 1.213003021373968515e+01 -2.483194496999085743e+01 2.887813231233931077e+00 -1.119842218857856864e+01
6.169248432319557551e+00 2.002191308597214814e+01 3.987423530797515525e+01 -7.010612531679880632e+00 6.718750094228794545e+00 -1.661662848153417116e+01 -2.053689819309332876e+01 -2.519901725383179425e+01 1.090033739963008941e+01 -3.982415289754720078e+01 1.872132772671194267e+00 -2.241517188110063330e+01
2.027091975885467789e+01 2.167307868646417290e+01 3.855211968276960022e+01 -6.198258930868654204e+00 9.970312751329528211e+00 -4.825031232986163765e+00 7.890153180694652768e+00 -5.853971766813420352e+00 9.915703295795811556e+00 -4.293042449198117083e+01 8.293689534159527810e+00 -1.094147347982453766e+01
2.119950681260815628e+01 1.603274741729091346e+01 4.279501023332498733e+01 -6.618928649705272171e+00 6.049052059475666709e+00 1.192322956008367285e+01 1.087689270853810086e+01 -1.850962001218741193e+01 1.996630860611082170e+01 -3.298850054248916308e+01 1.367650760644797359e+01 -1.497266835023979681e+01
1.273832451770987717e+01 5.728027563352227958e+00 3.908893370201388962e+01 -2.913430839390780136e+01 -1.306023877558921065e+01 1.576767298517003546e+01 -3.384341830950288621e+00 -9.176015621850993398e+00 2.338506483476439968e+01 -3.043530243747848729e+01 1.866501681766937537e+00 -1.000769411047712154e+01
-3.260858496008464869e+01 -3.779657200400022532e+01 1.646392788829868081e+01 -4.942039584475494252e+01 -3.108660693425855825e+01 1.236758114430299216e+01 -2.996028479598208705e+01 -3.770100873451933410e+01 -1.840912115073773236e+01 -4.285495376399988032e+01 -1.056132220377480735e+01 -1.846759798213543746e+01
-2.065461960844534772e+01 -2.842751969645410526e+01 2.427326194765244693e+01 -3.400096206553244116e+01 -3.870963108566520106e+01 2.895715982155530810e+01 3.821149428420704819e+00 -1.848158213649075066e+01 9.795223537858163354e+00 -8.700442180846291507e+00 2.561806546921702399e+00 -4.019419951968629334e+00
-1.706329625508337600e+01 -1.422301936883551932e+01 4.076736008430009406e+01 -1.561412757639514659e+01 -3.284536653923463234e+01 3.075451827887230394e+01 9.741179657919596835e+00 -1.991875252375039373e+00 2.644901577204434062e+01 -1.846103064218360146e+01 -1.152259451073281582e+01 -1.232797301233046383e+01
2.094518318174208460e+01 1.954231023720566895e+01 6.540243737651162803e+01 2.418865815605524361e+01 -1.530290196755234078e+01 3.910299782477235908e+01 1.129059037763206064e+01 -1.888737095245825515e+01 2.242197732136072474e+01 -4.562616911067345349e+00 3.149000653427182606e+00 -8.727838789667789143e+00
-1.233765065604129418e+01 1.074827411409027533e+01 3.459871909354730946e+01 3.256403125625857875e+00 -1.523002850676608233e+01 1.572173790374516145e+01 2.200566313257168360e+01 -1.523475570132693235e+01 1.854402954046837948e+01 4.412753704816967382e-01 2.886106724173891358e+00 -3.986490970545236046e+00
-1.806591918498081739e+01 2.774000121542935204e+01 3.586883007177455340e+01 9.028492261284323916e+00 -1.182391111093015290e+01 3.294104773948922116e+01 2.966449100961377638e+01 -1.335700171729804175e+01 1.684429269173148924e+01 8.545457585088207964e+00 1.441573814535486520e+01 8.466114688779233788e+00
2.056188563673287462e+01 7.782367773883072459e+01 4.545817454825289872e+01 1.603257231639743807e+01 -1.514238648617778438e+01 1.045465208075185171e+00 6.233838827333027410e+00 -2.019329994813969620e+01 9.800893866247113451e-01 -9.816476767170604134e+00 -1.063719316011227534e+01 -1.008934710854980388e+01
4.620835622637365248e+01 6.584680475790192133e+01 3.284630909674989852e+01 1.504630520284461426e+01 1.207818818050738940e+01 1.745000076556764412e+01 1.664012242420507448e+01 -6.218384853475583007e+00 1.111271435944126651e+01 7.225937367883689788e+00 5.752308277820006310e+00 -1.607847998757458985e+00
2.424014663495212218e+01 6.928760812503027466e+01 3.242448931470420348e+01 2.524702179670688551e+01 2.008643986442471885e+01 2.720687270796303636e+01 2.284804660611517590e+01 -1.268371049090711633e+00 3.202673095762581568e+01 3.098052166510604444e+00 2.313103032934806347e+00 2.990763678458674857e+00
1.219027340085588662e+01 7.031314378824154687e+01 2.306804389058398996e+01 7.905651217683907106e+00 9.684095144797165489e+00 1.077982530210850065e+01 -7.696615958840992144e-01 -2.781196335055444724e+00 2.368063620000251035e+01 -5.678805037263729538e+00 5.707402510169762522e+00 5.430664078095619018e+00
1.136274995917772657e+01 5.953884355725470812e+01 2.005081760029969828e+01 1.708284437194003758e+01 1.512225718009240794e+01 8.910372924593037425e+00 1.214530818968846582e+01 -7.654057969475507761e+00 1.447139589578080354e+01 -1.056593811480872169e+00 -1.959164321446393020e-01 -2.540596582421284388e+00
-2.705121039607782762e+01 6.908196005167661724e+01 3.051986037294863863e+01 1.690622711129247691e+01 1.536883596922768902e+01 2.440232078969103924e+01 2.560110680029310970e+01 -2.363947160428892857e+00 2.141913507333868694e+01 -1.291484997422081449e+00 -1.842702649596610343e-01 -5.330439463715620718e+00
2.930688591097502460e+00 6.364647651111316407e+01 2.738892079328261531e+01 1.958640771173435979e+01 6.494516242847677034e+00 -8.703224674215987999e-01 1.983829769232243523e+00 -9.421179563331023132e+00 1.793291504233001632e+01 2.752208241901111130e+00 -8.805705441641825004e+00 -4.170482245662932019e-02
-5.761701563570007067e+01 5.757728642655605711e+01 3.355801640183449308e+01 2.165187773456722198e+01 1.477871931544369311e+01 2.004623831710599902e+01 2.005647583306073045e+01 9.236030051929709828e+00 2.374523287072270961e+01 -4.501396894513266744e+00 -5.482999415750454020e+00 -9.153742492745216452e+00
-4.449185234061971528e+01 5.137665670068300727e+01 3.314534740989278561e+01 3.855552711081520556e+01 2.329548227196210064e+01 1.865645519136371888e+01 1.661122662316868315e+01 2.855631461206244559e+00 1.850640189741211117e+01 -1.336283685147789946e+01 -3.979329845375498387e+00 8.406164903850173786e+00
-4.203205249981976976e+01 4.794807501619803958e+01 4.128718952208620863e+01 3.529427886098059020e+01 3.007857840786963877e+01 2.021136307547309485e+01 1.126254419001836204e+01 9.620782686099241587e+00 3.064123210654057772e+01 1.426006865512460564e+01 4.301958830675447487e+00 2.823420935854647151e+00
-4.307962231913409568e+01 5.160245194855228590e+01 2.737174107250384125e+01 2.285095115972183066e+01 1.812148552334760510e+01 1.807205128415004225e+01 1.080714147970980221e+01 -7.811643192301538363e+00 2.185642153192817005e+01 -7.521875622208813894e+00 -3.608713792479004923e+00 2.581362407988674335e+00
-1.257611610478181152e+00 6.713551170111753663e+01 2.787764312971698999e+01 1.684480210574533743e+01 9.648026360738775509e+00 1.488789039560204230e+01 1.270293897139309891e+01 6.182728920475776491e+00 1.631817254262877981e+01 -4.176021326591857985e+00 -1.327347362143056042e+00 1.299130016247328934e+00
-3.589776857281357536e+01 6.534340406583643812e+01 3.036532803323259699e+01 2.680751122335007963e+01 1.794808407353662716e+01 2.052758239133143547e+01 1.390788513802239379e+01 4.612568986073042332e+00 2.543595992057967337e+01 1.865001358976179358e+00 1.708754504467847379e+00 7.191675147555850245e+00
-3.705971166056913546e+01 5.405355898350920540e+01 3.081526123180943699e+01 2.178218859904183446e+01 5.766984295404542493e+00 7.421355529081369085e+00 1.477223751470671331e+01 -9.877902791486738998e-01 1.485364150205664480e+01 -8.307655035626595463e+00 1.912281534705869923e+00 1.120697494368252833e+01
-6.994180207887876577e+01 3.163668266510801885e+01 1.485818506765969005e+01 3.000559436401096747e+01 1.329383763243545680e+01 1.681520397856014881e+01 1.416968237337919945e+01 -1.403290030965700375e+00 1.939700023465699630e+01 -7.055670426257676375e+00 7.690005673863218760e+00 1.200303465991606089e+01
-7.724701257893937623e+01 3.542854679754783831e+01 2.287797645977820338e+01 2.368681399734288107e+01 2.309098094899406917e+01 2.616975178838799110e+01 1.111753920075088331e+01 1.480436228956478528e+00 2.476646453327972708e+01 3.006298227690106906e+00 7.835074975388975904e-01 -3.071005462087915916e+00
-7.368110607429686354e+01 2.623732878012481251e+01 2.004745020485175644e+01 2.796283841137562121e+01 2.347853807619042499e+01 1.395921366776696892e+01 1.879516620067576937e+01 -3.123663159989855664e+00 1.244781007371746284e+01 -1.520363677204025166e+01 2.049301029449837941e+00 7.389802566844298148e+00
-9.734538183228286812e+01 3.288188456447275598e+01 2.660596899537272009e+01 3.074546438112074043e+01 2.017818040056971540e+01 1.754540265340235194e+01 2.256147959302609252e+01 1.377609744399837766e+01 2.700686872252819626e+01 5.702774004792738438e+00 -1.976507929402693264e-02 1.893298448260984657e+01
-9.352898648993439679e+01 2.482840261072103871e+01 1.164885937739244426e+01 2.830198994464032580e+01 2.830437506080959054e+01 1.700652306762786026e+01 2.590649114117011109e+01 8.114705554591937542e+00 2.397972615311309852e+01 1.025113801192827800e+00 -1.157911495180491457e+01 -5.498868032568828390e+00
-1.003638865731677186e+02 2.371578975473622464e+01 1.198888099093667492e+01 1.129686616328394777e+01 7.602357646107700262e+00 1.022623350985839608e+01 6.140235877428841249e+00 -1.016930478866689924e+01 1.392975371966253917e+01 -1.934121754883857403e+00 -2.554744664772508056e+00 -6.435358378265310098e-02
-1.007656274118564141e+02 7.140750880971192593e+00 -1.285850635983175039e+01 3.954467523138012197e+00 -1.993578724739823116e+00 1.517797891042243918e+01 2.595577257911891422e+00 -8.758691585514919442e-01 2.880461883434405834e+01 1.140377169705926619e+00 1.623519812191873690e-01 1.496690944314012306e+01
