-1.123161790107701989e+02 1.723845604449165592e+01 -2.363531342596904494e+01 -7.367759298017029224e-01 -1.543182156748119915e+01 -3.343690279769215401e+00 -1.394573808970923956e+01 5.223352674625326486e+00 -1.060615589649757418e+01 2.830510410245867803e+00 6.204543614978085264e-01 6.299553347300959949e+00
-1.163786900159994389e+02 1.610512179666818611e+01 -1.143986923175408421e+01 -1.080130240868209057e+01 -1.423984834523075804e+01 -1.035785956929862373e+01 -5.830653054057735929e+00 -3.595975338055457549e+00 -4.078726481723239594e+00 -1.280433166319547844e+00 -7.543195716842204135e+00 -2.657602770951009497e+00
-1.119505206445922454e+02 -3.022668083085592095e+00 -1.968770719436344763e+01 -2.396864534581076001e+01 -9.442524601506812942e+00 6.358173327266866792e+00 1.168761028138725244e+01 3.667328729538236409e+00 7.051509364896921817e+00 -3.982597878299344973e+00 1.050659616228306170e+00 -1.046687355477300230e+01
-1.033850181595693414e+02 -8.700139915231270837e-01 1.985201614621177946e+00 -2.798646336375838928e+00 -1.030269212941810508e+01 -1.044417692324372737e+01 1.769449963617849564e-01 1.354611925113011317e+00 3.506120046480731833e+00 -9.118077801726560239e+00 1.199071926469354565e+01 5.769661825663686905e+00
-1.092073995979419294e+02 -1.614737075459344950e+01 -7.128071510070929762e+00 -1.716863601936637096e+01 -1.863753126209466870e+01 -2.276729588707351226e+01 -7.540279688970195515e+00 1.550245067243886332e+00 9.277915067598089038e+00 -1.678901796574975691e+01 -5.448526455869226126e+00 2.723712410285996199e+00
-1.013969586777686089e+02 -8.340426170478808521e-01 1.617208361608359457e+00 -1.474106756346807323e+01 -6.487166253630416435e+00 -1.416968966940691921e+01 -1.925251672097843869e+00 -3.420210178092401243e+00 6.426247735061444644e+00 -3.657747259741313428e+00 -3.916774394225323697e+00 -8.848437053554594200e+00
-9.326657311496062164e+01 -3.566491589585045752e+00 -8.851303964724031914e+00 -4.744922624086387763e+00 -8.377553691865376351e+00 -2.280875595692753421e+01 1.378421241874019376e+00 -3.903819089023769617e+00 3.599523072490937725e+00 -1.107203613280698917e+01 1.838346867382145700e+00 6.129873769091590319e+00
-9.929498386724111469e+01 -1.502006128519504657e-01 -2.912204382481187181e+00 4.245618391474197395e+00 -2.173838286794992136e+00 -2.108881658928788738e+01 2.225409917472269683e+00 1.733741869634672916e-01 6.665534667745400377e+00 -1.209306965093312147e+00 1.264589026383222237e+00 -2.098559442387652130e+00
-1.091574647652673775e+02 1.566886752199315502e+01 -4.810542833092900317e+00 -8.704282247521902605e+00 1.371365679329516674e+01 -1.209113395446150996e+01 -1.957549184424385746e+00 -3.866691459753934801e+00 -5.645823074644461315e+00 8.681968794303646320e+00 -3.742391830852939805e+00 -3.322185106659170550e+00
-1.501381615585722216e+02 7.628151927678106681e+00 -1.348447421275019842e+01 -1.472211610544654370e+01 -1.351341094083236527e+01 -4.491253656717694298e+01 -2.644243244316376718e+01 -1.258261011881658931e+01 -2.127869012550373995e+01 3.187706427231809414e+00 -3.382073247539406680e+01 -3.275903542880275410e+01
-1.432191548008801192e+02 3.743773382495610491e+01 -1.763724818066547684e+01 5.480739941855296671e+00 -1.460984545010489910e+00 -3.016157198361839420e+01 -2.641450391409386089e+00 -1.151732100063603426e+01 -2.447703982011027435e+01 -1.196427247996836840e+01 -2.213284013664418737e+01 -2.721865098644845560e+01
-1.391756568971200068e+02 2.700149437545354658e+01 -2.608318887750259307e+01 -1.773065153936240312e+00 -6.080446289831842321e+00 -1.239134126550062298e+01 1.375329967624007610e+00 -1.658715913607318626e+01 -9.293635101037452273e+00 6.381545806592998638e-01 -1.521700282005146176e+00 -1.852635406116491623e+01
-1.461862489951094233e+02 1.636854841712887776e+01 -3.247569541219738198e+01 -3.417430976177691981e+00 -1.481347010776844186e+01 -2.907878067828725932e+01 -1.245813430147431333e+01 -2.916441340794674986e+01 -1.852546446830680793e+01 -2.288001412398590340e+00 6.489202612422857896e+00 -1.800608547485015265e+01
-1.133323306989217656e+02 1.329982802031410216e+01 -6.965756171367512017e+00 1.262778118624983748e+01 -2.179048920716073923e+00 -1.770313210996003761e+01 7.150697323048729181e+00 -1.006755923375985162e+01 -7.472463092941637797e+00 -6.498172323038810205e+00 1.373636701403433413e-01 -1.271853779262731976e+01
-9.480919428672837057e+01 1.607150417581923207e+01 -9.276135624920119227e+00 2.765344119856188776e+00 -1.993976989972168656e+00 -1.559068093270903788e+01 -2.010564981342372270e+00 -1.936120694089009220e+01 1.286464180751112352e+00 -5.541923109148063631e+00 -4.009446724875786572e+00 -6.473389124295679586e+00
-9.130301992563710201e+01 1.324411960121006970e+01 -5.633894255329805034e+00 -1.666185196590337370e-01 -9.692316415305732846e+00 -1.295223470819828471e+01 -9.011433465756477190e+00 -1.442025622277938268e+01 4.941138017364959722e+00 -3.071418244148083510e+00 -8.334279203943111725e+00 -1.689725364788004569e+01
-8.811677030329963145e+01 -2.491800951996681057e+00 -2.817023539830320189e+01 -3.738504345010692731e+00 -1.206921070435371846e+01 -2.050756174261178444e+01 -1.224920612013773003e+01 -9.544601263437009209e+00 7.712230556682034610e+00 -3.083078126433330901e+00 -1.226425865476084454e+00 -7.151484362860079713e+00
-1.109405565671939655e+02 -1.729453690190636195e+01 -2.874743218273341938e+01 -7.438804742355845434e+00 -3.280710495849228803e+00 -2.769690462873356296e+00 6.833988920626815400e+00 -4.191131032779495946e-01 1.793883698789225178e+01 1.975586321434203541e+00 3.356548299340800678e+00 8.585463053069437578e+00
-1.041757552517238707e+02 -4.880682679150644354e+00 -1.515205227669086696e+01 -7.629512569197672178e+00 -1.043857234633409625e+00 -9.949981872626691981e+00 -3.393510299764474603e+00 -3.704949690433687604e+00 8.495791798234087366e+00 5.695682262043675337e-01 3.100798850875627455e+00 -5.856844028095528287e+00
-9.314750681681212541e+01 6.358012367168218049e+00 -2.030964977748816125e+01 -1.069674936327724879e+01 5.236407758522655165e+00 3.217536904540565068e+00 8.119814955338732432e+00 -2.636118361495106921e+00 4.396860041668849028e+00 -1.069620212551028260e+01 1.095128526400075408e+00 -4.261199993925852247e+00
-9.227958469737109226e+01 1.207476083204539208e+01 -5.515004662370251332e+00 -1.113738282430120385e+01 -1.926978531703809239e+01 -3.908978964756846697e+00 -1.783943054187629329e+00 -6.937145278447985675e+00 7.709280325488927055e+00 -1.454201578514061310e+01 3.079875220758783172e+00 1.352790601759133571e+00
-1.039677514756491234e+02 9.294548232507365171e+00 -5.734641994920597341e+00 -1.286468363016146910e+01 -5.057978307753943525e+00 -1.160574879081704935e+01 -4.487089299701374934e+00 -6.211222508211116988e+00 1.335360066247560340e+01 -6.307574914685737610e+00 -2.183721743206789245e+00 -2.788111552420164063e+00
-1.117888503646985043e+02 4.416805346416661671e+00 -1.472680821639209725e+01 -1.032461707042785015e+01 -8.622299665521975243e+00 -1.421362141585554006e+01 -1.131746610750003157e+00 -1.609617159273594922e+01 6.226833026517313741e+00 -7.832404946211775965e+00 9.146701055483809739e+00 8.614097216625168585e+00
-1.075260355552728697e+02 1.588588679521692981e+01 -1.168486530631462372e+01 -1.567760508632128236e+01 6.989630399088602175e+00 -1.090497796706915423e+01 9.051827980763905046e+00 -2.503926867460234007e+01 1.066371116088188131e+01 -1.751602971211826620e+00 7.016070202615907192e+00 1.209390754954876002e+01
-1.205396108514508171e+02 8.582096608006521521e+00 -1.924233507188470682e+01 -2.154995928146697537e+01 5.395418317786731421e+00 -6.767207997936521835e+00 5.414061040512827105e+00 -1.817489043537922200e+01 9.804267829538304113e+00 -8.521826542573876395e+00 -3.310636667890504814e+00 1.010578425411608272e+01
-1.261264534738487129e+02 8.704590153028592958e-01 -1.509827596168387132e+01 -1.660766140150218462e+01 1.603695755260829969e+00 -1.176586751658131114e+01 9.726812542082164725e+00 -1.700562047978699454e+01 6.517352300153086198e+00 -1.525542924848188520e+01 -2.409791437626866983e-01 1.896801059725193284e+01
-1.225222424406799320e+02 2.834700743635316211e+00 -4.157050874892934900e+00 -1.747941410311099730e+01 -3.495408785478840485e+00 -1.179143804971440446e+01 7.371472153897220103e+00 -2.038139622430260900e+01 6.355159124652118408e+00 7.569303542160993103e+00 6.711330808449760710e+00 2.047567138834249789e+01
-1.213090198477818547e+02 6.508582549061234346e+00 7.901362279596821914e-01 -1.662596972542863583e+01 -1.131145506180148885e+01 -2.467795831774858328e+01 -9.257039249373791634e+00 -1.083812912402822093e+01 7.001107107975371946e+00 1.551586034355870058e+00 5.707250419145037945e+00 4.683195419743565679e+00
-1.010744247737918045e+02 9.041388660317114301e+00 -9.372301397792645261e+00 -2.537297971577391209e+01 -2.437063302668279619e+01 -1.958642065846371594e+01 7.189822035673899769e+00 -1.075398842222404738e+01 -3.976854275091294078e+00 -6.018380471191385972e+00 3.231419802600560054e+00 -4.593748519907330241e-01
-9.195593115317348065e+01 1.045833013481247598e+01 -1.663899139755156042e+01 -2.951186500773299670e+01 -1.231119306302743865e+01 -1.461423534149561831e+01 1.407036749473867943e+01 -5.278334643537304416e+00 1.672015116733875262e+00 -6.060512713878610569e+00 3.116712519044480434e+00 -3.789623678220472414e+00
-9.341729161115799229e+01 -6.393083753885967724e+00 -1.588759984101774059e+01 -2.461789022774091151e+01 -1.429052900638012780e+01 -4.524571584909245381e+00 3.162974882140567878e-02 -8.892369337759600256e+00 -8.598677214110448830e+00 -2.187539784439532564e+00 1.792650479141609576e+00 -1.284036056423899197e+01
-9.629375661474681181e+01 -3.431847198000864019e+00 -1.535715391162296939e+01 -3.814530466466706571e+00 -1.874004406013154522e+01 -6.150817852315409340e+00 -4.049216453218941858e+00 -9.650085230506068257e+00 -6.315902790863838767e+00 -1.348854836927572265e+01 1.456516029968297321e+00 -1.116914672502975492e+01
-9.491623332702580740e+01 2.085410209894036360e-01 -5.976524484192820452e+00 -2.026484066657111782e+00 -1.320471968486739556e+01 -9.014138720565174623e+00 -5.570697676517342600e+00 4.344220657999903423e+00 9.971837342967269535e+00 2.851883922892072043e+00 1.895566683426995302e+00 4.862549624075751531e-02
-9.657053209508524105e+01 1.018410166031860342e+01 -7.869530422694782423e+00 -1.381156395803651904e+01 -1.753023190361376038e+01 -8.035794170452255969e+00 -2.692469453479775954e+00 -7.243463432901537047e+00 -3.814068891178216347e+00 -4.854872059028292774e+00 -2.133332279380532714e+00 -1.964402819813638601e+01
-8.889795371843769090e+01 1.945450788877345261e+01 -1.174118402359244229e+01 -9.223618571991664794e+00 -2.264137630492054143e+01 -1.460323542358298177e+01 -5.916797132750249766e+00 2.150367967945491454e+00 -1.285500523327131006e+01 -9.931429314301917444e+00 -9.514749139568353442e+00 -1.302433228037624602e+01
-9.367545709097271356e+01 3.161457047182125990e+01 3.614433424309779319e+00 1.409985192587236824e+01 -9.923206017972891146e+00 -2.405237991486797622e+00 -8.590808403395206128e+00 3.651175549831567224e+00 -1.050971879711676138e+01 -1.979634474463587424e-02 -7.104293155674867855e+00 -1.473426291869985505e+01
-4.623363835890887685e+01 6.625805269112427709e+01 1.897380921685603994e+01 1.675226014986585099e+01 -2.276104148729161381e+01 -2.458359926416085628e+01 -3.367845498501769441e+01 -2.299597866681755676e+01 -2.966078952083848819e+01 -2.533963169370078106e+01 -1.416465683474071469e+01 -2.690282217532076459e+01
-1.797862302600884377e+01 9.061379902368102535e+01 1.818122006858013151e+01 2.361508761208752816e+01 -1.909396845183426095e+01 -4.532564760650966917e+00 -3.611592787107291969e+01 -3.032611485465275791e+01 -2.683144138500190579e+01 -3.996623634034730799e+01 -2.566800373743937769e+01 -2.777451552995331951e+01
7.934149342871217314e+00 1.184989504181848190e+02 -4.430218597032154371e+00 2.101678142815504202e+01 -4.713809086551292182e+01 -3.261707372719870079e+01 -5.531948767498829511e+01 -3.695926244766808111e+01 -3.692105652840263019e+01 -2.956105270324164280e+01 -1.499650406209980069e+01 -2.335018345408955298e+01
1.283991707661901316e+01 1.490395336484419886e+02 7.346696421075622485e-01 2.657973557529228970e+01 -5.172667705772416724e+01 -2.733368592104842776e+01 -5.799615199440493285e+01 -3.546748079513740493e+01 -3.573251572399566101e+01 -1.287019499821592206e+01 -1.167060794974430493e+01 -1.426902987294909053e+01
-1.192468984894216177e+01 1.441845274544896256e+02 -1.609372320924403255e+01 2.650816514603288709e+01 -4.822047507129749988e+01 -3.159042918867184113e+01 -4.520179116172425893e+01 -3.805448158977449680e+01 -3.139964156312916543e+01 -2.786471115462145320e+01 -1.393542240270627275e+01 -2.282920861819966518e+01
-5.091989727669789545e+01 1.633921774956334048e+02 -3.324181976390784143e+01 3.088154676159111034e+01 -4.967571846553852311e+01 -3.445662258457912230e+01 -4.780776424405389236e+01 -4.019613756734625554e+01 -3.432663931215026309e+01 -2.577775484798949535e+01 -2.622516728643289596e+01 -2.834093381372247933e+01
-6.864043700193863629e+01 1.701554321586826291e+02 -2.562528244059625848e+01 3.751803966972512683e+01 -3.951925874750180867e+01 -2.616279556349966384e+01 -4.840619346872368567e+01 -4.908559210798440375e+01 -2.963830918180292784e+01 -2.067103391538583423e+01 -2.488456920425344521e+01 -2.126286044215950355e+01
-7.884993787185194947e+01 1.712777544196625854e+02 -1.074593378038410307e+01 4.922661686426827998e+01 -4.833177110601114634e+01 -2.693842949730085934e+01 -4.747846142582140772e+01 -4.766120284410902030e+01 -1.797158271622712533e+01 -2.903727615671197171e+01 -1.127669665720774361e+01 -1.325093640496624303e+01
-9.386692802245632095e+01 1.588667272330033029e+02 -1.739195747308649231e+01 2.767566623618634480e+01 -4.727959059006997222e+01 -2.932457040621555322e+01 -4.472915821094800748e+01 -3.764350200338392227e+01 -2.190467719150758441e+01 -2.819612875894231863e+01 -1.013247938987809604e+01 -1.172304639701662055e+01
-1.324683076171733944e+02 1.233069671651299615e+02 -3.459108205289670934e+01 1.484212136722287667e+01 -4.871318651996715232e+01 -3.842728270106103139e+01 -4.540223631150998074e+01 -4.330544904511972959e+01 -3.067549434804121233e+01 -1.971467874238202356e+01 -1.347892846233628461e+01 -2.070235623179350171e+01
-1.408951741228942183e+02 1.362240015337067405e+02 -1.141317947849174708e+01 2.727518419662047577e+01 -3.109426902560921491e+01 -2.984680692064123875e+01 -3.811267637807964093e+01 -4.127109390589450300e+01 -2.683445987856944015e+01 -1.984344582207034691e+01 -5.767356331379341228e+00 -2.696847214992537545e+01
-1.509166169814126874e+02 1.291528746487036869e+02 -5.511546092713146550e-01 2.472504738490978937e+01 -2.223963676112909482e+01 -2.622548179417800185e+01 -2.928240353279834096e+01 -3.012927922960181704e+01 -2.428118860615025909e+01 -1.959822015032776932e+01 2.379007802271186023e+00 -1.406297759353401133e+01
-1.890120952051314873e+02 7.726726233002557365e+01 1.889402303249630677e+01 3.992882622554247085e+00 -3.147914487197505906e+01 -2.165980634209407185e+01 -3.682610486354485602e+01 -3.884666629003383065e+01 -7.170126749174549730e+00 -3.713107004890015883e+00 -1.302000525243754581e+01 -5.615593501310000235e+00
-1.845801467069383932e+02 2.572546638527323637e+01 3.334561173627646724e+01 2.825451980321913137e+00 -4.100024124472433584e+01 -1.314623986466370908e+01 -2.714236868534840141e+01 -2.969931549430791407e+01 -2.242424251238044342e+00 -5.142234949014500955e+00 -2.432652467660241413e+01 -4.287002728282519826e+00
-7.933212066755967840e+01 1.702094402559990272e+01 1.872964031844603250e+00 -5.540218756487240270e+00 -3.540971594416107848e+01 -5.340423851550420764e+00 -1.455164140748424728e+01 -2.092165273127289282e+01 -9.765984740374399564e+00 -1.708048763984553275e+01 -2.013556725784292922e+01 -1.619782942455502806e+00
3.929780097427249430e+00 -1.398169189525853895e+00 -4.026861947366356986e+01 -2.355138262627220769e+01 -5.396003315667867639e+01 -3.743748441474282629e+01 -2.870874574778189370e+01 -2.207582221796106481e+01 6.460017582458545959e+00 -1.709098194633818224e+01 -2.759684523086445651e+01 -2.485920378300428268e+01
-1.221182947294152443e+00 -2.117704640913870762e+01 -5.226993515632209863e+01 -3.141153792035979109e+01 -4.058167974213138507e+01 -4.102350860405449851e+01 -1.476968625416714076e+01 -1.835430353451686614e+01 -6.395967736334958076e+00 -2.692020933656522885e+01 -2.919252491315909026e+01 -2.194162429657841784e+01
-1.117898126971898609e+00 -2.601657814314429373e+01 -5.423817347477641704e+01 -2.060541648809931559e+01 -2.597882895945158666e+01 -2.541139658140286173e+01 -1.905042467447983512e+01 -1.439919099527154955e+01 -9.730304317418177362e+00 -3.211598996639814629e+01 -2.452926466337120104e+01 -2.182216876297738750e+01
-1.069218308660792438e+01 -4.271613304181845905e+01 -5.833300345077365989e+01 -1.579028809441076220e+01 -2.157895052233708100e+01 -2.201786247234205263e+01 -2.434479499526867841e+01 -1.570165509276334603e+01 -1.244959928308147212e+01 -4.619097805613790797e+01 -2.199447154909704594e+01 -2.731444003018950895e+01
-1.819601074891603076e+01 -4.787687981287025707e+01 -5.947774449741400105e+01 -1.051503699252505086e+01 -1.221368788308305930e+01 -1.418638730064422759e+01 -2.190553729576737751e+01 -1.755865074467459408e+01 -1.709030442758630386e+01 -5.128193638900585682e+01 -2.471609863546970232e+01 -2.224165957522622961e+01
-1.995591641421538398e+01 -4.918903686582576995e+01 -5.705537970688966709e+01 -1.872666182706384319e+01 -9.734506379207875426e+00 -1.231867480643177259e+01 -1.463204366542725055e+01 -9.656001915742971065e+00 -8.858759724648995970e+00 -4.188094027017088905e+01 -2.881018602090469116e+01 -2.238938245951710471e+01
-3.731663218667426207e+01 -6.209159810550791292e+01 -4.262314619871688848e+01 -1.497655014271816754e+01 -1.542354687448986184e+01 5.993123625208861327e+00 -1.600018577755002980e+01 -1.560548596561281087e+01 -8.044445646411061190e+00 -4.426156816825734808e+01 -4.136641501003979471e+01 -3.739472570352261016e+01
-1.091031022193690880e+01 -3.445633113274818982e+01 -5.419081446490746146e+01 -1.949879229738560582e+01 4.976932043662520400e+00 -9.528287475835247600e-01 -2.535051813283362421e+01 -1.072608144703266575e+01 -2.613232089782761225e+00 -4.865676825308467812e+01 -3.272969013929353110e+01 -3.537311371303501062e+01
2.813649743527337765e+00 -4.147790880650074996e+01 -7.761823404383036973e+01 -3.901837512279674058e+01 -6.476746540368585769e+00 -2.248826426532541944e+01 -5.043363809501830985e+01 -1.984409862970190375e+01 -1.444212404369796232e+01 -5.696712206185208061e+01 -3.464683992223962150e+01 -5.241343254887939906e+01
2.676669776247764077e+01 -1.721247562592927949e+01 -7.829587945059310528e+01 -2.576967777896501843e+01 1.788713636947214525e+00 -4.882758518567401396e+00 -3.558571351207079658e+01 -2.339564692007747482e+01 -5.808209145210039281e+00 -4.158485400980791269e+01 -2.871596588157724739e+01 -4.437467971250696763e+01
3.532500277238131048e+01 3.358232640799227120e+00 -6.469771192731623444e+01 -1.260128822676305660e+01 -1.687434794052806097e+01 6.266849440256951453e+00 -2.462922079947678355e+01 -3.553771509614446700e+01 -3.723820500366836761e+00 -2.504783960185788416e+01 -2.823662490378069734e+01 -4.526802034049927670e+01
4.698567607199504437e+01 5.247789061431795687e+00 -5.932559314145406404e+01 -2.058812374318236493e+00 -3.636322509576419293e+01 -1.654234948741110856e+01 -4.325314475959934413e+01 -5.903918819723911326e+01 -1.094102907426557536e+01 -1.983466000183360123e+01 -3.184340314279022266e+01 -4.447058509343165866e+01
5.768956459413749371e+01 5.400159724055677124e+00 -5.889411421733338159e+01 4.484452436991008817e+00 -4.008425542019461574e+01 -8.900640020407788455e+00 -3.206163647983204612e+01 -5.045179613537551688e+01 -6.815156563763192565e+00 -8.939719315721326609e+00 -3.606897562456790496e+01 -2.839821868306102814e+01
6.267718174771276551e+01 5.117117600158561430e+00 -5.965558254909451819e+01 -1.559584901462283568e+00 -4.597606410863964754e+01 -1.271903503619284947e+00 -3.520995656461902001e+01 -6.750713445277195035e+01 -2.974600220158151842e+00 -1.104686262710761824e+01 -3.153538046070275769e+01 -4.006003127653599449e+01
5.566819751033862929e+01 6.611389170180240527e+00 -6.076912586099710722e+01 1.449312816438636986e+01 -5.622019955548154257e+01 4.633648873535644697e+00 -3.755297749257066897e+01 -6.220877930160096270e+01 5.471456920803833945e+00 -1.760100541253039808e+01 -3.144166005482119886e+01 -3.799080980011559916e+01
5.810333613063723135e+01 1.910678192659658547e+00 -5.960156298028327626e+01 2.373691514511286016e+01 -5.914550592541117879e+01 5.341176221088250742e-02 -4.120066101780516021e+01 -6.893687325728134851e+01 -4.706799388907759507e+00 -8.039845330441620419e+00 -2.286700465018246575e+01 -3.591601484958533774e+01
6.822553002153142643e+01 -1.117031127666876955e+00 -5.067076972948217417e+01 1.640712151618308923e+01 -6.445077696407665258e+01 1.076314536065823724e+00 -3.268212196046513895e+01 -6.262454285542676047e+01 -1.358788196377896007e+01 2.233308257553237031e+00 -1.637200623636141472e+01 -4.507704082082717889e+01
7.359622612248952578e+01 7.927531174663129399e+00 -6.013307699685667274e+01 1.805695858122128072e+01 -7.019877814077727862e+01 3.176499633421132174e+00 -2.388001226715426384e+01 -6.174904163250819522e+01 -1.063544687360159102e+01 2.152216690340184702e+00 -2.856269765387299842e+01 -4.891986630911851819e+01
6.240362428130595873e+01 3.718264818031033148e+00 -6.287513196443099162e+01 1.597778087622723930e+01 -7.778379162029243332e+01 2.809944421517911017e+00 -2.789374400721444758e+01 -5.929519440738770442e+01 -1.858845292950400463e+01 -8.395488132436357276e+00 -3.462174329829488784e+01 -4.875199734919868888e+01
6.229846487683816036e+01 1.106171670486576986e+01 -5.252882516601866314e+01 1.233453671936661422e+01 -6.022136651928229156e+01 4.732072128405803824e+00 -2.468349501044426120e+01 -5.659643998439219814e+01 -4.210724684179399446e+01 -9.583817665642788697e+00 -2.763678958683781417e+01 -4.197618294851535836e+01
6.709246911516186174e+01 1.398516577635493974e+01 -2.768830524965543916e+01 1.633874470145113733e+01 -2.640526834431632608e+01 -2.582644108891661183e+00 -2.285829338569661218e+01 -5.995769099456241236e+01 -4.632550158134836948e+01 -4.137557688672288236e+00 -2.578980955113683393e+01 -3.582057944812854799e+01
2.981816923276684861e+01 -2.847391532133833447e+00 -8.492505257731362889e+00 -1.041053531965874157e+01 -1.616408078496976586e+01 -1.562450666762765294e+01 -2.693961849641601347e+01 -5.583339598921685365e+01 -3.357431141884687520e+01 -6.487709997722678423e+00 -1.855591651023419075e+01 -2.479679369128184874e+01
8.907044064211005363e+00 4.446982989577997536e+00 -1.752645955305479220e+01 -8.300934600159184384e+00 -6.830345838315710072e-01 -2.468335493237877998e+01 -2.305948854561870931e+01 -5.736714941408617108e+01 -3.401014909820726473e+01 -1.677815328947333740e+01 -3.385488969413346183e+01 -2.959695993822786875e+01
4.452938361189493044e+00 3.208524900984549078e+01 -1.600896268116968457e+01 -3.785744107687500026e+00 1.332423637916249248e+01 -2.201978366397009168e+01 -2.275809280194591366e+01 -3.737649091497060994e+01 -2.706835930865497630e+01 -2.808536821386266524e+01 -2.815646154597270368e+01 -1.016972723416813551e+01
-9.258321985664075271e+01 -4.172668112257046857e+01 6.071794447974681042e+00 -8.261788277210584397e+00 3.408448376958975956e+00 -3.399388144975711157e+01 -1.899356109604641674e+01 -1.215363706740280136e+01 -1.601672829765438877e+01 -1.067369725028056848e+01 -2.437216301287183740e+01 -1.144538626084286825e+01
-1.185102077319959477e+02 -6.811968452307193900e+01 -1.230530467486768487e+01 -2.722468416110874045e+01 -1.267174928378386589e+01 -5.371633420385297342e+01 -2.826776037052326629e+01 -8.234022503052647934e+00 -1.441747733966348122e+01 -5.500818731600705114e+00 -3.291857381028993501e+01 -1.643932212661334802e+01
-9.064373248632499269e+01 -5.293396369156470627e+01 3.180048574534601880e-01 -3.200985045813903440e+01 -2.133342606596045954e+01 -5.668284455432532098e+01 -2.002540251136942118e+01 -2.231123712720841645e+00 -4.375886581737664649e+00 3.000188422326999227e-02 -2.565175817218987930e+01 -1.322027643859675727e+01
-1.238076092685041658e+02 -3.039388962176984421e+01 9.779004223551885033e+00 -4.060960872319824944e+01 -8.267934570664502658e+00 -3.606225077117503020e+01 -1.479245057003641861e+01 -8.064934079338328843e+00 -1.097548320405756606e+01 -9.136934621045499583e+00 -1.885348652331185093e+01 -1.800715565973735721e+01
-1.439805895188839600e+02 -2.620305739882265073e+01 1.337757807146001987e+01 -3.488354535317785832e+01 -1.112287379268991572e+01 -3.202189581238175009e+01 -1.435127851924500320e+01 -1.729611906385133580e+01 -1.023932450502073799e+01 -1.351436377203052430e+01 -2.287285956640131701e+01 -1.934161109115999722e+01
-1.489902472316977651e+02 -9.613707781449226886e+00 1.431725827991274258e+01 -5.634641850679712149e+01 -3.435849126022252165e+01 -3.931134585271139770e+01 -1.548944082091545305e+01 -5.535107615276340098e+00 3.366578106032788398e+00 -1.070530831866804533e+01 -8.392253390081217290e+00 -1.911306182017627719e+01
-1.799494874156180231e+02 7.028302239373742211e+00 -7.394474126059115804e+00 -5.566371099980208470e+01 -3.876179946884607830e+01 -6.117383110172747251e+01 -9.426395000689430148e+00 -8.319970478511873324e+00 -4.750136948389849234e-01 -8.044627365715594891e+00 -9.189488586622250210e+00 -2.109999518928815210e+00
-1.598743846249267904e+02 9.379915292565895513e+00 -1.292499107086307042e+01 -2.520744035235318137e+01 -1.859139625125777329e+01 -5.134814144474458431e+01 -3.459445111613049129e+00 -1.326905296429088210e+01 -9.583616621851444251e+00 -2.328447874440084675e+01 -1.162123877707051633e+01 1.429441367351723358e+01
-1.089132066813179449e+02 -5.696346267720056034e+00 -1.294908497665291591e+01 -1.411123821681820800e+01 -2.326604822008303586e+01 -3.709322647612273727e+01 -1.656287397441758458e+01 -2.876577928866040423e+01 -1.240516791670165553e+01 -2.832202198832644413e+01 -3.384211685872801922e+01 -2.298499802398028091e+00
-7.287323643155427533e+01 1.041498052715464517e+01 1.404127308049358902e+01 -8.420565465288252227e+00 -5.667555025711146222e-01 -2.852066365393355341e+01 -6.588539641034272698e+00 -2.913021115481184609e+01 -1.110564308528195987e+01 -3.468729247030788798e+01 -3.548089622763363593e+01 -7.707548425382595880e+00
1.858023461601226600e+01 5.333870351272027222e+01 3.330244655551720889e+00 -2.614970580238379583e+01 -3.496240837726554673e+01 -4.616053429622621707e+01 -2.914571865112461069e+01 -3.513942615713141038e+01 -1.937301643808380902e+01 -3.702789757660681857e+01 -3.536578898060466969e+01 -1.949349323479302143e+01
8.339436794195202651e+01 5.702995516364669015e+01 -2.247265052542164199e+01 -3.010143771210459818e+01 -5.899479187047451489e+01 -5.906563194699943153e+01 -2.890949014749748613e+01 -3.954238824181797440e+01 -3.886134033948623312e+01 -2.810456552179055123e+01 -3.591448019246139012e+01 -3.672059929203702922e+01
8.194795718771453608e+01 5.661028610267683803e+01 -2.171295640117116932e+01 -7.533131887413404115e+00 -4.364041292098265501e+01 -5.369113894210819637e+01 -9.618199080405611667e+00 -1.276005975479890076e+01 -4.006198320991870787e+01 8.370630832320046011e+00 -2.985066956253417203e+01 -4.294051903220244526e+01
2.390383197315045294e+01 6.152747652551513369e+01 -1.410519324014199150e+01 -4.533586110259415136e+01 -3.074802599171750828e+01 -6.770275821381055437e+01 -1.329956569850543335e+00 -3.202929405336902136e+01 -4.303233595319998273e+01 9.139562522872948236e+00 -4.702629175172113207e+01 -3.873782309089875753e+01
8.359196395810942093e+00 6.586711467851091584e+01 -7.174342077000131823e+00 -6.033169997916439797e+01 -2.168255549257200343e+01 -5.207675819403068829e+01 -2.337524224053442623e+00 -3.226769404057550616e+01 -4.539208346016826567e+01 2.269309914889161917e+01 -3.672825243862386912e+01 -4.991825316061326845e+01
1.158691356467408973e+01 6.561930800180205381e+01 -1.222912067764812427e+00 -5.932335393111178234e+01 -1.947773889156407279e+01 -2.299900210256319966e+01 -2.196468569095043222e+01 -1.183436550568289647e+01 -4.987543207696580794e+01 1.770929849121062460e+01 -1.671634336736079263e+01 -5.461990483998334867e+01
-5.304038375768218572e+00 5.636952445954299407e+01 1.189837181759831530e+01 -6.809618870655495471e+01 -3.092018113797497492e+01 -5.500673600112448547e+00 -3.653787190620401049e+01 -3.705164393021163072e+00 -4.613519596570466774e+01 6.264401911159255931e+00 -1.367324181393457572e+01 -6.258336627110821127e+01
-2.950903804373745842e+01 6.753028929020990745e+01 1.714146806828865266e+01 -7.830496390957429753e+01 -3.674577342837873317e+01 1.212377797010811609e+00 -4.126075592939214687e+01 -9.738601416996582216e+00 -3.875398455886177373e+01 1.796567065328146917e+00 -1.997061839984244003e+01 -6.880553305325602764e+01
-2.211810331447421873e+01 6.492461090862258288e+01 3.105024233566366476e+01 -8.570404857538184729e+01 -4.354228748292644013e+01 7.268288056782886919e+00 -3.434580723210331143e+01 -1.571137086467547839e+01 -4.081030479350569351e+01 -1.594965540454817976e+00 -1.694786835643623846e+01 -6.890891429038482840e+01
-3.819339195037638035e+01 7.861990253011407503e+01 4.715998868795972498e+01 -9.436320648973753578e+01 -6.086062770798587707e+01 1.534349795964046237e+01 -2.332495615886931972e+01 -8.905762304270051999e+00 -4.160360557506133716e+01 -1.201761481212153804e+01 -9.658340600233755069e+00 -5.722228785849756605e+01
-3.427090609492423567e+01 8.205349757521887000e+01 4.970149302628992416e+01 -1.041506968475686676e+02 -7.026209447184577073e+01 1.735354099147338758e+01 -2.409953003212008937e+01 -1.769355127932967520e+01 -4.152795801669991249e+01 -1.459760652037657991e+01 -1.603196025302369776e+01 -5.646973991147042682e+01
-3.396592707434715663e+01 8.072590226146583348e+01 7.067967622188022858e+01 -1.140160739254951210e+02 -6.254556964871326841e+01 2.301185523677878209e+01 -1.378965499941879713e+01 -2.065991671831927334e+01 -4.031327447180879631e+01 -1.648037037251978987e+01 1.354098399067750202e+00 -5.038721317864919058e+01
-3.166190600890084639e+01 9.155288486247705748e+01 7.186756676986030357e+01 -1.034053670135644722e+02 -6.572983247928988249e+01 1.464475603416790861e+01 -1.567788868903737409e+01 -1.816107378214541157e+01 -3.061690510894557349e+01 -1.628179906334096216e+01 -3.867686261232060385e+00 -4.839728835178934219e+01
-3.608605120590572568e+01 8.600542808174233755e+01 7.052841993516393870e+01 -1.008784502221163848e+02 -7.253102069008374997e+01 3.034207753678852093e+00 -3.434064693936085177e+01 -2.497311979598883980e+01 -3.629911946577705351e+01 -1.923128752093703397e+01 -1.220039485318368122e+01 -6.086883041126554872e+01
-2.927243620268591684e+01 8.642036393370023006e+01 8.180687326598116726e+01 -8.669547825947736897e+01 -7.793207800501073734e+01 8.801221609780833788e+00 -3.613002788700926970e+01 -1.296486400217443880e+01 -3.225703787453888083e+01 -1.584289942389880324e+01 -6.169885448543268147e+00 -5.609333792981557565e+01
-1.584904420257890223e+01 8.937417861320855650e+01 8.747577188258766512e+01 -6.564073040473270737e+01 -7.237341374502662461e+01 4.188131734959696040e+00 -4.352421699537939048e+01 -1.401329211515852791e+01 -2.819030861436624491e+01 -2.085009440021745064e+01 -1.180848806713874488e-01 -6.005410737606371185e+01
4.935601853268126504e+00 9.085292575765197398e+01 5.798059795908573477e+01 -4.915760457251172966e+01 -6.011128562356605443e+01 -1.276283197259798285e+01 -5.361750071938072892e+01 -2.362473833279088709e+01 -4.883400566623949146e+01 -2.685248220058238644e+01 -1.156182119783234441e+01 -6.446589169910036787e+01
2.489333324012331872e+01 9.269219702074769884e+01 4.895462252170437978e+01 -4.355174164361282863e+01 -3.463546177723056019e+01 -2.271684419699517576e+01 -4.829070058911303676e+01 -2.036767696951164908e+01 -4.220973291535057115e+01 -2.210065560439826271e+01 -1.967653358755218562e+01 -5.344059084917088853e+01
2.170475337589829934e+01 8.916050856183960605e+01 6.494223266460595312e+01 -3.753851317723859893e+01 -2.274501320535078364e+01 -2.145468743419714741e+01 -4.339855781198086504e+01 -2.284442402769135327e+01 -2.616510874012737276e+01 -1.589595459103102115e+01 -1.555299442420703571e+01 -4.269816020505552245e+01
-1.810162540787176511e+01 5.904106442481639760e+01 8.702907511682757047e+01 -4.902190817548681423e+01 -2.346368501854396271e+01 -1.527406941095749460e+01 -5.366074402618819761e+01 -4.103732908356994358e+01 -3.710403990775280647e+01 -2.640210439161438316e+01 -3.408203352172998279e+01 -3.091119731672100457e+01
-4.868302088903543989e+01 4.258199368660854134e+01 9.366613666522236770e+01 -4.967645126963252977e+01 -3.718944297295041679e+01 -9.158470325349320484e-01 -4.310692066671772693e+01 -4.265077029080370608e+01 -2.783650841528374542e+01 -2.012736038909607572e+01 -2.817639859188741625e+01 -3.414879786404360829e+01
-4.730712047840106749e+01 4.456418308534505712e+01 9.459326441854258860e+01 -3.282805629107082268e+01 -5.211830919419065822e+01 -1.424527219723801807e-01 -4.046457227027810433e+01 -5.391757248008396886e+01 -3.676274046785997029e+01 -2.367983415432446748e+01 -2.861397320066451755e+01 -2.706260421101289992e+01
-4.952083960095870196e+01 4.339341439242477350e+01 6.729463387379561823e+01 -1.594639387062298042e+01 -3.715939033322230500e+01 -1.425630629119553205e+01 -3.580250967523231509e+01 -5.364396680990299160e+01 -3.386120518103686550e+01 -2.906009865015609250e+01 -3.184491629921230782e+01 -2.112433517419800921e+01
-4.112964751114495243e+01 5.736950230612735169e+01 5.649671518333776987e+01 -1.666820635566648612e+00 -1.913108547674863047e+01 -1.663384822884944114e+01 -3.172825894717699313e+01 -4.172616961738575725e+01 -2.044585321315800286e+01 -3.451235705345010274e+01 -2.934115907069229578e+01 -1.970919031919062192e+01
-3.389825016897818699e+01 5.848651811848080229e+01 3.472767848165694460e+01 -3.406978774301101520e-01 -1.122515751224830272e+00 -2.069340956600869674e+01 -3.642525242625258386e+01 -4.345681180369766139e+01 -3.654778207505887622e+01 -3.883538109901195412e+01 -2.235195982993543851e+01 -2.735027302808653360e+01
-4.578617512936409639e+01 4.883119804877438952e+01 3.533323977904682778e+01 -4.477277587550335447e+00 -1.440082858255408382e+00 -2.369392358918616281e+01 -2.172918928962369023e+01 -2.752501330288541226e+01 -2.632552872243613606e+01 -3.193863153717778403e+01 -2.116111720152387932e+01 -2.144929253283256543e+01
-1.403747253610798680e+02 1.341021775857514697e+00 1.042124220172548235e+02 -3.360023557978866204e+00 -6.143213728588864342e+01 -2.008352360840942907e+01 -4.994279111423664830e+01 -2.450604075260186221e+01 -3.379983974298856708e+01 5.118125913306024621e+00 -2.440200814682921759e+01 -3.730090452649926647e+01
-1.679272309898673825e+02 -1.657381182222190219e+01 1.083830977865492002e+02 1.128040995178898953e+01 -4.890597945058308937e+01 -7.084174367122059834e+00 -4.656923765723791320e+01 -2.194483369481356050e+01 -4.315886064585257031e+01 1.892372588755931950e+00 -3.046918849392104889e+01 -3.811571129517084700e+01
-1.219060038838307065e+02 7.369400947382500178e+00 6.122476025076741024e+01 9.339877638635576407e-01 -2.868122267429993499e+01 -3.621618337352362715e+00 -3.285684293255206967e+01 -2.092312903122925505e+01 -2.974214521503243702e+01 -3.021280476245454949e+01 -3.267727505099637142e+01 -1.609255347269199277e+01
-1.193502048799898319e+02 1.145837944808795328e+01 4.922555313085796058e+01 -8.523156238736781631e+00 -4.136568379632032588e+01 7.014501108108580851e+00 -2.248179516268434597e+01 -3.385425139291915286e+01 -2.912860446296786421e+01 -1.722722246861249573e+01 -3.426130633135907999e+01 -2.277328905480251819e+01
-9.963983478079401834e+01 1.542221478625091535e+01 3.182075317813067983e+01 -1.385035045895985206e+01 -3.925973239614739896e+01 -2.054072656257040830e+00 -2.230923321591779285e+01 -5.311711811156996532e+01 -1.971290551169231620e+01 -2.004441242828807646e+01 -4.074048819946476385e+01 -1.592457231385289695e+01
-1.095454459014781747e+02 1.329455566215819218e+01 2.274092038568074514e+01 -1.288879852170235907e+01 -2.591308922481840682e+01 -6.236743333916253462e+00 -2.037773558615465319e+01 -5.279630311832576695e+01 -1.022031119010084410e+01 -1.997259003054920612e+01 -4.256028945334034574e+01 -2.047188439043407016e+01
-9.825455460257202844e+01 2.162147202297624560e+01 2.543460592616045446e+01 -2.026139057217341133e+01 -2.490018476312843632e+01 -7.211601491162184630e+00 -2.688429658550562351e+01 -4.036461030787212678e+01 -1.358535001171758339e+01 -2.073564009939389763e+01 -2.399350656151170114e+01 -1.328741328383416942e+01
-8.867054085313409928e+01 2.220282608307005034e+01 1.279527379033367396e+01 -2.276032922605202735e+00 -1.474291495270022168e+01 -1.540246085655988928e+01 -3.742198463948891884e+01 -3.288692669675923952e+01 -1.705931290030870429e+01 -2.956999510370921769e+01 -1.694668082252543684e+01 9.042860473322544834e-02
-1.040105969629847777e+02 1.219990324787383429e+01 7.621244992813940300e+00 -5.862924863768766315e+00 -1.939767525302644202e+01 -1.666543622543916214e+01 -2.115387509874744154e+01 -1.542354945095904561e+01 4.390292238880979525e-01 -1.045415069917869033e+01 -1.060076998506254853e+01 6.921961092373089208e+00
-9.579084759185973041e+01 1.358972065747252778e+01 -6.843309097070415348e+00 -8.297973022886768746e+00 -1.623386980810171565e+01 -1.093441145577596885e+01 -2.363477490022585670e+01 -1.733583304748987430e+01 -2.066412603265477266e+00 -1.204530681275160653e+01 -1.018356388761860387e+01 -1.361148271475480342e+00
-1.024117038191285474e+02 4.670484604257685746e+00 -3.368233978732339207e+00 -1.269244720574828378e+01 -1.166509195591387638e+01 -2.686720733615270973e-01 -7.037376227511185078e+00 -1.591544561321473950e+01 1.982071175390841322e+00 8.111578625118455177e-01 -5.214318363162304237e+00 -6.732351887695130266e+00
-1.008476395023766372e+02 -3.212723335170468153e-01 -5.283887835089682738e+00 6.142363681976461542e+00 1.104711781538723070e+00 -4.994577082788067557e-01 -1.284562002646574275e-01 -1.867649386790558097e+01 -1.464967289397859806e+00 4.481540389697197924e+00 9.330208210894788134e-01 -1.292686732894695822e+01
-1.138411140957560974e+02 -3.377837007409010273e+00 -1.687570463980244995e+01 -1.154239597839288578e+01 -1.254855782253788732e+01 -6.918086383239270276e+00 -4.418958783332624485e+00 -4.962484300483410493e+00 5.073779210515843019e+00 -1.546442388645103305e+00 -1.185598471481493377e+01 -2.740397783336069182e+01
-9.773675996778067088e+01 1.828462320458745793e+01 -9.629407640175761784e+00 -3.508538537097802834e+00 -9.557207402947350161e+00 -5.622945687314287788e+00 -3.113077213582777780e+00 7.351342917755356865e+00 5.745260856313224807e+00 9.411669073442590072e-01 1.858748989181289168e-01 -2.148673841755466718e+00
-9.260053758339661556e+01 8.693484249490811777e+00 -2.655144255961669231e+01 6.291364427279347638e+00 -3.929706835370919027e+00 6.563676632268924394e-01 3.277826201719825860e+00 -1.275664581493747640e+01 -2.898856122642669675e+00 -4.343905865944179823e+00 4.753510061206482895e+00 -4.014130951667908676e+00
-1.055478165365238112e+02 5.145262396773603086e+00 -2.733083613723751171e+01 -1.739307249316791371e+00 -5.302969290033274774e+00 -7.597297228967255123e+00 -1.397513574671117098e+01 3.768953401275861204e+00 1.520759718447388131e+01 2.500364233553629134e+00 2.853070400054876554e+00 -3.954794875248919261e+00
-9.402614042941367245e+01 8.147123614076672737e+00 -2.025294982504824048e+01 -1.054691029179276640e+01 -7.567213144886157039e+00 -5.255136014344625295e+00 -1.081324782136056584e+01 2.765264790518176419e+00 6.502524905831271518e+00 -2.802646915840764308e+00 -3.170939035660362393e+00 -7.088069651308611441e+00
-9.304280444564537333e+01 1.108041819825877994e+01 -1.891402886937718009e+01 -8.346468122048051441e+00 -1.935808527433892579e+01 -1.326362074119819567e+01 -1.665993268823997653e+01 -2.120610012546682022e+00 6.841816786719310706e+00 5.029270560937054491e+00 1.054208435097471508e+01 -7.004656546364176783e+00
