4.170074437443626891e+01 -3.902946650347094959e+01 -4.676788917904613641e+01 2.238561397061496194e+01 6.375946941410633784e+00 1.727915277430986940e-01 -2.168454341360686755e+01 7.364103261298879488e+00 -2.145510854426399661e+00 1.627664870900120420e+01 -1.300278645849938286e+01 -3.978919980591460792e+00
4.836357653558091130e+01 -3.451344490659894859e+01 -3.843138718055863023e+01 3.853241119656031799e+01 1.344796072848479085e+01 3.764914235010339727e+00 -2.336212773029439660e+01 8.316243073964503907e+00 -7.092605543961250092e+00 8.601187567560531377e+00 -1.449115120111032340e+01 -8.258536078125092716e-01
8.396033566026054018e+01 -2.773530912354030775e+01 -4.643892070158024410e+01 4.790923615497332122e+01 1.044600378822062048e+01 -2.882741797941219986e+00 -7.183015759080724649e+00 2.191891741621682144e+01 -1.458765802930930278e+01 2.210810646730420714e+01 -8.650918334867780501e+00 2.364646178028690038e+00
1.384509705527744359e+02 1.796117410026742078e+01 -2.052648071616743408e+01 4.691418327616821671e+01 1.480095541334775611e+01 4.410450803484405213e+00 -2.359644142804337719e+01 9.232105397646900968e+00 -1.056522394588201053e+01 8.863321360987935549e+00 -2.136531626763831682e+01 2.257900541326847144e+00
1.313994438503271738e+02 2.219377038795954604e+01 -2.446717345960473011e+01 1.688479849876553374e+01 1.139836471932571271e+01 6.741630035774710983e+00 -3.515031502776098193e+01 -1.724718168495410708e+01 -1.702439214550368263e+01 1.099298916299009043e+01 -2.176216906261233319e+00 5.526650807807249599e+00
1.352206646648876358e+02 2.411277387545623441e+01 -1.902238882550592791e+01 2.463021738966593333e+01 1.640642714335182717e+01 1.291576351139230994e+01 -2.955536074624888698e+01 -1.756177010645139092e+01 -2.502590390302028567e+01 -4.259911913489149882e+00 -1.535846148476360007e+01 7.521089653781189099e+00
1.683027730782783919e+02 3.045394226034215990e+01 -2.956956881467176501e+01 3.978831317596700501e+01 1.665477996944277805e+01 7.513340212226876424e+00 -4.674581531517008415e+01 -1.666164979764796072e+01 -2.966856585643872535e+01 1.715115985249257236e+00 -1.511850923813434022e+01 5.521736734894161280e+00
1.562851635098950851e+02 3.394490718570611421e+01 -1.783484678942013346e+01 3.332529360430110188e+01 1.702584343111431764e+01 1.076800628097016244e+01 -3.402476911245532420e+01 -1.129610179938798176e+01 -1.926197585848627014e+01 3.670094808102988715e+00 -1.599001752449785307e+01 1.475975216046365945e+00
1.579184761454448562e+02 3.747170943636662344e+01 -1.303514743854228009e+01 2.822895117774100271e+01 1.491718909407681615e+01 2.239635498693506932e+01 -1.017229408201023233e+01 -2.113473037643401664e+00 -2.936378217338787522e+01 -9.836493327211439208e+00 -1.668313437032928448e+01 -2.323181938544259140e+00
1.782122118456963733e+02 4.667483916435281799e+01 -1.898573761413103256e+01 3.135646425815925653e+01 2.730555420377089604e+01 3.315193915585928153e+01 -1.645966104972972488e+01 -8.840651492046610826e+00 -2.646286139286125305e+01 1.833496268260986550e+00 -2.072500743901622755e+01 -4.224281077443118093e+00
1.017242869718184437e+02 2.901842210129719390e+01 9.425907100808412764e+00 9.607481671683373747e+00 4.096260302717559476e+00 -9.839207431032579443e-01 -1.574567800161633535e+01 -1.307702465599760977e+01 -1.014317536817108412e+01 -4.390204098486057305e+00 -9.156176552552164338e+00 -6.895311479146335465e+00
1.052100013079033261e+02 2.445336925264639660e+01 -2.065996787076910479e+00 3.119557765801963534e+00 -2.264064340359339234e+00 -2.081983806555645522e+00 -1.714109028539111534e+01 -1.758245042462841212e+01 -2.310461561055349478e+01 -1.267533857967909938e+01 -1.867051209654174215e+01 -1.656795438458505387e+01
1.319505462235803179e+02 4.058291061642398745e+01 9.692553291436443175e+00 2.533935421770519980e+01 1.727690244111355744e+00 -5.389783726485098292e+00 -2.752698612287061053e+01 -1.656875933342062979e+01 -2.473048664059628265e+01 -1.007110833610204637e+01 -1.275942183876112779e+01 -2.464461165693172084e+00
1.078621118653226461e+02 3.520502671463817990e+01 1.721960402668280921e+01 2.422490040020596069e+01 1.747084501128219003e+01 1.399617069911440126e+01 4.997950530249053891e+00 8.816728554910927329e+00 5.819994544918700718e+00 1.277907181706331130e+01 -4.273638695518901187e+00 -1.424646918500251402e+01
1.241043644292515182e+02 3.898795206690178361e+01 9.646416361951622775e+00 1.673688038645773446e+01 6.956668262367886157e+00 6.646054960618585028e+00 -3.972663895142472423e+00 2.636668812700792230e+00 -3.558322558551358483e+00 6.221487238194722380e+00 -2.805192710840878512e+00 3.500313665968066701e-01
1.106968251448002434e+02 3.773228194148470749e+01 2.373228888049527541e+01 3.302727865467618074e+01 1.519856569544507785e+01 2.824407796792501202e+00 -9.355410729583859109e+00 2.914097517775911861e+00 -2.713880809673252514e-01 5.059327646644220522e-01 -1.045274725440194175e+01 -9.399436779089073823e+00
1.050724826329401367e+02 3.671246347917551134e+01 2.425428835530027527e+01 2.426682740275167305e+01 9.929416469573039805e+00 4.894880418742651784e+00 -3.751152906749692040e+00 -1.240938271408841498e+00 -6.310832013753617353e+00 -5.065445380430693589e+00 -7.741278508920678370e+00 -8.973413415421655159e+00
9.483749813296701348e+01 2.770922750679955016e+01 1.927164285442408698e+01 2.152302457363673227e+01 1.166613690482988019e+01 1.151232471183822703e+01 4.554893743832778341e+00 2.071760204742454370e+00 -5.675865765415682773e+00 -5.058976488545175343e+00 -4.923254265232489324e+00 -6.347024392194831499e+00
1.165558259298332757e+02 3.547501810824903856e+01 2.033788868940869676e+01 3.494737995433588651e+01 1.245588568510146565e+01 7.307184672540657289e+00 -1.141058883510087796e+01 -5.902182737400550216e+00 -1.087086793993116274e+01 -3.253013745709735449e+00 -7.739161571054025579e+00 -2.877767747930870090e+00
1.031744534487871192e+02 3.479634120227072458e+01 2.053995379742558214e+01 2.090635597260295953e+01 1.333085222898389333e+01 5.573644482904919428e+00 -2.936917009428240632e+00 -9.011802247020099799e-01 -5.583313019593630244e+00 -4.882660476935377858e+00 -9.340539841268864052e+00 -9.701841666536800801e+00
9.317887284280280369e+01 2.764125995413213133e+01 1.471363174251074213e+01 8.674031420926036517e+00 -3.917620010662854479e-01 -3.282034996773695035e+00 -5.320866614866975652e+00 -3.323749591362706646e+00 -7.646761006089560553e+00 -8.704165854220114795e+00 -9.826411514661593571e+00 -1.112254314723810822e+01
8.801791397401385098e+01 2.619921019298678289e+01 1.797611529787924667e+01 1.314779370654540003e+01 5.107348556239201365e+00 4.321569282798596312e+00 3.338100361493223645e+00 3.453682062720786927e+00 -4.576845522140488010e-02 -6.972756245098459260e-01 -9.157713479823144098e-01 -2.730613986490690870e-01
1.016773948535540484e+02 3.558253967101570936e+01 2.142006817327142443e+01 1.732576546416910901e+01 1.095213818922688986e+01 1.312279476199828920e+01 9.509958414110498026e+00 6.232432288486489114e+00 2.576308222659007718e+00 6.170374394657287986e+00 -1.118030025679351613e+00 -4.262645068286234462e+00
1.074826835591885725e+02 3.522187507693364950e+01 1.709394431253866742e+01 2.045242733508268174e+01 2.165292915552521436e+01 2.258623857790213663e+01 1.038399889008353938e+01 1.103323573598545160e+01 8.909596461562150793e+00 7.884619076217213696e+00 -5.413602538547086507e-01 -7.417120226128552929e-01
9.550957243463841451e+01 2.977217929176024924e+01 3.141652075685745160e+01 5.115124005189522904e+01 3.164305061080421666e+01 1.922792920521037985e+01 6.665233223138647745e+00 7.972480544793207002e+00 -6.455087453312842172e+00 -3.289878989145134103e+00 -1.759008797964196846e+00 1.379075263540358698e+00
1.034319961702843074e+02 2.102501609597298682e+01 2.356226583291034160e+01 8.660306435109805534e+01 1.205178986879189118e+01 7.973090222984784425e-01 -1.491053968846939970e+00 3.991108726767976123e+01 6.930060818894094865e-01 1.622739324133815053e+00 -1.154957802641771814e+01 8.298597229925146479e+00
9.811138071058522314e+01 9.397387806015242262e+00 2.108555422180556604e+01 1.107998317477908756e+02 3.669910358698084707e+01 1.711565481519974696e+01 1.716939000274643468e-01 2.383003851025603836e+01 -3.336427833612742688e+01 -1.543190075594678845e+01 -9.155856686799690891e+00 2.407188309629582079e+01
7.089273334421037021e+01 1.419874580637261685e+00 1.272482446953937085e+01 6.608763152874216473e+01 4.046765880970855989e+00 3.595962767850135577e+00 1.060437167373086353e+01 4.015848197336835312e+01 -9.097761353854933120e+00 -1.281010992033594320e+01 -7.758432305005239726e+00 1.674961051034267001e+01
1.009877931931831228e+02 5.841409172251397663e+00 -5.542408325127198943e+00 3.861446561170851055e+01 -1.347750796793683570e+01 -1.403513280520578910e+01 -9.670021050910367677e+00 2.233886279045319867e+01 -1.380104887389029145e+01 -7.396017640846407559e+00 4.607980882298175374e+00 2.848794891777215099e+01
7.857967930513802912e+01 2.099363198866250002e+00 3.937130162916768317e+00 4.410981396580960734e+01 -2.841574229954661579e+00 -4.150401201182569721e+00 2.789039771783623056e+00 3.368212969262356182e+01 1.446706818787983906e+00 -4.395055273805365204e+00 -4.749278114027677411e+00 1.219390128576790389e+01
1.139244904188633996e+02 7.334023138348355175e+00 -1.059377425963719688e+01 5.238443669460630758e+01 -4.368746802233121507e+00 -3.530139190507498359e+00 5.515527954013633050e+00 4.731473570873842505e+01 -8.246137492449545192e+00 -1.278020203833969504e+01 -1.525272254486220902e+01 1.614113208948285916e+01
1.358199325223251890e+02 3.135202821301440235e+00 -1.403228005902150599e+01 7.327094598814690585e+01 -1.379855584890709963e+01 -4.144401112723645753e+00 -6.087228368868686346e+00 3.778580395684124937e+01 -1.559467375570927139e+01 1.671422461497050538e+00 -2.891612160340222282e+00 -1.276226512945477509e-02
9.727560749554002939e+01 -8.616388948223828947e+00 -1.939621238578376250e+01 4.547123460100146985e+01 -3.673421908655946755e+00 -5.749376475524559105e-01 -8.907335123459065862e-01 3.118441593805565759e+01 -1.418400023595236092e+01 -1.588102474902946426e+01 -2.184700874038582441e+01 4.540935566312299443e+00
1.635037540707058383e+02 -3.667985952541138772e+01 -8.440189959320143487e+01 7.976242271659658911e+01 -2.894465907148454420e+00 1.940712622744439031e+01 -1.583010986217700911e+01 4.196916736059046826e+01 -3.027472383201346418e+01 1.517688740732801023e+00 -1.283376455979609609e+01 2.303929743508514250e+01
1.038822732126527342e+02 -2.966693177413215921e+01 -5.967199321322144101e+01 4.389220211083071632e+01 1.155569036850423359e+01 1.031042302596767612e+01 -2.055151978437312721e+01 2.976726670409959752e+01 -6.296507401558525174e+00 -3.780982459112990135e+00 -2.161805035413550158e+01 1.752374859867672896e+01
1.628782865069059085e+02 -5.569914507079209898e+01 -9.696400967695524287e+01 8.388443226839632416e+01 -1.384389314414168837e+01 2.800199921086939980e+01 -1.666689287656242158e+01 5.732677763059000142e+01 -4.730925121595715765e+00 1.156381816719064126e+01 -8.729402102889423531e+00 8.910830793451548715e+00
1.516361079231955955e+02 -5.138931111101710769e+01 -1.079805347901128130e+02 6.070326356177632476e+01 9.419146944141553845e+00 2.612751331277678446e+01 -9.546145897120627666e+00 5.562231366380484587e+01 -1.756930054566350208e+01 1.210371963123025418e+00 -2.421373621191804659e+01 1.736557736639961291e+01
8.548831124175893592e+01 -4.467716616187239254e+01 -7.777264711690102672e+01 2.562054082870495364e+01 2.202965180742644336e+01 3.666679597323084749e+01 6.242108621924117529e+00 4.388677229881703568e+01 4.342484194980190892e+00 1.127638325715324630e+00 -2.208488807304228274e+01 1.347880390150745988e+01
1.362179426161798403e+02 -5.903395332427302122e+01 -8.721315576359936017e+01 7.629126440904880724e+01 -7.191295495313667629e+00 4.580609598298055118e+01 -1.890489041048567032e+01 3.721436945022417575e+01 -1.119411099848367463e+01 -7.039277860449768554e+00 -1.288140364053013798e+01 2.051841890900992027e+01
5.971574250732406597e+01 -5.318925241971902551e+01 -6.768670785822743596e+01 2.636955912992540618e+01 1.632006966925730040e+01 2.129304583288546837e+01 4.336306337982360759e-01 3.544047198695832890e+01 -2.308572616190959437e+00 -5.265233771465818613e+00 -2.076004385589478574e+01 7.924348242644930984e+00
7.330851734877379045e+01 -5.952877798421377520e+01 -8.251301835211026514e+01 5.350689046147422090e+01 3.646865283126986412e+01 3.208416146420908888e+01 -8.007102546693532830e+00 4.596626101022586397e+01 -2.552504846294363361e+00 -3.546570200717383603e+00 -2.432835443083469329e+01 2.056897923729680855e+01
2.936429731056929171e+01 -6.643224983620835644e+01 -6.160116155636042379e+01 4.055773591619730212e+01 3.569698204285332821e+01 3.854535015652217567e+01 4.455360797609817958e+00 2.907346723332242178e+01 1.723749626833586124e+00 5.811542614947645902e+00 -9.374445885636486508e+00 1.243912376856197000e+01
4.760522970798490405e+01 -5.928171702774301366e+01 -7.347763550876905470e+01 2.354047384338232973e+01 2.277074469602602491e+01 2.986242880456541116e+01 -4.384305093175033252e-01 3.365445906224272221e+01 6.306849255773048668e+00 5.278697128750357237e+00 -1.860629404288014399e+01 6.749806956137385683e+00
9.001845093244729412e+01 -7.371612007769252273e+01 -8.997849371989080680e+01 6.432944995509511443e+01 1.702301350055323326e+01 4.225908336613262151e+01 6.016991213828183582e+00 4.936584665239494996e+01 -1.189462255147612879e+01 -2.843335966606940879e+00 -2.252477492975556572e+01 8.385995675552779360e+00
1.932295678559806618e+01 -6.198713013896215074e+01 -5.501144753774175200e+01 1.962362602204604656e+01 1.994964967952374479e+01 2.180721064986916247e+01 -3.832891742793527623e+00 6.761810383525745038e+00 -2.034535557921603655e+01 -2.239698407757055421e+01 -3.100275901923836486e+01 -8.901676589763367176e+00
9.964050003159118774e+01 -4.602208961559173872e+01 -6.878323561650014994e+01 6.808792036030820327e+01 3.124454849776652310e+01 3.227189785293252555e+01 -1.018702426034125530e+01 3.688325908867148684e+01 -1.469910968198060885e+01 -4.820999493580307771e+00 -2.272062374299958520e+01 9.724409127842449152e+00
1.461126750527346303e+02 -2.950491154406794436e+01 -7.711972714829465758e+01 5.355135777521272189e+01 3.036184552177548568e+00 3.102118996402311524e+01 -1.052859630464173613e+01 3.472256419138937389e+01 -2.403842794633491309e+01 -1.804945238128028251e+01 -3.792307108916533309e+01 1.106946749198263724e+01
1.540963118232160127e+02 -1.654108743525270597e+01 -6.916716894308476071e+01 4.301716690079835814e+01 -7.609804301558611428e-01 3.158180115536809218e+00 -3.252976476203005518e+01 2.160160246113414217e+01 -1.847550749579806961e+01 -5.743327229776778786e+00 -3.038662210370380734e+01 -1.699238327610697930e+00
1.945628044186458396e+02 -2.005276695851190283e+01 -9.104365738832278510e+01 5.567342766661261777e+01 -2.329840188252306987e+00 4.329368931277808485e+01 -5.080669358067563479e+00 3.835462381717494651e+01 -3.424932046201154634e+01 -1.416769585545928045e+01 -3.456617529699493474e+01 1.558679792862019742e+00
9.958729784372098948e+01 -7.893502430908464262e+00 -4.191653261681062759e+01 -6.995199316179835591e+00 -2.610134613122222902e+01 -8.998104463915954199e+00 -1.200351237181348907e+01 5.624902748918187534e+00 -3.109656464468596226e+01 -3.459242473772019366e+01 -3.725559996367316273e+01 -1.672189983269473856e+01
8.347457366603148898e+01 -2.686414718939952984e+00 -2.738620679043824424e+01 -3.466709217558541667e+00 -4.846728711941016954e+00 8.269374243112334710e+00 -1.718911566137335978e+00 3.620902776052620453e+00 -1.821951729392342401e+01 -2.026543014894932782e+01 -3.145754814485824369e+01 -2.225855272260390905e+01
2.225685472219796566e+02 2.075828774225988838e+01 -7.694231983325548185e+01 3.953804349727787582e+01 -1.221745409819698036e+00 2.346510486589507138e+01 -9.471878494135439475e-01 4.818718837872368255e+01 -2.011723351332408782e+01 7.579883077725991569e+00 -3.311197098192202759e+01 5.820973205906571302e+00
1.452582874506393580e+02 2.284360230985813089e+01 -3.222704245810032830e+01 6.982835005730848366e+00 3.524083293392987315e+00 2.170394198769734118e+01 5.570736730795847080e+00 2.744034948632357995e+01 -3.421070381474271560e-01 -9.344005727383033477e-01 -2.206112400637874416e+01 -5.803628692231699304e+00
1.492675001741613983e+02 2.983364533624809312e+01 -2.824898509866590501e+01 -1.312672388772332166e+00 -4.066703215699369878e-01 2.241527472371560847e+01 9.952772952391362171e-01 4.975630887947461112e+00 -1.960322359419093630e+01 -2.034519800132953193e+00 -5.332554556293011672e+00 9.840063947562297741e+00
1.163322191532285643e+02 2.174324823304088028e+01 -2.522061573573095217e+01 -8.718024377924770363e+00 3.367175695045701467e+00 2.823591878558245583e+01 8.918197842488822857e+00 3.127447344189004053e+00 -2.247255305209112919e+01 -1.387131259449327914e+01 -1.659986657440276758e+01 2.354806876353053191e+00
1.298930780907982410e+02 1.907609852210719836e+01 -3.503755637788617605e+01 -3.815339878326426071e+00 5.003049355852446034e+00 3.223729737301485443e+01 7.493837899324677920e+00 9.392924084871022927e+00 -1.639371451708562688e+01 -6.216470226624315032e+00 -1.982094032558299901e+01 -2.965484292974034375e+00
1.159779738868613208e+02 5.270649705788770234e+00 -4.592838958802374094e+01 -1.221889661340791378e+01 -2.283126989365420467e+00 2.465650663110116625e+01 1.780895202253751641e-01 1.145905709011964646e+00 -2.420787833561378832e+01 -1.315923304331436583e+01 -2.706986044165928007e+01 -1.338784792327479956e+01
1.489963480196754233e+02 1.490211212092082960e+01 -5.406361276448170372e+01 -3.318886480663673311e+00 4.065021433025566289e+00 3.729016434773448907e+01 3.804523007847347316e+00 1.305313360005538570e+01 -1.974213252348983616e+01 -4.083334742255225080e+00 -2.015594022151249476e+01 1.491441028115302547e+00
1.419803698930004430e+02 1.871353083380390459e+01 -4.840477381774117305e+01 -1.129597808372786361e+01 -1.716177298137328666e+00 2.876600852196832392e+01 -1.003652327837436298e+00 9.477591623728898185e+00 -1.011295902578843098e+01 6.559746736473923256e+00 -1.551445977134132725e+01 -5.399116575575586552e+00
9.435228742038336236e+01 2.000246983053621364e+00 -3.098774262047782813e+01 -1.333011702184263747e+01 -5.345224522162464353e+00 1.152306337500863620e+01 6.028045408592659360e-01 5.334169802079637535e+00 -4.099059938637445555e+00 1.686724358916204869e+00 -9.710475342339110583e+00 -6.486648004739850037e+00
1.190488637295821377e+02 1.539353104983791098e+01 -3.238794393748965206e+01 -1.149453734301763852e+01 -1.927731199177805443e+00 1.985107470258605034e+01 -1.492574583831708601e+00 -6.987026327496167477e-01 -1.276813869916879440e+01 4.978407648583683454e+00 -2.244977055310466874e+00 5.591005724269829003e+00
1.956319236729345334e+02 -1.073552448111887969e+01 -8.798595021499754409e+01 1.640322845871371982e+01 -4.058664780482851597e+01 2.737148756218183721e+01 -3.767503651388944519e+01 1.883751405951847424e+00 -2.587107971439632337e+01 -9.630050674379713627e+00 -2.685905230979478020e+01 -1.857998838105936201e+01
1.900941751939580229e+02 1.549424178426900767e+01 -8.157618529981802169e+01 5.659907290750161302e-01 -4.414414479617343900e+00 3.045583223598274358e+01 -2.185922913958727065e+01 8.053601816956472703e+00 -1.946004527986358568e+01 1.061819755213949179e+01 -2.704255029166514390e+01 -1.073086835933280270e+01
1.293270315937385533e+02 1.212664700980424826e+01 -4.125308670148672974e+01 -3.028066859684793499e+00 1.373228570636530588e+00 1.761881797897477497e+01 -1.153351912701588944e+01 3.769247812597936509e+00 -7.135570224694672170e+00 5.219193679533893793e+00 -1.615031204377141805e+01 -6.597085099650119133e+00
1.371256280977789004e+02 1.134565176061557779e+01 -3.825273715821836618e+01 1.034625598600036867e+01 1.540261325300809059e-01 1.392975319176849425e+01 -9.389602098474533420e+00 1.814829187413997857e+01 3.038483521639486984e+00 1.051899143786457813e+01 -1.281516909288450989e+01 -9.080070092839929163e-01
1.346267325657360914e+02 1.667874843720755962e+01 -2.984965110065750693e+01 6.161397970547209724e+00 -1.254147662895082616e-01 1.309463573539398595e+01 -6.155617282103090560e+00 1.063214280115907151e+01 -2.267692398853335511e+00 9.698957571460752547e+00 -9.794345912404835985e+00 -1.606035931676406348e+00
1.244092211385702740e+02 6.977595650447470987e+00 -4.151467765187812375e+01 -2.685184307027208561e-01 -3.903075663355507263e+00 1.134852696970591213e+00 -2.142501917681822476e+01 3.646917746186485676e+00 -7.221049703127421893e+00 1.903557067238144773e+00 -1.905499210427369761e+01 -5.558381911053444036e+00
1.239449723656126565e+02 2.368326450473267997e+01 -1.071896835586988672e+01 1.627012904530647219e+01 1.285341044260888665e+01 1.620162361139731289e+01 -8.020944307178650590e+00 1.906079365909612688e+00 -6.577284519492469173e+00 -1.813396325318356261e+00 -1.685895965032958799e+01 -7.700611984999577331e+00
1.239780535153676908e+02 2.078209649275953552e+01 -1.358747290913570005e+01 1.566691932609101556e+01 1.174224688835932895e+01 1.534349365586707137e+01 -2.560337529782470867e+00 9.654806059983545907e+00 -2.162683869670170456e+00 4.714574698726291757e+00 -7.881144863380693977e+00 -1.430750798854248718e+00
1.172302192560328535e+02 1.503372189877423004e+01 -2.173068498434590623e+01 -1.032832149233932961e+00 -1.062732488056174773e+01 1.035950438314119149e+00 -3.758830033332634102e+00 9.986357063987480132e+00 -1.025753498962226828e+01 -7.885176301501421570e+00 -1.805111472087011748e+01 -1.010894874820052713e+01
1.047767505756816604e+02 -8.464228200551367820e+00 -3.562683116505330361e+01 1.737360233125078679e+01 -1.912623705201822677e+00 3.834150178863911407e+00 -1.528507068106157618e+01 3.413931343745250757e+00 -1.894485567392067438e+01 -8.727371847825313722e+00 -1.767861357570510705e+01 -2.950983333454337831e+00
1.564000257561222043e+02 5.881458039135273985e+00 -5.325589446075355227e+01 2.379078073292414430e+01 -4.514418617918632415e-01 1.202851189556687928e+01 -1.189163636667030666e+01 2.950312838630926748e+01 -1.253387490098284873e+00 7.795577336231175991e+00 -2.004224073097346093e+01 9.900225265084166892e+00
1.467736349007107037e+02 1.207459284551847389e+01 -3.404783347652087144e+01 2.195237602158822199e+01 -3.398366899115404127e+00 5.531528948892428410e+00 -8.067577344012233809e+00 1.856812924458265002e+01 -4.927318220218497302e+00 1.342950205705532696e+01 -7.819119791458881252e+00 2.717577020275816935e+00
1.226654304666510598e+02 3.936597381315755761e+00 -2.900228764346905308e+01 2.968243160876954079e+01 1.409133161552909641e+01 2.584914307081007934e+01 4.560879644054128157e+00 2.582174063347056858e+01 4.087211919359412526e-02 3.989287754194008606e-01 -2.395583191951052981e+01 -8.415232817822793976e+00
1.426816299548731024e+02 2.215773905818328338e+00 -4.080450138026679952e+01 4.159249199079461334e+01 9.385460582407091579e+00 1.807464662950197365e+01 -1.409594793613202768e+01 1.929562238647866934e+01 -3.155551123923536316e+00 1.223619784415514289e+01 -2.195270171465153197e+01 -3.078049274731031737e+00
1.157690752137078078e+02 1.215721011200846524e+00 -3.318134256702883533e+01 2.152104853370754967e+01 -3.450056298967645318e-01 1.373855953545533026e-01 -2.957557066962298364e+01 -7.051731832822243362e+00 -1.588173801936820873e+01 4.646820506785815041e+00 -1.860511454179297175e+01 -7.920132319537358079e+00
1.121873458203909593e+02 2.299658242689875731e+00 -2.956659092620958873e+01 3.996879829144863550e+01 2.151372552706557428e+01 1.319529834094776000e+01 -2.242323481346992153e+01 1.170807884996288983e+01 -1.866551479090571952e+00 1.199549432419584960e+01 -1.192058567228952271e+01 4.689079793302150634e+00
1.752809187000831059e+02 1.275446005173182229e+01 -5.055178812075160977e+01 4.164248019748159635e+01 -3.090822730699726684e+00 1.632555695784888883e+01 -1.724227614099516614e+01 2.696425595282000032e+01 -2.382385529364086096e+00 2.273048747727599306e+01 -1.628168811579764252e+01 -3.122610966080355155e+00
1.172453989384996191e+02 1.302288997552238570e+01 -2.708157706935872255e+01 2.326116863376305588e+01 7.303411549266185077e+00 1.494740605110151854e+01 -1.522373849384682742e+01 1.548730501763696132e+01 5.690401614244100514e+00 1.575216399189051053e+01 -1.120168747480928673e+01 -1.942404404900285098e+00
1.450882828898425032e+02 3.139166379965570997e+01 -3.355656523518067047e+01 1.682143414337405218e+01 7.406694246225952405e+00 1.370522579398979879e+01 -2.993614233204145592e+01 4.440821568800981112e+00 -8.983597802914515817e-01 1.526038980044794435e+01 -2.049429018996501739e+01 -1.667599109394410695e+00
1.895439975412633657e+02 7.900688872079223657e+00 -8.008832431632498583e+01 2.512748169471858262e+01 -1.537958384159007608e+01 -3.832964270129812334e+00 -6.677211023277303070e+01 -1.371437345072606817e+01 -3.575531339516172125e+01 3.592399403309389783e-01 -3.334872603644970468e+01 -2.581977670826544724e+00
1.205769573250197766e+02 2.769075700455120526e+00 -6.077636276202412091e+01 -2.294984344735259896e+01 -2.398759635632658416e+01 -1.358563098770443744e+01 -4.912538292007371865e+01 -2.376475331359311127e+01 -2.588558816308452748e+01 -7.856425368844888624e+00 -3.452969703172409766e+01 -2.251116716427698705e+01
1.098305960615381309e+02 1.037561739338714872e+01 -3.048621263123755654e+01 -9.159951641794542354e+00 -1.508141823213987109e+01 -6.883625183491242083e+00 -2.330886969323430691e+01 -5.287270250540242245e+00 -9.088398772448387675e+00 2.926052114388984826e+00 -8.606928820927443269e+00 3.539648544757574289e+00
1.318938176951178320e+02 6.662608586138599520e+00 -5.025105534053233214e+01 1.692817867829234713e+00 -2.436786946524424025e+01 -1.708696864087427514e+01 -5.086326183914095367e+01 -1.262702869691612229e+01 -2.029421560484684761e+01 -2.010082378128086766e+00 -2.442371912734915185e+01 -1.395206353640745522e-01
1.013802767154451772e+02 -2.031866937059147560e+00 -4.044693417922276524e+01 -1.107991523919294252e+01 -2.209140390531729281e+01 -1.901264361680860304e+01 -3.602164937615008000e+01 -1.124938732674694108e+01 -1.581936426865540213e+01 -6.334503468980328122e+00 -1.948799259435026343e+01 -4.326357213551305314e+00
1.084660764581644230e+02 6.161306362772595691e+00 -3.121902009092346475e+01 4.830757566037136463e+00 -4.562464202649710643e+00 -3.280505490056166984e+00 -2.823906932430272576e+01 -4.073339071011960577e+00 -6.699817877840731128e+00 2.811843876304497059e+00 -1.696094179920589795e+01 -2.841795060884760193e+00
9.587798935398771505e+01 1.906124292301158762e+00 -4.015413987064138723e+01 1.090053340555089179e+01 -3.932081122320090660e+00 -3.178614754201285031e+00 -4.212296808937351500e+01 -4.293031725477938210e+00 -2.273389756179765797e+00 1.033635833518338032e+01 -2.442548011165906985e+01 -7.997949236311725940e+00
1.495300077829811869e+02 2.403208245946315458e+01 -4.230911295443333131e+01 3.761899220847970682e+00 1.235513936665704904e+01 1.876399586895100668e+01 -2.784738172907167453e+01 -7.689278610149491655e+00 -8.637721493996259881e+00 1.575305937129043876e+01 -5.271784522710621701e+00 9.758569811576990105e+00
2.280709997521768742e+02 -1.068190319718651260e+01 -9.605424699682063761e+01 4.086671224227079335e+01 -4.247055536611553350e+01 2.028450930827911947e+01 -5.779060962168127702e+01 2.981236863651935742e+00 -2.096860256233060937e+01 4.707683234384106186e+00 -1.636854057729867051e+01 1.152418103217357270e+00
1.224766098665301399e+02 9.433521751496098062e+00 -4.522588995683483404e+01 -1.014885815442172223e+01 -5.775766852418561470e+00 1.113023727504287574e+00 -3.726620087597673603e+01 -2.542272672880615403e+01 -2.802491686584134101e+01 -6.948636843943518659e-01 -8.380800214242881907e+00 9.402759378875005680e+00
1.095960052705264900e+02 3.101706580498830856e+00 -4.365730912187949997e+01 -1.623324449788692547e+01 -1.757815903745540709e+01 -1.130342992337426011e+01 -3.765809054225660191e+01 -2.124238203784064183e+01 -2.197189641160306905e+01 -3.110306774716762312e+00 -1.384503917958401686e+01 1.991477854421384031e+00
2.068260367600173026e+02 2.925093148965548195e+01 -7.248027028869185528e+01 -5.281230488363139131e+00 -1.719994166956814752e+01 1.044351028002446036e+01 -3.920109740563434286e+01 -3.080130260167704748e+00 -2.123427106617766214e+01 1.384773311236769899e+01 -1.042949059356654118e+01 9.504691100415074700e+00
1.562266693054864675e+02 2.261145856320080583e+01 -5.675223599385443407e+01 -2.125425452818652516e+01 -1.655732963127969981e+01 1.396498739679585155e+00 -3.138359307714797453e+01 -3.638795336267937941e+00 -7.787258228585854702e+00 1.135255207033755553e+01 -1.354977142890783881e+01 5.809185726885598200e+00
1.014238444130978536e+02 -2.693304933711833993e+00 -5.116122791372836787e+01 -2.577395118470506574e+01 -1.947381890281934602e+01 -5.447849661969211610e+00 -2.641389923471270507e+01 -7.754018973557609939e+00 -5.970936034352882338e+00 8.937898542152684200e+00 -8.390196093307830338e+00 1.507729353201116229e+00
1.060899851604078492e+02 7.816082241247536366e+00 -3.441952045511771985e+01 -2.109793025106189646e+01 -1.762798178980959563e+01 -6.204334954858573781e+00 -2.195797414317524954e+01 -1.218282878280393788e+01 -1.217457719634698066e+01 5.791973236789216273e+00 5.644505741429624024e-01 7.573310152624403102e+00
9.516764027003959825e+01 9.689843382064660116e-01 -3.506523062949059266e+01 -1.539619719770591999e+01 -1.048384912178618755e+01 -4.169328890604051985e+00 -2.490706898319547591e+01 -1.414797735969705172e+01 -1.056937607658603717e+01 5.734330941608034138e+00 -3.299998715551966111e+00 4.174663057829066659e+00
1.341678137390640018e+02 1.410616536446125480e+01 -5.011173739883157907e+01 -1.859992566466480213e+01 -1.501555102746285009e+01 4.912021513303295173e-01 -3.177461258254426468e+01 -1.427943826250913162e+01 -1.682371079985552242e+01 7.651715540536152105e+00 -6.992883445957676969e+00 1.000497466839794214e+01
2.107171353905249589e+02 4.466969342138405352e+00 -8.467977090071163104e+01 2.515643396300352919e+01 -3.113474430437899088e+01 1.525307716230655686e+01 -4.989107924329761090e+01 3.181722228539873853e+00 -1.804445430515450965e+01 1.222667963631012888e+01 -1.159080983058700198e+01 1.451066389852623217e+01
1.836515024575176085e+02 1.578821381582156391e+01 -7.428706093537320498e+01 -3.906435793215522256e+00 -1.817642719506569904e+01 1.054572215487785591e+01 -3.979183482935314942e+01 -3.979996954322587044e+00 -1.652131748872960415e+01 1.752772256599549650e+01 -5.739501177415284872e+00 1.412646361464047828e+01
1.773359276868032453e+02 2.034529210052605919e+01 -6.374513117896422898e+01 -4.989535231196903453e+00 -1.399847784989592725e+01 5.598877703283953622e+00 -3.697830083606268659e+01 -4.652500181055424733e+00 -1.619264464102002421e+01 1.206510359282773948e+01 -1.101011448246631730e+01 1.158298061422965830e+01
1.510715272830903473e+02 1.723208880634422258e+01 -5.292762869249973789e+01 -1.323343000855722451e+01 -1.398516916828201317e+01 1.265887747041027467e+00 -3.262473404846485892e+01 -7.987949617687430504e+00 -1.331932974054194219e+01 1.180548692546909706e+01 -2.228361387235226143e+00 1.496223117032480232e+01
1.673570371123202847e+02 2.508965520068009170e+01 -6.531567371683459555e+01 -8.639019019127973209e+00 -5.687563632264908797e+00 1.295291238917890553e+01 -4.119991846199856411e+01 -1.225623907098115417e+01 -1.704370226913892949e+01 1.823486571606124684e+01 -8.993581535006837768e+00 1.155000436047497558e+01
1.306922842040289083e+02 1.460682389859659835e+01 -4.000091933887453877e+01 -7.317725868883563578e+00 -5.191977803094296462e+00 9.397424863729956002e+00 -2.417269493954833592e+01 -1.707438353722701052e+01 -2.710558201878304629e+01 -2.481503839785103693e+00 -7.501979824395172969e+00 1.367329557394675632e+01
1.228900497026703533e+02 1.349077014114298123e+01 -3.428684819906902703e+01 -2.472998781908710253e+00 -9.801375661487032875e-02 5.904283004660968004e+00 -3.007806608676729354e+01 -2.236428089679340658e+01 -2.550757385049753267e+01 -5.042234681412286479e-01 -4.838484790238164912e+00 1.383362348851673573e+01
1.462348224873053937e+02 9.861754378196376791e+00 -6.596781736700474141e+01 -2.785104329814232926e+01 -2.491069620316000766e+01 -5.042913896056244738e+00 -4.480553867616588093e+01 -3.182459799336324480e+01 -4.247115630018284094e+01 -1.415210402652730615e+01 -2.911380666360497571e+01 -9.678272727749677173e+00
2.361427974859074084e+02 1.647447183356550227e+01 -8.758165491697701555e+01 2.413314112275303103e+01 -2.623183605842937993e+01 2.532612726452678231e+01 -4.772357634106890600e+01 -5.788464041929608506e+00 -2.756148319079227349e+01 1.200013216248231451e+01 -2.154552723753215915e+01 6.792410825935806251e+00
1.113308391593155875e+02 1.373724834617323154e+01 -2.147871696459098345e+01 8.937893549348542521e+00 9.898308860359637862e+00 1.056603642926832798e+01 -2.172641669851813973e+01 -1.334412434422033300e+01 -1.528192084007742402e+01 1.624417596779396789e+00 -7.602533996311073849e+00 3.283953245700799606e+00
1.397816734560054783e+02 1.824008933673744792e+01 -4.132245624028595188e+01 6.786426363327350941e+00 8.151943817939965697e+00 8.821853865764333946e+00 -2.739715052423206387e+01 3.022885446062200998e+00 -4.426044628580476648e+00 3.916224337593843696e+00 -2.090726567195638097e+01 3.640880201452608489e+00
6.202336163899944665e+01 -8.623927100512917221e+00 -1.327439602532843388e+01 9.784978742732320711e+00 -6.628634876757426575e-01 -4.988106625879636269e+00 -1.327791862321117478e+01 2.288127947556674258e+00 -5.155047654704052462e-01 -5.609263009507934328e-01 -1.110401053999749266e+01 -6.422456020580733060e+00
1.154638938282092511e+02 3.743588273942727973e+00 -3.831508924785486414e+01 -1.249433386068774965e+00 -4.577558426806991321e+00 2.864820067103567514e+00 -1.548157494476738982e+01 7.744637580059644755e+00 -2.004100766572900483e+00 5.474493428266972828e+00 -9.729482458369890452e+00 4.944335469328349220e+00
1.560327580988212048e+02 7.335184650238265824e+00 -6.765753298753482170e+01 1.596612785467179130e+01 7.721868101532018969e+00 2.478407495993362630e+01 -2.789443209882423957e+01 7.802790069724983013e+00 -8.992075547293341131e+00 1.197372615954882491e+01 -3.120537916940063994e+01 -7.747383413485238179e+00
1.052829127270264280e+02 2.515609559149845520e+00 -3.670327200191034933e+01 1.639720752996511433e+00 2.753120044376156095e+00 1.343784779847541699e+01 -7.518651183399473581e+00 1.736895130876835580e+01 1.364908493207258289e+01 1.828990592221797229e+01 -8.234513576642395805e+00 -8.701982426137269133e-01
1.284959611113449682e+02 5.762653902162240271e+00 -5.370432328645039632e+01 -7.534561536640552504e+00 -5.926370721155079124e+00 1.340135562654455725e+01 -1.735102342528449526e+01 7.058745341372338444e+00 -2.662428451871945434e+00 7.440715712750458621e+00 -2.641792498172006276e+01 -2.044234952759648039e+01
1.079099074108577554e+02 3.511952158298825566e+00 -3.787815639986550309e+01 1.309414250455881445e+00 -3.767879140438277208e-01 8.872275667445753911e+00 -8.360072289917354738e+00 2.423569852622908627e+01 2.165818288062757802e+01 2.299877102545614704e+01 -1.166264979896167375e+01 -7.208607400782256036e+00
1.986050557301219897e+02 7.404221361076232633e+00 -8.363004580312583869e+01 2.140157299204197017e+01 -4.396320714451360523e+00 1.992351226122314500e+01 -2.330302985340263433e+01 2.602824089250507100e+01 -7.564017572552353741e+00 2.145459180879307937e+01 -1.865461418846053476e+01 4.547365522219342537e+00
1.202126751349440212e+02 1.834049691550339745e+01 -2.451819571370219109e+01 8.972697053954235002e+00 6.809207009570902969e+00 1.708902402375046847e+01 -5.673114086266465961e+00 1.331377637713601203e+01 1.118681984459225953e+00 6.439605136067611646e+00 -1.500949684777900472e+01 -8.761638763427834320e+00
1.742010458614903996e+02 5.028099343556772460e+00 -7.397133859279507817e+01 2.644068527011155112e+01 1.029106999759345697e+01 2.155335901459065795e+01 -3.348780977845667906e+01 1.106916990856349159e+01 -1.123347973989545068e+01 2.025375131158130415e+01 -1.165722814823876341e+01 1.001641519847356321e+01
1.115276107752341659e+02 8.545931466453177805e+00 -3.365568868553678783e+01 4.885502521103494367e+00 3.050616844331696775e+00 1.769568085393314760e+01 -4.324887564186388644e+00 1.663031004832892279e+01 2.543810072616672358e+00 7.072348791010435676e+00 -9.632002141641237358e+00 8.068273462670866536e+00
1.367587592447979716e+02 9.337879943299796537e+00 -4.083343236267353404e+01 2.276358841684491807e+01 1.790961163519767751e+01 3.921129011095054295e+01 1.467163347313364952e-01 1.419328175299517270e+01 -4.450907677954071273e-01 2.670025071665846639e+01 -3.091235244336081323e+00 -6.661025228158262479e+00
1.205619414208347280e+02 1.288891878236663047e+01 -2.741153590159288456e+01 1.253285378145896090e+01 1.789134788741704085e+01 2.713649750095629543e+01 4.162449917699508006e+00 1.796614166900419463e+01 3.525910617961128146e+00 1.361911442730214006e+01 -2.461247839208522858e+00 2.105642478878838375e+00
1.911391177121748797e+02 1.757814432354544465e+01 -5.892429235084152594e+01 3.735593036020967617e+01 6.410312145987931309e+00 1.825183801083900192e+01 -6.280088263033828611e+00 2.820749783583703518e+01 -1.184321441041643652e+01 3.152322514079333970e+01 -7.782073853778364025e-01 4.956536685726391944e+00
1.571082961232706907e+02 3.317722413381530089e+01 -2.341976832866387070e+01 1.380084763479431764e+01 1.275025228865109383e+01 2.336067290802497709e+01 1.319319721960930947e-01 1.262554346070481515e+01 -7.619215768001883049e+00 5.727105823645616489e+00 -1.651656402121688672e+01 -4.701013302492372148e+00
1.445855463704584736e+02 2.514620028791131290e+01 -2.158662591962907840e+01 1.505454778509747982e+01 6.541525795956095735e+00 1.819623850141097421e+01 -3.911297019284726062e+00 1.295360731803662624e+01 -4.925663806541098921e+00 5.294920494113941167e+00 -5.636993151203426144e+00 2.960064408636644551e+00
1.252516819734233735e+02 3.060812911252106261e+01 -1.106913178613544169e+01 3.212829298659629629e+00 9.677198709558256340e+00 2.150519168425235605e+01 1.454631737102880518e+00 4.314020471409705237e+00 -1.985200312268680101e+00 3.283061493044392432e+00 -1.331325093579841479e+01 -4.600241148617588038e+00
1.250462545745781711e+02 2.341337606366457891e+01 -1.608348595028360251e+01 1.162451385979093743e+01 1.697494470407279366e+01 3.158463432036424123e+01 8.232732148445208509e+00 9.543841029179098712e+00 -3.415549613384887273e+00 9.770177363604052090e+00 -7.024295444675090927e+00 -5.353688774889399760e+00
8.678276775783317021e+01 1.540042645694089352e+01 2.838508909349524156e+00 1.142731757508399326e+01 1.205146842208449165e+01 1.733341357607357480e+01 1.302033041153753956e+01 1.262875962412503839e+01 1.602411248583419656e+00 -1.955993474116517472e+00 -6.483312091004380662e+00 -8.896363055394762576e-02
1.170443971256056557e+02 1.767116286126538682e+01 -1.947208771799760996e+01 9.736818521108927982e+00 1.312147764452393517e+01 2.541416281842558078e+01 8.426983221670411695e+00 1.169696448993942717e+01 -8.043466497450587838e+00 6.209140910825360571e+00 -2.973822975125450796e+00 -2.150516241732527867e+00
1.622938567658779903e+02 2.318379339933650840e+01 -2.898603798446557533e+01 2.911324528868595252e+01 -3.142825079899430385e+00 8.883961903465749543e+00 1.343919782536935692e+01 2.731366904159041553e+01 -1.290348987003876147e+01 1.863509022626023182e+01 -2.060894267657625534e+01 -1.344590727357322102e+01
9.547841061521286576e+01 1.180339721925926710e+01 -4.239378866453925809e+00 2.034571000992989553e+01 1.343798342425658277e+01 8.004403003961225949e+00 -1.051255630481151115e+01 -3.330209742961535824e+00 -6.391417623331937747e+00 7.814616901831398010e+00 5.423338222038843526e+00 8.903000805200040446e+00
1.482904701538469112e+02 4.943999735770612247e+00 -4.964253125595830340e+01 1.706097338129980301e+01 -3.262971649143576958e+00 1.981459843382792485e+01 2.342861226134473895e-02 1.729769297799217753e+01 -1.267300950279122773e+01 1.555352945020834099e+01 -1.727939589248483188e+01 -1.190798930834687752e+01
9.433501325734684428e+01 -6.515514566437506261e+00 -3.538925079426550724e+01 7.313212723442453544e+00 2.524535038000380816e+00 2.045409748559380958e+00 -2.909582153236063107e+01 -1.360540577722567690e+01 -2.023490243456845050e+01 -8.039285912537465606e+00 -2.076132041701776387e+01 -1.496604832172294053e+01
1.496237281980650664e+02 1.436818135691960130e+01 -3.821510009574507194e+01 2.231641495358938343e+01 4.413775274639654356e+00 2.870894635666005712e+01 7.174009369256492796e+00 1.433727578287489735e+01 -1.781600228807039343e+01 1.451066528478282969e+01 -1.131146081141147519e+01 -1.606893231977070968e+01
1.255644634630362191e+02 1.784284110358563069e+01 -3.462555299698108513e+01 3.152581705505138032e+01 2.476867958879546094e+01 3.612935169015137404e+01 -1.802834885268261189e+01 -1.172247192753484324e+00 -1.622593437934668970e+01 2.523243289302607906e+01 5.153740072945332429e+00 4.932966630059177682e+00
1.331083563561820142e+02 5.402932835124831357e+00 -4.023484455283833228e+01 2.389390598023677015e+01 1.768100028933935874e+01 2.846308474047761905e+01 4.733608318151704353e+00 2.256890172416900242e+01 -5.743122896743692252e+00 1.421165248825475302e+01 -4.151126868268812942e+00 5.211420913513554964e+00
1.081765152690188927e+02 4.251070907551259825e-01 -2.135161488700961385e+01 2.996742883577627481e+01 -3.009985792641621138e+00 4.638277997254242280e+00 -5.098510493582873337e+00 1.818457178892030157e+01 1.466922200083450978e+00 1.808224894476595423e+01 -9.556485814376408428e+00 -1.464330244317292440e+01
1.497118689627203594e+02 6.064027092658959894e+00 -4.418526635141597581e+01 4.742304742381865879e+01 2.867953471620562311e+01 2.963921788388355338e+01 -6.686497808839598100e+00 1.883377989635385674e+01 -1.617299783994512907e+01 1.496838268731161925e+01 -1.635526435817687485e+01 -1.750353111441116383e+00
1.247547015989892998e+02 4.175896577971729862e+00 -3.096126651190400025e+01 2.355503246729831091e+01 1.144250858619495759e+01 2.697383712868445116e+01 1.733777334408112436e+00 1.000495070618872973e+01 -1.685864522316342828e+01 -9.402965716553519648e-01 -9.638803097665437747e+00 -4.981745770939888018e+00
1.291173111538067531e+02 3.275630246383975042e+00 -3.732899761195790944e+01 3.853107475803003013e+01 3.096450570240925870e+01 4.626386907591849251e+01 6.804772012996078701e+00 1.458352277778037376e+01 -2.263154798649065214e+01 1.808283391322222045e+00 -9.139736132082155962e+00 1.510113926211399171e+00
9.597736644412884743e+01 -1.387832848884982972e+01 -4.619061725831783605e+01 1.696358719389616354e+01 2.041678415395844581e+01 3.140286687086590689e+01 -4.723615280183969034e+00 6.497841203737548810e+00 -1.259355604779978677e+01 6.455450828948550601e+00 -6.367331641318141777e+00 4.904221511719641935e-01
1.286766347838080264e+02 -6.620508202752579230e+00 -7.164773405034404163e+01 2.280536186110607133e+01 3.569044352993725511e+01 6.205953946859107617e+01 -8.775242702254306693e+00 -2.220773251022754025e-01 -2.722757204779532714e+01 1.212951543459407233e+01 -1.333985215161690974e+01 1.208965120018279382e+00
6.081651736794417928e+01 -3.814101267661416017e+01 -6.259294149700453147e+01 7.885711408394172395e+00 2.308920306601635275e+01 4.278110167654531892e+01 1.290815641938891645e-02 9.221361304676030102e-01 -1.438696633866031505e+01 1.404550221291084711e+01 2.775340862947563991e-01 8.550255880020545263e+00
9.071122015122935522e+01 -1.495849977894082627e+01 -4.732817912564817675e+01 2.264098035018882626e+01 3.157331942764377430e+01 4.574303513374976404e+01 -2.162754788651620075e+00 -3.332125281535640582e+00 -2.596299240103877537e+01 1.412156852361775017e-01 -1.688837501041058431e+01 -6.207323676914449528e+00
1.089768860210562025e+02 9.322483632151353561e+00 -2.868777282502647807e+01 1.616548414561288993e+01 2.693032697151584642e+01 3.853912535105607162e+01 -5.356462902968437412e-01 -1.972882603314695560e+00 -1.716652679058749342e+01 8.397422917016921673e+00 1.589088019684234299e+00 6.833501787038632536e+00
1.745040927072876684e+02 -6.625462884288892518e+00 -8.823042279427671986e+01 3.242113943719914460e+01 1.380433268164789062e+01 4.182450017503729356e+01 -6.624358388246211149e+00 1.529182430714626939e+01 -3.421121699335134991e+01 1.733607330820261083e+01 -1.598098461891432009e+01 -7.735120155677082998e+00
9.224630082624864258e+01 -2.726766625493969443e+01 -7.049907892246564245e+01 6.504714902952422939e+00 2.737675682818995426e+01 4.637308864936078834e+01 2.777231933265365882e+00 1.212582686491705886e+01 -1.493074620577524669e+01 5.229452905747708158e+00 -4.816258872034229199e+00 1.799002944215534683e+01
7.997967271419788915e+01 -2.052378298443903049e+01 -5.899043901820191138e+01 5.942236967803588676e+00 3.238704159282240624e+01 5.873647823204959195e+01 7.990144451507159573e+00 -2.871388162804761279e+00 -2.640563813233268320e+01 4.240155368717236861e+00 -6.277410134470306602e+00 3.834733470983317183e+00
1.439856841434893227e+02 -1.267370324833590267e+01 -6.104814415239236780e+01 3.620869199331022514e+01 6.502623710380828648e+00 5.436603373583580634e+01 1.695399209950219443e+01 2.918407765123658493e+01 -1.969092280424817432e+01 4.739019211901904782e+00 -7.601216431000230145e+00 6.301631519016877014e+00
4.819252029703379492e+01 -3.612163987302324841e+01 -3.770546297493148558e+01 2.928050034713947625e+01 3.587445907656108091e+01 4.329067422176032665e+01 8.161195236473258063e+00 2.969143638977699950e+00 -2.039064000559346823e+01 -6.968948781624074940e+00 -1.449974246213462337e+01 -2.683035015857497818e+00
9.725542814614539111e+01 -3.899101801198914252e+00 -4.197919044018478019e+01 -5.453963054899016782e+00 5.761467039828376713e+00 1.718495049816860387e+01 -1.441426462663933528e+01 -1.207670439255676342e+01 -2.392301698968736545e+01 -1.161651112494276816e+01 -2.265751231143666544e+01 -8.321755444493311060e+00
1.054684431851321875e+02 -4.714561550287062808e+00 -5.633261079592996623e+01 -6.129827045288237741e+00 1.982724556709712971e+01 4.902134401592897461e+01 5.062542542826431458e+00 -1.033038104475797692e+00 -1.947591429151989217e+01 3.926016812834701497e+00 -1.209417286863676466e+01 -1.521448994815239653e+00
1.757200011196840421e+02 -8.103002491880904046e+00 -8.893064595210442747e+01 3.704657478269325566e+01 1.798883890829689136e+01 5.104279032705122177e+01 9.859630663999894296e-01 2.946257330047436085e+01 -2.930038929686906712e+01 9.358354780996366529e+00 -2.019855597413343773e+01 -9.216288407722853293e+00
8.004709465664330992e+01 -2.148710855725494895e+01 -5.206008697014496533e+01 -1.967815690794843864e+00 1.360536281711245010e+01 3.884733875496021227e+01 1.775445467016437817e+01 1.649810115655897391e+01 -1.211244324297129715e+01 -2.397407536283134633e+00 -1.467381103665562136e+01 -1.722216826785472499e+00
1.803663642346036227e+02 1.078765764751621337e+00 -8.510992353141570277e+01 1.973793226519298472e+01 1.061936507745289404e+01 5.394401672583874330e+01 -9.018892025644358768e+00 4.411394050376724607e+00 -3.720142407898359238e+01 6.311322218267874540e+00 -1.866347352105804447e+01 8.480580253729050000e+00
1.522375633933841641e+02 -1.742579728681447904e+01 -9.255635897307959681e+01 1.483254785507458529e+01 4.065946874102211339e+00 2.964009254584031794e+01 -4.060146370576321218e+00 1.874146142118055991e+01 -3.788517584525330051e+01 -1.214242139547776489e+00 -2.979290510643622625e+01 -1.982004348993164200e+01
1.460537629532304891e+02 -1.287873268551669881e+01 -6.428913271907187266e+01 3.708438818745313625e+01 1.310175862083529985e+01 3.848519437438834956e+01 1.466260216313266085e+01 3.351568765179256815e+01 -2.063620452871844435e+01 3.168216519511204865e+00 -2.278975582227163699e+01 -1.179093222908685057e+01
1.272399632275321721e+02 2.872447379415664415e+00 -3.613591999870172344e+01 2.187613162698518465e+01 9.101770885466994088e+00 2.540638054384308120e+01 5.775090006204578685e+00 1.724013508337700529e+01 -1.497676473442837519e+01 5.383279117941313530e+00 -2.488176430531621186e+00 7.919358122988617410e+00
1.845672214090708110e+02 2.944911432424474285e+00 -6.488056723098701184e+01 4.667550776987837224e+01 1.004153256836710284e+01 2.573982422158204031e+01 -8.968411540604432020e+00 1.644588355908783583e+01 -4.167960794054797447e+01 1.446992851256836410e-01 -1.608728666082958725e+01 1.954786320470455152e+01
1.079159298740555357e+02 -6.085056250169362357e+00 -4.278186412718761744e+01 1.058489093565495054e+01 1.301473713372203278e+01 3.260161778084830786e+01 8.485706420040227016e+00 2.122114395269025167e+01 -5.654606019370852721e+00 -5.398044075155379318e+00 -2.390466310724198706e+01 -1.333188252022810616e+01
1.429743137471605792e+02 -1.487911187496173326e+01 -5.990706268280613500e+01 3.970177562006679750e+01 3.385050447996058587e+00 1.646330494558701218e+01 -4.023220569048187478e+00 2.283466052741925978e+01 -2.149406939866040744e+01 9.733698075553233409e+00 -1.403376464983131378e+01 2.654852341968720886e+00
1.026081334428773175e+02 -3.497642361768380503e-01 -2.811390274512185528e+01 1.650967625140645367e+01 1.099973728395043082e+01 2.679875727264745677e+01 2.130947734940404104e+01 3.547034726446509723e+01 7.843665326300236273e+00 1.267289308425402439e+01 -3.353304909604782225e+00 6.336761647429252520e+00
6.007711276253488109e+01 -1.847626766982375557e+01 -2.469294372921406477e+01 2.164787164062210678e+01 1.973619722007984478e+01 2.250909099725035745e+01 3.532865259049711160e-01 2.457399534487191062e+00 -2.063310869863590824e+01 -1.667596735199030888e+01 -2.131900333885740650e+01 -4.130959393750672781e+00
9.691468758868485622e+01 -1.085213859882110299e+01 -4.310640232155624574e+01 2.755859572786566858e+01 2.713921300169534945e+01 3.733656212844702083e+01 -4.303045535929531873e+00 1.127240224358329357e+01 -5.228889318545655307e+00 1.144152302256116727e+01 -9.832548141298600441e+00 6.189148464366699187e+00
1.330679736131136792e+02 -1.536510075754400972e+01 -5.679844863706153291e+01 4.948133748760074013e+01 1.635661284886523958e+01 2.748799440467132271e+01 3.288030749415731258e+00 4.339176229635921800e+01 -4.781266051844138332e+00 5.610272936139441669e+00 -2.418988035074669085e+01 2.524934056096364010e+00
1.514401382478556002e+02 -3.858364495199717581e-02 -4.666125666418520979e+01 2.983511466164483039e+01 -5.407763453829602440e+00 1.621744058312112102e+01 -5.738794702172681284e+00 2.253204889098329389e+01 -1.162383379687716101e+01 4.506967241403226687e+00 -1.534854068938063953e+01 2.209691715852636129e+00
1.175250489941194587e+02 -1.105246242848359906e+01 -5.245329349181825762e+01 1.185859202210328966e+01 3.765836364515817714e-01 1.778985153010472686e+01 4.507524329863477064e-01 1.388406830732690267e+01 -2.387247639103708963e+01 -6.053334231007584165e+00 -1.521349638073013821e+01 -6.790365439510127388e+00
1.126775213371288942e+02 4.380834502803631736e+00 -2.118155420927353205e+01 3.313359308324450581e+01 2.154763982595537186e+01 2.967893292789457504e+01 5.657073533142229493e+00 1.530173369779672576e+01 -1.143200533488509940e+01 2.919303419725324922e+00 -3.514175500918695239e+00 -6.482309501702973042e-01
1.058116986911199717e+02 -5.060126682232080952e+00 -2.708100668660574684e+01 3.355020897293922388e+01 1.596754656836129982e+01 2.709590713934906603e+01 7.944479105983505818e+00 1.518488489616038173e+01 -1.156752665000786173e+01 1.260755504699061902e+01 6.381789450211339698e+00 1.921051415979445665e+01
1.191267132835652092e+02 -1.331727950724359033e+01 -3.457544926438878008e+01 4.765758668749653282e+01 7.144856351508680703e+00 2.455483773783728196e+01 -1.892883546166223452e+00 2.292279264506809966e+01 -7.671234078870178941e+00 7.474067115935591588e+00 2.795552424685419979e+00 1.614777838376125629e+01
8.449573072746710523e+01 -4.605747685029854210e+00 -1.300275364955341928e+01 3.145561751241256232e+01 7.914336432040969704e+00 6.870493849676920561e+00 -3.728964688980298980e+00 1.897282440909101098e+01 -3.193295911871675941e+00 -6.662205538152075945e+00 -6.251818362780838356e+00 7.565311396397836674e+00
8.282213723173988740e+01 -5.694013569307523337e-01 -8.431479449991940101e+00 3.124395425814851279e+01 2.073525267559176655e+01 2.403871115913535306e+01 8.152742133896454746e+00 9.506113006448916991e+00 -6.623220006607666299e+00 1.007525208120106441e+01 2.990398405791545144e+00 -1.996456884270575660e+00
1.288165466160008918e+02 3.496495176581920106e+00 -2.394427662243943900e+01 4.673662367345220048e+01 1.098101145815097324e+00 2.231178227470172359e+00 9.314544351365050545e-02 2.613106800422232112e+01 -7.125513560404769464e+00 1.700352679094265795e+01 -9.017350179871911564e+00 1.154495877342501586e+01
1.037788099823935681e+02 -5.031690609497078803e+00 -1.050595361832344210e+01 5.863209029453177834e+01 8.938960770735214112e+00 8.453721370932274937e+00 -2.269048651204580658e+00 1.614154219186320560e+01 -2.080766217142150509e+01 -8.888733988550413301e+00 -1.248367954594116114e+01 8.108905380406252306e+00
1.046425794476128175e+02 -7.490779072177346620e+00 -3.291374859119578389e+01 3.588268622325401225e+01 1.964754264173675580e+01 2.486777445099384209e+01 2.773323651585763372e+01 3.528363785634910954e+01 -1.121670091482561915e+01 1.830471545199663552e+01 1.771901939233444745e+00 -4.994190499387196613e-02
8.837722281750870934e+01 -1.625046423617206770e+01 -2.281867189675105578e+01 5.694392273946066751e+01 1.994929395079699219e+01 1.448823652793223005e+01 1.818223320155825107e-01 2.028215075011863888e+01 -1.418343709535389507e+01 1.029694981545376820e+01 3.508242838033057254e+00 7.677987627530248105e+00
9.620298872865551232e+01 -5.261501001809407718e+00 -2.289860991852099659e+01 2.904479901994216107e+01 1.090823177147232137e+01 1.387195547754941316e+01 4.129379764039184053e+00 1.855956516515561461e+01 -7.881795370322157268e+00 7.418834219093400684e+00 1.583247212269809578e+00 -8.408186967675705503e+00
8.570271436919605890e+01 -6.945646536782501101e+00 -1.402683897732961427e+01 3.314121165178034545e+01 -7.623035745182408007e+00 6.233280460515715049e+00 2.101464897480823524e+01 4.690185067323090351e+01 6.618758254119266660e+00 4.134505533144684719e+00 -4.707167732905731761e+00 2.642189176795449512e+00
8.684573950927810415e+01 -9.079913982408807982e+00 -2.046586752883521854e+01 2.948938734343161627e+01 -1.396287898235846425e+00 2.468565517808553267e+00 6.562041887777723126e-01 1.638765275113913589e+01 -1.607148183751510828e+01 -2.871347949617498063e+00 -1.413659210207455885e+00 1.254434192138200643e+01
1.110868552402743603e+02 -6.280899882089187258e+00 -2.919183880875366910e+01 4.300476630743853690e+01 1.071861332106056608e+01 9.451726843059596206e+00 4.887684358702639287e+00 3.157947956285081403e+01 -9.462378058321347041e+00 4.353567436889255404e+00 4.774394751741648513e-01 1.958137553750628701e+00
1.032609949894990393e+02 -1.098616308941222997e+01 -2.970862112935571275e+01 5.194514046082743874e+01 1.315227486463647644e+01 7.197881366335149522e+00 8.288707271284948774e+00 2.764511403279920643e+01 -2.099090390498402314e+01 9.617449035088707632e+00 -1.565246691581945626e+00 7.020332928951297902e+00
7.942366093940444216e+01 -2.629131243534352080e+01 -3.796134061631643419e+01 3.891776425340371759e+01 -1.232629260269368032e+00 -4.696469759129927368e+00 -8.056918928001993052e+00 2.087822355931972851e+01 -7.618258776400759658e+00 1.742062078931623148e+01 3.719760184273157577e-01 -3.348258739503816805e+00
8.538688577367837240e+01 -2.453998745518873648e+01 -3.901159066353294236e+01 3.036024315533525098e+01 -4.300492991759941930e+00 1.800291475740718905e+00 2.443513056470921763e-01 2.246268695382196867e+01 -1.293844983311328711e+01 2.908545563465170680e+00 -9.620242738118722770e+00 -1.395877276992183891e+00
7.668116824913744267e+01 -1.980273286195983928e+01 -2.662074796500368024e+01 2.457161064315603483e+01 -1.382032023228049189e+00 7.332980811616724104e+00 -5.104288515710204699e+00 1.364521913117801866e+01 -5.189871153532291004e+00 5.313216575452278434e+00 5.180912937575581800e+00 2.612624991951544295e+00
7.986234331984843493e+01 -1.681445512196096459e+01 -3.076344611378841520e+01 2.107003839561964043e+01 -3.213651433545212655e+00 3.191609296527895268e+00 2.431770552340835945e+00 2.391713417281213339e+01 -1.044886127345921567e+00 1.145281034564613520e+01 -4.252386620008834939e+00 -3.360523726871326389e+00
7.962527949749642175e+01 -1.691615707294996085e+01 -2.281919445305621963e+01 3.020781320097223954e+01 -1.180004475436797584e+01 6.327792580609989948e-01 8.044507160743078700e+00 3.152203840051716455e+01 1.734255220806814712e+00 1.301650209805908887e+01 5.134320245262857796e-01 -6.919845413500105735e+00
5.397443237528405291e+01 -3.296948359747299406e+01 -3.410227110054518107e+01 1.093540474287587116e+01 -1.956732398781824855e+01 -1.261411527767889496e+01 -1.223442411378397043e+00 1.857383964133876830e+01 -7.315959459642555895e-01 1.107097401296945449e+01 -5.506528759226891445e+00 1.450225409963180168e+00
8.619921423358040613e+01 -2.776232083659145644e+01 -4.050978700776580155e+01 3.243640660268130915e+01 -1.046732873315708545e+01 7.623107303624188091e-02 -1.009269375595430507e+00 1.249532589513961156e+01 -2.358588161596397370e+01 1.218516336903478958e+01 1.030456882404869923e+01 7.166206805440998195e+00
7.323274660543556536e+01 -3.733268770417245008e+01 -4.981176300818916758e+01 2.472885627658149588e+01 -4.520147503081521023e+00 8.378065408963674798e+00 6.895904131796378067e+00 2.136897043882790825e+01 -1.444048328493997246e+01 1.099253861582724490e+01 7.564312476255063977e-01 4.940772564879909012e+00
5.523112667893708760e+01 -4.101750989278659176e+01 -4.449712078862504683e+01 2.487047853307251799e+01 -7.983646809404096878e+00 -5.513534867728001387e+00 -7.144593945561907411e+00 2.010434596271287333e+01 -4.159045420154035000e+00 1.857630289156195147e+01 1.168159136463063774e+01 5.482769225843160399e-01
4.830488265014662375e+01 -3.304078220198394433e+01 -2.780173744797705382e+01 2.297495598639596182e+01 -4.834230785173585510e+00 -3.045119560714747209e+00 -9.717631232236081829e+00 9.206667933590097164e+00 -6.848098962281360613e+00 4.998514948737096120e+00 2.782929010056913732e+00 -1.287594046871283204e+00
4.189874409841503677e+01 -5.181197530745934898e+01 -5.590140191747583742e+01 1.416432764431465330e+01 -2.280604586205740247e+01 -2.336174872316557227e+01 -2.640341710378802986e+01 9.118290857929771676e-01 -2.295499936478438485e+01 -8.590097076793966835e+00 -1.457493918174956704e+01 -1.892402839487764155e+01
