-8.111937111434035330e+01 1.250346777603184378e+01 9.057179123996281334e+00 -1.843286285555508641e+01 3.665826026870654886e+01 -1.799821612407816218e+01 1.756662555018608174e+01 -4.721943068828910128e+00 3.039167421144041015e+01 -2.967748003383209987e+00 2.505034690489744165e+01 -7.475216913268822871e+00
-7.347776864854847645e+01 1.767114295574762650e+01 -1.699629071863196117e+00 -2.605441424236792258e+01 2.715806559842157242e+01 -1.970882421725080391e+01 1.550051537762284148e+01 -6.752252063373743951e+00 2.710450841478160555e+01 -1.528280109096042594e+01 1.160759869674198796e+01 -3.075351359072328705e+00
-6.695395961237427684e+01 2.842163943557338612e+01 -2.686103197321718206e+00 -3.505817865790567112e+01 3.309757945800143375e+01 -1.724404694825719275e+01 1.639232894256120332e+01 -2.157740923405362921e+01 1.724023325161570952e+01 -2.303303432480087665e+01 1.146999996643685549e+01 -5.072327977690942902e+00
-6.706977834464194643e+01 2.524674502601151005e+01 1.329910455031672356e+01 -2.244807919905756677e+01 2.664369948699987134e+01 -1.341241111638864325e+01 1.626605168997531692e+01 -1.103343893322331049e+01 2.296913578754099916e+01 8.346034620944324800e-01 2.395743915845838146e+01 -4.551184415496212665e+00
-7.276428186900236028e+01 8.613237778345155249e+00 -4.023847955820837541e+00 -1.909231399532924200e+01 3.127835530140868414e+01 -1.368697947154769778e+01 2.718608358344842202e+01 1.016942571751629609e+00 2.883098380989117260e+01 -8.024693628078587437e+00 2.090920592746691042e+01 7.195030563128468337e-02
-8.236597724503295126e+01 1.429471934394665311e+01 -3.647232735361656708e+00 -3.132667940487365854e+01 2.229881578998425340e+01 -1.063663633940469921e+01 2.757349287263215842e+01 -4.468442060723644360e+00 2.644751614300603393e+01 1.937440410108152378e+00 2.750438094420104562e+01 4.628363157719538101e+00
-5.664003966343838670e+01 2.259006357244874863e+01 8.502700477688946989e+00 -8.878310345913870805e+00 3.686819988193777675e+01 -2.753430336083255270e+01 1.286081390567007965e+01 2.767932493600944177e+00 2.089510416797903147e+01 -1.541219082029086707e+01 1.371979119691577864e+01 -3.350072052030259151e+00
-7.535955703782502724e+01 1.697175058280359750e+01 4.978118826493544979e+00 -1.608099288854113240e+01 3.366398200461333801e+01 -1.579011281149363555e+01 1.801587389849083820e+01 -1.041284374958752323e+01 1.431201773165934554e+01 -1.942960013145539122e+01 1.730317330326624159e+01 -3.648931943495114183e+00
-6.234396561746008558e+01 1.949504314747460754e+01 4.218876725187111099e+00 -2.314621720796483828e+01 3.682600719948280243e+01 -1.238210167135406614e+01 1.913626975428401522e+01 -5.773139946693409463e+00 2.403340929914126178e+01 -9.765797174416452897e-01 3.111566629373047022e+01 5.997778002156728405e-01
-8.038515153289249326e+01 3.126199110797517022e+01 2.010610248731635608e+01 -8.989970987505440547e+00 4.200067539390652627e+01 -1.992817991542942835e+01 1.285745435828725114e+01 -2.182423675119043338e+01 1.984893232224345638e+01 -1.229889154233535109e+01 2.119294605865602321e+01 -1.933777790311236755e+00
-8.644337126590988873e+01 6.495592599912712650e+00 5.926721333404722181e+00 -4.196226382962457535e+00 3.232555786370846818e+01 -2.078574464737566529e+01 9.075066823053804299e+00 -1.160098796459851478e+01 9.489396978739058852e+00 -1.683982206866529197e+01 1.177856925225958662e+01 9.742302188845226141e+00
-7.242313934730229619e+01 2.271764138066865257e+01 1.711708476719888239e+01 -9.228283935112466807e+00 3.335900264282467731e+01 -2.496778277498901844e+01 8.746518806752812125e+00 -4.960274473501970149e+00 2.153274143154405351e+01 -1.371897524657154221e+01 1.061747130927470550e+01 -7.214672248333974913e+00
-8.238561325279181347e+01 1.024567451114428351e+01 -5.934613331679994275e+00 -1.878174164903307286e+01 1.594373019239016287e+01 -2.847956282577198550e+01 1.257297362143313535e+01 1.399104196126724986e+00 1.908049229078289599e+01 5.173007514260585360e+00 2.070005180033790992e+01 -8.042897633911862965e-01
-7.007938189023744258e+01 1.687351329494121543e+01 1.455030904122476798e+01 -1.131626697093303768e+01 2.299298210421027022e+01 -3.190152350294538763e+01 1.264488156686933351e+01 -3.096845990935073623e+00 2.380790979531121110e+01 -8.343856361353779505e+00 2.050609186777299797e+01 1.822059858643990893e+00
-8.002020121137564956e+01 -2.568669288415301288e+00 -3.623703099261998517e+00 -1.235003954445595831e+01 3.569817802573537335e+01 -1.251744711573241986e+01 2.086331870413914658e+01 -1.154518809803621160e+01 1.604275186958073718e+01 -2.248648178271891496e+01 1.662060226159152521e+01 8.482795224025891923e-01
-2.806690915574240108e+00 3.743403837299276837e+00 2.860466017265352789e+01 -2.150412193326752330e+01 4.081226826873297853e+00 -1.600030241579964496e+01 -7.112570445884887960e+00 -4.599946503731099057e+01 1.673354621707436962e+01 -2.038736465590500302e+01 1.585645499783712609e+01 6.390299850764895595e+00
-2.762880839391206678e+01 -1.621035177191244969e+01 3.866426560131483114e+01 -2.214568006997119198e+01 8.508016420396518953e+00 -2.736294028539250789e+01 -1.039803753644346074e+01 -2.962435264664428303e+01 2.671016636000587141e+01 -2.088655179089057157e+01 2.562286920301536597e+01 1.249236479016659018e+00
-8.757563257488476438e+01 -8.692763881896601674e+01 3.385366753230772474e+01 2.026105089538928183e+01 -5.389273115015055460e+00 -9.767164228865654607e+00 -2.066028710347405450e+01 -2.097124327054827830e+01 3.643818161119938281e+01 -1.078140082843958680e+01 3.545505080981236290e+00 1.016543907082935227e+01
-5.950368867874024659e+01 -1.073393726444408571e+02 3.831866950486643475e+01 1.874996228639066942e+01 2.088942305699251989e+00 -9.930065813983901535e+00 -8.349701903159722605e+00 -9.007519085822750071e+00 3.117653272883869420e+01 -3.016363175640464434e+01 -1.225511806385629043e+01 1.065322913116268033e+00
-2.839382840000911301e+01 -9.642348969973573958e+01 3.233749613615231056e+01 2.764123091698115786e+01 -2.782309513385346378e+00 -7.592582392473028463e+00 -2.098489153386974060e+00 -3.634879515015882134e+00 3.361760074353229300e+01 -1.224861200702649811e+01 -1.564554607399451491e+01 1.260844485203725895e+01
-8.233881514030096582e+01 -1.319627532470977656e+02 4.948975958630248329e+01 2.418258475839979127e+01 1.820838113540508729e+00 -2.250962708685757718e+01 1.266214798735345859e+01 -6.655154750808623731e+00 4.032043920401567050e+01 -2.698263899155871570e+01 1.123470837557210888e+00 1.633056614267614037e+01
-6.410298551414477686e+01 -1.057939046542333728e+02 4.443787285438899204e+01 9.790897807769948002e+00 -1.915794417248263315e+01 -1.471506709622462328e+00 -8.718722745947435016e+00 -8.899869760865177781e+00 2.550777284398803602e+01 -2.068360067460587715e+01 -1.037142038025559643e+01 1.122126065788738813e+01
-1.225839050221929654e+02 -1.183996886603205496e+02 3.418080351722264254e+01 2.395620442686819729e+01 -1.654114973211307316e+01 7.113868954266019173e+00 -2.466340241450740045e+00 -1.066284277635511035e+00 1.906585251141923720e+01 -7.155144575676828822e+00 -1.426592500608326208e+00 1.697618591836708291e+01
-2.152009281527697837e+01 -1.183547928737101245e+02 6.377138103435359540e+01 1.080061946588773125e+01 -1.731497603505372851e+00 -1.921240685684823291e+01 1.018588219343720347e+01 -3.073215120099897391e+00 3.186400080976943983e+01 -3.378998203483214979e+01 7.107724382756773096e+00 4.980169605958483459e+00
-8.103920934916192209e+01 -1.292901855007242489e+02 6.785994682334347772e+01 1.459116717835858879e+01 -1.297219209841371779e+01 9.340306872589332343e-02 6.038480390822034138e-01 -2.643396861482891325e+00 3.628913658694873590e+01 -1.247599734819877781e+01 8.076093406399198926e+00 7.681061773561935091e+00
-9.475892078173413324e+01 -1.302032811055186698e+02 3.742455572525075524e+01 1.411758340255816968e+01 -3.171691510535047698e+01 -1.754519723290711042e+01 -5.213712686440343802e+00 -1.455032376782077286e+01 7.335222408330989374e+00 -2.425013768599578867e+01 -2.147476424502809067e+00 5.517151894428902636e+00
-7.920421617880623444e+01 -1.445639320374589261e+02 6.729442472697004973e+01 2.168182381795068636e+01 5.672540299016290533e+00 1.709583579670720610e+00 2.768501600554973052e+01 -2.311563168377107047e+01 2.796966758325908486e+01 -2.293202114395926827e+01 7.970457053674445014e+00 1.978132980038131539e+00
-8.116817110532372226e+01 -9.602617681273784456e+01 4.956007313935241143e+01 2.882947219523464355e+01 -1.708070756907272392e+00 -2.687404899050910956e+00 2.559159092294753801e+00 -1.193978504636785587e+01 7.995283252100668037e+00 -1.882717842041363809e+01 1.303064897344103912e+01 7.436619447252376780e+00
-5.215093634598545691e+01 -7.723140392623167827e+01 2.927078700702754332e+01 3.866648453417363385e+01 1.598261752753087350e+01 9.608987495427303571e+00 2.232614671477006141e+01 -9.623427118377145817e+00 2.702724873519544957e+01 -1.356151281903045636e+01 7.672831328024416919e+00 -8.138757700376565651e+00
4.242621454634727485e+01 9.081973844483830050e+00 5.671759125556390302e+01 3.475964137862928283e+01 4.391576390279791298e+00 -3.322716948914755619e+01 -1.548539574115654460e+01 -3.732725415961538573e+01 -7.607097958140710325e+00 -2.325899428824777004e+01 -4.878291498980374286e+00 -8.413498115853432324e+00
7.741385636968465178e+01 -4.374481458459324124e+00 1.353419455523918558e+01 2.752848822216624569e+01 -3.436055120061844548e+00 -3.398358799384655526e+01 -1.386119120323825804e+01 -2.486039507664795423e+01 -7.530494431761836971e+00 -6.412474179233166538e+00 5.160650129375878414e+00 -1.247895365081157593e+01
8.902554371684730938e+01 -5.989920943784370344e+00 2.797276865656115774e+01 4.580750145964807274e+01 2.132102930045117972e+01 -3.441638081997741949e+01 -1.347741049510020162e+01 -3.208782755855608571e+01 -7.257246841879632981e+00 -2.193120581753831289e+00 8.591230730045699815e+00 -7.420142282039815740e+00
1.034403202267891686e+02 -2.773689924479637980e+01 -1.410443632942933512e+01 1.102880281957303055e+01 -3.358850360556202119e+00 -3.155589138065499100e+01 -7.795427363424096256e+00 -2.508697327581484515e+01 -3.512877760744640643e+00 -1.068313318997394745e+01 -1.726072117683643548e+00 -2.074330830419937399e+01
7.505170976419779549e+01 -1.354495489705728772e+01 1.476641213533931563e+01 3.526247841626954482e+01 6.381722954422681227e+00 -2.098589790823203316e+01 -1.986688966707388460e+01 -2.050795330296387675e+01 -6.896079081662691124e+00 1.267667885691631469e+00 -2.830539271962693171e-01 -1.180410857040962114e+01
8.739577942256670440e+01 -1.302120609862287992e+01 6.448230560091836594e+00 4.148559807362657637e+01 1.568268728120106026e+01 -2.850255050171719517e+01 -1.950641370299761235e+01 -1.705386562294957997e+01 -2.840066044412052459e+00 -7.499023767149507691e+00 -5.182046185731566723e+00 -1.205434114908304188e+01
1.119606229865812281e+02 -2.371045245671720636e+01 -1.068907595136430544e+01 3.198747757582664519e+01 1.587226089180490973e+01 -4.156895223652819027e+01 -1.920962677461067969e+01 -2.887182354290284891e+01 -6.165994224534721901e+00 -9.510285810627427949e+00 -4.898723722959557492e+00 -2.143875321255841015e+01
7.602562327047888857e+01 -3.681570532153370578e+01 -8.885182692606452548e+00 3.564328226165312685e+01 1.006648437490627046e+01 -4.452632415265495069e+01 -3.538802968167382801e+01 -5.277420271776153982e+01 -2.153496865041502417e+01 -2.391388155032118235e+01 -1.585282526161556760e+01 -2.824076962779667710e+01
8.970755821096355476e+01 -3.874543755654643462e+01 1.194529123266718118e+00 2.905612133430485500e+01 7.029614767711139578e+00 -5.733445788994329462e+01 -2.853106318806699804e+01 -4.840102511608492364e+01 -1.614438071251776563e+01 -1.799034023550310479e+01 -1.753138491418456013e+01 -3.096754249663695191e+01
8.159212193423635995e+01 -2.868132987696446179e+01 -3.620233486834889547e+00 2.651395634846759108e+01 -4.057296166411592075e+00 -5.465527969246863904e+01 -4.196686981194518751e+01 -4.695654014282024491e+01 -2.315248189064884698e+01 -2.140171789890290199e+01 -1.810215573433321978e+01 -3.883884830309523295e+01
8.719112054865622952e+01 -9.440933138574589378e+00 1.461709173139406026e+01 3.928230228456601481e+01 4.477816809335405601e+00 -5.278063606416444031e+01 -1.637731834305939671e+01 -4.361538839389119460e+01 -1.407980369686247002e+01 -1.653716939447424039e+01 -7.671024299019135739e+00 -3.311752360222996572e+01
9.203450102142420519e+01 -1.767542478418419449e+01 3.484138080568902751e+01 3.737626372989905121e+01 1.721470679764698986e+01 -5.297647490601826803e+01 1.930114043485906761e+00 -4.802992963244675906e+01 -1.260101761403378440e+01 -1.525115911992029005e+01 -3.720237831746243451e+00 -3.514514931577714663e+01
8.069065226885980735e+01 2.212660477645060908e+00 3.408978847910519505e+01 3.188775676194578068e+01 2.191396765606910080e+01 -5.129466710703221111e+01 -2.555683711596225205e+00 -3.879276548907228772e+01 -8.444315819027304215e+00 -2.021143283354960118e+01 -3.251110719517323666e+00 -3.292074510583957192e+01
6.916241221942061657e+01 4.755576093359400680e+00 3.859590718550778377e+01 4.434848576715326374e+01 2.012953442975181773e+01 -4.977974017038846455e+01 8.306323317787176475e-01 -3.197282690096504609e+01 -8.292889949684440154e+00 -1.534448089773175283e+01 -2.209503336402081963e+00 -3.904110864404416503e+01
5.208723154353015872e+01 9.299826534792601240e-01 4.534349653886220466e+01 4.874212412227590363e+01 3.196280321422926107e+01 -3.801668728685205423e+01 7.342583688860112368e+00 -3.326965073575462384e+01 -4.942965556281236239e+00 -1.636598233774441979e+01 6.299681106457980739e+00 -3.621027925285646631e+01
2.966487313037507079e+01 1.246829614319170787e+01 6.666375940677957601e+01 7.378940378359930108e+00 1.038313677221933240e+01 -2.174516236934531577e+01 -1.100101003586707371e+01 -4.837128496236957176e+01 1.058177188177467443e+01 -1.512582294279771844e+01 -4.206432276160113615e-01 -1.822651784124983010e+01
7.864071982512030878e+00 2.117669192095596031e+01 4.363889263991615053e+01 1.578635014426320637e+01 2.907051903991369102e+01 -4.196694343632250934e+01 -6.100048614471076824e+00 -2.822956080129519307e+01 5.088826068448623730e+00 -2.003746510339435005e+01 7.191115218590757863e+00 -2.942397557618240711e+01
1.213014063579780988e+01 1.982895488759993441e+01 1.477443533065813419e+01 3.692339648320894341e+00 1.661616431128794602e+01 -4.785352789586426070e+01 -9.555592884030877698e+00 -2.876382587664319956e+01 5.344374005211552259e+00 -2.227870657389868825e+01 9.382646829127022414e+00 -1.499970464674193593e+01
-9.814885891508883020e+00 1.404646953561261746e+01 1.993772098117489833e+01 -1.326893908182551662e+01 1.080760020982883773e+01 -4.756362484121792988e+01 -6.469991019651470054e+00 -4.459802653727561506e+01 -1.257515794881221183e+01 -2.836782081074478512e+01 6.196948286125067540e+00 -2.562486044000154806e+01
-2.220182769746230633e+01 2.424790709944114298e+01 4.178718617976169014e+01 8.000541382405724988e+00 3.161301166949515817e+01 -4.432734561366761739e+01 -2.012391707007088826e+01 -3.399218439084093291e+01 5.072165901789451148e+00 -2.128519155220817538e+01 1.248893735867957488e+01 -1.953983849928152949e+01
-1.526813158507273727e+01 2.738629466952874481e+01 4.825907937386507740e+01 2.236140276897152113e+00 2.956121900714378370e+01 -3.842033620724625109e+01 -1.201636045827027655e+00 -3.018142780799735903e+01 3.082644681354204330e+00 -2.179439548786955783e+01 6.395930437903677657e+00 -1.644795401789777856e+01
-1.151020432023024753e+01 3.609542758258962181e+01 4.665235435280571608e+01 5.046747549307388780e+00 1.936605972025857270e+01 -4.285740405466734870e+01 3.177440882491731955e+00 -1.398349743728413941e+01 6.870829395087541869e+00 -3.138562463327244245e+01 1.086208389262712437e+01 -1.224298658899889958e+01
-3.831540940020752117e+01 1.023230681517562601e+01 1.631403437539740509e+01 -2.486755428989944061e-01 2.070461547417100689e+01 -5.001723573356845520e+01 9.498611499336785613e+00 -3.018351917601514955e+01 4.942277552646915595e+00 -2.070628989130452169e+01 7.784654861450142072e+00 -1.759917348095999046e+01
-6.447281311135870396e+01 -1.075443660659448675e+01 2.539365588126430850e+01 -1.660746793307725255e+01 1.620377261408525271e+01 -2.273614787472891408e+01 1.536294340521542701e+01 -1.893751165718379070e+01 -5.014928104355039551e+00 -3.053358972902568880e+01 -1.591922991561726786e+00 -1.972780709262858068e+01
-4.618113929960578901e+01 -5.633442376145627151e+01 4.123712364027814203e+01 -1.698775582332603662e+01 -3.090823038194190886e+01 -1.504137309342163498e+00 1.448594957992803467e+00 -2.939271181806584110e+01 -5.642070225935125194e+00 -1.960570567700353450e+01 2.584668247741733982e+00 -7.127343978393728463e+00
-1.249648357578986975e+02 -7.605993217064664691e+01 6.941648699110999132e+01 4.285018238053982742e+00 -3.841522985995307238e+01 -9.372183603508586813e+00 -2.082445984759619506e+00 -2.869741653918897129e+01 -1.983190419941580984e+01 -1.022611065140050357e+01 -1.706950929670657757e+01 -9.804354155397101422e+00
-9.703435320949748188e+01 -8.003916581731699864e+01 8.264305791437121229e+01 -6.403196057839689814e+00 -1.173004543272227451e+01 1.335959109833516756e+01 9.018206877277840761e+00 -1.450402050208187354e+00 9.866524711116635871e+00 1.361908321920445308e+00 4.315107493974656094e+00 8.914924547477909300e-02
-1.048597117771202107e+02 -9.268190834640651588e+01 9.960278595761809584e+01 -3.226920113358690223e+00 -2.297672667028240312e+01 -9.015337649833359279e-01 8.820138180549026430e+00 -8.185677900199223700e+00 8.277095173021429275e+00 -7.565767998731116606e+00 7.388736388477590289e-01 -8.258387452896574388e+00
-5.552954106420554581e+01 -8.535205886158271937e+01 6.463934751521878752e+01 -6.719313421907417982e-01 -1.864285489100329229e+01 4.794525352380289984e-01 1.690133645184155986e+00 -5.747023457990467321e+00 4.145756219700492906e+00 -7.247661722187750399e+00 -3.200544938132471984e+00 -3.875566929620925194e+00
-9.017118218713957845e+01 -9.728234324524746057e+01 5.700348886546541394e+01 -1.279235691975836087e+00 -1.714694600896990551e+01 3.330977389902436414e+00 7.399692470979927883e+00 -5.424711437877004272e+00 1.117167368919014692e+01 3.400442195958526703e+00 2.297518491010880126e+00 3.353279784357871662e+00
-9.326244506819256230e+01 -9.790767588878685501e+01 7.672448053190200312e+01 1.071853414310912456e+01 -6.695014545726608368e+00 -1.043149272848809517e+01 -2.791354756064738041e+00 -1.019256028856579910e+01 1.611596185072286858e+01 -3.350744735202751290e+00 -2.419501486498757681e-01 -2.986191476683775825e+00
-2.927302965657327860e+01 -9.973499063697667566e+01 6.147138592315290140e+01 -1.321506315605121173e+01 -4.015963216790838786e+00 -2.071565703636245814e+00 1.336958652029504435e+01 -1.508674039006545797e+01 2.994223124632084776e+01 -7.258316414791802451e+00 5.604844316460724230e+00 -1.322590134317564647e+01
-7.798094951509237660e+01 -1.155332570720564433e+02 5.140839027896630853e+01 -4.611475400331382701e+00 -2.085691344077907416e+01 -3.760401925781123111e+01 3.312974435630167136e-01 -3.137017882777860223e+01 2.079890313340207086e+01 -2.232388092755557096e+01 -3.276247605115567563e+00 -7.604167476089750188e+00
-4.782247962496177252e+01 -6.912441327428068405e+01 6.219631292236462627e+01 1.389513711948018404e+01 1.553240669733559898e+01 -2.359238876739112101e+01 2.171715158484828123e+01 -2.829607762272589255e+01 1.099733510569580908e+01 -2.938741645824540427e+01 -9.943319570692557008e-01 -1.786750081623166153e+01
-5.381840465763417569e+01 -4.249479672159758081e+01 4.549228109038548240e+01 3.067333811881352545e+01 3.978393577408538384e+00 -3.360604832908835249e+01 -8.558260275134661477e-01 -2.786238835750185672e+01 7.644600524611012915e+00 -2.133536843706556496e+01 -1.162804867051219304e+01 -1.476541293279355216e+01
4.958951459172693177e+01 1.251808745833137237e+01 3.090811640197598109e+01 1.547745939933986392e+01 -8.387586713219651047e-02 -2.600044145953216201e+01 2.657772272742135122e+00 7.560767611092151341e+00 -3.569193671995474659e+00 -2.185791016971204925e+01 -1.024416629003397361e+00 -9.310484307876743415e+00
6.648185488683746769e+01 8.161037104994276703e+00 2.954856113762874514e+01 4.005197923682138139e+01 3.088606945878793475e+00 -4.503675201801118533e+01 6.350974036927794941e+00 4.408143887499829994e+00 6.070258637943412694e+00 -1.122238033030227200e+01 -3.103448771488516833e+00 -1.066933408550117690e+01
7.665729912844372507e+01 -1.219519576543265593e+00 3.467592247140278516e+01 4.622498807837066437e+01 1.409308123816890301e+01 -5.382246929428493587e+01 3.022564552206974398e+00 -2.246881550348154732e+00 1.701764066594504499e+01 -1.450264226244373233e+01 1.557578025295357715e+00 -1.925370325723683607e+01
7.225910550990568026e+01 5.868413648224673373e+00 5.573123469126304030e+01 5.246675126771804543e+01 1.688814073770882018e+01 -6.734597468829038291e+01 -3.451937539870541194e+00 5.804337681258973092e-01 2.103509660775099022e+01 -7.858599305192578655e+00 -1.565167105428914240e+00 -2.496378170654215012e+01
7.925073828084717320e+01 -4.722203273965928538e+00 4.285112705288405266e+01 4.286525900838228154e+01 1.581842564003905949e+01 -5.078008276586400171e+01 -2.070759496518426168e-02 -2.684045520374652938e+00 9.951224360859310281e+00 -1.046576862169981226e+01 4.147284961971399397e+00 -1.727139475485455833e+01
7.999641624863190259e+01 5.572717319160808813e+00 2.221765328176194743e+01 4.281789343415961469e+01 1.863554000534445976e+01 -5.519274571609594204e+01 6.452512324804062338e+00 7.827401119605159607e-02 1.018256324062950213e+01 -1.759998143546810923e+01 9.730379030460682088e+00 -1.474290081164367550e+01
7.656243850962897568e+01 1.167413285644678389e-01 1.971808551418184408e+01 4.057059447314006206e+01 1.210675141512715847e+01 -4.518971035046001816e+01 7.309307702037604493e+00 -2.860305392863635277e+00 1.052811439270364424e+01 -1.611130593932087152e+01 1.004824320006961536e+01 -1.863957934596827570e+01
7.004730504935304225e+01 3.152203259008444114e+00 1.737232853347551043e+01 4.451046489815688290e+01 5.893259274999295805e+00 -4.294801738872511976e+01 1.332043786922180839e+00 1.196577795744018236e+00 4.277924104905467040e+00 -6.173871859734907375e+00 4.059227788282067095e-01 -1.115686177934336420e+01
7.811085462594165563e+01 -2.589566290234702528e+00 2.216347385187714281e+01 3.563916704689047776e+01 1.896614344824516607e+01 -5.281485345465936376e+01 9.657695412056353845e+00 -5.848130485393172151e+00 4.427761229862298364e+00 -1.091846324480707509e+01 6.769080778621638927e+00 -1.418018499863939397e+01
7.172689509953137588e+01 4.447087391373403698e+00 1.886582326550207256e+01 3.581127239886311031e+01 1.003619513576829902e+01 -4.748903412718918560e+01 6.666340858518992718e+00 -2.627389465155002934e+00 5.109083950247466532e+00 -1.316043021684777869e+01 7.925119982061306523e+00 -2.012341550733539464e+01
8.484961180757532873e+01 6.184374423627382100e+00 1.486859056585488759e+01 3.084003990770293768e+01 1.575117051366972198e+01 -4.785325902700713385e+01 2.126659031215433204e-01 -1.024456719238107549e+00 3.910331255464891242e+00 -1.313802142036383813e+01 7.223996777234894751e+00 -1.492462749064104521e+01
8.144128200031389042e+01 8.996999533462361143e+00 1.163315610192034555e+01 2.729888195674085338e+01 1.494043357732926225e+01 -4.512849447702441807e+01 1.628944572919949429e+00 -3.370015978539367296e+00 4.595072628930951808e-01 -1.285180714046821038e+01 7.843525366435829760e+00 -1.355070789533512965e+01
7.386614274022606708e+01 1.222773857579443657e+01 8.714572195585844838e+00 4.042758029341698744e+01 2.551496196313870479e-01 -4.132886518403483933e+01 6.899006866235554369e+00 -6.660777580414492860e+00 -9.391880826198457655e-01 -1.111083565097906956e+01 6.667759784449714289e+00 -1.301292369452802333e+01
6.497103604320260217e+01 1.975327377900864789e+01 2.489065293120845368e+01 2.511943770722747615e+01 1.066684579515158404e+01 -3.611993484727923232e+01 5.132363695008328008e+00 -3.981009484992509506e+00 1.884693426692152229e-01 -1.845595780478194570e+01 1.376864323997717854e+01 -1.406538633223476609e+01
5.418814973453515904e+01 1.045788995028455659e+01 5.799310345407776879e+01 2.001600632264747759e+01 9.384288150589743083e+00 -2.965343526493994020e+01 2.177695842090143685e+01 -2.149519881670287091e+01 6.268901629866492797e+00 -1.270939768053708896e+01 9.539101420336310255e+00 -2.317610978690948897e+01
2.785797273106896199e+01 -7.375488960879912348e+00 7.889547808137180596e+01 2.745405982764561514e+01 1.254192424944135453e+01 -2.622698705178859413e+01 1.300995539892593378e+01 -3.070015409129702988e+01 1.542686624044187127e+01 -2.170922845250971633e+01 9.092659151872062750e+00 -9.367762231293674802e+00
-1.688084377157009897e+01 -4.161420398213624594e+01 8.513194919960585594e+01 4.255242211336461366e+01 1.346288581884949664e+01 -1.086515520036100568e+01 2.110540922334647718e+01 -2.742606040624240649e+01 4.602838348893747877e+00 -2.576245321409674460e+01 1.486995889619613287e+01 -1.467724711864136999e+01
-3.689970473213259083e+01 -7.930047122842566409e+01 7.270215857883212607e+01 3.596482262555390008e+01 3.335739011329822645e+00 -2.902954557926058143e+01 -1.322670401191122558e+00 -4.457029379819175574e+01 1.838294664443465898e+00 -2.224504771827808725e+01 2.131654324899164976e+01 -1.334178233065150820e+01
-3.692496965595779557e+01 -9.042835819839964984e+01 4.817763269060789355e+01 2.507451222346595898e+01 -4.833003068814798908e+00 -1.660961663659981369e+01 -7.078235585546975628e+00 -2.995799718424984093e+01 1.043257365504722145e+01 -2.360225496778795318e+01 -9.866281425542733352e-01 -4.276978231457596813e+00
-5.733227225566787411e+01 -1.098826397829688659e+02 4.037415354430571313e+01 4.059890653485963696e+01 9.794187500873167807e+00 -2.790488107568347420e+00 -6.940056171326311585e+00 -2.946247132360270626e+01 1.417849326819482059e+01 -1.407488128280556516e+01 4.778205439531101106e+00 -2.094122751406133887e+01
-5.578977139437555621e+01 -9.433918312446188281e+01 6.013021860826968634e+01 2.761836021983769029e+01 -3.217944734956275088e+00 -1.865034243179677587e+00 -6.492796989279963071e-01 -1.563514468368028076e+01 2.788470083036084546e+01 -2.486323640175010752e+01 -4.961696073492701586e+00 8.024087519407746782e+00
-4.868705924308863331e+01 -1.044011181355512434e+02 3.988831663901744662e+01 2.296558370394596693e+01 -9.173238791601075803e+00 1.929808210705612037e+00 3.342132582467379542e+00 -2.135775571768671810e+01 6.998648546639500978e+00 -2.414398930273422650e+01 -2.201768555366796498e+00 -8.375942817568052590e+00
-5.441795487363803829e+01 -8.229081984901495161e+01 5.080919477420977159e+01 3.031860029809211454e+01 4.694647174109222831e+00 -2.834019478723707852e+00 -7.997276293784668866e+00 -2.134127642892265442e+01 4.908097971113699387e+00 -7.544382669111380224e+00 1.929318837644557050e+01 2.955710225349874598e+00
-3.812919227807853417e+01 -1.071150791657638877e+02 2.041190611858574755e+01 4.967016492859708254e-01 -8.650099382902482148e+00 -6.939311695375950606e+00 -1.310043833435709715e+01 -3.320575936845623488e+01 6.132513312376079995e+00 -1.798782384876031060e+01 -5.950458759658612706e+00 -1.007317317863438255e+01
-5.927897394947610366e+01 -1.181069830006713630e+02 5.298003263416366337e+01 3.749346622709605015e+01 7.447072189570807410e+00 -8.833140171925549566e+00 -1.198074841489540177e+01 -2.314646892096806141e+01 1.603677048498303748e+01 -1.796730112883344432e+01 5.931101804449538051e+00 -9.329110724375681230e+00
-7.865624889319613544e+01 -1.201437566572252251e+02 2.348783492510349902e+01 2.254335636736330173e+01 -1.228421229315720176e+01 -7.879046097958758210e+00 -1.597041723949452496e+01 -2.088121334521659733e+01 4.642434066920722913e+00 -2.804161311769714970e+01 -1.935748255997690137e+01 -1.654045520867890318e+01
-5.191477401227353994e+01 -1.132882785509361270e+02 4.858631619590752138e+01 2.641601958303551001e+01 1.073815600530009817e+01 -6.676452020939171561e+00 5.113662529463566031e+00 -2.305876510059183815e+01 3.031106848577908153e+01 -2.133420750624856055e+01 1.622161611256845504e+01 2.303524312369988891e-01
-7.730420476679599062e+01 -1.170793357366575833e+02 3.748139944808217194e+01 2.886367481806793123e+01 1.125958242640685469e+01 -2.031023182854690745e+00 -1.003174184282993053e+01 -1.633738424289713720e+01 2.855827408572700676e+01 -9.332358132318518074e+00 9.488589297610513285e+00 1.152919956054314987e+01
-5.342066874910858587e+01 -9.400636556142222844e+01 2.646699359890232373e+01 2.125124290889744572e+01 4.795238158458497324e+00 -5.417445144062331686e+00 -3.755389217836326843e+00 -1.770923270650143166e+01 2.140964009927068190e+01 -9.174963163741180594e+00 1.552729325755060863e+01 1.561178791675179056e+01
-6.036074986153923305e+01 -1.145027764162815060e+02 -4.670499178165090193e+00 -1.680054157276414273e+01 -2.170742792304376678e+01 -3.156138359724493370e+01 -1.978158033519789782e+01 -4.738131977154998253e+01 3.199513883209148535e+00 -3.005696248503462442e+01 -7.377702775107579214e+00 -1.520893501871624753e+00
-6.529626526955942722e+01 -9.109930072910668741e+01 9.396068852719352549e+00 1.236282453285000749e+00 -8.064142892225294901e+00 -1.296164002528766446e+01 -8.813571609198810108e+00 -1.345708735029464087e+01 2.085236762794643539e+01 -1.602530794559884342e+01 1.693791680005166000e+00 1.293969345770306845e+01
-5.391889833567097412e+01 -7.129066958257303099e+01 1.339297587944817280e+01 -7.178987106206355051e+00 9.358139052048905171e+00 -2.506528371619348405e+01 -1.075449567908075466e+01 -4.386563172758435059e+01 1.327984244336777842e+01 -2.651386788828090957e+01 1.088908912438667276e+00 -8.416350836267348257e+00
-5.222109998398659059e+01 -6.898998972578543487e+01 2.143800429408038166e+00 1.447134676856235380e+01 1.205280925624222377e+01 -1.309303662766663479e+01 1.578691530579916735e+00 -2.916621592390587381e+01 1.576873606856352517e+01 -1.483312486512773276e+01 3.346493152134560667e+00 6.261521143571084913e+00
-3.420676426222504318e+01 -5.300915741081125532e+01 1.449874555876015592e+01 1.177811843761134014e+01 2.666439248950448615e+01 -3.613828953627481155e+01 6.948139515335676641e+00 -1.999222759289180473e+01 1.906799015480508075e+01 -3.498563968105452915e+01 -7.343220527076264048e-01 -8.118396658113567810e+00
-5.212471124851921900e+01 -3.909520630213880565e+01 4.876703401051094566e+00 -1.805113341457992959e+00 2.216071838484942091e+01 -2.299392003036451371e+01 9.113469987172200248e+00 -1.283333895981969341e+01 2.225041357286688992e+01 -2.164673835640834909e+01 1.643852108522664679e+01 1.555795675585370574e+01
-4.194667055038848957e+01 -2.991884040220152130e+01 7.453234457259485524e+00 -1.841300810673708988e+00 3.026703130702963307e+01 -2.080483401844024627e+01 2.437752956087779310e+00 -1.928382439221755362e+01 1.415035145129980521e+01 -1.472201761335582759e+01 1.990393677261291572e+01 5.405409703651740116e+00
-4.908570808859165169e+01 -2.506140198860757096e+01 -7.308538503677075582e-03 -2.960734320270628928e+01 1.071233347882122544e+01 -3.767460390163115846e+01 2.210132867547192959e+00 -2.035801678733532327e+01 1.679091653619011026e+01 -1.189169869463599483e+01 2.786598501822482632e+01 2.474413499669410932e+00
-5.424724038461489073e+01 -5.696003477213778865e+00 2.112489813709527553e+01 1.346809055472078409e+00 2.343676753681508274e+01 -3.121015662032849747e+01 -1.156506854530563455e+00 -1.851695634462221918e+01 1.720122220418478776e+01 -2.340438906064459701e+01 -6.962877294799607597e-01 -3.867684620856730149e+00
-5.839959243389895960e+01 -3.186317376276609892e+01 2.507081385875744139e+00 -1.012730468014220087e+01 2.670022501383786562e+01 -2.651454201434231805e+01 7.895540318373608812e+00 -7.919351370258504552e+00 3.013622452523103235e+01 -1.158027763307023683e+01 2.525675501695249991e+01 2.957952922443853883e-01
-6.758451914901502278e+01 -2.473473997862188156e+01 -4.241505130766939580e+00 -1.513720087553526383e+01 1.853074839734513191e+01 -3.027220354515802114e+01 5.560737328395514822e+00 -1.393795845615206730e+01 1.629768239864131019e+01 -1.424757858739863181e+01 2.209120645127217841e+01 1.033744387993529656e+01
-4.640596512161148723e+01 -1.450707108552015256e+01 5.901948441651645894e+00 -1.079308760734470951e+01 1.585278438756378172e+01 -2.234777960264833396e+01 1.402024550323206498e+01 -1.770306236801282651e+01 9.744979475994203000e+00 -1.210235733109412237e+01 2.515182653677027247e+01 -3.451929973346648417e+00
-6.953985961564762874e+01 -1.539509504008382024e+01 1.147316976273883959e+01 7.415391442342746942e+00 1.308992114959855968e+01 -2.495802814388171242e+01 8.115918160645833268e+00 -4.006578298149678474e+00 1.557100719672481404e+01 2.307475790887875799e+00 1.546349186973164436e+01 -1.278023144847412063e+01
-5.947467440796016547e+01 -1.790071906506184973e+01 1.591949171185619782e+01 -4.870893656404676086e+00 1.739471860883487864e+01 -3.794831637112500999e+01 2.283935085358015016e+01 -3.105202037437205576e+00 1.091539539725941310e+01 -2.421453446006091781e+01 1.341450433691511357e+01 -6.910106739018960553e+00
-7.136674868002654648e+01 -2.277821674075924818e+01 8.499338275318276459e+00 -1.208676894171639660e+01 2.200964690772064714e+01 -2.257495586788501640e+01 2.226020465392700487e+01 2.425145307565982122e+00 2.895772737363064309e+01 -5.901640043049373396e+00 2.100306428048835983e+01 -2.642218624922167081e+00
-6.938975911275589681e+01 -2.424474287823271368e+01 9.430062873729081474e+00 5.043399933534987944e+00 2.785253195408377636e+01 -1.978940183407297582e+01 2.350215318771615003e+01 -1.414084202535452750e+00 3.437180591312342415e+01 -9.638678123273759724e+00 1.893424712485246530e+01 -6.026692330857560620e+00
