-9.852719191738243865e+01 -5.288961292917880641e+00 -1.243347669291210167e+01 -1.215198646251032688e+00 9.678315041232674609e-01 -7.789383006062278181e-01 7.647447403136757416e+00 -3.566733444079098092e+00 -9.158347006560830783e-01 6.380050304376544190e+00 6.573058935795948798e+00 1.125199804043288676e+00
-9.630529449394794028e+01 -1.806303781476925163e+00 -5.523902087119104465e+00 -9.660947908351415592e+00 -1.211102332683257998e+01 -3.488350693598607943e+00 -2.048068086745022054e+00 -4.180762200072067003e+00 2.889779564013521096e+00 -7.396738804338943041e+00 -9.949868713412839405e-01 -6.173872064732668363e+00
-8.808893361341105788e+01 3.460686087494449392e+00 -1.782397428734939737e+01 -1.304384125268492411e+01 -1.124739629657949003e+01 -6.071019077083900761e+00 -4.796117183185305777e+00 -1.254784629343032165e+01 -4.784036854170940600e+00 -3.805494401259819526e+00 -6.684669787972900012e-01 5.408583024798605976e+00
-9.455472810738618250e+01 3.528169793799373899e-01 -1.518722666559601819e+01 -1.722439405918619570e+01 -6.771159670043535250e+00 -1.252616694190064806e+01 1.708162749970091987e+00 -1.026995762006236212e+01 -7.353283206351946433e+00 -7.238182084199166866e+00 1.333604790430999554e+00 4.110986137053433964e+00
-1.044136940981020842e+02 -1.054469562166093155e+01 -1.184300107203103991e+01 -9.965666747471269460e+00 -1.587924087390028838e+01 -2.358768701727106532e+01 -9.177159363035615414e+00 -1.318794346527687722e+01 -1.017971348089058736e+01 -5.386523357101093978e+00 8.472914806664700649e+00 -4.451143965437823091e+00
-9.574729621591534112e+01 -3.773007586147319348e+00 -7.697640905822177082e+00 -5.680883928060767474e+00 -1.571836742868136128e+00 -6.043954666963542444e+00 1.334514740435214453e+00 -9.823224292939112701e+00 2.043091770050929235e+00 -4.569509183438402289e+00 2.938909750937400478e+00 1.095179684329555148e+00
-9.082233578755011649e+01 2.181297466369966909e+00 -9.261273654892191232e+00 -7.719565120859469332e+00 -9.725099817889919507e+00 -6.686014276492265651e+00 8.032834291289857376e+00 -1.149177528814025351e+01 9.926043648047624401e+00 5.224847912008641515e+00 -9.280852225015147283e+00 -7.394816771837115610e+00
-9.818533125066458922e+01 -7.819480079977697784e+00 -1.960066475463884927e+01 -1.833899933902570467e+01 -1.684415022578160048e+01 -1.196436083930707639e+01 -3.390231359790360166e+00 -1.001899041858646910e+01 -6.258942902164600142e+00 -9.822758095126943090e+00 -7.572599234216237818e+00 -3.689901353094028114e+00
-9.177721492232407741e+01 4.336885224029020103e-01 -6.656784389744249353e+00 -7.734791608423190468e+00 -1.590181647883300542e+01 -1.660216490305909076e+01 -1.329642655423258013e+01 -1.152207196413397128e+01 -8.060138674206226428e-01 -8.895700690520325082e+00 6.331660628480387132e+00 4.136935231143469949e+00
-1.072827541723084863e+02 -1.112422269054640012e+01 -1.179586644302024645e+01 -1.815210265390704070e+00 -1.179205916365306805e+01 -1.052185449006482543e+01 1.244668376107693764e+00 -9.262200414877240107e+00 -5.712295013618469142e+00 -1.559971786431821883e+01 6.402877510273089712e+00 4.442430566205178621e+00
-1.085097707908174129e+02 -1.038090861902080420e+01 -6.122997554734986636e+00 -3.044555120820862104e+00 -6.245052508886328901e+00 -1.911866333666580431e+01 4.196677307466130102e+00 -1.536933223853604602e+01 3.499785161276019796e+00 -6.462183689589103608e+00 8.100453358536576776e-01 8.352531561485802669e+00
-8.920402530205524272e+01 -4.263322312465175123e+00 -8.771401291745231532e+00 -4.602153930599520493e+00 -1.257950267370459407e+01 -1.451860523988653284e+01 1.294694759731105194e+01 2.963222716767149656e+00 5.800067361831405144e+00 -5.867592439548008798e+00 -5.127001853818580202e+00 1.728521562495748842e+00
-9.555337797529546151e+01 -7.220630205630402365e+00 -1.389000318096866948e+01 -5.843286174272851241e+00 -1.339260669796284908e+01 -2.207360949757766377e+01 -4.487173805416264649e+00 -1.397387716478359110e+01 4.657932262729051587e+00 -4.568054545130628696e+00 -1.625034927349585434e+00 1.107214111380517352e+01
-9.955346341877977068e+01 -6.878057909036979112e+00 -1.380989735767207449e+01 -8.010594845275756271e+00 -5.273973193883162658e+00 -8.386967277895847062e+00 -1.096074571565424272e+01 -1.158610104313003752e+01 5.999348122675586481e+00 -9.501613370688463789e+00 8.732878833927037121e+00 -6.612726534523169164e+00
-8.819492579138160693e+01 -1.936653642983982460e+00 -3.384002652157473534e+00 -6.146553687619405792e+00 5.889901220220033373e+00 -6.263627311224736260e+00 -1.415536721448691360e+01 -7.866633862476057004e+00 3.468760711672997932e+00 -6.272882395463064142e-01 1.298846440313263129e+00 -1.394240080485830369e+00
-8.929460354060245209e+01 -9.458877142709400943e+00 -7.651721275081506235e+00 -4.432172455104215203e+00 -1.000581493173924841e+01 3.279410787360309776e+00 -7.768142531116787097e+00 -8.985923950610025912e+00 -1.076648488104123658e+01 -1.304507076801876053e+01 1.015698585678203925e+00 -1.215991673093585357e+00
-8.895456353423398355e+01 2.032689758905351418e+00 -1.260330717624769648e+01 -1.498072822740278198e+01 -1.199647814221491338e+01 -4.791968754862773849e+00 -5.150599643795054305e+00 -8.227584264702748840e+00 6.609457051329774124e+00 -1.300458535387409853e+00 8.254607472095347731e+00 -2.756860536946583728e+00
-8.984818146066612599e+01 8.654517596259491796e+00 -4.251129440997091891e+00 1.512499205263563518e+00 5.768835744742078830e+00 7.013508455673250985e+00 -2.177657003079753295e+00 -1.134260081945269327e+01 -2.050518442197033497e+00 -5.726261965516036057e+00 -2.126311618031881956e+00 -1.015213273431651153e+01
-9.646395650226395446e+01 -9.186411715736024775e-01 -1.040020586022038529e+01 -7.648306806420479553e+00 -5.063547615748782427e+00 -6.565956472188056559e+00 -7.325271153886657061e+00 -5.589795465358350590e+00 9.139892771508469238e+00 -9.686324334259369451e+00 -5.700069641396108722e+00 -1.139140548399268837e+01
-8.471234257143126456e+01 4.402565000203742862e+00 -2.274545104562770703e-01 -7.530511102375410104e+00 -6.124323754266098874e+00 -1.302355662486686683e+01 1.542652474852889810e+00 -5.612060001347475513e+00 3.373737337581739659e+00 2.674976340049455281e+00 4.016063712184195111e+00 -3.543166068850373218e+00
-9.195541207231741510e+01 -6.823566113349647466e+00 -1.231123687209142759e+01 -4.198071072538524184e+00 1.619735186845533548e+01 -6.089606152437919917e+00 -1.180329540875326444e+01 -7.229882243758078531e+00 9.924828391470544631e+00 -2.804479390418142870e+00 -4.002962558249402392e+00 2.126825569924277737e-01
-6.775256938335790835e+01 -4.537917288999105381e+01 -6.797520119229827174e+01 -1.823003778153579546e+01 2.048197726057672696e+01 -6.046036267690173105e+00 -2.585254692801917287e+01 -6.822018451384190385e+00 -3.668208904376859536e+00 9.695733115546183001e+00 7.330429772228502117e+00 2.703251473727821264e+00
-7.036866530974299394e+01 -6.041981560824196151e+01 -8.316867238766889159e+01 -3.851772186342091686e+01 6.699584462857061773e+00 -1.751811886448499678e+01 -3.929135728265071492e+01 -2.225569113016540257e+01 -2.071029625941269359e+01 9.535914441723324586e+00 -1.176641093024456453e+01 -1.094086709842269478e+01
-5.965754275892361136e+01 -6.225355979512964666e+01 -8.654630624512805070e+01 -4.079619616242490565e+01 -6.174478808768152582e+00 -2.222608926054735434e+01 -3.562147866977336719e+01 -3.024834728830321495e+01 -2.709821279293049656e+01 1.518998571756816141e+01 -2.341378038976507270e+01 -2.940914806644621393e+01
-6.357446379481640975e+01 -2.779098633424188591e+01 -6.281169822275684567e+01 -1.416377315289121697e+01 5.106597598476054323e+00 -1.084152364539678004e+01 -1.837437999629986507e+01 -2.765413226889453568e+01 -2.406096315342364278e+01 2.236190405345123722e+01 -2.172496239573107246e+01 -2.829941836514757725e+01
-6.660852913343690318e+01 -5.062944032383775550e+01 -5.807817017553723815e+01 -2.647488865681319936e+01 1.103705772349756131e+01 -5.616848524730847281e+00 -1.798089040537762529e+01 -2.219136295999471287e+01 -3.105744840847533084e+01 3.927188275175766741e+00 2.284962458934081120e+00 -3.069840343006340788e+01
-6.706566466131245363e+01 -4.956284461040564793e+01 -5.230212504739900936e+01 -1.505972032292706153e+01 1.908500731609234435e+01 8.127019398203636058e+00 -2.217679742639272433e+01 -9.086791972563771580e+00 -1.716891239005280667e+01 -3.552771200867092194e+00 8.253995187595311034e-01 -3.560314340757427232e+01
-5.621775893230748977e+01 -5.284932050497005207e+01 -5.405379394130957849e+01 -1.424816653514664822e+01 2.351723724514215519e+01 1.185243497166914750e+01 -2.124191372133482503e+01 -1.006041813870152701e+01 -1.566710143141755474e+01 -1.263574993127724611e+01 -5.147108006031596794e+00 -2.516948818957061462e+01
-1.442671335293926305e+01 -1.057673077395844263e-01 -5.108540768243607744e+01 -2.977017069408858685e+00 5.173730583723596954e-01 -2.217950704303814469e+00 -4.173189593040670786e+01 -2.627731004673206172e+01 -3.269078359440789683e+01 -2.765652037361728333e+01 3.167078619596582989e+00 -1.939986896474673372e+01
3.419215566796087558e+01 1.040054788850998868e+01 -8.801007773570091786e+01 -1.974950635145816591e+01 -3.054443129114046229e+01 -2.264352740326202351e+01 -5.196627603118170668e+01 -3.615729190833822315e+01 -2.391970868511484838e+01 -3.539384098445928828e+01 1.297890818697874238e+01 -3.990860941407503049e+01
3.749082399126103837e+01 -1.974162049277463415e+00 -8.911014999195356268e+01 -1.418677189951234396e+01 -2.765289949711189621e+01 -2.010522696374209062e+01 -5.090127909074192303e+01 -3.058272044206209728e+01 -1.691040997748276808e+01 -2.645783671774022139e+01 3.068539229213640240e+01 -5.053274716355086582e+01
3.190054177821773607e+01 -1.618527321572128486e+01 -6.640148100354871019e+01 -6.954319754544156851e+00 -3.807066730443010982e+01 -2.167914953377269427e+01 -5.918333413580684521e+01 -2.333652678034784245e+01 -1.248171714356276496e+01 -2.105706177216531927e+01 1.897940844493525248e+01 -4.430248834177189110e+01
1.958960816450994002e+01 -1.691664120368657009e+01 -6.157514113726876559e+01 -3.192330805985251541e+00 -4.958007836814753944e+01 -4.316975798589473357e+01 -4.982115420241103720e+01 -3.464307912910996379e+01 -1.588968123184831427e+01 -1.997660338435365190e+01 7.408563683253253096e+00 -3.188928919219021196e+01
1.210187134153064470e+01 -1.524298207184515341e+01 -4.025342774124568734e+01 7.179007337139097444e+00 -5.212325205142778373e+01 -5.366236829009665144e+01 -4.161670570867877217e+01 -4.487834168912252863e+01 -3.028530783186436981e+00 -2.122832657728751826e+01 9.134399569766704641e-01 -2.286103833056790435e+01
2.475140557096352012e+01 -1.197308353380349111e+01 -2.662354075275005272e+01 9.923579334641484451e+00 -4.686295297767411228e+01 -3.010932289468802381e+01 -2.891016335720299679e+01 -2.064707746092661367e+01 -1.577868995891050785e+00 -1.020632588696961740e+01 5.518273041018447067e+00 -2.049099107429609035e+01
2.886785863295295940e+01 -2.421162589604503879e+01 -6.905195003817850008e+00 1.043107235560408697e+01 -5.873102740205684569e+01 -4.172330093853180699e+01 -3.966742045167842434e+01 -1.830009525021020522e+01 -3.821523537523848546e+00 -2.249231349300220018e+01 3.444725340088532484e+00 -8.064872628984895542e+00
6.611745044508383273e+01 -4.111404393806681412e+01 -2.486451053056491389e+01 3.145706412858150003e+01 -6.907079554140926803e+01 -5.062191530706849818e+01 -5.043351294635022697e+01 -1.965970235062592764e+01 -1.999132648376190957e+01 -2.211433805566620947e+01 4.114982487011165091e+00 -1.605124668333133187e+01
7.378042458074048682e+01 -5.824789676178094311e+01 -1.577238763144564970e+01 4.939529529092735771e+01 -8.397840597823544329e+01 -3.267078391770999701e+01 -6.272041519925974029e+01 -1.546194568236527545e+01 -2.730213625267064970e+01 -1.588459930393794650e+01 -2.443247449560594919e+00 -1.330991174072102012e+01
6.312724123545571331e+01 -6.242532102068458499e+01 -1.439118147951813587e+00 3.996265696391695599e+01 -9.747730680837253203e+01 -1.561425932748899470e+01 -8.074609685925679514e+01 9.720784090493725937e-01 -2.175133676831261553e+01 -3.031728670401970049e+01 1.176344373527239107e+01 -1.193342691723112026e+01
5.651798416416660586e+01 -6.270752468488542064e+01 5.975281693374299152e+00 2.714941369160602491e+01 -9.243796644945905427e+01 -2.743265887178617390e+01 -7.380388680564396964e+01 1.133500450501665258e+00 -2.335801493087286929e+01 -3.364197249884843188e+01 2.038166303206762819e+01 -1.243487241892345807e+01
1.761008593833293645e+01 -5.223614595130777616e+01 -1.253119158579591108e+00 1.588699044380675218e+01 -9.559864711804586079e+01 -4.062751050270961173e+01 -7.581051228971398359e+01 8.402916216955329531e-01 -3.778110414088767044e+01 -3.541782595140491452e+01 1.811309929295339671e+01 -2.214820845917927272e+01
3.850735775771881197e+00 -2.727958185634866695e+01 -1.226974117540239817e+01 2.123383371565322264e+01 -8.212452019941662229e+01 -3.955895181198785338e+01 -5.574192100403499239e+01 8.712611920726388348e+00 -2.807849427209345095e+01 -3.557434546876500292e+01 3.447071225428474861e+01 -2.229914158651391176e+01
-1.107211919405706624e+01 -9.401897191910943974e+00 -1.520092369022056999e+01 1.842518299856700992e+01 -7.981520519837573602e+01 -4.901462101408715455e+01 -4.255622344704904947e+01 8.687731771571476358e-01 -2.992828753374023165e+01 -3.442132061122268993e+01 3.161637061567752838e+01 -2.824279299552103595e+01
-1.198014977125647640e+00 1.521268711667775619e+01 -1.822089353436616577e+01 3.133746118817598614e+01 -8.291032192049078731e+01 -4.185652413886356982e+01 -5.612490707268028700e+01 -3.879217709014726623e+00 -2.423571365902316899e+01 -3.928938989381931890e+01 3.381333705544336965e+01 -2.891379454108342628e+01
-2.743411678728928660e+00 2.017958123553615479e+01 -1.664174467627880105e+01 1.276649316942613055e+01 -6.561374534638264322e+01 -5.290145116029938066e+01 -3.930017841827137914e+01 -7.899467189289346436e+00 -2.488012295435968468e+01 -3.681945901508155572e+01 1.232329607780147818e+01 -2.521787990420001790e+01
4.500251579805765623e+00 1.929948238874621325e+01 -2.692150067401544078e+01 7.281208853770282374e+00 -6.783715025408261567e+01 -5.594748632268940014e+01 -3.269139447906915308e+01 2.787948623116815128e+00 -3.272428515102981805e+01 -2.992169208285267601e+01 1.538814620734163796e+01 3.213430957455720716e-01
9.809603411295588771e+00 1.893928825680070815e+01 -1.731811132190843949e+01 7.156351678390557858e+00 -5.667608508404607903e+01 -5.622009189835212339e+01 -2.808210786510279888e+01 -9.432949898741320283e+00 -2.667476540843626509e+01 -1.860087791424154346e+01 1.157815670873612213e+01 2.968269021609666325e+00
7.599183153389285295e+00 1.484906815047451545e+01 -1.292073646045271573e+01 -2.552118234117611628e+00 -6.192824624360257246e+01 -5.650074205244541048e+01 -2.239469538269204563e+01 -1.604493765957387197e+01 -2.078487494794156376e+01 -2.751201863881468768e+01 1.028721213695213077e+00 -4.859640642930928678e+00
-4.088749781999743149e+00 5.875366872478018365e+00 -1.636093758219954708e+01 4.911046374687193072e+00 -5.221948659991615216e+01 -5.052264253868320054e+01 -2.068665255690767069e+01 -1.557097173721931505e+01 -1.384072136438550515e+01 -2.571253844456782289e+01 5.657752236752616071e+00 8.437689886155748553e+00
-1.323130514462490055e+02 -1.643397269619440948e+01 2.874127323870311113e+00 2.247047502454801560e+01 -2.926964663040867975e+01 -6.015002144856072874e+01 -3.156715156613787698e+01 3.035336579428440817e+00 -1.309267600509424057e+01 -2.447610007297075541e+01 2.304207733412953729e+01 -2.488900706165349774e+01
-1.294013926106786982e+02 -1.476671023009936867e+01 -6.678277532028049635e-01 2.187187401232198880e+01 -2.449290918334072842e+01 -5.149659984627520970e+01 -2.139056220337745629e+01 1.144042732965880660e+00 -5.625967432415081682e+00 -1.752596273476608957e+01 1.985068541887405758e+01 -1.601838348045840021e+01
-1.092856766121776388e+02 -2.838220892620126534e+01 -9.962288131779505562e+00 1.489122159374514176e+01 -2.126277088643453084e+01 -2.762344066477859172e+01 -9.481644243321156296e+00 -4.149987831163093333e+00 3.219534942917781972e+00 -2.464697924795769524e+01 7.974966600204927758e+00 -2.876241342744354945e+00
-8.777260351713952957e+01 -2.221236928124272936e+01 -2.840285053481087729e+01 2.635203026643517354e+00 -1.565517803864262447e+01 -2.163699241076728441e+01 -1.586513803886042595e+01 -1.172332322252324754e+00 7.256678723318840341e+00 -3.022595648689306813e+01 1.232049819160160808e+01 8.329055726696186213e+00
-6.574640104152932452e+01 7.790592304443120231e-01 -2.691193645039510685e+01 1.327215196228881666e+01 -1.330095816318046431e+01 -2.017090224633452777e+01 -2.501067887334053808e+01 -1.546675359223644719e+01 -4.667655568621335682e+00 -4.324730094501578037e+01 -1.029595462005687168e+01 -6.785288285505288286e+00
-2.008445482035482144e+01 7.954667142245845035e+00 -6.615596729605381654e+01 -1.647901401484804129e+00 -3.600717900322794662e+01 -3.555455985366198490e+01 -2.269913021357208649e+01 -2.031845906559737358e+01 -1.383089072364982286e+01 -5.471010874158226045e+01 -1.073727909253835833e+01 -2.129280172105159608e+01
-8.555384507000830752e+00 -2.650024520076617662e+01 -8.391924855413827800e+01 -5.013045045944787503e+00 -4.030392592756781767e+01 -3.489369287537252973e+01 -2.377848966371013262e+01 -2.924386228821994749e+01 -1.028319448122689472e+01 -5.252016700635429913e+01 -3.392639027591660028e+00 -2.849222837684838794e+01
1.031891257793936845e+01 -3.437641206967238361e+01 -8.416652067363003198e+01 -2.437914942128379892e+00 -3.373044172372597416e+01 -3.726928021174686734e+01 -1.373186084235585902e+01 -3.884412709472880465e+01 1.294014163977126763e+00 -5.336023296510789748e+01 -3.815469396497500831e+00 -2.218382140071032183e+01
3.015978559729454389e+00 -4.831232474467098115e+01 -8.704563363169270929e+01 -1.742408207074728210e+01 -2.253359587860706625e+01 -4.388619478930117879e+01 -1.774975239554391626e+00 -4.997807257927668445e+01 3.465770078155657519e+00 -5.315428892758691859e+01 -8.883033658775939756e+00 -2.436981096277057190e+01
9.630154674940621717e+00 -4.982511971794630767e+01 -8.977883994176038129e+01 -1.978200653503416007e+01 -1.400923557065762992e+01 -3.653568607753936703e+01 1.467666084916780189e+00 -4.457935886053391528e+01 8.816543592663228068e+00 -4.068512732439252488e+01 -9.896570137307749704e+00 -1.676099872347046471e+01
1.838915575695953208e+01 -4.670156093452203550e+01 -9.697477944914608372e+01 -1.015208671131251705e+01 -9.045927645767839920e+00 -3.756938261580162930e+01 4.453110160461053901e+00 -5.290428544838255220e+01 -1.716397055950906747e-01 -4.704552128996542137e+01 -1.678502883940217671e+01 -1.657877518865368316e+01
2.122665251542666454e+01 -3.883897956326347867e+01 -8.792974626233882418e+01 -6.881342286544946951e+00 -3.464290433596956653e+00 -2.912475700585213190e+01 1.037762831098351057e+01 -4.904242908045546301e+01 2.381877688907737323e+00 -3.802663483994369642e+01 -1.503513795847745271e+01 -1.546781545524649992e+01
1.622552626754073657e+01 -3.523543048425420210e+01 -9.261659624852407546e+01 -1.299794498904777829e+00 -1.978145847914211330e+00 -3.427514881951314152e+01 1.656872206956675697e+01 -5.039723076320183281e+01 1.149823128481079237e+01 -3.500896213900038845e+01 -1.290422112276181821e+01 -1.700295435825979240e+01
2.573719906421523262e-01 -3.442344273153604206e+01 -1.015883484439127358e+02 -9.728049193580286413e+00 -1.666461253653589125e+01 -4.012914481853862725e+01 -4.543186195189417020e+00 -5.433254293395653178e+01 2.772155887521595474e+00 -5.180978842031207421e+01 -1.541812343471279689e+01 -2.723688860729266992e+01
-1.954231579526607199e+00 -2.931855346395998652e+01 -9.945893135593620116e+01 -9.120319504303045832e+00 -9.052091459627664705e+00 -3.996468766096595004e+01 4.740030101512182625e-02 -4.827495216410565604e+01 -5.595957416579224741e-01 -5.186530591956390879e+01 -1.494698256204229203e+01 -2.634399148114816214e+01
8.149132536980919994e+00 -2.498631761601446755e+01 -8.925385102653072522e+01 -1.450804442990474286e+00 -6.434075838161836813e+00 -3.332679133131330218e+01 6.168422245085033673e+00 -4.403425761510872150e+01 5.991476458179494813e+00 -3.864308368166180685e+01 -1.427956623995698138e+01 -2.062509230053689890e+01
1.549247098810678125e+00 -1.761430848222377321e+01 -9.009096578795643495e+01 1.448049172090190240e+00 -1.836958404480057538e+01 -2.618839863179783833e+01 3.674648986942143480e+00 -4.050814090012449498e+01 2.883906007638316282e+00 -3.297465577240505752e+01 -1.217126375358270529e+01 -1.874969729448546119e+01
-1.699856325197714213e+01 -3.332227423301470992e+01 -9.154079701742989528e+01 -3.859246327649682229e+00 -2.757195532895143941e+01 -3.195652233702800515e+01 -5.796175358843473902e+00 -4.335172177855775999e+01 -2.392562619514769118e+00 -4.429280940118949417e+01 -2.067767897166941893e+01 -2.277604775940676518e+01
2.952112120405994133e-01 -3.690130785538773495e+01 -8.920023345111724211e+01 4.099090128471187811e+00 -4.099308782350659897e+01 -2.270632706578114579e+01 -2.091441811366907189e+01 -4.000874354389411280e+01 2.324465822553190897e+00 -4.045903516984442660e+01 -2.260026854279789887e+01 -1.862146054994670408e+01
2.905445325195105610e+01 -3.986432093097085527e+01 -7.399625026900334035e+01 1.851441174439092663e+01 -5.801798700113463525e+01 -1.570504868350590755e+01 -2.244615187486808949e+01 -4.159906179939731885e+01 7.103304516164480553e+00 -2.688857696131061559e+01 -2.248356319935504644e+01 -5.426191146890252170e+00
5.069226105711283026e+01 -5.184286857683577665e+01 -7.241817408062154016e+01 2.044369347736683551e+01 -8.128659572796377120e+01 -2.873882629407112077e+01 -3.599516878083696270e+01 -4.628522783441936639e+01 -3.393870231659774639e+00 -3.784875641509180610e+01 -2.095581349668010773e+01 -1.814098063146234452e+01
6.714036231594589310e+01 -4.559638984366387149e+01 -5.045889850122208031e+01 3.446625691972431582e+01 -7.645224503491564860e+01 -3.438395981575210669e+01 -2.630681932362433884e+01 -3.807815365099621374e+01 -3.132230224896667803e+00 -2.062883229890024595e+01 -4.340099063891585729e+00 -2.129212378569289044e+01
1.913591236064403134e+01 -4.110452887710618342e+01 -3.884724297405243831e+00 -1.970073875900394844e+00 -6.765847731081402117e+01 -5.158663025172727856e+01 -2.081442697819873189e+01 -2.570812319665775902e+01 2.024763351393506827e+00 -2.780687079790319416e+01 -8.837890718869132911e+00 -2.568754046610560238e+01
4.720996585141796764e+00 -4.083619217315367678e+01 4.655280883955413174e+00 -1.270508527375978414e+00 -6.995767934228675244e+01 -5.334296434648406660e+01 -1.122769965127359093e+01 -3.030304631450275821e+01 -2.996860447309732223e+00 -2.549486150561543951e+01 -8.425492218130376187e+00 -2.091522223126441204e+01
-9.108030645853149920e+00 -1.883903266561812728e+01 -2.245200141802798033e+00 -7.760799573941658203e+00 -5.160092597159298577e+01 -6.372185496044469488e+01 -2.098421190377874268e+01 -2.483785695402445626e+01 -4.663438234066999755e+00 -1.702538716122759865e+01 -1.239072213864720595e+01 -3.522158956593286661e+01
-2.660508932941125693e+01 -1.923778186543797375e+01 4.303208556824118958e+00 -1.163130932356730618e+01 -4.782368280242238967e+01 -6.332654959216311852e+01 -2.326439497490705577e+01 -1.135521026997272287e+01 -1.647144076765127352e+01 -2.339570196203238339e+01 -5.402972973157748271e+00 -2.686686099018823626e+01
-2.509970353205151383e+01 -1.916005464128024016e+01 6.345140805066396439e+00 -5.415783359266118424e+00 -5.627175186615724556e+01 -6.005099028444504938e+01 -1.946588031328544943e+01 -1.530887016052008853e+01 -7.778209475393863315e+00 -2.973600430568821906e+01 1.580741205168747499e-01 -2.025547513906119690e+01
-2.303253814853168890e+01 -3.166492647702736463e+01 1.412743105002947530e+01 -2.160707658941889431e-01 -6.916763790666371392e+01 -6.708500023998868755e+01 -1.510573612174967018e+01 -1.748794150745661469e+01 -9.414830523251268346e+00 -2.612194413723393183e+01 4.659678361220405129e+00 -2.256672403212236944e+01
-2.196228293791914865e+01 -3.232253404265557606e+01 6.972694275571933886e+00 1.408239431130011710e+00 -6.458678650226610785e+01 -5.988861841735462122e+01 -2.847190987079330426e+01 -1.725104150396130365e+01 -1.509292251157865117e+01 -2.940164898232038126e+01 4.289340141193183520e+00 -2.332459005897437265e+01
-1.682475701428183257e+01 -2.270455271377381479e+01 8.379704147807576220e-02 7.383928597108130099e+00 -5.520547442641154134e+01 -5.912732638290583509e+01 -2.842593202188437829e+01 -2.316566450223213991e+01 -1.170089480652386627e+01 -2.156872961291315249e+01 1.512271883680876883e+01 -1.874400754023153581e+01
-1.189077286062454064e+01 -3.325297343895764612e+01 -1.095367468971935310e+01 6.427611073200338865e+00 -5.238972240419414561e+01 -5.860306798293008512e+01 -3.482232982729887283e+01 -3.570397364976570032e+01 -2.006461241784161587e+01 -2.266837554275221933e+01 8.390025108681182786e+00 -2.009754192209918244e+01
1.920349892544307480e+01 -3.869330311988780124e+01 -2.963627185376188677e+01 1.484672717745275605e+01 -5.072662362650790868e+01 -6.160495134294064457e+01 -3.774240178767129805e+01 -3.448951787801971136e+01 -2.819913757585192826e+01 -2.039351064048718243e+01 1.029834420536355921e+01 -2.316917996211623532e+01
5.628633782885675174e+01 -3.934976346980357675e+01 -4.252552961440645163e+01 3.564708642303131825e+01 -4.750667138452809724e+01 -4.038220798885560470e+01 -5.347266936455694974e+01 -2.811351993484854717e+01 -3.580244214421559690e+01 -9.586244155072655815e+00 1.578935116151798823e+01 -1.691102267772389922e+01
8.454598953939934347e+01 -2.994094522207909392e+01 -6.584480384293154032e+01 4.584864134330106822e+01 -6.266689848784986339e+01 -3.293324875080540437e+01 -4.456484241612842112e+01 -3.479484465411819372e+01 -4.112615596192317469e+01 1.614074314502603968e+00 1.860705350402278668e+01 -1.226611321156254419e+01
8.431881317594854863e+01 -1.918324286393227851e+01 -8.552404592006593020e+01 3.709678768495608381e+01 -7.610224422970705405e+01 -2.573576526201750525e+01 -3.077206417084536838e+01 -4.461247091612702320e+01 -4.499848100354046210e+01 1.733306556623320116e+00 2.297434603623946714e+01 -2.176666888802796507e+01
6.689814139321718756e+01 -9.912008698294309639e+00 -6.809634118076914433e+01 1.177253427781619166e+01 -8.118525131933955663e+01 2.483300636311950527e+00 -3.554379830880732527e+01 -5.990249993136261963e+01 -2.592864897410299818e+01 -9.299379804130767369e+00 1.533343928499945719e+01 -1.178514884747715641e+01
6.605317250914318095e+01 -2.553547007636467470e-01 -6.034821392512650107e+01 -3.977890768587331927e+00 -7.951385243934115010e+01 1.662936885516779029e+01 -4.052268078728342005e+01 -4.281861582442765268e+01 -1.448078659838907889e+01 -2.609122829688483947e+01 1.965667371463650426e+01 -1.351223293222791710e+01
7.355480238352996025e+01 2.814012126451977736e+00 -6.380137981467181874e+01 -2.034185595241329381e+01 -7.194226103111108728e+01 1.451822563413943712e+01 -4.607134784897543511e+01 -2.497630439445981310e+01 -2.332593010473798500e+01 -3.189347993554696359e+01 2.142724694881392367e+01 -1.346388023955287494e+01
7.534804893639248746e+01 1.445330931823390674e+00 -5.913736225438152871e+01 -5.002388014277494221e+01 -6.743229724401646763e+01 3.762897616514916166e+00 -6.287131475782871348e+01 -1.342706092933977757e+01 -4.767043582033713278e+01 -3.702726048891161525e+01 1.104545243514423092e+01 -9.225946712206031464e+00
9.665330236290969879e+01 2.644348704095655478e+01 -4.981176740908556866e+01 -6.346970141680112931e+01 -5.613876655044261099e+01 6.925330012754110420e+00 -5.417446882009708986e+01 3.629534932924276092e+00 -4.425288463049049170e+01 -2.078519225360195577e+01 2.593685465114221245e+01 -3.504748449646697850e+00
1.006312337401072057e+02 4.291665654861759549e+01 -3.788245784411520134e+01 -6.621981069234865913e+01 -5.366873402334477561e+01 1.114197079737079576e+01 -4.322543932823179347e+01 -9.544891188552009353e-01 -4.520284838960141371e+01 -1.828445914723634047e+01 1.620490867696165793e+01 -1.226453919254806557e+01
9.560535198269748491e+01 5.316721904551298650e+01 -3.895816487801538130e+01 -5.332733548723258821e+01 -5.769638078837802198e+01 -6.209564422571050013e-01 -3.766541287799951476e+01 -1.936082793646733791e+01 -5.494313291372637309e+01 -1.536021593841731026e+01 4.989005065674028572e+00 -1.234170921248475139e+01
1.046318213186867183e+02 4.911578898362186862e+01 -4.887256851114408107e+01 -4.846678215776125853e+01 -5.319742299328795809e+01 -1.465287071444966216e+01 -2.855766356059283595e+01 -2.826009445361203376e+01 -4.947734237096496202e+01 -2.452031879271480364e+01 4.329071264542662334e+00 7.110585106541211786e-02
9.156901828868322468e+01 4.703723354953307023e+01 -4.538740432425518634e+01 -6.163051402061473283e+01 -6.575745182980554659e+01 -2.365505144200491827e+01 -4.029501165392501605e+01 -4.639590097092829524e+01 -5.661169069414367527e+01 -3.380008837918346387e+01 -7.208502789808683531e+00 -6.324561382209377136e-01
8.351100051850892214e+01 5.545837833038466869e+01 -3.549430783526624111e+01 -4.424151336070144680e+01 -3.887627707020513412e+01 -1.209385590046490933e+01 -2.199594900821504240e+01 -3.017630072692838894e+01 -4.120147575126030404e+01 -1.229792020396552488e+01 3.574679453249004268e+00 7.395563059905749803e+00
5.789274096131294556e+01 4.174656564524055113e+01 -3.365536416485207383e+01 -3.814223152023471641e+01 -2.420456380390193374e+01 -2.378902683005603436e+01 -1.802942973963116202e+01 -4.438778542953645001e+01 -4.759343159248298605e+01 -2.242996180047538246e+01 4.356039286696645974e+00 1.119039433186923205e+01
5.950839893434778105e+01 3.715823753802960994e+01 -2.911682117469005959e+01 -4.657263649931952898e+01 -2.901980173398884233e+01 -3.098450648491134274e+01 -3.680233772036475415e+01 -5.110802026948332610e+01 -4.226705419967882449e+01 -1.962992998159062097e+01 4.378185717339937888e+00 -2.206201685221460096e+00
3.877730920425547367e+01 3.897497306372507353e+01 8.352997653377169485e+00 -5.425494936794207490e+01 -3.353935318853358183e+01 -1.959608215121378905e+01 -3.064080894195500449e+01 -2.620254017344290531e+01 -4.781219909928567091e+01 -1.717563548585201616e+01 1.536899345978245535e+01 -4.104448759946276226e+00
-4.274089309745090759e+01 1.091569508430169755e+01 7.899872735733885065e+01 -6.777082029619631953e+01 -4.589622776617810018e+01 -1.505992132892174595e+01 -3.690084011802085229e+01 -1.759999139751607089e+01 -5.083050637771972902e+01 -5.698117679714770567e+00 2.117261499244285972e+01 -5.148913060281118170e+00
-1.034420471749213846e+02 -1.233582377885389825e+01 8.866591701679043069e+01 -6.650763595197473421e+01 -5.606479546612165876e+01 -2.601204877262415494e+01 -4.393291336450188567e+01 -1.536192610366193989e+01 -4.922739786877308177e+01 -4.852302652964270990e+00 1.833790523625099667e+01 -1.047405134142730532e+01
-1.269564842284871418e+02 -4.531609089669743629e-01 6.836015605170027243e+01 -4.813397416713726074e+01 -5.117494105808825111e+01 -3.353049800162793304e+01 -3.998080402892396990e+01 -4.533438434685153950e+00 -4.567535687226798302e+01 -3.437952014911690668e+00 -5.979392742243604175e+00 -5.468340372164425922e+00
-9.784589465835688316e+01 1.013752436865399886e+01 5.758705849477745886e+01 -4.972061668807877055e+01 -4.948981448778374670e+01 -2.980202066268532946e+01 -3.118052987567597256e+01 -3.998232078537852008e+00 -3.257702842797021248e+01 -5.965563096723889736e+00 -5.342107503179260419e+00 -1.306353724080613787e+01
-6.557403053567577444e+01 1.682033718460814242e+01 2.408920465909451991e+01 -4.004658845960986469e+01 -5.161767065953394251e+01 -2.752503215862547137e+01 -1.489701771283705156e+01 -9.769034345168037703e+00 -1.960593623898272142e+01 -1.106070910306610244e+01 1.087898403478197906e+01 1.193708951583025424e-01
-5.151076512358481807e+01 2.276883308303685283e+01 2.640666445580228583e+01 -4.684594908335967745e+01 -5.098003867918024667e+01 -4.032408430443696545e+01 -2.799485431632619026e+01 -9.417817654458536580e+00 -1.994920177870519851e+01 -1.713001610138417519e+01 1.151975979815262008e+01 -6.488607497981600858e+00
-3.479323404765785455e+01 4.204721154486288981e+01 3.491060429862636738e+01 -3.039954316838794313e+01 -4.020775237017065251e+01 -3.108394654386306399e+01 -1.130789267978863322e+01 -1.067652334185907748e+01 -2.291560049927781506e+01 -1.624952662057902586e+01 1.896844821903172118e+01 -4.057798458875426562e+00
-2.999889329880128486e+01 4.975761223825571733e+01 4.880899089491829557e+01 -2.683081325157739627e+01 -3.173390619140413094e+01 -4.163867426298101293e+01 -2.257831375574036770e+01 3.774303779000382164e+00 -9.345761301862789416e-01 -1.651242879123131502e+01 2.696119722029454380e+01 2.973742419028106987e-01
-3.757266218086520837e+01 4.515876411665301049e+01 4.672605638973311670e+01 -2.204025388259444185e+01 -2.246458806605814829e+01 -2.965964318926849685e+01 -2.365576865217288827e+01 -8.292019245582135767e+00 -9.047898132253733294e+00 -2.041743352658029664e+01 1.731015842164598340e+01 -6.719000929098488228e+00
-1.009087147892323344e+01 5.131667620755801806e+01 3.884052037162840776e+01 -1.636304302883824846e+01 -2.216363663697744357e+01 -2.466809772748225882e+01 -1.434679291557428016e+01 -9.784074585341047126e+00 -3.389429395732329375e+00 -2.291171370948408281e+00 1.080521791381393903e+01 -8.910397939287250324e+00
-1.338986087275846515e+01 6.251663367973679897e+01 4.493584463420683761e+01 7.493530336005900239e+00 -7.376766542672773319e+00 -2.727262822004624354e+01 -1.049839771759000229e+01 -4.251555993936525724e+00 1.493814495157018030e+01 -6.198712057682579157e+00 2.664408875554269862e+00 -8.241103568080228925e+00
-1.978055169557542570e+01 6.041362036804290625e+01 3.940150381576570737e+01 1.074937117050795976e+01 -2.823321253007207154e+00 -1.990268406630620390e+01 -1.301947223575425205e+01 -1.115374118618293053e+01 1.167247629894810146e+01 -1.776408060229904251e+01 -9.493686273908132023e+00 -1.286706814246123898e+01
-2.907374852224039330e+01 5.090062657977856020e+01 2.410993526939317633e+01 1.587171116587921560e+01 -1.853218546961725277e+00 -2.146984898640802442e+01 -9.021595277677095126e+00 -4.279157740478070515e+00 2.273490261307252425e+01 -8.607248564235824517e+00 7.555947135645079804e+00 -1.366793937828818173e+01
-3.279550752987930196e+01 5.817286063362459458e+01 3.806658575850886450e+01 1.678304241827504129e+01 1.982699142129407566e+00 -1.416331058837105772e+01 -3.283369532889952591e+00 2.560725849718927805e-01 2.880252041111923234e+01 -9.312898051321440107e+00 -2.322273066260357677e+00 -2.392101714298250315e+01
-2.878329944595276402e+01 5.890136319876621940e+01 4.130495761909858743e+01 1.207309024785501883e+01 -4.671690437204711888e-01 -1.471205793543926887e+01 -5.520627176497490574e+00 -5.270864010777475128e-01 2.276622731027310209e+01 -4.788388714490437792e+00 -6.624100260265324280e+00 -1.765463752525997165e+01
-1.805615956058449711e+01 5.745606435206955354e+01 2.397498264205302831e+01 -1.991872296936036957e-01 -1.137723701114766062e+00 -1.305684977778023459e+01 5.353778685532084580e+00 -2.186179612304564590e-01 1.551042367919142428e+01 -2.151646984450799494e+00 1.091582626650323284e+01 -1.045356474824598791e+01
-1.130385110597854670e+01 5.697315419713420681e+01 3.332765293494695413e+01 9.895986768808135992e+00 -6.760964011529018158e+00 -9.667263623425114361e+00 4.740311767208922333e-01 -5.061040986001414055e+00 1.050227901954361620e+01 -1.399362396129536101e+01 -2.159800365871375583e+00 -1.174002542281378325e+01
-2.211087956869091542e+01 6.009362198636752339e+01 4.052242363258329760e+01 1.323914288646925064e+00 6.377352673425859209e+00 1.829803657297417008e+00 -2.528461870420432689e+01 -1.068330708594212197e+01 4.313701248177542880e+01 -2.116607498924671305e+01 1.295077511769067824e+00 -1.166498833108147437e+01
-4.002784269245070448e+01 4.549853636802410506e+01 3.899249568702001056e+01 6.933616768859645063e+00 1.146194099284601009e+01 -3.578085639265222717e+00 -2.160256397695521002e+01 -8.919948206747147168e+00 3.621409663432410753e+01 -1.999013788223977883e+01 -3.762199536761926311e+00 -4.757565426732778491e+00
-5.173307314181916183e+01 4.650411958933000278e+01 3.336117420130865696e+01 1.594380265578395850e+01 5.467469581943747770e+00 -6.830565391134460818e+00 -5.162830920081972863e+00 -1.598654912001179795e+01 2.764574787473976869e+01 -9.882176938948770584e+00 -7.928738477621397607e+00 -1.959667941440704908e+01
-4.396048347600702755e+01 3.900910990567614078e+01 2.413820268840682814e+01 1.889938323425507605e+01 1.473513779415496927e+01 -3.954303496229956139e-01 5.347012125807681926e+00 -1.327326265635058711e+01 1.957979587473950289e+01 -2.682564028889363072e+01 -1.069139405761998241e+01 -8.840918518793788650e+00
-3.598799967235622432e+01 3.692343190792765029e+01 2.483953807906432587e+01 2.502663909081234195e+01 4.627501313822623974e-01 -6.685971169645442913e+00 3.513965171652515984e+00 -9.434936098645613001e+00 1.799758988555980110e+01 -2.972193831483896886e+01 -6.897739027665165779e+00 4.145281062105583558e-01
