-5.579430586653322166e+01 8.397350255999041835e+00 -4.358296018274658934e+01 1.570154905722526451e+01 -7.709677468239965137e+00 1.948430391056123057e+01 -5.693611283571567760e+00 -2.830395981996264965e+01 -7.791730642836576237e+00 -7.677477690612848349e+00 1.697497116642601256e+01 4.807260379206775625e+00
-9.738572479547758576e+01 -2.277880931337499248e+01 -2.609561614205393454e+01 -8.862750589027669434e+00 -1.462331230530357296e+01 3.263268631573418332e+01 -1.528384883050056686e+01 -7.414302952756059994e-01 1.305914346613434063e+01 -1.568745769557854786e+01 9.136106824478281041e+00 -8.921973331085467862e+00
-1.157592515557942079e+02 -4.792454343510529924e+01 1.018031493409536736e+01 -4.817338215842191573e+01 -1.353835670455450568e+01 5.015137820496877197e+01 -7.354873423135432908e+00 -3.246744144357386119e+00 8.375000625203027127e+00 -2.065558948415748830e+01 -4.581318723946203875e-01 7.597155911133826045e-01
-7.496890577677159229e+01 -2.504677132605895906e+01 -1.275623932043149367e+01 -2.032959835547372407e+01 -5.763616446160801488e+00 2.938642797458178535e+01 -4.728359439810878939e+01 -1.394147375066927275e+01 7.818982651848678245e-01 -2.855412764878649057e+01 2.116380471764714599e+01 -2.888955695536056245e-01
-1.012422034924154559e+02 -3.008252659195692758e+01 -1.852034814676101249e+01 -2.853723225711111411e+01 -2.817610535195857580e+01 1.630669030509459461e+01 -2.919592484167598201e+01 -9.311223491957820286e+00 1.593293572911057510e+01 -4.695093480294857180e+00 2.623992820729579734e+01 -1.644466972315568931e+00
-3.410805051690707046e+01 -3.119183720254641656e+01 -8.141204893655631381e-01 -1.506725884130203319e+01 -2.483218488766367926e+01 2.366722273659615183e+01 -2.825207260873786197e+01 -6.521842259129506658e+00 1.156758035364222792e+01 -9.671338653790037654e+00 1.835161716799690623e+01 1.327023796432180491e+00
-1.120280846331159097e+02 -6.409234324483382750e+01 -2.395868857228651194e+01 -4.617460901758204272e+01 -3.430677938284384965e+01 1.109709381830509045e+01 -3.713166908933870047e+01 -6.304090304411548829e+00 1.115992054315050730e+01 -8.931264784890387887e+00 1.543684130352235151e+01 -3.131104053474773607e+00
-8.534622035630238202e+01 -4.665533866646241279e+01 -1.608761202825544245e+01 -2.973665939006766123e+01 -1.562103752987950500e+01 2.688443583187685348e+01 -2.029250512533608486e+01 8.783478075461449208e+00 3.712838119857036645e+01 -6.343683512576000716e+00 2.978687145421503146e+01 5.277026303871496182e+00
-9.899598883870098120e+01 -7.223594679762143755e+01 -3.809185821752113554e+01 -4.194719314039948443e+01 -4.923368957721886829e+01 4.115078032576604983e+00 -5.480263751091208491e+01 -2.950962769562517707e+01 2.518125715723192215e+00 -4.374007510349780148e+01 -1.497128358751897181e+01 -3.900789957444144562e+01
-1.125789787728611202e+02 -5.918152895943251934e+01 -1.692847231871203562e+01 -4.826516299979875413e+01 -5.229200674281349848e+01 -8.637537311327715406e-01 -4.142530373632530427e+01 6.703426905372647404e+00 1.553209737592269768e+01 -1.851606319866567674e+01 -3.040851581511579305e+00 -3.177191141035570610e+01
-6.321760534734114856e+01 -2.520017670285029254e+01 1.047522495376916041e+01 -2.064946431190523413e+01 -2.748355936017021151e+01 1.171088234234652781e+01 -4.062223326914651977e+01 1.780134752327845149e+01 1.826892474077984474e+01 -1.965900871729393629e+01 2.129854994640092514e+01 -7.451336122609261814e+00
3.241057536249910953e+01 2.428077731870443401e+01 1.473110724087444012e+01 -1.578109778731252000e+01 -1.579315874199844139e+01 2.812837381901907463e+01 -4.406713528328101859e+01 1.195040706900421590e+01 1.306224492748902222e+01 -2.617602725790022333e+01 1.621259907676438417e+01 -1.159050758791113367e+01
2.485631271466503733e+01 2.235624308404135263e+01 1.082096117122663870e+01 -2.085417314957516766e+01 -3.537971233954843342e+01 3.722865207210583005e+00 -5.753238797881182620e+01 1.979737803782307992e+01 1.536608689433727726e+01 -2.791115997741814425e+01 1.154301314577799253e+01 -2.396140446260229595e+01
3.726793462538621071e+01 2.776522571708541420e+01 8.537156408962465193e+00 -3.175430281835992474e+01 -3.068099640619279356e+01 1.582734228598683623e+00 -4.266289872439071473e+01 2.501318263837537614e+01 9.020053175398899725e+00 -2.392914110891137014e+01 4.611483520305046113e+01 -1.433746347298285961e+01
3.027618040519902110e+01 1.011785074406168405e+01 -1.603961019278797906e+01 -4.833041068105704596e+01 -2.378646191649935204e+01 8.461365335821337652e+00 -5.276728639210819694e+01 2.376150933930787090e+01 2.656731424570145705e+01 -1.420502739954968696e+01 3.934200913013624756e+01 -7.530664189200651393e+00
4.107484022470440266e+01 1.538319729213858622e+01 4.379576844848992678e+00 -4.137923989459999774e+01 -9.347204187993925828e+00 9.647312031363133755e+00 -3.225467325619493408e+01 2.078706615841463190e+01 2.512318796604400362e+01 -9.159187455893667007e+00 3.754806263550955236e+01 1.349518969115435452e+00
1.376881721613157694e+01 -2.382356247042920572e+01 -2.459361561251323280e+01 -7.000621468995687735e+01 -3.653426051430733423e+01 -2.253064994937651733e+01 -4.870352494431810442e+01 -8.655221914478394396e+00 8.573319122038654427e+00 -3.102305452929618212e+01 8.583459577642843286e+00 -1.865429334712263909e+01
4.826977217454545865e+01 1.855807643034162524e+01 -6.489862479727491085e+00 -3.806488337506987563e+01 -2.843263979935341013e+01 -3.449138267590901030e+00 -2.709435697815150945e+01 8.276648889685594312e+00 3.270868100333386508e+01 -1.052608498039552920e+01 3.777078467881995039e+01 -5.166389900839909899e+00
3.082400278439477503e+01 1.575051204976887931e+01 -1.317212055806774273e+01 -4.330073055676270144e+01 -3.633660760175990845e+01 -1.401978180292885590e+01 -3.420169993574231171e+01 9.403895420311787490e+00 2.205853283431158829e+01 -1.361932772162638550e+01 3.562100404073337501e+01 -8.855805074847260983e+00
4.118194683089471653e+01 4.734476766661860125e+00 -1.626972405117931331e+01 -4.912567667268260152e+01 -2.173849991749963806e+01 8.744855660860414659e+00 -2.518290115199719992e+01 -2.802968717920953257e+00 2.217779945560219801e+01 -9.860261868480760583e+00 1.552865509625076079e+01 3.930470263311512724e+00
2.646493584391743781e+01 3.402439632867907626e+00 -1.800588968505863008e+01 -2.748949330032726124e+01 -2.933403970259794846e+01 -1.909968680552974973e+01 -6.086394233178740620e+01 3.836052308199799477e+00 1.806543885389255166e+01 -2.451966321595241283e+01 3.722015626401234556e+01 2.206415869845094413e+00
2.840653191008939871e+01 2.747067428389092214e+01 -2.092513059600569392e+01 -1.301841114422033741e+01 -2.602580056941461351e+01 -3.094208656631943111e+00 -3.446289227948628309e+01 8.880809689621264269e+00 1.160768995463706155e+01 -1.218195366917144895e+01 3.431930014710168564e+01 -4.285757559915285064e+00
2.326370671321860328e+01 2.956190323192345915e+01 -1.300826811586171416e+01 -1.411333882015281560e+01 -1.656982326269175587e+01 -2.289704029162176369e+01 -5.547751468807929598e+01 1.027080406451694117e+01 8.228569983468542404e+00 -3.698860526346417998e+01 2.147192402701783820e+01 -7.757884453721786144e-01
2.794271643028901764e+01 4.843071817691411596e+00 -5.880247517225676290e+00 -1.101012652737817632e+01 -2.551927568684908465e+01 9.953601233642846324e+00 -3.573165863369952433e+01 -1.255253254788617490e-01 1.488288056448314300e+01 -2.207351986816276224e+01 2.572807362449547597e+01 -3.999171740230833549e-01
4.623316895961480100e+01 4.596322205176770836e+01 -2.252636166582407640e+01 -8.851479433864573920e+00 -1.718456252654144834e+01 8.475673412118126748e+00 -4.347654700771467873e+01 -1.424372919213134026e+00 2.883036006979202703e+00 -4.008501777525589205e+01 2.509700103870216381e+01 -6.625912598976352541e+00
3.354010546784061830e+01 3.951799559253001348e+01 -1.193741543228882307e+01 1.509126037816392429e+00 -1.091462264028572449e+01 1.827656287469811858e+01 -2.687566569277593231e+01 9.830035049549337600e+00 2.093551507491540420e+01 -2.425543355948215662e+01 1.864988709827633429e+01 -4.228564730636025004e+00
2.322082115063027885e+01 5.133196871837894548e+01 -1.593053265296765275e+01 9.605500707007511352e+00 -2.566138002675486973e+00 2.287465843128295262e+01 -1.275874666190441786e+01 7.733603430663350764e+00 1.931025331167374759e+01 -8.725075287786822287e+00 2.701918714074129468e+01 -7.050408929270345126e+00
3.413572857948692274e+01 6.357766256271636252e+01 -1.023645525617665619e+01 2.493173926584062627e+01 -7.145569512588230587e+00 1.264356126905216016e+01 -2.789664694420874369e+01 -1.539248033415528383e+01 2.643221695966817997e+00 -2.501499596548475779e+01 2.254300136138489918e+01 4.611786432863919316e+00
3.804821139032998190e+01 6.139617965019486689e+01 -1.192156196411729496e+01 2.326139361763109292e+01 -1.309190760697845946e+01 1.056945336673120295e+01 -1.271444880509412201e+01 -5.187443850546851642e+00 8.941058599888069836e+00 -1.877030249669067530e+01 2.324743848258557222e+01 -6.585590489522561874e+00
1.462572552465681675e+01 7.038011972342299316e+01 -1.652214662871959305e+01 1.886176317004026259e+01 -2.175868985022025370e+01 2.086204987536190547e+00 -2.484665129707914843e+01 -5.027297419958041580e+00 5.708498469506297468e+00 -2.498477755638045039e+01 8.658506371001166713e+00 -3.204444991910529339e+00
4.588968029907520396e+00 6.544383964236048712e+01 -4.993447947872770243e+00 1.286404267125590550e+01 -1.456159110410349733e+01 9.792625303460740227e+00 -1.078989027009106394e+01 1.861636355533669018e-02 5.890050716723131075e+00 -1.140689811302597612e+01 2.342826992123928775e+01 1.706297867583903560e+00
-5.911552572448886167e+01 3.104902063198331774e+01 2.420642366883645735e+01 1.700728935662654706e+01 -8.275029185597478687e+00 1.138549176162990761e+01 -1.178140870292357967e+01 1.432847545469684292e+00 8.590109443529671651e+00 -1.099418781329364059e+01 8.654910416453409638e+00 -1.064853610564326480e+01
1.516959620634656858e+01 6.546560739653078542e+01 1.422554545524317859e+01 -1.944755578137040786e+01 -1.372574089404722741e+01 3.609746493714408366e+00 -3.259109736324252538e+01 1.098613390079306562e+01 6.453757449491061671e+00 -5.016241218958937154e+00 2.677911121765952629e+01 -1.473132477544435304e+01
1.834066184209054029e+01 4.847859948315326761e+01 9.545515632393888339e-01 -4.867822093406037709e+01 -8.284426705092556631e+00 1.382938076541213590e+01 -2.964986736134864032e+01 2.742784111920558487e+01 9.139253517384588577e+00 -5.136516668996598867e+00 2.378813510640555506e+01 -3.135653637140003891e+00
1.510353608903811384e+01 6.998861879869539848e+01 1.802295286450303013e+00 -6.077902740692715611e+01 -1.481208649347878392e+01 1.204324979226701942e+01 -2.288678165274804854e+01 3.439621018414256071e+01 1.069650224723056375e+01 -8.578633480528973010e+00 2.406411039680509134e+01 -3.200222326618662905e+00
4.521074133366644432e+00 5.352071526196946039e+00 -1.842566372792238560e+00 -4.555302799985932438e+01 -2.545581012635355478e+01 5.151216899544474259e+00 -3.575816610151109387e+01 6.376507353552804958e+00 1.912771889380771029e-03 -9.018441484010057962e+00 6.727020425146573501e+00 -1.353986291614130266e+01
-1.583824347016180845e+01 2.509471484881754577e+01 1.407915607947239245e+01 -7.291745944805495583e+01 -2.480904217837991865e+01 1.335878224114042467e+01 -3.669559427751624980e+01 7.051594510861646015e+00 -2.648899568069759347e+00 -1.793727566441494048e+01 1.620317300099459246e+01 -2.242202993698700908e+01
6.975491219010067745e+00 5.425017313703787636e+01 9.357306323281450844e+00 -6.510120357221084930e+01 -1.332736532726357481e+01 2.847058494318785904e+01 -4.392415646393524753e+01 1.288800031365277476e+01 2.007966686939311174e+01 -2.068200984173573787e+01 1.618876960486359451e+01 -1.703421782517221317e+01
5.855479292535848757e+00 4.899167821467578676e+01 3.582702793284538778e+00 -6.143793146016946594e+01 -2.590666460706583862e+01 2.250438957593279099e+01 -4.042977642534631855e+01 8.612780225714399052e+00 3.531364036754072622e+00 -2.493382052312709263e+01 1.902524504786745396e+01 -2.152780650557697584e+01
6.554574414336929777e+00 5.047516286520117035e+01 7.229466895856186071e+00 -4.777219903195145889e+01 -2.878704077346066015e+01 3.351639310386278225e+01 -3.948259144258327069e+01 1.013416791051063903e+01 7.674923927779186528e+00 -1.909955782520757595e+01 1.741132279461358223e+01 -7.669732785303098765e+00
1.081775112759632451e+00 4.747295405641278876e+01 2.639758640467299955e+01 -5.757170840764342756e+01 -2.042714538210022823e+01 2.819961407067796344e+01 -3.641495723371726712e+01 1.191404110431722430e+01 3.482330312138657291e+00 -1.851998451524571720e+01 2.357502061789907088e+01 -5.366904744471450606e+00
1.084846186381075128e+01 5.211981006708609243e+01 2.360555644770311901e+01 -3.762768845786087013e+01 -1.845449128655403470e+01 2.010257605633180589e+01 -4.998765065030918464e+01 1.051295225968038594e+01 3.748384460777967497e+00 -2.101094451738846658e+01 3.857881106798736681e+01 -8.722387278706964509e+00
-8.665592680965463757e+00 6.842923448341748838e+01 3.871996209965711699e+01 -4.258632590369048643e+01 -3.090576769731254725e+00 -2.632131897454192071e+00 -5.193577030361944225e+01 2.311329740707481317e+00 -7.140115301612962817e+00 -2.650719771224580157e+01 2.723399486856805396e+01 -4.498362447186199375e+00
-2.377563727168529795e+01 6.245199143604275349e+01 9.274111187151397928e+00 -1.873170692798003500e+01 -2.651768673821242572e+01 9.952077892630533995e+00 -3.361630232945082497e+01 3.840760469536181887e-01 -3.344449895044142362e+00 -2.248038429913036040e+01 7.563191500820384938e+00 -1.650455472825519720e+01
-8.392296406977218126e+00 5.668495566928012863e+01 -1.044586653646563690e+01 -2.205737381171168465e+01 -3.223146441360596981e+01 -2.368554421949233380e+00 -2.944965933003121705e+01 4.648146080112080192e+00 -4.266954378038343876e+00 -2.430917897941532857e+01 1.026346731880711260e+01 -1.971687490438155521e+01
-9.108300324272454063e+00 6.495308060785356474e+01 5.015553021921139276e+00 -3.115905451874091181e+00 -1.026587099373186973e+01 1.836189804511506196e+01 -2.150008060557812684e+01 -9.521876050781475698e+00 -2.954718652952981195e-01 -2.556265420155632739e+01 1.856622081693634385e+01 -4.229654346625205008e+00
-9.136068260105517425e+00 6.766192129261602872e+01 5.012885946631586265e+00 1.006746748518775902e+01 -1.632984151687462315e+01 1.104904202811547798e+01 -2.316765344129389348e+01 7.963051644218117620e-01 9.178556289764552290e+00 -2.568773528279685081e+01 4.763990608469850230e+00 -5.479941516488942455e+00
-2.899434171087160905e+01 6.564735954731705192e+01 1.023471550001213259e+01 1.380492652835352807e+01 -2.760988612674505305e+01 5.901056978655222274e+00 -2.198686445077217400e+01 1.026091116282158389e+01 1.200201962211655626e+01 -2.109346023931060898e+01 1.514058336979610431e+01 -1.194003352377241711e+01
-4.116117755616230056e+01 5.877855945206661659e+01 5.519107426604717759e+00 1.131190310378302222e+01 -2.134623789566084895e+01 2.276126083194230887e+01 -7.165541942389764607e+00 9.715784347203371141e+00 1.909160318799687417e+01 -1.540822632328347552e+01 1.642002549050143401e+01 -8.998940156729101858e+00
-4.068449423600500836e+01 5.333917352443029358e+01 -2.550855422960226271e+00 1.448419053312828453e+01 -2.872660386027779111e+01 1.475157071745689663e+01 5.316792835312376120e-01 2.945207845036258210e+00 1.021489127532834651e+01 -1.303490012383918462e+01 1.418647219975107276e+01 -4.964954523966047972e+00
-6.148727782481142157e+01 3.750275681817964113e+01 -1.345390185797119287e+01 3.672299823491696813e+00 -2.704152579423288927e+01 9.179679621314207338e+00 -8.127564543273672726e+00 1.402853748865897643e+01 8.340233329019723030e+00 -1.007890165542614547e+01 1.395872445976748111e+01 -1.574173404910615304e+01
-8.961850552967835881e+01 -2.291012498346768211e+01 6.874132488124531370e+00 -4.085428255695619981e+01 -4.176757727440421775e+01 3.942592911545222290e+00 -1.668351582781388487e+01 -8.553640438996282569e+00 2.016146260361649567e+01 -2.746908830219344111e+01 2.796800705500394102e+01 -1.483639971393764512e+01
-9.567175385311875857e+01 -1.022281991192579653e+01 2.520340053513577772e+01 -1.180316610845351377e+01 -1.681610393339606091e+01 3.078983971218572080e+01 -2.557616443654541172e+01 7.823254606939292977e+00 2.667117124985659871e+01 -1.324168116449527233e+01 2.301048690589071555e+01 2.505731785074170048e-01
-8.715084936348216615e+01 -1.658111477613541851e+01 2.318820978186118964e+01 -2.869372564527761682e+01 -4.941873171435379675e+01 -3.164646101111335597e+00 -4.011087202218456582e+01 -8.912046789220157805e+00 6.061075577606283460e+00 -2.178512047988307287e+01 1.264038955819734156e+01 -1.335303577679306963e+00
-6.893108286246805960e+01 1.050754869354421217e+01 1.182208761832580457e+01 -1.308244118030447112e+01 -3.332309519072964576e+01 1.693577911792565338e+00 -2.997327925627458711e+01 1.145679346544836363e+01 2.836984436538431709e+01 -8.796102925046696441e+00 2.453125144563940196e+01 -8.429083526231037737e+00
-7.841673056386164831e+01 1.124726491086642710e+01 1.579747197973107831e+01 -7.586556572226183626e+00 1.496793309155374452e+01 2.192234412442689973e+01 -2.324659763790482003e+01 7.498931272818717630e+00 9.248893463479294752e+00 -1.143651453371014881e+01 2.731692745753447937e+01 -2.855821339979100149e+00
-1.576924142513326643e+01 6.022073813885907612e+01 7.560283918473754028e+00 -2.326359761422784089e+01 -2.334063400505078789e+01 -2.900815174539850272e+00 -5.181947724184460213e+01 3.581529718516069938e-01 4.225779937092875471e+00 -2.384092206310685924e+01 1.742530300957665901e+01 -1.724166272212574214e+01
-4.571381129604430882e+00 5.223904971152800414e+01 1.720958838725343298e+01 -3.467837826334792339e+01 -2.053041513523486827e+01 1.448479044459772425e+01 -4.135971653395023395e+01 1.619837256134136894e+01 9.890656514298699520e+00 -2.546851582201269792e+01 3.575675737010378441e+01 -6.103852339570506658e+00
2.454215433243812861e+00 4.527273603192055873e+01 1.466054515382699641e+01 -4.345138649867112690e+01 -8.672432713444617747e+00 9.749924775036102886e+00 -4.008893308027463576e+01 1.098575160014248908e+01 1.207130536994909953e+01 -1.548716673982982428e+01 2.655901528303451187e+01 -8.829656159954323513e+00
-5.199718665225201875e+00 4.413582181356444778e+01 -4.321067524127956361e+00 -5.123327618576395537e+01 -1.424255363084762394e+01 -7.250328388744194719e+00 -4.625283092738101232e+01 -1.378308390990402366e+00 -2.286595000222970242e+00 -2.801384276663676332e+01 2.547091351430590578e+01 -1.229378062191458554e+01
-4.400965388295251302e+00 4.695879773667168422e+01 -6.405324171163004898e+00 -4.522090387189832938e+01 -1.951545433946287034e+01 1.184209258686570010e+00 -3.692973466814164141e+01 5.789256648623771540e+00 -5.858500871944763766e+00 -4.128209705436348997e+01 2.785130789257497952e+01 -1.730163186578541357e+01
1.259501067563959520e+00 4.691866903503544961e+01 1.204560447442710824e+01 -3.551653837338746200e+01 -5.740953429087591875e-01 6.423602963573000757e+00 -3.097741138386210480e+01 1.946237525693922876e+01 8.071740208086904289e+00 -3.167566399277574618e+01 2.445642807732335200e+01 -1.370724154623541402e+01
1.152399124537641484e+01 6.383364928181202913e+01 2.852019654068923771e+00 -2.108570805430965223e+01 1.483788987904381962e+00 1.859722379575570272e+01 -1.898142878941355605e+01 1.460078726407717298e+01 7.275034584306958152e+00 -2.939887500987219937e+01 2.835730486684846596e+01 -8.196944905827098893e+00
7.965732102201577902e+00 7.370200458295221324e+01 1.234330890878717746e+01 -1.489225678682363352e+01 1.043923324904179495e+00 2.712348035786939704e+01 -6.073246054215980294e+00 2.152237816829611461e+01 7.874454193262117485e+00 -4.027971443791555828e+01 2.338276964072043285e+01 -9.736551277464752019e+00
5.384370298138462907e+00 7.002754281415823812e+01 3.145146500358591624e+01 -1.667933526679022194e+01 -1.877100120773747349e+01 2.848031668234837710e+01 -9.125768366802353704e-01 1.665486211770214808e+01 1.068812226398815213e+01 -2.438166283882725693e+01 8.355264218703609913e+00 -1.667175990769722560e+01
1.315891394913232659e+01 7.504027357580706337e+01 1.117743609535631677e+01 -2.456721837688520083e+01 5.914247563589025702e-02 1.481201752497220880e+01 -1.697490901267474328e+01 1.919745648012912653e+01 4.591243954874538957e+00 -2.654178699960591814e+01 1.974944379035365571e+01 -1.674452313123516589e+01
1.223562316612238909e+01 6.089676408936215779e+01 1.394874526576347407e+01 -7.860347949491961472e+00 -2.052800816365678571e+01 -1.081516260260866780e+00 -2.895394018879994746e+01 -4.347598365438723467e-01 7.794904301208115172e+00 -2.584550129753762349e+01 1.050999758593736289e+01 -1.397375879545500865e+01
2.193918284287103049e+01 5.364176349520764120e+01 8.098144059472451417e+00 -3.360751919925264009e+00 -1.776106218342955501e+01 9.863801068933375049e+00 -2.856736444114770279e+01 -2.417131603692554975e+00 -5.780994289811560272e+00 -3.205713604034856701e+01 5.415599356665331321e+00 -6.844001000744444951e+00
3.333437069422938492e+01 6.657906457577828974e+01 9.206210991788575271e+00 6.785243605127517785e-01 -1.893720427814785001e+00 1.954611819511937298e+01 -2.023851175581248185e+01 -1.021458991208268108e+00 5.383820918537692179e+00 -3.003743496711707195e+01 1.261729440728653451e+00 -1.047293721425900870e+01
2.239556314834760187e+01 7.259309838315981267e+01 2.692198442247740431e+01 1.312873849605967713e+01 -9.036772848985698658e+00 2.436548501768921327e+01 -9.833270800150710755e+00 1.132898401074140082e+00 2.714494794335795547e+00 -2.672979257073282966e+01 8.358001750869679114e+00 -8.312370100564701048e+00
1.950496390182430417e+01 8.307781777655129929e+01 2.919469667153425618e+01 2.033734625138490060e+01 -3.225274731266919659e+00 1.443466102723619393e+01 -1.499104840124108939e+01 1.306581185676197743e-01 6.654089535094605878e+00 -2.516673943119998569e+01 -2.458099062357192111e+00 -8.228604113737912229e+00
2.288179821426954419e+01 5.798340857655188074e+01 9.113440406246731129e-02 -3.704220924077393562e+00 -1.689922174214275330e+01 4.238016125401036227e+00 -2.980266748521122722e+01 -1.318544321777780048e+01 -2.932257043436491628e+00 -3.713117769744613383e+01 -1.026056201346894170e+01 -1.482568346451495600e+01
1.849104435858814066e-01 8.199256861600490254e+01 3.032602367025176804e+01 1.742471388483721384e+01 -1.254253040136072528e+01 2.032625319482538373e+01 -1.606186043815159792e+01 9.194556742323692689e+00 9.638968810059893144e+00 -3.405340296884602935e+01 4.885221551299839815e-01 -3.904110346977113899e+00
-2.974130205502726909e+01 6.845984478733518586e+01 2.045620472920390398e+01 2.900128173102989138e+01 -8.605685814699018721e+00 1.992411956691724839e+01 -7.381512831371438210e+00 1.884149191714499683e+00 6.904043551010305535e+00 -2.625712068716628522e+01 7.104589368618025702e+00 -2.962618982133379486e+00
-3.548927841442487363e+01 5.867663156685327408e+01 4.640856395541356427e+00 2.291338153145374434e+01 -1.291504356376046303e+01 2.129637412431411647e+01 1.264810323637211464e+00 4.555082481758720547e+00 5.323550964160190802e+00 -2.415309138730986405e+01 2.715110338835595272e+00 -2.966472632185534586e+00
-2.073492260304384871e+01 8.145830699000009645e+01 2.037072865201695748e+01 2.776597348925493236e+01 -2.100214273164599277e+01 1.654561382590815910e+01 4.342577513380584620e+00 3.401877198079725773e+00 -1.068300904777305149e+01 -2.822294032255383911e+01 5.074259232915341755e+00 -1.067424635197643212e+01
-4.147083077507126347e+01 5.977101128576074984e+01 6.554624549873275363e+00 3.309959741345787876e+01 -1.999900519798629261e+01 1.797901748056145887e+00 -1.586785962439933684e+01 -8.756179887296246633e+00 -1.120282996123330266e+00 -2.159962322784893018e+01 8.346834016779309806e-01 -1.032456867221445407e+01
-7.610392095011874858e+01 3.699545388793377754e+01 -1.511780818149116357e+01 3.301435043741039266e+01 -1.352835828049162714e+01 1.046887672076692688e+01 -3.007614821261570981e+00 -1.414143205613784104e+01 6.075022671546824959e+00 -1.776558513435401565e+01 -2.398559548621550519e+00 -6.493040509700747087e+00
-5.189696998791761473e+01 5.805546949804283940e+01 2.169940493540740256e+00 3.840441011052095632e+01 -1.080080181354336233e+01 2.124059618177137310e+01 1.333383804523543503e+01 -2.457470704294738795e+00 1.036354907456541241e+01 -2.041108687674293165e+01 -1.561056889926835556e+00 -9.466355083397047565e+00
-3.870831048491458404e+01 5.309192666306090302e+01 -6.986570209678628629e+00 2.787961242690353458e+01 -2.801975116672572597e+01 3.211503963138771844e+00 -9.626996584959846004e+00 -1.654210042428207572e+01 -1.322266757339930088e+01 -3.630956596860377772e+01 -7.874296346265849955e+00 -7.908803502570621369e+00
-5.599470334385804904e+01 6.062249726397097049e+01 4.707133000059333661e+00 4.012927580273272099e+01 8.883551791757543725e+00 3.211673867344852340e+01 1.041319443093440000e+01 -4.668926713282782970e+00 -2.147132547719667883e-01 -2.566649694448251395e+01 -1.286098078554678281e+01 -2.384113033594378095e+01
-6.236327230701937196e+01 5.819772044985671755e+01 1.290723920142685444e+01 5.029458624618760609e+01 -1.289682835508455483e+01 1.293300025928077579e+00 1.375465692643764726e-01 -5.910635237119135077e+00 -7.477544449142792260e-01 -2.281319515966301736e+01 -5.511479559505966463e+00 -7.837432635371717637e+00
-8.262889816631673057e+01 4.512879659839941837e+01 -2.818756798470871239e+00 2.400484540149605550e+01 -3.024877972798726589e+01 -4.460622914553208140e+00 -8.160140761881176985e+00 -1.062888115059017924e+00 -3.647081781309633008e+00 -3.606480870699670760e+01 -1.418361564616135695e+01 -1.714139929616991154e+01
-8.692019533988784019e+01 5.206611429059807961e+01 1.869796941086147690e+00 2.736537141255545080e+01 -2.329111130118475614e+01 2.334408749723665633e+00 -1.000737139034251477e+01 -9.603505288302732978e+00 -3.737338392859088643e+00 -1.812993002795970909e+01 -2.452389112376675229e+00 -1.356361383956819378e+00
-9.376665317769663943e+01 2.627813710931463120e+01 -2.309812641784741061e+01 2.443439929351336914e+01 -1.441253908887655655e+01 2.676933148951972186e+01 1.455844700693726068e+00 -6.339693669202942417e+00 -4.025190996691048184e+00 -2.001307842765664091e+01 3.379986641015392479e+00 -6.909589730122624118e+00
-9.582178018461247859e+01 3.217616423332290765e+01 -7.162873264809937801e+00 2.111406655097282936e+01 -1.904654706558489963e+01 1.101565336476671675e+01 6.840703328973169128e+00 -9.294070657289973170e+00 2.727183548525399015e+00 -4.181634727775416671e+00 8.847964991748735741e+00 -7.269460356280532665e-02
