-1.125162261960506385e+02 2.902573368221702754e+00 -5.615758035347444554e-01 1.417437232084306409e+01 8.508807158780390623e+00 4.804658047978547231e-01 8.564441328362736527e+00 -4.977453113508634175e-02 2.611373203223362438e+01 3.498987805553475106e+00 7.205175716169530453e+00 1.319500987028190586e+01
-1.022657058354404001e+02 -1.224183901417930764e+00 -8.028292915937043084e-01 1.798561388556195695e+01 1.976294728571789605e+01 9.706423098025538820e+00 8.695040850643316332e+00 -4.158813082538004302e+00 1.736391267532015803e+01 -1.942615773326760120e+01 -7.938340705600653635e+00 -1.437411383962609435e+01
-1.033482852688324556e+02 1.189163510817813219e+01 -2.655853307928263352e+00 1.181983395934143921e+00 1.681120233342953441e+01 1.430971971123691411e+01 2.450835098569306325e+01 3.991435923687097542e+00 2.696114391877906868e+01 -5.645013734869969824e+00 -5.000877107758595841e+00 5.579685228687424114e+00
-1.245716139402053955e+02 -2.696974365089605197e+00 5.214667267379391902e+00 1.482025183007602998e+01 1.350502412987543721e+01 9.540983251043389402e+00 4.079282742777986748e+00 -1.208483377685810112e+01 2.066405905903781104e+01 -7.486017956488253411e+00 -1.305536191998766249e+01 -1.444968217712857328e+00
-8.381608788503524465e+01 1.953920597656371072e+01 1.942671523422741409e+00 1.926769607133373796e+01 1.447491849582867829e+01 5.629262948941686773e+00 1.611162962109784758e+01 -4.853773902392122253e-01 1.798602927153326547e+01 -6.317734501016070148e+00 -1.352899415243866521e+01 -1.345536792435071050e+01
-5.005912966192296665e+01 4.765771007398007697e+01 2.676502253645334051e+01 1.421139876819566616e+01 4.038406458794080223e+00 3.498017139958415012e+00 -2.592758260001374992e+00 -1.653230128178022440e+01 1.260002410859362421e+01 -2.386537215073730778e+01 -9.783322890901970936e+00 -6.753572217279750767e-01
2.939810578388112106e+01 5.021134725997455917e+01 7.256881647107683797e+00 5.322251896219420964e+00 -5.867136589657004464e+00 -1.002702306846068758e+00 -7.369917000027621512e+00 -2.300906042765599224e+01 5.962693137829063517e+00 -1.785163086210903671e+01 -1.357809034209571131e+01 -1.069184171268160455e+01
6.246981959210283719e+01 4.029948285260888241e+01 1.818920292245015702e+01 9.150544574116050711e+00 5.052034894775331964e+00 9.100528420661056828e+00 1.005423885854967114e+00 -5.437997110064340944e-01 1.147146763075123488e+01 -1.150824428911004560e+01 -1.568039667259236936e+00 -8.063782645278280370e+00
9.349423962828649337e+01 4.168917480225730543e+01 1.721049114661837365e+01 -2.883110221233068593e+00 -1.124297534016709577e+01 -1.431276382782586865e+01 -1.622762010256882803e+01 -1.767693249996221638e+01 -4.616001219569534797e+00 -1.088323205778542757e+01 2.436309084314315587e+00 -4.285019242214138657e-01
9.603780254200384547e+01 4.439545623128105944e+01 1.913302761035944144e+01 1.226243200050496363e-01 -1.371493505782856026e+01 -1.201241236537561008e+01 -1.696782191662419592e+01 -1.410592550964380543e+01 -3.336203449852749081e+00 -8.095210270674954245e+00 8.219996217986016873e+00 2.788527118583360220e+00
9.785837427407136602e+01 5.796127398068701098e+01 2.454753649078607936e+01 -2.718851441958892945e+00 -9.317095728469066529e+00 -1.972584807618626712e+01 -2.064397429251168603e+01 -1.726078188350870946e+01 4.066234633509835383e+00 -9.993958790366775702e+00 1.528484027722327099e+01 9.409754386163413642e+00
1.065050677750232069e+02 8.729803051429496463e+01 4.494622356304726196e+01 -1.360657076558905665e+01 -9.816699686138360192e+00 -2.625010701468541185e+01 -2.668150349275284583e+01 -1.573619415574494695e+01 1.319699517153476620e+01 -1.233765307293840863e+01 9.452700009678522974e+00 1.260831770776951188e+01
1.086820527211033038e+02 7.240378902901439062e+01 3.828094906129508956e+01 -1.404701127756712253e+01 -1.654441139232680769e+01 -2.999424942872409616e+01 -1.727231303500473558e+01 -1.164161350871068024e+01 1.462132541880099801e+01 -1.119384001360162806e+01 1.487245513771845395e+01 2.641434539196764852e+00
1.081624529489350834e+02 5.929895748977671133e+01 3.170994074247437311e+01 -1.875036912228377517e+01 -2.597930353962681238e+01 -2.480057323477194586e+01 -1.284392261338736674e+01 -1.359302399403709227e+00 2.030670396128658695e+01 -8.837876822593612403e+00 1.169481400742886024e+01 2.493195656595577070e+00
9.321689852082710104e+01 5.872927705971742540e+01 3.936743882936259809e+01 -3.682069167222314832e+01 -2.230062553409991111e+01 -2.598101988747081137e+01 -1.975505788558062648e+01 9.625798873289562962e+00 3.691322785399275119e+01 -9.417863386241313250e+00 1.419234832151420278e+01 -6.441522539726166841e+00
8.474218403179548886e+01 1.171370653143704033e+01 2.456717173180419156e+00 -2.893735205815699274e+01 -1.706727742966562289e+01 -1.388858313317359183e+01 -1.091538147530486924e+01 7.998047094776271848e+00 1.361807770869814860e+01 -1.678783696490425470e+00 5.714739451949431448e+00 -9.407448796094193710e+00
1.241456861331151913e+02 -4.854633287335786918e+01 1.856768777585127594e+01 -1.982736459837865794e+01 -2.201589612108700322e+01 -5.634941540462761189e+00 -1.215719535572334209e+01 -1.346154014087665551e+01 1.999545537653184724e+01 -2.104660535378820541e+01 1.059640555383349181e+01 -3.114782926194403778e+00
8.416857106931016119e+01 -1.487633506180930176e+01 7.889435609045702513e+00 -4.055513462476605469e+01 -1.922728029275915418e+01 -1.106785724380878744e+00 -1.957081834689984845e+01 -8.945905547056909768e+00 1.161181311975076724e+01 -1.784478191379208312e+01 -1.614158532478032271e+01 -2.458751029770816832e+00
7.941217835074172626e+01 -1.277766685969217697e+01 -1.010610754909926712e+01 -4.947791675038806147e+01 -2.574223114732920337e+01 -7.912456012872823408e+00 -1.883839294383952989e+01 -8.150796365877097216e+00 5.648161097070865999e+00 -3.123715774941905821e+01 -4.495226774979343531e+00 2.120384953207694601e+00
8.600998595538879954e+01 -1.351860178632130172e+01 -2.011480479970160218e+00 -4.870551863979327578e+01 -2.252364138669356919e+01 -1.168127326075709860e+01 -4.558194730866190980e+00 -9.229338790871079112e+00 1.758106248262082616e+01 -3.079810100104910120e+01 -6.467646486999877098e+00 6.527849887312651589e+00
7.707360666654857084e+01 -1.745371511591230629e+01 1.716990063216715656e+00 -3.895081654775981406e+01 -2.039745935899762941e+01 -8.510425201246306415e+00 -8.358968376942254253e+00 -1.031003824629198107e+01 1.081547364957134860e+01 -1.421429037165319187e+01 -9.551264361922692459e+00 -2.178954607184898862e+00
7.056260910873155012e+01 -1.237726126022675643e+01 1.878609592862109778e+01 -3.882953860452032302e+01 -1.863864600712098252e+01 -1.232114660287700225e+01 -1.457809214055008518e+01 -6.687466554372877070e+00 3.336655909937551456e+01 -2.178653804445140096e+01 -2.354956115289868279e+01 1.439655463627991949e+01
6.591641335004200641e+01 -4.680270017840459928e+01 1.904962882448805672e+01 -2.149348374259442096e+01 -7.053274434992388819e+00 -1.562776267659383045e+00 -2.114023052275087622e+01 -2.793090792961493207e+01 4.025859753487070236e+01 -2.382870235054107333e+00 -9.562149097236060769e+00 2.327170209189836747e+00
5.252234652842546581e+01 -8.822284101875018436e+00 2.432625331822983483e+01 -2.502795302756522844e+00 -1.339273430019557054e+01 -2.212765933224365966e+01 -2.000148660881295370e+01 -2.408231235884900912e+01 5.107200511755559091e+01 -7.810088396759025109e+00 -1.625320392873632258e+01 8.591303366657850660e+00
2.882568086322372736e+01 -1.613190442486439480e+01 4.297778008633457603e+01 -5.350334363580876662e+00 -4.544509356979475889e+00 -1.711135840570905486e+01 -3.483629147477648758e+01 -4.288465533008726993e+01 4.489423070286224515e+01 3.307822306989692152e+00 -1.210807639389833845e+01 3.919558577955893242e+00
1.845436573631780419e+01 -3.906480067846349868e+01 3.525026716957645334e+01 -2.204123165093172076e+01 -2.755693552800097024e+01 -2.575777846349690137e+01 -2.386378108302791290e+01 -4.146349778813168996e+01 2.987247877065137658e+01 -1.881877765910485678e+01 -9.122917173728962936e+00 -1.487056118984185638e+01
2.959487251418018872e+01 -2.179066356450146458e+01 6.086030363003821719e+01 8.213780005641576620e-01 -1.090593748839885535e+01 -1.663517232753072506e+01 -1.433316310445313846e+01 -2.338290099008366951e+01 3.145501763080029889e+01 -7.365243525456815377e+00 2.161491605098975199e-01 -9.407076647789224921e+00
2.624748769534465254e+01 -1.337749005357427023e+01 6.961608849321824266e+01 -5.429642850961360345e+00 2.122965988046458641e+00 -8.151305050914007255e-01 -1.106543489183534490e+01 -1.731140839826730371e+01 2.666777685472933968e+01 -1.203234439879183881e+00 -1.806268948984830303e+01 -1.278139786579899528e+01
-5.135954842095374318e+01 -5.634089042621086563e-01 9.644294866267553346e+01 -7.994958806315262123e+00 1.527825214110786156e+01 -7.409303714779335692e+00 -3.154282201184958012e+01 1.960945852300685033e+01 2.174865154302804271e+01 -4.532076729085062539e+00 -2.567373549400419819e+01 -2.496836661771634880e+01
-2.679844360994535535e+01 -4.636374583485358869e+01 9.459522093619293059e+01 4.996752972627725775e+00 -1.112477416348994907e+01 8.794397577113574727e+00 -2.628653310282099653e+01 -1.242373070039656113e+01 1.146880379339803824e+01 -4.156406449889349375e+00 -1.664784248824982171e+01 -5.029778261905081038e+00
-6.529677873815207079e+01 -8.832734781236713673e+01 1.064819815203473752e+02 -1.320859838128473029e+01 -2.328070819370531730e+00 7.533813776170212861e+00 -2.647915888852120148e+01 -1.614837050741499169e+01 3.032814081255536642e+00 -2.446595461165996710e+01 -3.278349792540895180e+01 -1.542120428863321902e+00
-1.246060840617006846e+02 -8.386150399580512271e+01 1.304626598694498512e+02 -2.877057969267864390e+00 -1.551105174688789035e+01 -8.595867445778386795e+00 -1.823807203665355914e+01 -3.429608597657469726e+00 1.343446211632489806e+01 -7.559918054763333117e+00 -2.175048563442004834e+01 -7.379948777122971038e+00
-1.512244005714666173e+02 -1.018568136382982061e+02 9.751697631813806311e+01 -1.416780960491625763e+01 -3.202099670506402873e+01 -1.107923086194815987e+01 -2.926829565349292395e+01 -1.116723432219943390e+01 6.297279394782907325e+00 -1.674031926079958765e+01 -1.253854165365759954e+01 3.314908342425537668e-02
-1.139880790410999509e+02 -1.019557231433233255e+02 1.263605928281718036e+02 -2.992298310732130062e+01 -1.084321179639330701e+01 -5.563494347415307573e+00 -8.041261991240272522e+00 -8.699796182690185731e+00 1.777611096831591198e+01 -2.330618020400723367e+01 -1.950455375568109062e+01 8.251194574501163004e+00
-5.677651030897450113e+01 -6.680547244301148169e+01 6.714936668945114207e+01 -2.284480006996121304e+01 -1.491303825772523339e+01 2.182561929196348416e+01 -1.055600292385824091e+01 -2.235614823441105514e+00 9.446207921586914580e+00 -5.193350598732020984e+00 -7.915280621585735199e-01 -5.486669925016065541e-01
-7.318244477664624981e+01 -8.568234337284707181e+01 9.230047255782207571e+01 -3.878645069287682645e+01 -5.119735109070589374e+00 1.672265621380507383e+01 -9.556391106280159420e+00 -1.493988157576005005e+00 2.005311927803652594e+01 -1.190318800219645645e+01 6.382979175521219517e-02 9.212676138489449329e+00
-7.677512313475725136e+01 -1.006671142487914778e+02 8.897252123465494833e+01 -2.794677177041946337e+01 -1.350741669339986739e+00 8.877396689117540873e+00 -1.125149380314381631e+01 -6.740467744092751623e+00 1.966428937718873016e+01 -1.139362762920897154e+01 -1.099878549836613928e+01 6.620781865002550504e+00
-1.515640396733178363e+02 -1.248678381832017692e+02 7.997159908954064633e+01 -1.998194012736027858e+01 -1.749578873107381582e+01 -1.393613432618260184e+01 -2.162100673326592926e+01 -1.029818354563735205e+01 7.097330840520566397e+00 -2.771966246918703547e+01 -2.417702522323915204e+01 8.570182332822341209e+00
-1.409120523008114105e+02 -8.471487206622106214e+01 9.921989277583392663e+01 1.466368621886556767e+01 -1.739722379168239286e+01 5.620149371441131692e+00 -4.100125893095819762e+00 1.372101272772967562e+01 2.534755380662248214e+01 -1.610777583426962423e+01 -1.273169144284821108e+01 1.029566209977769375e+01
-5.610009908625500685e+01 -8.724136027308858843e+01 1.253002615298538416e+02 -3.510542262053184537e+00 -9.570627675938299106e+00 -1.036246879908854268e+01 -1.709942124094300908e+01 -2.652527929671142370e+00 1.385194248828384112e+01 -2.353716745630690355e+01 -2.565060825742030204e+01 -8.101269716813650490e-01
-1.208249793621675749e+01 -5.154263280559283089e+01 1.120588526010742925e+02 1.742367381805354754e+01 -1.173301964645227002e+01 -1.835445402041589347e+00 -4.181005504853385446e+01 -1.689190005198029354e+01 1.036223714202099089e+01 -8.308224986549859636e+00 -7.609610191221149122e+00 5.464098191127297888e-01
4.334984579810775074e+01 -3.944386036333769141e+01 8.383001835617518793e+01 7.213891744409911766e+00 -1.163218019579401741e+01 -1.387186748215504650e+01 -3.090228073924616581e+01 -1.270083589646261935e+01 8.171459510939888204e+00 -1.212305099070092673e+01 -9.488814429601076128e+00 -1.037838452282655410e+01
3.227541271584735227e+01 -2.213054915184056171e+01 9.193650292953461189e+01 3.138128971631135400e+01 -1.476322540100522929e+01 -2.321089750556307507e+01 -4.784300432467368580e+01 -1.392195422582569009e+01 1.476844072513352302e+01 -5.843201021196462897e+00 -5.894908088408534752e+00 -5.209987489990804299e+00
3.829555106747316273e+01 -2.368470861824784990e+01 4.187321027291827136e+01 4.685454422469795821e-01 -2.385822414175186168e+01 -2.565685510997281327e+01 -4.204946397888289766e+01 -1.494290932884448964e+01 4.972022918426262095e+00 -1.779839401554089307e+01 -1.844541372707986326e+01 -5.462756574323082148e+00
5.008442017107342537e+01 -3.331556684687311076e+01 6.285107987006234964e+01 1.853867752130036450e+01 -1.839858496290068857e+01 -8.689326889652694064e+00 -3.063744340886653461e+01 -1.345528723033930163e+01 1.239621128924422422e+01 -1.056425210229826561e+01 -7.188342627500430737e+00 -8.300830348124335956e+00
4.708689265732603957e+01 -3.289234523220611095e+01 7.278711023549209358e+01 3.243290453490311620e+01 -1.417166059955050983e+01 -1.838535823867917784e+01 -2.826438264239552112e+01 -1.620194070857416335e+01 2.667910408550259049e+01 -1.140549118588414501e+01 6.924415644250704105e+00 -2.088473889319820032e+01
4.815289668772856402e+01 -3.801501476550365055e+01 3.879472250232844743e+01 6.063144796832983019e+00 -2.207248824905092732e+01 -1.955719721538029532e+01 -2.498919033385189081e+01 -8.531528322085147664e+00 2.272243638473224792e+01 -1.699634370060456234e+01 -1.848986496541953173e+01 -1.072690153576188443e+01
5.311303044970232179e+01 -4.036265671644498099e+01 4.932420604259256436e+01 4.523346831500512977e+00 -3.439640672912645414e+01 -3.185686678390199589e+01 -4.040402560649277319e+01 -1.809386139136068294e+01 3.174435424581431064e+01 -1.668384592923100485e+01 -1.191313707403013389e+01 -1.588415543830594601e+01
4.024899055450737251e+01 -4.994853199105222075e+01 2.474682905971277336e+01 -1.728640749762250906e+01 -4.374316452912567144e+01 -3.981447253647649376e+01 -5.197737490615584477e+01 -2.270202100834741543e+01 9.990664299051871922e+00 -1.816629855871334698e+01 -2.320634246331730566e+01 -2.730536918245934430e+01
3.970223996686788581e+01 -3.591099601966091370e+01 3.866255010745474863e+01 -1.773283020593596149e+01 -4.707324266238735788e+01 -2.509199294438597860e+01 -2.561943233894106697e+01 -1.947202298211524152e+01 1.050083156248318694e+01 -3.645672325012054404e+00 -2.151408593271122527e+01 -2.244338463039763099e+01
5.735414512736981152e+01 -4.313192094271758492e+01 6.341116411731179170e+01 -2.544615735105328902e+00 -3.407894039089205762e+01 -2.054521086474951730e+01 -3.146589239879696009e+01 -1.229766205004917268e+01 2.919219518339101427e+01 2.799555406934609358e+00 -2.064680510440375372e+01 -2.193741552393479921e+01
4.506193373988891437e+01 -2.701154349101928887e+01 6.497835861986402506e+01 -7.517335015320346869e+00 -2.917127401297013733e+01 -1.722838025790382233e+01 -3.269021250458622063e+01 -9.295126111019689219e+00 2.983560820173446970e+01 8.692195777640497667e+00 -1.278103329640326358e+01 -2.435397435965803226e+01
4.186034505795761618e+01 -3.975682208787311112e+01 6.068491298788838151e+01 -1.324803599960487688e+01 -1.768534974949517391e+01 -1.794189619605489128e+01 -2.773666839970210418e+01 -2.199361116475537159e+01 2.914216980213214114e+01 -2.710547272708668132e+00 -6.396588452452314222e+00 -1.307860836988913178e+01
4.087743657534503683e+01 -2.824234474716323362e+01 6.944365028306359022e+01 -1.731891396702791042e+01 -1.234638280266101695e+01 -1.378021561738523637e+01 -2.059631066845753011e+01 -2.385243352047717735e+01 2.366827959622762734e+01 -3.733139995812972955e-02 -5.040258075824350037e+00 -1.313091494447404273e+01
1.670169018454615539e+01 -1.019662981499844889e+01 9.056065172088429449e+01 -2.852519044054917430e+01 -1.340916690010989143e+01 -1.251530380498603101e+01 -1.914395401780400618e+01 -2.559796137449074394e+01 2.175258965242597498e+01 -1.185182226907112835e+01 -1.321222211768663968e+01 1.970869267067480335e+00
4.125739814810551565e+01 3.303251677351480708e+01 6.477091813040635770e+01 -1.394685541484970592e+01 -4.354053372857791260e-02 8.679137380377159872e-01 -1.973591766703658124e+01 -3.131417963104381386e+01 9.543022523387907796e+00 -5.089578502409819905e+00 -1.228025342618950333e+01 9.544748352391585478e-01
7.044495231199192631e+01 3.750947622024625616e+01 5.473279391989372300e+01 1.779455287909409122e+01 -1.357728928953240199e+01 7.051643006183558882e+00 -5.305937354668424533e+00 -4.652210839388285279e+01 5.198666270272676471e+00 -8.731710607808389923e+00 3.257300924194438174e+00 -1.776717151357220814e+01
6.678079437247603778e+01 3.496433070012840005e+01 6.158747538180345771e+01 1.177284684051304353e+01 -7.253300952598680240e+00 7.586763244210553481e+00 -1.727744828445309366e+01 -4.167269168067929996e+01 6.989822127779305561e+00 -4.599467064772491121e+00 -5.302836875150340745e-01 -1.489028311621200906e+01
7.242412257806981302e+01 2.834977634824485548e+01 5.463982600504974130e+01 2.261611059399507440e+01 -7.257764218449124449e+00 8.598938561718785678e+00 -2.018593405720368494e+01 -4.783118044074065267e+01 1.762553450587413906e+01 -6.400456015062154336e+00 -5.777921234963947938e+00 -1.178226370728973116e+01
7.130516169582995190e+01 1.843853757871905685e+01 5.606349123704232795e+01 2.712154911611158070e+01 -1.219296553646850434e+01 2.973683189111940628e+00 -7.969296144801959692e+00 -3.501827132198960868e+01 -5.952910834522817662e-01 -1.491634909003082754e+01 3.014185259458613153e+00 -1.137989864402865514e+01
6.622403494994492235e+01 2.057855644736800471e+01 4.579719941015694218e+01 1.952440453465480630e+01 -8.453523989870069144e+00 -2.011362850398036528e+00 -2.779392895859775336e+00 -3.473446309773737539e+01 -1.466198129110194870e+00 -9.454401948471566897e+00 -3.718966254433369478e+00 -1.290979573288071691e+01
2.375224054003440699e+01 1.389501634700055277e+01 6.152798756543556635e+01 -1.628056561443834482e+01 5.342319298381684511e+00 -2.712526109873349967e+00 -8.582258542203657470e+00 -3.368680568426653110e+01 6.054479419782660798e+00 -1.782845888201389783e+01 -1.151895938802007180e+01 -2.286441043577295495e+00
4.191983666235626238e+00 -2.640730696165770297e+01 5.437703549346123566e+01 -4.266456147178857350e+01 -2.960705293477547428e+01 9.775931465738887383e-01 -2.145945037642366771e+01 -3.528656798509163650e+01 4.199940178776607747e-01 -3.006792594379945172e+01 -2.992840523870215463e+01 -7.875588155464039453e+00
3.512273768747576952e+01 2.416611956892190349e+01 4.593279916983002664e+01 -3.572288284774161582e+01 8.632187689421430221e+00 -1.994480446744739677e-01 -8.240676921298881297e+00 -7.313586877843813561e+00 1.040404499127400584e+01 -6.539426401887519447e+00 -6.438892584303511413e+00 -5.309645073234888102e+00
3.332214280506304505e+01 3.921075379879605549e+01 7.715448772061770910e+01 -4.525037991590047426e+01 1.000540584264605393e+01 4.559927823304425587e+00 -6.203450950834376698e+00 -1.587461461130375540e+01 7.455316525225034852e+00 -1.052483396734158916e+00 -1.494546581384990525e+00 8.688558741125849139e-01
2.751568269873105521e+01 4.675819366207183236e+01 6.675644285017207835e+01 -4.107601894856264835e+01 1.811801292291516319e+01 1.227482326538049673e-01 -9.616116834857946216e-01 -1.286199650291543861e+01 7.915670922650931196e+00 -5.760538399092351547e+00 -5.528763840871002699e-01 4.820895115858272462e+00
4.978226031659360018e+01 4.390304869675205168e+01 4.297446756183541794e+01 -1.809769212626565249e+01 6.348871801776767576e+00 3.598833337568256852e-01 -7.209649927642989731e+00 -1.460332839177326392e+01 1.948213214389769465e+00 -9.453974736069127971e+00 -4.846858365433451610e+00 -7.765918757965024621e-01
5.397271968543736875e+01 3.349002770879413760e+01 2.911808847799765942e+01 -6.756254427836703158e+00 -6.201210198286022823e+00 4.414314355832359427e-01 -1.379009972791833150e+01 -2.193130411293678961e+01 -5.735199442445426676e-01 -2.176121293165661541e+01 -1.365560701217654227e+01 -1.073862645246399516e+01
4.093117226179091972e+01 5.248960085084678440e+01 2.540844526802223058e+01 6.704202408815542746e+00 5.944807542577734694e+00 6.518921935906417886e+00 -8.343970184466810380e+00 -2.379750911353632858e+01 -2.269074103752495297e+00 -1.953226470364561607e+01 -1.649272514282464641e+01 -2.146833853310155860e+01
4.531812089498993501e+00 4.484199580255552320e+01 2.575284060086512028e+01 4.322893538187624785e+00 -1.827106707190797596e+00 5.014271306100068770e-01 5.811497852312308865e+00 -2.308043771897189345e+01 3.337672285415338003e+00 -1.587694772270607757e+01 -2.103774817419314758e+01 -1.406413080558734485e+01
-4.930841668657483012e+01 3.295930480214401825e+01 1.114595362159286474e+01 -6.385439220459529608e+00 -1.470930722083564923e+01 -9.176355722879062427e+00 -1.515408856171242924e+01 -2.888961164677770910e+01 3.566921143668135841e-01 -2.077425917722885984e+01 -2.474279757570527138e+01 -1.436005716050925685e+01
-7.842903065700647858e+01 2.683024105182157371e+01 7.877630023488492839e+00 9.871798558492230313e+00 5.213629210465716923e+00 4.911879195419512456e+00 -2.812846105494031690e+00 -1.459442189582058091e+01 2.218568752956019807e+01 -7.930398705011716398e-01 -8.904159828430685764e+00 -1.446960622208508340e+01
-5.763229448096472396e+01 3.932892418334182594e+01 2.698495668298687633e+01 1.915338635827352931e+01 -1.909751434791374214e+00 -1.086255681864860279e+01 -8.305780783255741540e+00 -2.886458193938511485e+01 -3.772528496707499901e+00 -8.528652560055316911e+00 -8.677718018562170954e+00 -2.472903074730921524e+00
-6.938170769516459302e+01 4.413847732126647827e+01 2.618876355315782689e+01 1.042463050330586505e+01 -3.298974904800201724e+00 -1.318089827621243337e+01 -1.519524547847580287e+01 -3.357406996832821733e+01 5.079010817419622903e+00 -1.488606339002947010e+01 -1.679243996932302707e+01 -8.156935521708858161e+00
-5.108288505788355849e+01 3.976227757834116971e+01 1.263554094833962438e+01 1.451808591414502203e+01 5.493589833302568337e+00 -1.479084012358756084e+01 -1.415000519436102167e+01 -1.421874438857898326e+01 2.289468281966786378e+01 -1.187969014527409684e+01 -2.115352403950105753e+01 -4.139751310515238814e+00
-8.801824030955134504e+01 4.165964940966698293e+01 2.954175168030562304e+01 2.693602930276809815e+01 4.179037208141201276e+00 -9.660826847684768737e+00 -5.565074452113150549e+00 -2.240490096067381032e+01 3.308464796420069298e+00 -6.913705469797431391e+00 9.666688721544614005e-01 6.611253076703673681e-01
-8.784316959499363975e+01 2.566353680452090913e+01 1.805704140717068285e+01 2.817426737260906577e+01 1.269536708652100110e+01 -7.320979562215764958e+00 -5.370131910724251334e+00 -2.281660880043670403e+01 7.449543448446579452e-01 -1.475839652043313421e+01 -1.175619626749485835e+00 2.481904983730085057e+00
-7.181238519820954025e+01 2.509695689564514254e+01 1.073960301954433660e+01 1.419181298212424913e+01 -4.944968247230052683e+00 -9.060413929650458442e+00 -8.929551293645175747e+00 -2.164884892073404288e+01 7.697151625168030087e+00 -5.522233390243168394e+00 -7.375612873193936991e+00 -6.220656159008504105e+00
-7.286828582000543975e+01 -4.361303878453341554e+01 3.130184689026197375e+01 -7.221923821150446621e+00 -1.379359846145515434e+01 -1.464121155332140045e+00 -4.553888709257494227e+00 -1.687503271699305429e+01 6.164226653198982220e+00 -2.293574483267293118e+01 2.603965403324767003e+00 -8.680479237792464886e+00
-1.601116307478690430e+02 2.060630413324617827e+00 4.319872718178456239e+01 -3.625339024763081852e+01 1.193784176533273733e+00 1.667201640309794897e+01 -5.804245297061120468e+00 -1.508834215197760642e+01 2.903284667747790238e+01 -1.767659476493485116e+01 1.867266371321228746e+00 7.707786806340525487e+00
-1.490740239062889714e+02 9.404880581242755611e+00 4.389170285083275758e+01 -5.271838039824922362e+01 2.652438307034228160e+01 9.694118063982015698e-01 -3.461721567669616029e+00 6.851752778297123259e-01 4.390241237418040399e+00 8.324310192321366486e+00 -1.973930394297149249e+01 1.607798165233181109e+01
-1.643725854351915245e+02 2.372847621555846498e+00 5.591748724381226765e+01 -5.117321778330635595e+01 1.563164157052197467e+01 4.269251536527949753e+00 1.642197032162380665e+00 -6.238533961855224241e+00 4.842501735222625392e+00 6.075020549202153397e+00 -6.725213480763246210e+00 2.077500890826423419e+00
-1.240320782029257884e+02 -2.430120402441211525e+01 6.639776107430454033e+01 -5.027849016818939276e+01 4.533194852717754131e+00 2.485710478639597909e+01 -1.359381593941195909e+01 -1.095538446116672660e+01 2.811522215381645395e+01 -1.356658371117417161e+01 -8.917197144617036386e+00 2.112311897704802988e+01
-1.488811180047495384e+02 -3.021624372667457692e+01 7.870029887865986495e+01 -5.345741863284509776e+01 -2.322251433452754643e+00 2.871395513938236022e+01 -1.495492471600442386e+01 -7.161849188059776772e+00 2.212992253787771801e+01 -1.046376044243929293e+01 -6.059750406286301683e+00 1.398392927361118154e+01
-1.116320048941701941e+02 -3.218479628787690672e+01 6.622652966680058739e+01 -4.372252288392866149e+01 4.733523303491793399e-01 2.431719831640279494e+01 -1.502850144743153393e+01 2.347109220667742413e-01 1.411323615941461895e+01 -1.007659134823206415e+01 -1.905479148327394512e+00 1.171085633124787506e+01
-1.262111989292831140e+02 -3.230583227652341094e+01 7.820133116372315385e+01 -3.685309694834313632e+01 -1.313785098590390987e+01 1.810594535302004005e+01 -8.261584641615081992e+00 -1.033640805781650585e+01 1.782215444674386617e+01 -3.863572394589357195e+00 -5.918968208985017299e+00 5.218776949244428920e+00
-8.429273563040209183e+01 -4.355000392750558547e+01 6.739424255111620710e+01 -3.336688862040128356e+01 -1.899746150522264365e+00 1.058519568513016829e+01 -5.708538236741763860e+00 -4.773233269927847466e+00 1.077447628031533178e+01 -1.135325276465126443e+01 -8.731382499752120552e+00 6.047281211204418305e+00
-8.348795387886187314e+01 -2.955812511165379419e+01 8.817142126363791022e+01 -2.092212016771956584e+01 1.226034182780398929e+01 1.344309720741769354e+01 -9.772262591868717152e+00 3.934123369995280672e+00 3.690140421251945213e+01 -2.809147277332520787e+00 -2.517430434267993178e+00 6.127761216575775549e+00
-8.726095393811888812e+01 -6.362640238984197083e+01 2.946921568725143459e+01 -5.045850320982842874e+01 -1.279164122325441610e+01 -6.771374045351081783e+00 -3.412610223857085145e+01 -1.942999441939806360e+01 1.492193812821894561e+01 -2.275235527116070244e+01 -2.034405787190237191e+01 -1.207461861020517446e+00
3.895445429939498183e+01 -6.051385222064443070e+00 5.182123030751260728e+01 -3.810232970875352976e+01 -2.074049459419331498e+01 -1.674364032901112154e+01 -2.670666120283441813e+01 -1.441481558105271787e+00 2.945219242537130810e+01 -1.532306093828149507e+01 -1.489124076175110645e+01 1.011962789107390037e+01
4.136743363948368568e+01 9.921642553056393865e+00 3.891239596046077054e+01 -4.990124733732655926e+01 -3.126855087254743282e+01 -1.270607933391511324e+01 -2.982982851556492321e+01 -4.453254718906657139e+00 3.066399748513943280e+01 -1.194866652492351378e+01 -6.268283127774761709e+00 1.077984385934698430e+01
1.652727794864983935e+01 -2.073849851174391290e+01 5.549011441154179636e+01 -4.528861839861698968e+01 -3.810239824887125337e+01 2.895408865392000042e+00 -3.769152069618921530e+01 -8.879965610935673936e+00 3.529996217084832466e+01 -1.270162746671958232e+01 -1.081292743716538141e+01 1.541310121274580958e+01
3.193296693797327279e+01 -1.757534230103068396e+01 5.523600649596223633e+01 -3.987741539953425729e+01 -3.739399626752013717e+01 -5.284373319852746498e+00 -3.001932010742951462e+01 -1.722157328331280102e+00 3.558587200498565295e+01 -1.647884580057335313e+01 -5.938820950472297078e+00 6.467432980898369266e+00
8.365630263517790155e+00 -4.547931514691842381e+01 6.863431328187829195e+01 -3.201241583875529528e+01 -2.613186871140474210e+01 -8.458382974973265300e-01 -3.155565035113799155e+01 4.432339363607149529e+00 3.507187595419225090e+01 -4.507195185460741271e+00 -9.151232385762146038e+00 3.842881274902456568e+00
3.981513988363118273e+01 -1.532514281679150514e+01 4.408089407090064071e+01 -2.745131726300106223e+01 -2.620816333973412782e+01 -2.053434883928478882e+01 -3.174631891466421152e+01 6.717769273027075272e+00 3.666302621495258052e+01 -1.541129705915748005e+01 -3.411031508042696725e+00 7.172049524814383403e+00
2.941331465952376334e+01 -2.029811413355082550e+01 5.587704694258265192e+01 -2.424345449380022188e+01 -3.355475421176686268e+01 -1.647646070867750723e+01 -3.312969031151327215e+01 7.858302687128860597e+00 4.453998751343814178e+01 -1.855417034838365709e+01 -6.194472484962918912e+00 4.114046943204572315e-01
5.779741826853850739e+00 -2.529556336040851505e+01 4.051476846716195723e+01 -4.065868736650152471e+01 -3.128475634850238407e+01 -2.033331924344405905e+01 -4.967547833950065694e+01 1.640052476062850539e+00 3.540659500543010552e+01 -2.640746379459640281e+01 -2.500892996549920611e+01 2.472532319649353827e+00
3.147830487222082141e+01 -1.739511177982884504e+01 4.941418411598930049e+01 -1.835741082686777759e+01 -1.445656526297903355e+01 -4.995341189708081941e+00 -2.731255119201034276e+01 1.375507120276760631e+01 4.254083263021077244e+01 -2.416383589297901224e+01 -1.628419951367167684e+01 9.551010698976174496e+00
4.124498884862970272e+01 -1.616949726598680215e+01 6.280728268586337748e+01 -1.374028330401428732e+01 -9.299486532914080783e+00 -8.745310079043919771e-01 -2.593229287223397961e+01 8.560633552382357792e+00 4.213982648115991481e+01 -9.771861169977482220e+00 -1.142905198690626101e+01 -4.987854300060718060e+00
3.205984945672143027e+01 -9.652317838859794108e+00 4.262153075197949192e+01 -1.224024653538357654e+01 9.105579314709033589e-01 -6.343696140590468602e+00 -1.866823805256412783e+01 1.745571173236268869e+00 3.360439539264239528e+01 -1.261908284700275118e+01 -1.188232402976169766e+01 -1.109114228888808285e+00
2.669754431731716338e+01 -2.165128597408050481e+01 3.564622448591903492e+01 -2.467840379903961434e+01 -2.292565311598326616e+01 -1.963558084917072577e+01 -2.380375647169277187e+01 -3.079849628241812454e+01 1.964589216361476431e+01 -2.037772491878110159e+01 -2.403273014875382074e+01 -3.642465359129232194e-01
2.334335627158595372e+01 -9.149912147174815047e+00 4.209843484097948618e+01 -2.714737551759153078e+01 -5.890608965276198816e+00 -2.120286175058988931e+01 -2.866770542717810244e+01 -2.614674819116719462e+01 1.945754369050484200e+01 -1.204899822498511952e+01 -2.475523356642402817e+01 -4.146369190865797805e+00
-1.341163403627022532e+01 -1.528845369560674783e+01 3.898830181612738244e+01 -4.261282265031608318e+01 -7.438029857133363620e+00 -1.483186550709003271e+01 -4.048330592903252523e+01 -2.593133387259682365e+01 2.345785607728570454e+01 -4.260223227763091813e+01 -4.238858148454188779e+01 -1.630138774232408849e+01
1.668602182211583340e+01 3.394417087473990957e-01 5.073905704437988362e+01 -3.880550862291014536e+00 1.512256513954181791e+01 5.053145402837430744e+00 -1.998064799995931651e+01 -5.475723412222606612e+00 4.717277561767861727e+01 -3.067422251144853362e+01 -1.335946976117423191e+01 -1.210089693625780072e+01
1.287448047594420153e+01 1.537191590120940976e+00 5.597197611689554719e+01 -2.611637758515286123e+00 1.923361526823281054e+01 1.517294756091773955e+01 -1.550857820318252323e+01 2.313794484865152601e+00 2.833054181975832719e+01 -3.192027030965682854e+01 -9.875069114058174335e+00 -5.990971993443979571e+00
1.850642522742280960e+01 -3.818477154653074024e+00 4.547711506694761852e+01 5.488627996650386365e+00 6.223617343692591675e+00 -7.194295827288014422e+00 -2.967525399176940937e+01 5.661964121607663269e-01 9.852492250564226950e+00 -4.210437331805813699e+01 -2.363292256516422718e+00 -1.432654858315235202e+00
8.793817426334145537e+00 -2.296675153467343833e+01 3.827882886487351755e+01 5.766794990238686580e+00 -1.612962229419258975e+01 -5.798856198203306000e-01 -3.450145410380724531e+00 7.572143533182886799e+00 1.844517474957242698e+01 -3.599771627621544923e+01 -1.018594977537164326e+00 -1.037324940410257135e+01
-1.381578335524852008e+01 -4.135104292219007505e+01 2.610741278095020590e+01 1.147203548464861633e+01 -7.336169729141818863e+00 -7.397276621551426956e+00 -2.209958048808284303e+01 -4.731942294009255257e+00 1.530969220888099258e+01 -2.445509882389107759e+01 1.266004020338737135e+01 8.886753688079453539e+00
-3.516728110426635112e+01 -3.560849143229307145e+01 1.199348090841776937e+01 1.036970596122930388e+01 -1.350441606127248306e+01 5.661676186336443983e+00 1.424399283914158332e+01 7.199904646960148646e+00 2.257542031372597791e+01 -1.105269460139853877e+01 1.488116868978037033e+01 2.100362250162588929e+00
-3.921095044327414314e+01 -3.349570120898589209e+01 -2.142029577466616530e+01 1.115516570540679098e+01 -1.613221850458368323e+01 -2.680633019178629439e+01 2.846681244010321965e+00 6.237250384110473611e+00 9.844004737488877055e+00 -1.789575040612498924e+01 7.765491900351660703e+00 2.635309791584333539e+00
-6.705931134710550623e+01 -2.527581285809914480e-01 -4.965256656935277846e+00 -4.036453467202708367e+00 -2.052700590562483995e+01 -1.628659949318980438e+01 -9.693275650442965130e+00 -3.324573830978694389e+01 -1.133754497779315074e+01 -1.780075897075930769e+01 3.662474810146324700e+00 -6.092469333500711848e-01
-1.788958487494367944e+02 -1.720545109742207401e+01 6.803592097628690283e+01 -4.129982449664527167e+01 -2.894910647365094292e+01 5.606666545255855283e+00 9.568867249956978682e+00 -2.836758965171743441e+01 2.397222719107874411e+01 -2.732030823122947538e+01 9.423807707361618213e+00 -2.869418738869738972e-01
-7.475148316104767332e+01 7.590234158102038720e+00 1.867611157158598933e+00 -6.747258024619893213e+00 -9.655577952617566240e+00 1.151954547245187044e+01 3.418926024242479489e+00 -1.281699642030067920e+01 1.949248575446818421e+01 -4.843196148127151268e+00 5.419232187903929798e+00 1.360713901700329131e+01
