-1.191019539793463196e+02 2.713983600719587130e+01 -4.559388788873528497e+00 3.225259259963157632e+01 -1.946192681508347988e+01 1.057851437158147334e+01 -3.804578835256307023e+00 -8.889197281310485810e-01 1.111400891575674166e+01 -6.266784235780152201e+00 1.309796199503531966e+01 1.411447854734132479e+00
-1.163587964386158546e+02 6.318507600893282117e+00 -1.375166089081292853e+01 2.091823377368239534e+01 -1.386313886575309695e+01 3.312217763638746959e+01 4.950779611873980635e+00 8.496511596269336053e+00 1.292010787187670928e+01 -1.129964369858218376e+01 1.396644726875159392e+01 1.478078230869261489e+01
-1.134680130399748634e+02 -1.194280606872698947e+01 -2.839471272945501568e+01 1.149719832941886111e+01 -1.714303202642668111e+00 3.355489889236487500e+01 -4.208379841467941418e+00 9.211273719087982315e+00 -2.128545824414270093e+00 -2.485386687298239394e+01 1.492912141661893699e+01 3.073603838130570587e+00
-1.260859827432912965e+02 -4.728354975155804496e+00 -1.518444997973290711e+01 1.728680755691052440e+01 -1.283330971048070701e+00 3.324364213705733562e+01 1.416607487839933732e+00 8.419580685581648183e+00 7.888815470349701542e+00 -2.230946148152194652e+01 1.681788237531730346e+01 4.885662181063911369e+00
-1.385099999040577927e+02 2.938861197391856450e+01 -2.185490951435104989e+01 1.938989879389161075e+01 -1.414042512074467339e+01 1.563146532724953630e+01 8.340134363442317067e+00 1.089914437791009494e+00 1.823014032613589563e+01 -1.396202253395246373e+01 1.652076612446798620e+01 2.560415993853919936e+00
-1.282118179718651163e+02 1.115921080953920708e+01 -1.491489659375056576e+01 2.718412114602407925e+01 -1.293554557307250974e+01 2.391611894622906576e+01 9.509034134947327743e+00 1.773113775541217052e+01 2.396146823726635233e+01 -5.730282700853186917e+00 1.081485724283890892e+00 -9.176705560701376996e+00
-9.300402008379469976e+01 3.102127194508089048e+01 -7.905341703677386533e+00 2.975608570542802056e+01 -1.399867490678731485e+01 2.409753012683680495e+01 -3.874925006858431331e+00 -1.273574577835029586e+01 4.546949355727120112e-01 -1.830075708005272617e+01 2.492864810374474605e+00 -2.857089069264533987e-01
-2.489445352548752055e+01 7.138701546082739924e+01 2.740421569133840052e+00 1.866334931286473875e+01 -3.482252851115432435e+01 -2.519653987392481032e+00 -1.182185415530991968e+01 -1.256055613630348589e+01 1.982154769100729297e+00 -2.207297430830105966e+01 -3.449793052986782627e-02 -1.770490825201973761e+00
3.713907312713701003e+01 1.731720292322952304e+01 -5.699114488495407471e+01 -8.041563630964942533e+00 -6.271156031894019378e+01 -2.314376900339393117e+01 8.195654217895382843e-01 1.090986864529919131e+01 -9.007561697381294863e+00 -4.059628322813706092e+01 -2.602822072173913259e+00 -2.553158092645651678e+01
6.865957150958885791e+01 5.781473181086688840e+01 -3.896520043334109573e+01 -1.626297280265278999e+01 -3.489698792278267092e+01 5.523450937768069835e+00 -1.037169995402971523e+01 -9.679343873110198615e+00 -1.459154436647905406e+01 -1.743461578246150978e+01 1.370535177456168441e+01 -7.801578431811838854e+00
5.271050297364048731e+01 3.566567823131887138e+01 -4.142035217682273895e+01 -1.479385254349827861e+01 -5.843697305268058528e+01 -1.827156085425968968e+01 -4.097096442312324172e+00 2.109063087005042547e+01 1.771693642147713632e-01 -3.417212611997545224e+01 -2.142187341073723772e+00 -2.273671669606697776e+01
6.667894088776876060e+01 -3.679974031051644801e+01 -4.242881422710748041e+01 -1.817959133382690595e+01 -4.162914234833847615e+01 -2.179939792034599932e+01 -4.771355631940267905e+00 4.999546867606068190e+01 -6.330941690082025453e+00 -3.125361990000081391e+01 2.069545013205653561e+01 -2.127228237627814522e+01
8.332773048851643694e+01 -4.326680367915105130e+00 -5.073807283945976110e+01 -3.021301797361270758e+01 -2.336757662524598800e+01 -2.181926312570007553e+01 -1.005779011869121931e+01 5.020960301976265328e+01 -6.869765855242801145e+00 -3.095753889560464245e+01 1.849291806090726453e+01 -1.640504337485212716e+01
7.687262348723660921e+01 2.943773418516751894e-01 -3.200696283461969216e+01 -3.960073949789164516e+01 -2.555302350539654554e+01 1.603833615614294938e+00 -9.560318061883155139e+00 3.122160197913150981e+01 2.528774764690467691e+00 -1.735466687481468284e+01 1.409014717121164395e+01 -1.586017436076462594e+01
7.451261128899780317e+01 -2.418036323382236397e+00 -5.916703580863958933e+01 -4.199770997538070816e+01 -5.015203356434292914e+01 -1.656308598460917025e+01 -5.430746560031668224e+00 1.646374988753311186e+01 -1.729564984970637909e+01 -3.194554914180544358e+01 1.575285758047770912e+01 -2.611153630929518954e+01
9.309147448941608616e+01 3.209460806666635335e+01 -2.772723126276424210e+01 -3.200382858084815751e+01 -2.414695729173861594e+01 -1.387592404573097760e+01 2.226456189444042622e+01 3.440665446847799558e+01 -1.139357659328212691e+01 -2.410983036730780782e+01 1.647900382048886314e+01 1.262907476323721134e+00
8.200465944975763932e+01 2.493079687625844088e+00 -4.847464225717821051e+01 -2.926889209965912286e+01 -1.721841621773828734e+01 -1.773823549625458185e+01 2.466415357354492244e+00 8.917237066380064192e+00 -2.135043696081440956e+01 -3.551999932722459619e+01 8.504929799896332909e+00 -3.569524867097416454e+00
7.411271417143720441e+01 2.209492452656461126e+01 -5.642786456403918294e+01 -2.592192070686661509e+01 8.546370272358920772e-01 -8.490181280153489496e+00 -1.681477584019681615e+00 -6.356407045256707633e+00 -1.992903188271005632e+01 -2.224838560427986067e+01 1.852957241759066775e+01 -7.399584001250363308e+00
4.321413519388235613e+01 1.906009103486819356e+01 -3.849322128052989456e+01 -1.519492926997166116e+01 -5.958692514049362288e+00 -2.353460245421066332e+01 -2.035774175236708672e+01 -2.323936570185016137e+01 -1.445360947891469117e+01 -1.320278964814172440e+01 -9.247297670528027425e+00 -6.624710456062983255e+00
4.015114814203891314e+01 2.063052023614972441e+01 -1.556826704672350559e+01 2.075844215055266062e+01 5.417316461100263325e-02 -6.299960891038891120e+00 -5.576220749104956020e+00 -7.799593151405536773e+00 1.059536657149242345e+01 -1.031109574734601075e+01 1.678391947687740071e+01 -1.393799067404976277e+00
-1.475762541774139791e+01 -2.136319874550338938e+01 -1.817358205371859370e+01 5.593345227778343975e+00 -1.865447158904061542e+00 -2.833957363302181065e+00 -6.402113296158929323e+00 -8.580454067335938628e-01 6.173970955983456577e-01 -2.366538790707957673e+01 7.374826920864222757e+00 -2.049139385141941272e+00
-1.265661723159428362e+02 -5.864549691107593787e+01 -1.068141296477829449e+01 -9.294233303807164503e+00 -3.386320069164584368e+01 -2.782011856903532276e+01 -1.635511094214208327e+01 1.533352683530251603e+01 2.117157290301966555e+01 -1.840349203413081369e+01 3.539337467688278593e+01 -5.779377655216215715e+00
-1.067183237996459724e+02 -4.420335478589216649e+01 2.012432711036721145e+01 3.905366050304947656e+00 -6.055737514355604034e+00 -4.983106895487967591e-01 -2.184923665942590176e+01 1.192830218499612371e+01 1.704527781437423428e+01 -2.909481804359909063e+01 2.412776544607238449e+01 -3.772427590526093777e+00
-1.223698099215087751e+02 -3.790081030662491912e+01 2.710014364054083558e+01 -1.004772143510019866e+01 -8.835983345834865332e+00 3.525356049091823429e+00 -1.216853910490642043e+01 8.613785191703842159e+00 2.551642456810669302e+01 -3.804976187602234461e+01 1.699555094929566224e+01 3.869630749334957986e+00
-1.220967797015110534e+02 -1.727503394550334193e+01 4.499506606105268958e+01 -2.280485618294081007e+01 -2.937014600977401191e+00 1.986812990733001172e+01 -1.296106690169800935e+01 3.634460090668762966e+00 1.926207365905594315e+01 -3.454209909992216154e+01 1.180667929396227223e+01 -1.292425818302625817e+00
-1.596707513311502851e+02 -2.927575437373914014e+01 4.603099213064880502e+01 -2.082801022395076274e+01 -2.551756796542532868e+01 3.105628615349016020e+00 -1.768355556600914813e+00 -8.387997325607645660e-01 -7.747094893010959549e-01 -4.820556502319499970e+01 9.306265808876304391e+00 7.139710695866117618e+00
-1.196700945353869656e+02 -2.945218554639638597e+01 4.783660292499484967e+01 7.376103508982136958e-01 -1.081912127243980848e+01 1.724163423406113793e+01 -2.200271794076870790e+00 4.431839362027273133e+00 1.963453154791446309e+01 -3.273538322003435042e+01 2.719672495691716918e+01 -3.896848217281098314e+00
-1.489689135807544744e+02 -3.145699106641009024e+01 5.336134069330310581e+01 4.230224806341450261e+00 -1.460762366448092919e+01 -5.664868308819066556e-01 6.517618595314385033e+00 6.522011180686677179e+00 1.827516772561486391e+01 -3.563800706267883811e+01 2.212372445103766694e+01 -5.380924162458432747e+00
-1.837171311696718590e+02 -3.243110488530695790e+01 3.780456366587110040e+01 2.213798825923394276e+01 -8.417880769276699482e+00 -1.800371379359626545e+00 -6.917154223624821796e+00 3.579750851418172175e+00 1.521794756590860587e+01 -2.515401178292879436e+01 2.528691340310755464e+01 -1.172831278520822806e+01
-1.656178640286169070e+02 -5.192482038642816633e+01 2.488433726801857926e+00 7.489306362931761996e+00 -2.521529702108698601e+01 -1.928876730332012457e+01 -3.428427747601744624e+00 -8.255635511995379483e-01 1.859833549962797150e+01 -2.638856124692818028e+01 1.625077805322134594e+01 -1.113868858073254131e+01
-1.779595537849464790e+02 -4.181067790908858939e+01 1.225505404802327547e+01 1.659852656161831419e+01 4.957541680503386061e+00 6.435539080326856398e-01 -8.773881363772584763e+00 2.719244636671414472e+00 9.619040675756497905e+00 -2.667876374781899074e+01 2.667360378200105941e+01 -5.067638756733373384e+00
-1.772634940930720404e+02 -5.161452465226812336e+01 8.393831697968403560e+00 2.153790417685299996e+00 -1.459456721406408164e+01 -1.340461213797020434e+01 -1.025752324535843840e+01 1.230977792197745302e+01 2.526110999947736957e+01 -1.387697774653629779e+01 2.227635930534121655e+01 -4.562924042408992520e+00
-1.578218256588502300e+02 -4.725284612151210695e+01 -1.249675256301206350e+00 -2.708709833813433221e+00 -1.250372690118169672e+01 -8.572445601612328048e+00 -1.551350287501549730e+01 6.876875211431314305e+00 2.242294669886384995e+01 -1.651537366673539253e+01 2.444237476708378765e+01 2.778975602411373202e+00
-1.379511663038526592e+02 -4.856700078302475987e+01 2.456993885177878312e-01 2.605458383663738076e+01 -1.635474430869587081e+01 -8.075793375528578011e+00 -3.511093481106976277e+00 6.404213428658476204e+00 1.473590996044849000e+01 -1.886988792098467727e+01 2.609227757441060902e+01 -1.552892819520555356e+00
-1.068948019895538266e+02 -5.930431746008159166e+01 -4.543249066094185551e+00 1.568812100027453482e+01 -7.157113194449703286e+00 -6.837324917967971594e+00 -1.249037902049623305e+01 1.048061135169872138e+01 2.479720106805534741e+01 -1.708479050338825544e+01 2.016503316138051716e+01 2.707367769817556891e+00
-1.424210611648860336e+01 -1.041497272600457080e+01 2.381487852781762982e+01 2.229877385703553472e+01 -9.458662289329398121e+00 -8.026133269021096694e+00 -2.382933273283065745e+01 5.601588138108937187e+00 1.066473321146527908e+01 -2.328994106968946909e+01 1.120598664748782625e+01 -7.644684158141073382e+00
2.342696755206211989e+01 2.450450441615472741e+01 9.463203041150048733e+00 -9.552031052657021348e+00 -1.095564694621369917e+01 -3.075695044728878713e+01 -3.666295863375555086e+01 -1.488201983063906297e+01 -1.184498480359133410e+00 -1.753860022028186805e+01 1.226121275872741379e+01 1.841238396310022729e+00
5.315317485044654688e+01 2.874762341091199147e+01 1.522909931335691081e+00 1.724506616141860071e+00 -7.562638947456990834e+00 -4.011862907568098535e+01 -2.653720713149718335e+01 -1.030475366488732547e+01 -1.677488422136015345e-01 -1.155380841572057626e+01 8.885977543088255715e+00 1.125365985373284339e+01
5.601123181761586522e+01 1.334629650464070671e+01 -2.359960135980658347e+00 -1.414327708546688456e+01 -1.607884688395418493e+01 -2.465989313105194825e+01 -1.360826442160961847e+01 -7.983495165029177443e+00 -9.177576517816993018e+00 -1.712174204755985585e+01 5.483388341319718862e+00 1.094583256119168624e+01
2.518229008138405689e+01 9.545313290805378159e+00 -1.597685410418480245e+01 -3.577839640777696673e+01 -2.547950365245883830e+01 -6.425160727267071081e+01 -5.102194968471138026e+01 -3.437466995138657211e+01 -2.798902250921374701e+01 -3.714767888777825533e+01 -4.661423816455817715e+00 -1.095595910522981598e+01
4.721604198295419508e+01 3.795993015932977244e+01 3.112661382568925994e+00 -5.822467141474067631e+00 1.514313260248103710e+01 -3.088355476033952485e+01 -2.602082194738746068e+01 2.436163928839864212e+00 -2.512296510270154215e+01 -8.994934334509924412e+00 1.637282292942567352e+01 3.318281173993606448e+00
2.714079828412741691e+01 2.767268793289316164e+01 -4.397370611905476068e+00 -1.033602673575408026e+00 6.455196843798791662e-01 -1.663765235973028922e+01 -2.741710094020814026e+01 2.071188337488908626e+00 -2.474647917635321193e+01 -2.822049403614148133e+01 1.644695839630806944e+01 -2.568694753618043336e+00
-3.905882246643715661e+01 1.396156283896911710e+01 3.139455149509727150e+01 -1.318979484686414239e+01 -1.575024660978410651e+01 -4.432174637887131396e+00 -2.578387437541266181e+01 -9.385560895509383883e-01 -2.966927411954958238e-01 -5.007592867205377729e+01 1.398360300286345748e+01 2.848326291894685558e-01
-7.971108061883415985e+01 2.688256331920975839e+01 1.052020545676897356e+01 -4.893517723397007302e+00 -2.163393049174121785e+01 -1.850023114074890174e+01 -4.838290248587971121e+01 2.553193774583149001e+00 -2.956843239577242599e-01 -3.502820113349098108e+01 1.656072176608360280e+01 -5.785516840739658662e+00
-1.863099085740736882e+01 3.603212331458311724e+01 7.144466548699877961e+00 4.098129196425155385e+00 -3.088477295506987019e+01 -5.096379992296768080e+00 -2.923371495836316569e+01 -4.014079467403702139e+00 5.902265073009275831e+00 -2.981675280549876561e+01 2.431988567712038929e+01 2.311334830534746310e+00
-3.765149529577831800e+01 2.882102407025443469e+01 8.940130406139831010e+00 4.729755861289042684e+00 -3.040712675898400619e+01 2.438036621090032607e+00 -5.293706375984911006e+01 -2.270747133351404301e+01 -5.497995300585277967e+00 -3.482643925456691392e+01 1.097228945322918570e+01 -7.901171059685873743e+00
-2.459021455354454844e+01 3.894690763968266367e+01 1.081228480378568335e+01 5.313428045793379795e+00 -1.307181345150921103e+01 6.346966602833107096e+00 -3.021003971273560040e+01 -4.398463380563310210e+00 7.368404957894505003e+00 -2.012649053852643988e+01 1.755512259770645755e+01 -4.332919417021152242e+00
-2.921510420324707269e+01 -2.005590991765683384e+01 -1.980544002453225261e+01 8.104370459975298147e+00 4.722400519885626480e+00 1.012721375390944267e+01 -1.651964666776714807e+01 -1.237424630666376757e+00 -1.173340333985649409e+01 -1.203163123622110575e+01 3.088337132556450015e+01 -1.582635950464864605e+00
-2.078974717492457103e+01 -3.839757547573763219e+01 4.041812591881425831e+00 -2.381725296253985391e+01 4.949584819982371098e-01 5.283054669064160436e+00 -3.570827312642991558e+01 -6.414760174372275969e+00 -3.702035797652539983e+00 -8.440074711412165698e+00 1.329784862283615965e+01 2.725605981919166254e+00
-6.832856076401839118e+01 -3.192327615513359973e+01 1.694060102581476102e+01 -2.095671578764838472e+01 1.245886205941028635e+01 2.662858827643838566e+01 -2.733675198546862006e+01 -1.764348726483138918e+01 -2.840395992967660543e+00 -1.754228103372959424e+01 1.411014510201667171e+01 -8.315837252302785032e+00
-8.938197446052339501e+01 -3.579637036054477051e+01 1.794831581171565915e+01 -1.146208208737079914e+01 1.114318607591569155e+01 1.742961117128243842e+01 -2.889689067320758653e+01 -6.193824121406349192e+00 7.055059724013489131e+00 -2.009294533143214068e+01 1.476866914126436470e+01 -1.096594812868524471e+01
-8.760254024371087667e+01 -4.597718773522130675e+01 -1.122934412935596526e+01 -1.832509859850173939e+01 -7.534086299785691665e+00 1.408353100672764491e+01 -4.841559445453889055e+01 -2.195483015651155512e+01 -6.085354965051255505e+00 -2.789186084777341534e+01 1.039033843798885748e+01 -1.593723415197145421e+01
-8.301884968366081807e+01 -4.686679814505817632e+01 -1.375582553839665323e+01 3.668541056440056902e+00 -4.324103241177894574e-01 1.379529470081916998e+01 -5.568874239542008553e+01 -2.150219055493507270e+01 3.583229210105268514e+00 -1.709297336285550983e+01 8.221548778817238556e+00 -1.580840938214502955e+01
-6.570292752024462857e+01 -2.197717307268761466e+00 1.449595469615846177e+01 1.424951406883294069e+01 4.114671081387630380e+00 3.378808772878717548e+01 -2.755070024739571011e+01 -1.443501227713850454e+01 1.035132289577837028e+01 -1.463539077030824487e+01 2.092806864787669241e+01 -1.657026414593698149e+00
-4.319995339407813617e+01 1.523486529735161454e+01 1.485034248060998863e+01 1.826533453911766003e+01 -2.900837133234737131e+00 1.151553709451183671e+01 -4.162634409427995763e+01 -1.058687610766600784e+01 1.007970612202288940e+01 -1.168258803740208407e+01 1.451888138158541608e+01 -7.169022288229436768e+00
2.908838372258014360e+01 5.065181110885909277e+01 1.726982796495099137e+01 -2.274942601735473691e+00 -8.798581029707154499e+00 1.715930924374669075e+01 -2.887367303272757368e+01 -6.610366536092945999e+00 -8.366048380315840305e-01 -1.711533388019531898e+01 4.245901112409065981e+00 -1.256432370506370333e+01
3.878467672396729427e+01 6.874285909670720685e+01 3.117947287450671467e+01 5.158183125804866265e+00 -3.338118750384491573e+00 1.436210349977509892e+01 -3.652037302047638434e+01 -1.348374340991597586e+00 -1.823635398145593456e+01 -3.336857717585940009e+01 9.960520747313371004e+00 -6.626165589594164018e+00
4.718653046821599162e+01 7.754380348114227672e+01 2.658602401416632688e+01 3.786358950348076124e+00 -4.206934087265482347e+00 1.535004846975962067e+01 -3.214373822648235546e+01 -7.471263148672584009e+00 -1.857442312515697580e+01 -2.855287530852445954e+01 1.125637319294898120e+01 -8.799819501206382455e+00
5.763858148706754037e+01 6.221791616544948056e+01 -3.490659847915464908e+00 -9.422129547153868856e+00 -4.013343833581666686e+00 -8.400873726464695324e+00 -3.589372289247272363e+01 2.441209948289258858e+00 -1.666649825003768370e+01 -2.972548425538216321e+01 2.275163421910538730e+01 7.403016052320552376e-01
5.596357946789622417e+01 4.482117590713158251e+01 -1.693469275083006709e+00 -1.467843233653877633e+01 -1.290909353416647321e+01 1.531701923743837845e-01 -2.916088809586540265e+01 2.862206114858118600e+00 4.324365103008324773e+00 -1.359915471627954453e+01 4.607950383416017814e+00 -1.176787506178051945e+00
4.631287593372118749e+01 1.182040780073095299e+01 -8.069359018291264007e+00 -2.448177392939712149e+01 -2.340015202929205529e+01 4.697340212098447765e+00 -2.675048782362305744e+01 7.021024132061431722e+00 -2.776500058419535399e+00 -5.769524498571366067e+00 5.539935851131032152e+00 -3.980844990350620449e+00
5.673648175006118777e+01 3.445701500954979224e+01 -6.672521072050410673e+00 -1.144666916371357424e+01 -1.509909518647880944e+01 6.470262445095721127e+00 -2.553571580174711997e+01 2.400661118042559394e+01 -1.283689636081371432e+01 3.523012289271572062e+00 3.582097184710067950e+01 8.849195266007711780e+00
4.038012937903508259e+01 3.799605831672447920e+01 -1.864640645472336189e+01 -2.546086854974569746e+01 -1.410103829118902041e+01 -8.261193340296745902e+00 -4.193958658114112836e+01 1.512721390242726116e+01 -1.181953399995612486e+01 -9.418045271203560276e+00 2.270807515679788224e+01 -7.667344262645732655e+00
3.625228956910301292e+01 2.553957124974240500e+01 -3.024716549177268732e+01 -2.589917196705561864e+01 -6.111774059469547993e+00 -1.354781519267002921e+01 -2.981262753147689892e+01 2.605803978869229454e+01 -2.259985564939424485e+00 -1.919225305778955359e+01 1.288373035660352173e+01 -1.345835561004690284e+01
3.537275040041997443e+01 3.409874773703601392e+01 -2.437315265985269264e+01 -3.944876423039730184e+01 -1.047144583789318162e+01 -4.457466639847046608e+00 -4.597289983612118647e+01 2.142955698366530370e+01 -2.657278131040474278e+00 -2.277848923604663156e+01 1.845960961092894692e+01 -1.604988639406753492e+01
4.098565294618272503e+01 4.635356450946759566e+01 -5.289537714067187757e+00 -2.150820954362092152e+01 -8.319034157894984460e-01 6.531778970883328483e+00 -2.343133714303950654e+01 3.182578661917567331e+01 -6.798665674403641113e+00 -5.676408590454724568e+00 3.858396931523311224e+01 -2.413466786996215774e+01
1.728197445531820620e+01 3.085716032158276079e+01 5.232637628709890798e+00 -4.638386485735060205e+01 -1.610281545536955861e+01 -3.873230873874917268e+00 -4.726778843469173808e+01 1.421982105034154031e+01 -1.685324414818570649e+00 -2.279179831398500866e+01 1.223880902095396905e+01 -1.785571893773332164e+01
3.540515959597210838e+01 3.574037152473391643e+01 6.079380739157392632e+00 -1.365778750430619404e+01 -1.314754132525307595e+00 8.444464359803223630e+00 -3.078807360845592100e+01 2.318173344869203589e+01 1.115051276045835316e+00 -2.050481875836464951e+01 2.425485198005825893e+01 -8.935310677882878139e+00
1.898930446152161977e+01 5.341921722845333420e+01 2.293523347507812105e+01 -2.340244893218982725e+01 1.713099103007822643e+00 -2.004529588401428253e+00 -5.040043085322930949e+01 1.802832787372765111e+01 -1.387714066247386580e+00 -1.149081971112342515e+01 1.469434093919708317e+01 -2.492947869190280485e+01
2.085019846609618099e+01 5.532032819305204185e+01 1.732008472931523002e+01 -1.074704458215019187e+01 -8.929527227359699282e+00 -9.328242922442727902e+00 -4.656029107863173522e+01 1.108238417766892070e+01 -6.227397554750925934e+00 -2.887140681119781505e+01 1.456113731640975395e+01 -2.116758071851305090e+01
1.042595403237727680e+01 4.364077042368568726e+01 1.829292009497430982e+01 -1.219215213914280582e+01 2.005332656660684165e+00 -3.126828557591040170e+00 -3.478748710005189793e+01 2.290191176350123925e+00 -1.844759224170472223e+01 -3.212797163703758230e+01 -9.996976388725196117e-01 -2.076977816667464438e+01
4.063560794830040379e+01 8.822988203637373772e+01 3.515174725736616779e+01 1.246910454667661661e+01 -1.203794870339450718e+01 7.623246907754055002e+00 -3.397836317818324403e+01 -9.968790535150020560e-01 -4.732758192404678432e+00 -2.221744995953053703e+01 1.223150927843274971e+01 -6.806011219280401647e+00
4.459548825175895104e+01 5.661705799763203828e+01 1.779021821620102983e+01 -7.798169218444202855e+00 -1.435129386447778366e+01 7.726453763100419536e+00 -3.030786825452591415e+01 1.391380874127647438e+00 -6.941741653405791190e+00 -1.835790509961925920e+01 1.242047746547720521e+01 -1.144121988125773726e+01
2.514717228015733497e+01 6.393475144451333847e+01 2.972948636377558529e+01 1.071352611931681187e+00 3.836555625147751059e+00 1.837107476577833864e+01 -2.411338210053558129e+01 1.276173195657082360e+01 -1.190797530540767646e+00 -1.748840898252480969e+01 1.298088482733792581e+01 -2.703476119080664120e+01
3.296438700801807897e+01 7.521767806537640411e+01 2.494355777786291739e+01 7.236534937182090843e+00 4.265167341937056378e+00 1.361489603218654132e+01 -1.911945313252648759e+01 2.238098343906341547e+00 -5.584779169023590839e+00 -2.312727160901191326e+01 2.441710981928999047e+00 -1.591025710672017368e+01
1.263852600971434370e+01 9.107798748808677658e+01 4.741123213461505514e+01 1.339651630291089823e+01 -1.097571078328297745e+01 -3.839425561738487147e+00 -3.580173733697412075e+01 -7.828974499717746838e+00 -8.042363440317092937e+00 -2.184999064467172758e+01 1.361350810402037226e+01 -1.971002863411277062e+01
1.966772086723042534e+01 6.286388865978772600e+01 2.888572686772898379e+01 6.497041389115667087e+00 -1.265787420506545402e+01 -9.605907543443009899e+00 -3.336814870260415944e+01 8.764768502328472266e+00 -1.324263462283188986e+01 -3.182025072491571294e+01 1.064799855692385755e+01 -1.374015280610132450e+01
2.388943569086363539e+01 4.390924682914186405e+01 2.996755440418092320e+01 4.602473398739677535e+00 -6.808820938673656897e+00 3.436424133041073414e+00 -4.234270356626404208e+01 9.638994148869095113e+00 -8.315428025388634126e+00 -2.196531812401210004e+01 1.940722816955079111e+01 -1.195314504770722941e+01
2.197498209611437403e+01 4.445202906212643512e+01 2.960464512944361104e+01 1.322375748739486490e+01 -2.789890838656159389e-01 -2.037996858216293816e+01 -4.000433617923238927e+01 2.723202335957048348e+01 -9.260850437721083850e+00 -1.321885365346401819e+01 3.278928937387922105e+01 -1.475378279770283463e+01
1.089944188671097081e+01 2.017979085429928432e+01 2.329908506243106814e+01 3.627656098969156417e+00 -1.063539110062599313e+01 -3.621586593073988070e+01 -4.435122093171236202e+01 2.375174248830807855e+01 -7.995833971841482146e+00 -3.322158124759319264e+01 1.729036849611872739e+01 -9.371419302604207857e+00
2.772553862246003575e+01 2.469796880795208693e+01 1.233989047436374520e+01 -1.124100250450921124e+01 -6.094439139372254566e+00 1.382393373405678805e+00 -2.733513356463062394e+01 1.712842501916298232e+01 -1.175468184946786110e+01 -1.054913725656585299e+01 1.832494168915413013e+01 -1.301123086774859416e+01
2.739620878709263962e+01 3.696692303180438444e+01 1.160967353641697741e+01 -5.355747117934042123e-01 7.092955567940046890e+00 -9.637325905159674022e+00 -3.622281392013830015e+01 2.581680259904369024e+01 -8.673433061266118571e+00 -1.898200595921733935e+01 2.427162152132896011e+01 -1.178467625204396896e+01
1.339294230181097589e+01 2.491651202878482252e+01 1.221458351528575115e+01 -3.498548176864664683e+00 6.047345946730426469e+00 -2.620851324715330932e+01 -4.104674667601450722e+01 3.859404187687687227e+01 -1.294577907169336584e+01 -2.519934280747282429e+01 2.787472331546803161e+01 -2.694084256152995138e+01
1.289311603169581133e+01 2.315499718644070271e+01 -4.035453510260199828e+00 -1.150553437635907272e+01 -1.019268658983213949e-01 -2.160425912316721053e+01 -4.543367108331264603e+01 2.446539923656290227e+01 -8.799779031869018553e+00 -2.559446327277563427e+01 1.989790406709604298e+01 -3.137377126765872504e+01
2.329641703648995588e+01 1.981618691642434271e+01 -3.618818666430227093e+00 -8.340680079918682210e+00 1.806963208555942657e+01 -1.895975364847083711e+01 -3.203056162143013808e+01 3.420415670677417097e+01 -5.217584238480528214e+00 -2.101988541536087851e+01 1.979122323345956502e+01 -1.760397175357157096e+01
2.353716449741354211e+01 1.531375080530943578e+01 1.241033634113956552e+01 -1.563302898332712942e+01 2.034783929188997220e+01 1.127941398556045627e+01 -2.860745552167230343e+01 3.356868853255453189e+01 6.743975196743588363e+00 -1.923785098297759433e+01 1.806606869647335856e+01 -1.562980849593938615e+01
2.325788110745268611e+01 4.380599240904729186e+01 4.111370934275510036e-01 -8.660194582172771049e+00 2.189680673157968727e+01 1.082433799990129586e+01 -1.722940079588429185e+01 2.421290184054900863e+01 -3.452421122619454330e+00 -2.106919173975706627e+01 2.709164981053895360e+01 -1.400574767098202145e+01
2.233013172753842923e+01 5.661949157876147609e+01 1.669065987948728491e+01 2.095131675841740648e+00 5.829512824180286046e+00 1.457246372514965138e+01 -2.506638270040002681e+01 1.932459074042165525e+01 7.706615845893967531e+00 -3.203987958974074957e+01 1.716274496603859490e+01 -1.908076809999839440e+01
2.901225748982255226e+01 5.789617500590154009e+01 1.035426670146746275e+01 3.063016506976475206e+00 1.243980380762562987e+01 3.138994579284965170e+01 -1.144847984540792751e+01 2.129620541553662605e+01 -7.543071056298078503e+00 -3.798803987031252660e+01 1.072849153813084655e+01 -7.183358832472567457e+00
2.692379526103081488e+01 6.649303346432608919e+01 1.455674623446347127e+01 1.608260220550174679e+01 -6.692840661707277761e+00 3.034943622986171619e+01 -1.079773766970848925e+01 8.330403968271568260e+00 -9.348159933712395508e-01 -2.543040482593248797e+01 9.617827066834408356e+00 -2.054822437389809409e+01
2.382733767059059815e+01 7.346519569003663719e+01 -2.406014672554816602e+00 2.075138549938067101e+01 -3.993433047089980814e+00 2.421353152994666402e+01 -6.897113506429729313e+00 -4.383734224314213890e+00 -4.558752382929730729e+00 -2.137011205620612131e+01 7.536747853089018179e+00 -1.842961479564053207e+01
9.838691765739575601e+00 6.356324064276235219e+01 -1.277896151663382884e+00 3.240318998935541117e+01 -1.678076095590673233e+01 4.024887039180871540e+00 -1.518319952926062300e+01 -5.589658997527852335e+00 -2.401492548457613285e-01 -2.545986604571715262e+01 -2.121639564926910637e+00 -2.107401151116262383e+01
-7.502389210596925651e+00 6.663021891897213322e+01 2.034775520700842666e+00 2.461801733267292036e+01 -3.048359868769396286e+01 1.295029492735510779e+01 -1.085110750578252947e+01 -1.763042314388703513e+00 -9.911743996552207392e+00 -2.478083566803508830e+01 -9.527270797026890392e+00 -1.226570947077771301e+01
-3.305415764522866340e+01 4.495346339968972416e+01 -3.638684958282317083e+00 2.503319058910867767e+01 -1.927504442127153084e+01 1.307231963586762724e+01 -6.634262084762937661e+00 -1.839606150845717547e+00 2.283943274432178150e+00 -1.790001473732122861e+01 4.335175202572785658e+00 -1.136318595367241002e+01
-4.832476855669800386e+01 2.543002977129486908e+01 -1.176549037917181906e+01 3.203669203406574439e+01 -1.583392329825769806e+01 2.234659872907829481e+01 -5.819096894247007157e+00 -1.103885439284896108e+01 -1.809472097434325022e+00 -1.886210656141814113e+01 6.287859335007457418e+00 -1.577131379880831474e+01
-6.895034334221392669e+01 2.236965632720138331e+01 -2.236887869002149642e+01 2.591481123632825145e+01 -9.452617209097798678e+00 1.741705338557371263e+01 -2.620671323846805567e+00 -1.271118517205493292e+00 1.628190697386324493e+00 -2.328502736704035669e+01 -9.840697056664135189e+00 -2.076747263023649381e+01
-5.320831702346706038e+01 3.760138556423710554e+01 -8.013969805198668084e+00 3.622810971672163305e+01 -1.916641198491973341e+01 1.432432333704805316e+01 1.619469272826521644e+00 -7.842579490086196259e+00 -4.096446499037926792e+00 -2.734462351911403744e+01 -6.563369270903317343e+00 -1.525429586944032501e+01
-7.866539657846422529e+01 2.840964812564874364e+01 -2.169719870669706907e+01 2.283891729609777244e+01 -2.064139008424103494e+01 2.238934828162114599e+01 5.146114223454452130e+00 -9.621469655479428340e+00 -6.935304031935794811e+00 -1.899158239500407674e+01 1.379570665577456667e+00 -2.888863401753217985e+00
-6.915282623467398082e+01 3.248998095532974162e+01 -2.177969418409563929e+01 3.233492163543832731e+01 -2.447967959112683900e+01 -1.328217056299269672e+00 -1.948737185746111766e+00 -4.595505237627307338e+00 6.845312542571697634e+00 -7.180072396700447612e+00 -1.385855756237451164e+00 -4.836776682103088199e+00
-9.247434781533664250e+01 2.724235307190836863e+01 -1.448103529657752730e+01 2.647227533886464812e+01 -2.761278342393051233e+01 1.322181812555324321e+01 -9.666755439029655061e-01 -2.796334928561161171e+00 1.394213849236065350e+01 -5.722036617417630922e+00 -1.235552385831842770e+01 -2.110421381417900477e+01
-9.755934343344837600e+01 2.308684452770267370e+01 -1.312379650863329061e+01 2.340723623766997719e+01 -3.981156451520002548e+01 -9.215004024300519347e+00 -8.510512255526325731e+00 -1.496185571294408057e+01 -8.865928812650334834e+00 -2.743750839969631272e+01 -2.292017285907916868e+00 -1.834965940771704140e+01
-1.078790507125064266e+02 2.600394450717003991e+01 -1.120940331079596319e+01 1.922720944992750702e+01 -3.040382587990465524e+01 3.381218133467427833e+00 -2.928907106985119579e+00 4.999105020361214180e-01 7.877315358397162015e+00 -2.731991516565717149e+00 1.016950993097953315e+01 1.802797229360929343e+00
-1.023798556111427445e+02 2.259699075634421206e+01 -2.307818002799153945e+01 1.913919375312199378e+01 -2.081022298755018696e+01 3.552740911568732507e+00 -9.908397148004155497e+00 -2.897593562479812590e+00 -2.514628802962874943e-01 -1.379974311646328822e+01 5.294458238793263050e+00 2.224575014671117401e-01
-7.616174510233361161e+01 4.694011193726268516e+01 -9.435184918063484361e+00 2.831251019885134212e+01 -2.599471425300829708e+01 -2.611458072610103098e+00 1.828393796182395503e+00 3.612939216816533516e+00 3.827334061676396004e+00 -1.077710743220508327e+01 -8.703151713583774374e-01 -1.568800851330016677e+00
-1.068282014917061531e+02 3.123923234921580416e+01 -1.592592140377318088e+01 2.889253995081839221e+01 -2.275736214782308764e+01 1.441977647927987860e+01 8.514078907028226340e-01 -1.073289527928529807e+01 2.535771285949206977e+00 -9.414606147606676245e+00 2.804420476213205227e+00 -5.569231281610079520e+00
-1.126841750527902661e+02 2.520262461220581685e+01 -1.775525611648516033e+01 2.859194293519259844e+01 -1.323697484435896143e+01 1.297726836459873034e+01 3.869629298987456334e+00 1.029104063348195908e+01 1.464066975713139485e+01 -6.697966651919627701e+00 1.581083389323974764e+01 1.306234393850341746e+01
