-1.075452501706461135e+02 -1.463198303877430551e+00 -7.023626637613327617e+00 -7.423675754656688497e+00 3.208962662865442184e-01 1.088658428777938703e+01 1.100678134091105953e+01 7.654034388146341072e+00 3.122359624755080532e+01 4.871852981090572854e+00 2.630989304763608594e+00 6.425352344008938843e+00
-1.084267427944396047e+02 1.643966033639549629e+00 9.255116600575156838e+00 -4.882411158813790286e-01 -5.406280739241268840e+00 5.847418718453389452e+00 8.954522054760765570e+00 -6.163190149237447457e+00 1.849878867175237218e+01 -4.489312837372136933e+00 -4.573076366854365915e+00 -1.181460774251517165e+01
-1.136782773484477644e+02 -4.214964495876770023e+00 1.876272199893942982e+01 -5.689203578772626280e+00 5.354548962039785920e+00 1.910993796238157927e+01 -2.202586446289296163e+01 -1.303178125140329868e+01 1.087839941154247647e+01 -2.002669520928836988e+01 2.518957021067959268e+00 -6.425489211418984326e+00
-1.342018253180233387e+02 -8.366259436231775481e-01 3.017605056542019781e+01 -1.765143064376255566e+01 9.774806601006311269e+00 1.386825037808005234e+01 -2.494363460314591308e+01 -1.339696802093293648e+01 -4.355658987718548758e+00 -4.981867731989508741e+01 -8.800421614387719416e+00 -1.966990261950764562e+01
-9.249183836251535240e+01 1.610118348364557406e+01 4.111976253416710136e+01 -1.577468012412206733e+01 -2.894211942052637987e+00 1.513444190165695247e+01 -2.321364707370440428e+01 -1.113340009657106044e+01 3.332988078534019571e+00 -3.562802694276689408e+01 5.546692477464496562e-01 -1.364838868561344931e+01
-2.379716735582224985e+01 4.403073141173656779e+01 3.148284343744720815e+01 9.439461346417088450e-02 4.351412027921863768e-02 5.789995877796448198e+00 -1.108707592010850718e+01 -2.548355354952718255e+00 5.046219900914978851e+00 -3.257293444558912654e+01 -5.457712146841918965e+00 -1.104607381134550259e+00
1.396237792128249922e+01 5.441727473230358214e+01 4.296479487756215576e+01 1.210464805502435226e+01 4.259873085237891210e+00 1.184819899842856827e+01 -1.311621041935985232e+01 -5.677341949937980026e+00 1.573526527347800297e+01 -2.207610898802555610e+01 -1.840502530973643580e+00 -9.950457175159744594e+00
4.217443912484604596e+01 2.784589481527658705e+01 6.439995397881803285e+01 -4.264736221891163304e+00 2.905178850857093042e+00 3.634501417664888123e+01 -2.738377520731793879e+01 -6.908244874927403245e+00 3.439174582960863091e+01 -2.605013127961705521e+01 4.448805577159555824e-01 -3.274464794241692456e+00
7.032789491937117532e+01 7.900133812488925322e-01 3.935920762147708274e+01 -3.466464616466610948e+01 -1.037968396390347792e+01 1.797468297360564549e+01 -4.247934001906793355e+01 -1.752868234341642761e+01 1.566178130003807745e+01 -3.859203227213333776e+01 -1.154370779907576150e+01 -6.716320434230388159e+00
7.616720249511665486e+01 -8.670027739140961920e-01 4.913304434069527815e+01 -6.377088105312417987e+00 2.351652985116053252e+00 2.061938777339952722e+01 -3.239783525800145014e+01 -2.977325339849011243e+01 1.875796261811079901e+01 -3.393473407148566423e+01 -5.955703426584747717e+00 -5.950943798548641972e+00
5.499849322983587996e+01 -1.669746006825250717e+01 4.349378892159533194e+01 -2.399776517604346182e+00 1.501912496069184044e+01 1.937222411950711631e+01 -2.598890662874612545e+01 -1.146375107921660863e+01 1.095863921251090822e+01 -3.598830251152008941e+01 -8.191899940520967149e+00 -3.339052541089962745e+00
2.887390220891978387e+01 1.352333973044307136e+01 5.503800440110146042e+01 3.151702836979733746e+00 2.721727383633521669e+01 2.857187674813754796e+01 -1.635903385155219780e+01 -3.639521875165371512e+01 2.017749749892558597e+01 -4.457236608226951091e+01 3.588981196336291646e+00 -9.851328915067334435e+00
-4.540409124178092171e+00 1.359970360867130168e+01 6.651346188863870168e+01 1.569425524917872394e+01 1.856545218523232776e+01 3.598741826019120538e+01 -1.712463451715769125e+01 -3.107649592075861733e+01 1.948045219144691842e+01 -4.131618437962875845e+01 -1.579098735868378789e+00 -7.086218036788835661e+00
-5.080341779306872496e+01 2.572003489547599031e+01 4.531232539806283199e+01 1.671177027559742712e+01 9.229163120426335354e+00 2.277770201214455525e+01 -6.173431546476583875e+00 -3.300923151002796629e+01 3.456757443516372064e+01 -4.659939857025642596e+01 4.639724060311535503e+00 -9.429754993170512023e+00
-9.347247914440339400e+01 1.805228799433331588e-01 8.336511164333606416e+01 -2.360403067315039127e+00 5.559292653191180378e+00 9.368571667239759648e+00 -7.903795855189727604e+00 -3.606619329541221219e+01 2.589092232328207643e+01 -5.104917584892481841e+01 1.227548650031514921e+00 -1.036905111478710140e+01
-7.666522767307385777e+01 -2.604694544965327907e+01 5.178359463858456024e+01 -2.516864243474957163e+01 1.262071612445937951e+01 2.007969684779359909e+01 -3.784046051419339474e+00 -3.468616681023258508e+01 4.235237860283799449e+01 -4.192679042008182932e+01 4.529613494701488108e+00 -1.403517908986803775e+01
-1.068156025262954358e+02 -2.807976800100470527e+01 4.836172544952584929e+01 -1.043586413413478375e+01 -4.279176023841673171e+00 1.579463635458247950e+01 -1.792198135692794381e+01 -2.552314212503793556e+01 3.315621624560849767e+01 -3.087736859324578020e+01 -3.555756701568677514e-01 -9.681091277814822149e+00
-1.098580742200831679e+02 -4.623545251277982970e+01 4.397098755303105122e+01 -1.270012494541135162e+01 -4.141434581752589494e+00 1.360408091454624468e+01 -1.278896419684250141e+01 -2.897555214439726257e+01 9.922642280093654676e+00 -3.145860443232083981e+01 3.692185889471560678e+00 -2.001554204976415718e+01
-7.560876721805968259e+01 -2.169496124638368428e+01 6.402264543603084235e+01 -9.725585042006180458e+00 1.693266112054527639e+01 1.745349882672682540e+01 -1.561147955714672797e+01 -1.634124496038445429e+01 3.605906094831783548e+01 -3.442723749232784769e+01 -4.708012142793003285e-01 -1.286474609353591347e+01
-5.059887574160789825e+01 -2.253354295662268925e+01 8.932953650541642787e+01 1.827706674638002937e+01 1.574904886043135122e+01 2.110961655015002236e+01 -1.954068662094660880e+01 -2.075407590551168369e+01 2.022278155396931965e+01 -1.968112271769056321e+01 1.025514672865513788e+01 -1.397774154858065643e+01
2.901586257731018748e+01 -1.084495556174843678e+01 4.275745724280164950e+01 -1.639761411000758784e+01 1.042995390221478935e+01 -4.238354891501669108e+00 -4.548407123235482175e+01 -3.092707485626400299e+01 9.713551672555770011e+00 -1.756033107541808747e+01 -8.351260935459318802e+00 -8.962468229535256015e+00
2.892613092739872016e+01 -2.498071337159576188e+01 3.174248549894353033e+01 -1.186805694134528721e+01 -3.897362871729403544e+00 -1.418416086145478516e+01 -5.561689178254321320e+01 -3.839160245943514838e+01 3.647117215010354130e+00 -1.565164268040596163e+01 -1.208295282028424467e+01 -6.992355065891623589e+00
4.812629251408535680e+01 -6.237207347256138235e+00 3.890729600728268167e+01 -9.129687084464375602e+00 4.280693266717407575e+00 -7.072337550069157430e+00 -5.122839900777017874e+01 -2.963538580099622521e+01 2.594996913011077666e+01 -5.977912335731582871e+00 -3.074306980303249670e+00 3.729875897661253159e+00
3.475623582043312609e+01 -1.671354337556289948e+01 5.851691393319813983e+01 -6.903896259179928663e+00 1.556590645892197244e+01 -8.741050187031985885e+00 -4.918939556080520958e+01 -2.449106572066079224e+01 2.659190122739567386e+01 -1.126648147608495520e+01 -3.103321422808972052e+00 4.241893833228415289e+00
3.955578968420620356e+01 -2.682428074898129466e+01 2.891225642649142458e+01 -1.592613613669810846e+01 -4.529307074367056707e+00 -3.578063580752658623e+00 -5.756094183335721937e+01 -2.515254652740742713e+01 1.222216285501320243e+01 -7.405950072282718288e+00 -7.948279669899450894e+00 -8.122955934437001702e+00
2.718849994805701797e+01 -3.492348881009051098e+01 4.505399904358526442e+01 -9.083239149374584542e+00 1.860151259569649440e+00 -2.414394994473160594e+01 -6.802044339489791014e+01 -3.583411948687819404e+01 2.004221242062165231e+01 -1.811438801522573172e+01 -5.911227400999328196e-01 -8.698279985957350746e+00
4.873332878718211703e+01 -2.724397922729977495e+01 5.398094389560314710e+01 4.249310687836713285e+00 7.019113940210318425e+00 -2.422061963101233317e+01 -6.378923466321196400e+01 -1.670898069926941076e+01 2.918401364025655198e+01 -1.068699907804852245e+00 -5.096413113914014303e+00 2.254564222659362294e+00
5.055882300668949370e+01 -2.150137540104266520e+01 4.562618890508102254e+01 5.368119321587762727e+00 4.080491142861125020e+00 -2.478802231991617688e+01 -4.825112428458155023e+01 -1.251581692010286062e+01 2.355514254944121788e+01 -5.012251076380405124e-01 -1.219798907442116054e+01 -1.115411027341805195e+00
4.134444974074459367e+01 -3.930663168386068662e+01 2.969179804506303100e+01 -5.650467470073698095e+00 4.277596000506103113e-01 -2.884692826422837086e+01 -4.228805031877766396e+01 -6.288089008096289234e+00 1.014338393536741378e+01 -1.221488562765447128e+01 -1.726365349234045965e+01 1.442109937154077759e+00
4.045767738696889637e+01 -3.492668628555405519e+01 2.814472807149856948e+01 -1.085726641056506026e+01 1.220085443407679371e+01 -4.513028282820180692e+01 -6.418419402724393308e+01 -1.990027343316731034e+01 1.758663539608303239e+01 -1.371229832763544820e+01 -1.721744813494767357e+01 -1.765862040364229557e+00
3.548173076302376217e+01 -3.089628141017941587e+01 1.001874357508624058e+01 1.216117870409544555e+00 1.992486202036423570e+00 -4.236892394212192414e+01 -6.528335924448461469e+01 -1.958154494842929694e+01 7.893645763750328115e+00 -1.369740519882743968e+01 -9.082974563158588310e+00 -4.341384808828447461e+00
5.701209220488981089e+01 -2.756313862076707721e+01 1.924851325965893523e+01 4.766187577234988204e+00 7.152554713582274459e+00 -2.325393140045374096e+01 -4.960922269996527234e+01 -1.750980663256113701e+01 1.313656929017350627e+01 -1.473720339885465691e+00 1.017107626499401007e+00 8.498965445590634715e+00
7.477959221372731236e+01 -2.237650180310602366e+01 3.770721123251871632e+01 7.329321939582835732e+00 1.620667720934242340e+01 -2.042932048396727751e+01 -4.016209270200471337e+01 -1.527896111714752791e+01 -4.445137549923178000e+00 8.997427104057464931e-01 4.657894428391953667e+00 1.077019401943436172e+01
5.273037198987194074e+01 -1.078053636497969947e+01 3.562165020515652980e-01 -2.105771283336380506e+01 -2.450054954457201362e+01 -2.782789819132714726e+01 -3.097705764907871995e+01 -3.442539091648761485e+00 -1.469008871532081528e+01 -3.475250221270050588e+01 -1.254615200427756783e+01 -4.520522706699305893e+00
7.563822212718173432e+01 1.964118336992434521e+01 1.546751878783076606e+01 1.047295983328607072e+00 -2.149761428218810977e+01 -4.223907159786416798e+01 -5.739124593028287258e+00 -1.297571008731235409e+01 1.075564083074440092e+01 -2.875079683938377428e+01 -1.022130627847710116e+01 -8.945786640024600000e-01
6.201656464881179431e+01 -6.352685631393464760e+00 7.774610936208151912e+00 -3.251051384623343665e+01 -3.995894361719901156e+01 -4.006692192710917766e+01 -4.441949991737332937e+01 -3.262273572166310487e+01 -7.991725661832962402e-01 -3.842223225587351010e+01 -2.290539021561954769e+01 -6.972500366734658783e+00
6.363500081558244403e+01 2.178354698645087595e+01 4.345431866683982491e+01 -1.907077183504505413e+01 -3.408571224576656533e+01 -1.262206315187741268e+01 -3.022744592093016536e+01 -1.451708206462154038e+01 1.388492404720299689e+01 -2.051241846052491269e+01 -9.628451794751006432e+00 9.011182436822494424e+00
1.203020257918100100e+02 2.624175421876034520e+01 3.000384191422556057e+01 2.208170778443070859e+00 -1.340916749513155182e+01 -1.741092455344153223e+01 -2.023409205049716064e+01 -4.646891930858186193e+00 9.644730769084361555e+00 -9.248190975484934739e+00 1.069421318564731660e+00 1.550616986175364609e+01
1.055455563392408465e+02 4.376262142835138036e+01 2.950028644288765634e+01 9.964075122054977030e+00 -4.080561472402276735e+01 -3.159209997419047511e+01 -2.783855993233760628e+01 -4.841448557588448054e+00 1.211362309245171076e+01 -1.947558892251323925e+01 6.226168790066508585e+00 5.304996294921430433e+00
1.095882213032780612e+02 4.254873299742935444e+01 2.423651437892474547e+01 1.339444767701026251e+01 -5.869454737844826298e+01 -6.322999526090455902e+01 -3.344624118178543171e+01 -1.550206890824490280e+01 3.671655967445441870e+00 -2.525451564343612887e+01 2.764630236830656784e+00 4.495386322571963689e+00
1.120145135209461387e+02 5.584805245178542066e+01 5.914403234406600518e+01 3.312685031175049488e+01 -6.308549091836795952e+01 -7.834138966367353873e+01 -3.491881270211496258e+01 -5.938093704600188261e+00 2.064987984335582638e+01 -1.217530536852203582e+01 3.623967784331001862e+00 7.541695306362576900e+00
9.683350594189266758e+01 2.200869376938244670e+01 5.310854217767863261e+00 -3.729394940845810247e+00 -1.978276126144088565e+01 -2.309095669546886143e+01 -1.390745177694454959e+01 -3.309153583793810860e+00 -1.644865556862933342e+00 1.562377633525180443e-02 6.339914467202368620e+00 5.899711160570924484e+00
9.901826531855923008e+01 1.773346178988904143e+01 -7.169584610422738535e+00 -1.546290408187311982e+01 -2.194569901561664693e+01 -2.744342143995465477e+01 -1.937686940858156959e+01 -7.682731570331750248e+00 -5.163657217729468840e+00 -3.108451779439697749e+00 1.076314778745158129e+00 -2.907567944334251919e+00
9.075097801342971593e+01 1.469147912007217016e+01 2.396118216195623774e+01 -7.070356661953118849e-01 -7.433729984528602586e+01 -7.928043017887779342e+01 -2.718299706100852475e+01 -1.440987437660356996e+01 -9.128411838014379498e+00 -1.925735193447444615e+01 -5.794117812542596724e+00 4.713234329724911298e+00
1.034046266008966342e+02 1.195704113185672313e+01 3.461493131433298487e+01 1.903537996759300910e+01 -4.846320778907778504e+01 -5.334198626221072459e+01 -1.657052061851394598e+01 -1.090016972782765592e+01 1.216269459385390661e+01 -7.050708861974658070e+00 3.206156675413787127e+00 6.416416029335689331e+00
9.520980412085529565e+01 -1.702518236977565547e+00 1.935655790889559213e+01 3.397582993262385109e+00 -3.839028223040416776e+01 -4.097589655983031776e+01 -1.501481262767540237e+01 -2.312487048059278294e+00 8.251750625629654223e+00 1.438060447850864065e+00 -4.510437922750798023e+00 4.656881831293187446e+00
9.623861268751676334e+01 -1.577238989044210893e+00 3.045050424678981216e+01 4.167831534262431248e+00 -3.822637168629611182e+01 -3.271033875091118404e+01 -5.908014125079366963e+00 1.085605365857850835e+01 1.649294992329187437e+01 4.120579119210011854e+00 -1.333327813872559275e+01 -2.436671543918818017e+00
8.363108325614061300e+01 -1.553998918050202604e+01 3.177051754324624611e+01 -6.162946535992317898e+00 -2.647337151895483132e+01 -4.029712141093972377e+01 -3.298642381866064621e+00 1.448677634274220161e+01 8.461344934366328729e+00 -1.170726281688565074e+00 -2.619471444761135004e+01 -1.835031089354136924e+01
7.243988603669095028e+01 -3.122257151674247311e+01 4.553410484066689889e+01 -2.583883951676146751e+01 -3.764969728836635454e+01 -5.114615272527869649e+01 -1.859017296188392621e+01 6.759777349874446450e+00 2.619210658833744887e+01 -5.711835397374366963e+00 -1.848879672407955610e+01 -1.550317980982736010e+01
7.462472579789296390e+01 -2.934961276092710847e+01 3.287249249817428165e+01 -3.249047596108218272e+01 -2.386223096526778775e+01 -3.820731231348239021e+01 -1.015477032103312993e+01 1.494589859932485787e+01 2.358940122800768791e+01 -1.214156536862811109e+01 -3.052641149335788562e+00 1.315808378829009584e+00
6.822571861687904970e+01 -4.263570860950446217e+01 2.213376449970417781e+01 -5.517800536023170821e+01 -3.405596198284298737e+01 -5.357223181131521983e+01 -1.069699769501562159e+01 1.082066717549444057e+01 2.286518484201960533e+01 -2.200229193255406202e+01 -1.328933028142683526e+01 -9.694194106233718244e+00
6.934188574899444291e+01 -2.629750546314674864e+01 2.108042326194547655e+01 -4.675020033410089582e+01 -2.392837940144187669e+01 -3.184449188026726674e+01 -3.368413045194367683e+00 2.077930988960472547e+01 3.140558141081586996e+01 -1.596767457952717884e+01 -1.037612751024986579e+01 8.700429730910984594e-01
8.164185563345886010e+01 -1.047229311236727511e+01 5.394933766754448357e+01 -3.836784883934079460e+01 -1.453517817142014934e+01 -3.041016938836164130e+01 6.194969545102113173e+00 2.785084087095514604e+01 3.827963776525359663e+01 -2.603762053726040193e+01 -1.614771179846027849e+01 4.410082153820349404e+00
8.874819344115209674e+01 -2.445223750244834449e+01 2.971946674958197576e+01 -5.195079156851681290e+01 -1.478300611255868979e+01 -3.130700674162255126e+01 -1.365287666621624574e+01 2.761637498499068144e+00 1.163906885781948475e+01 -2.763129398431425088e+01 -8.871165953210883970e+00 3.385922985416472741e+00
7.364526174365775546e+01 -6.837540571539271639e+00 2.766161029333011356e+01 -4.417648448824255070e+01 -3.898835946215895376e+01 -2.205427814626156646e+01 -1.134500345531886545e+01 1.528289264482369880e+01 4.608044124350762161e+00 -1.871081787636682492e+01 -6.997995983903810391e+00 7.058927026804369120e+00
9.145887122190615059e+01 -5.287053098038525967e+00 5.346281064961512186e+01 -4.124077501950149127e+01 -2.759665596140489185e+01 -2.544140544765907563e+01 -1.152716940756436159e+00 1.761604396267070882e+01 1.734207045065229025e+01 -8.921237405475249460e+00 8.369064461233470809e-01 -1.010988109774004773e+00
9.070399590234920595e+01 6.910727787360504415e+00 3.793018366460098179e+01 -3.535550763213242220e+01 -3.734859821164878468e+01 -1.712287218327757188e+01 2.563225209039544428e+00 5.095942070407625479e+00 1.068987147442738284e+01 -1.443330519470013762e+01 -2.289806424592465639e+00 -4.221221725008922121e+00
8.463898840343556174e+01 4.292826957596568072e+00 9.058520518961744372e+00 -2.179882339322271179e+01 -3.274862194069195453e+01 -6.982247211268729714e+00 -3.083261091631603446e+00 -8.365189403455989492e+00 1.769263953330716532e+01 -9.984451728548364713e+00 -1.163301745436196732e+01 -4.757911277622397961e+00
9.366282072197148523e+01 3.593857716098747801e+01 3.398312002643763208e+01 -7.671079170003564762e+00 -1.713798210791001964e+01 4.753299942965477420e+00 4.370901534175831493e+00 -1.439564372521829450e+00 1.479551489385636742e+01 -9.769438975578882633e+00 2.772063856373337742e+00 -8.960642169248481892e+00
9.028826300067848365e+01 3.065429465503926565e+01 3.739788063673618268e+01 -2.179823567391211725e+01 -2.657543182813790139e+01 -6.808624710202883179e+00 -1.461002953892299594e+01 -1.915224989507066056e+01 4.025120720803768926e+00 -2.333900457313167465e+01 1.415394984467108763e-01 -2.444489569748311553e+00
7.675467076450314607e+01 4.300894955635699013e+00 4.754803539253884992e+01 -5.035677067910727445e+00 -2.648281402231684822e+01 7.303305970299522443e+00 -6.479635774931112202e+00 -7.222263329132056597e+00 1.606205880401079611e+01 -1.863187200603315574e+01 -1.016741966553545495e+01 -8.903175378621495994e+00
7.913175877581647910e+01 3.191564076167701103e+01 6.660093602262617196e+01 -2.178947877801188682e+01 -1.582383588930000329e+01 1.799836231916084728e+01 -6.119576798250649929e+00 1.711122772975037343e+00 2.375722625294478263e+01 -2.286527333228777437e+01 -2.184695836586413087e+00 -8.940513339708155982e-01
6.113604143917288525e+01 1.351576117797830179e+01 3.833479354283026908e+01 -1.813426636798231328e+01 -2.645961623246725480e+01 2.753579986479714137e+00 -2.340695220624512629e+01 -2.207382064702900237e+01 1.859475420845017490e+00 -3.171528209188948466e+01 -9.145272797116543728e+00 -1.019757643817967008e+01
7.291914246184180115e+01 3.793927572552250638e+01 5.983666954965123352e+01 -6.241943956879749678e+00 -7.055780464429521004e+00 2.001925836136923209e+01 -9.751147116493189770e+00 -1.022982717497281335e+01 1.717246810455041839e+01 -1.030778477786134495e+01 -3.119668755467860599e+00 -3.033337911745012327e+00
7.305473522356976446e+01 3.351805008975239275e+01 4.335588114951169558e+01 -1.660692025966001850e+01 -1.317184713222989600e+01 1.222370192322397742e+01 -1.712885420220680288e+01 -7.297942148175043720e+00 7.432056758941674168e+00 -1.837155176254990607e+01 -9.469028326434564491e+00 -6.142183588294485297e+00
7.166357232463120397e+01 3.820120529217923178e+01 5.218200214833474604e+01 -1.006494696492094931e+01 -7.395523701794809668e+00 1.821136164063593554e+01 -5.104641014870192173e+00 -1.360803865494977671e+01 3.050654954946323105e+00 -2.600276042750162375e+01 -1.059345476229001903e+01 -7.306104402641882878e+00
6.712201020808005580e+01 2.493562136194543299e+01 5.505203782784283817e+01 4.488647343529788003e+00 -2.103227783786975280e+00 1.778380738821278229e+01 -2.776483984029600727e-01 -1.024123333970030814e+01 -1.965747275541753325e+00 -3.355635600381936712e+01 -6.925125428583764453e+00 -4.135641480239723222e+00
8.601570847551445809e+01 2.955261005298252996e+01 2.782339466589206722e+01 3.073123813383841885e+00 -5.156641976298782737e+00 1.461041472142623832e+01 -4.394807421921478330e-01 -8.121372345096386169e+00 8.995245633068414293e+00 -2.333935138775889584e+01 -1.495194097058809213e+01 -6.653976159020641212e+00
8.307611342990367120e+01 3.555216342482472669e+01 2.752482068365254264e+01 8.355997076380612398e+00 -1.415405145669800024e+00 1.038614754525617379e+01 2.080572299904167588e-01 -2.329602637596638104e+00 4.194463241457080827e+00 -1.813051371338582385e+01 -6.017718553012921134e+00 -3.961003684404955649e+00
8.236147971276263036e+01 4.623889169028902302e+01 3.039814387765429160e+01 3.229912894908825827e+00 8.027889654580190992e+00 1.910934223428496281e+00 -1.127348274349786017e+01 -9.227462372083644837e+00 -4.891600438335050427e+00 -2.197965988723309749e+01 -9.260630187060892027e-02 -2.859218181841456818e+00
8.070886621486936008e+01 4.715955385707150072e+01 2.397551371404568243e+01 3.998973839415550735e+00 2.545660715896902460e-02 5.805569021367911198e+00 -5.230757561531454769e+00 -1.106583810870330709e+01 2.033694298475821505e+00 -2.218589162205703502e+01 -5.517769730866811884e+00 -9.855354826198921003e+00
7.568353810742027576e+01 5.330934233333160677e+01 1.675071954359061266e+01 1.160293297785579547e+01 1.174244696181662162e+00 2.128617694180642950e+00 -8.937202777558578504e+00 -1.195961505538279468e+01 -1.549779217305206291e+00 -2.581576843395780330e+01 -9.053145494475973720e+00 -1.184589459286783253e+01
4.785940069758250104e+01 8.855223127967123276e+01 3.668853917535584230e+01 1.095909356028611370e+01 1.107975938007074923e+01 1.873806076038325230e+01 3.989837295767949765e+00 -1.670141485972374795e+01 1.052611895176271517e+00 -2.176360565181127882e+01 -1.287772623033641040e+01 -2.024838461151772506e+01
4.623798873354256500e+01 4.810431041103855421e+01 5.938712556947873367e+00 2.774157276653337334e+00 3.632886269466184537e+00 -8.759455746291286427e-02 -4.813753826167782357e+00 -1.540111968505039997e+01 -5.520443840345254038e+00 -2.091926689024575836e+01 -1.451934104149378513e+01 -1.879207408818039582e+01
1.571350272639591950e+01 7.543850591596404342e+01 3.482334867157589997e+01 1.222858542005463001e+01 2.327356506988241591e+00 -4.107117562941122735e+00 1.222813503706497773e+00 -1.215721195470119120e+01 3.297786099416875061e-01 -1.897474841655815680e+01 -1.034388236824772989e+01 -2.422095352174927996e+00
-1.590900260244004372e+01 5.628595859378775401e+01 2.480688318877541576e+01 8.513579941849531707e+00 -1.653174640592388300e+01 -1.330951678731189425e+01 1.032916079177883084e+01 -1.155196304305637156e+01 6.074103805121826127e+00 -5.026035209981280616e+00 -1.655362598075365810e+01 -2.496207572525700158e+01
-8.381922264021829960e+01 -4.149128155490798830e-01 -7.352644902181784126e-01 -3.616885297777036268e+00 -1.926324904897779788e+01 -1.332371872279003355e+01 -2.112326881469276163e+00 -7.067430165208699933e+00 5.324134959177538207e+00 -1.391885538027291069e+01 -2.252003821077804702e+01 -2.639307709480078046e+01
-5.955899682868114553e+01 1.475646382876308493e+01 4.016378026288246694e+00 8.076576708583559139e+00 -6.194361435638390034e+00 8.707682120607262988e-01 9.169116613968554930e+00 1.810377413300391591e+00 2.771447395321334994e+01 -1.118576786733733641e+01 -1.721453183323382596e+00 2.216217379664611187e-01
-5.996349123243943069e+01 3.040716218207021626e+01 1.019918973262632278e+01 3.243136709367043125e+00 1.171996668818024778e+00 -3.770754475407271045e+00 -7.623865295705931633e-01 -1.702519197991945532e+01 1.060280923184955526e+01 -1.419734458156797530e+01 -3.683603343317494172e+00 -2.344544549237745024e+00
-5.908034608737441573e+01 4.881901383403598516e+01 2.449975424022708737e+01 3.309616741747689161e+01 1.363764897320933045e+01 9.100848831788432847e+00 2.094314631374444069e+00 -1.547732119336861700e+01 1.124459999334778537e+01 -6.040843172079287449e+00 -1.123317293436184983e+01 4.348637863195271791e+00
-8.084395253685023874e+01 1.832659063360697616e+01 4.868704297252532065e+00 -4.423200595376178157e+00 -1.018173536178715821e+01 -9.640301206427189129e+00 -8.544636603666297958e+00 -3.089068782353246689e+01 1.810941858340298749e+00 -2.409262487691776755e+01 -2.549249995781910627e+01 -2.506397250637027696e+01
-7.634691876026360546e+01 2.267920639111104464e+01 6.873332783579785499e+00 1.210975289932830989e+01 1.781446513227005646e+00 -2.775861667668999999e+00 -7.406542356631706792e-01 -1.375203070231196456e+01 1.094279349285092273e+01 -1.843134217651844153e+01 -2.242093976138985312e+01 -2.958424780189793601e+00
-7.276450072516995249e+01 3.612338050161646663e+01 2.132845057150151646e+01 1.514800279184729703e+01 2.937814099403580403e+00 -5.075838913150951814e-01 9.063190666856241196e-01 -1.341354386818379751e+01 1.065010904873130748e+01 -1.045207081323960630e+01 1.643787425293385285e+00 -2.040811375837186858e+00
-1.009417619214675028e+02 1.369201690464407406e+01 1.379043217766876595e+01 1.839076201918066999e+01 2.151743082820743069e+01 2.882096751560946402e+01 2.278473757607096672e+01 -1.262767682037507022e+01 5.998571455494694504e+00 -1.333101257818137420e+01 -2.798033743136768337e+00 -9.027205147234983684e+00
-6.425919430056369208e+01 8.067224649166802042e-01 1.037057004963129359e+01 9.208910420223977766e+00 -1.275513357894171129e+01 -3.394840776747176214e+00 -4.258938600160695920e+00 -1.732290754338815475e+01 1.729973853632230885e+01 -1.403069250729581974e+01 -1.095422145705367356e+01 3.313989449167262791e-01
-3.033948492101481520e+01 -1.460283765317431914e+02 3.032124142742464556e+01 4.457824413152937204e+00 -2.702306034546810309e+01 2.881704751688077337e+01 9.969604761828989581e+00 -1.992323280827709908e+01 3.772054169183466854e+01 -1.890044651189408142e+01 3.402040157876554005e+00 7.629359998270881960e+00
-6.432643493556903991e+01 -1.312959250352178060e+02 6.276067239727045433e+01 2.224668348300812681e+01 -2.706265880094075271e+01 2.954284887685780348e+01 -9.288350889940858224e+00 -3.772276902907083951e+01 3.792344218082278928e+01 -4.049493272461678117e+00 -9.131667773672038635e+00 -2.254642984899229319e+00
-1.077370142494331589e+02 -1.436552560650253270e+02 5.822983580661112057e+01 1.374567944235124628e+01 -1.159731744323454627e+01 2.408680553086302112e+01 -8.276902987243456522e+00 -3.743938612955087564e+01 3.966788238494599739e+01 -1.204708773416660605e+01 -5.365994802959184184e-02 5.647340925045538640e-01
-6.300210137286835277e+01 -9.976375456172340250e+01 4.170016420062722062e+01 1.565185237780188743e+01 -1.806090883674870540e+01 2.458175641229012598e+01 -1.093869162748776702e+01 -2.747400554564494257e+01 3.394554273939973399e+01 5.453500239704204056e+00 -1.485425325233394034e+01 -4.146071445748908957e+00
-9.362250853326420952e+01 -1.221521746728737412e+02 5.190481382768221152e+01 1.879357294064176287e+01 -1.318105991406456745e+01 2.153272220087066557e+01 -5.814255233559572744e+00 -3.323226701316230702e+01 3.878829445318253022e+01 -1.738494546183817269e+00 -1.557174647116127097e+01 -3.900567419107336953e+00
-5.098190443361769297e+01 -1.228311137463401792e+02 5.785021184899551372e+01 1.318618671837739065e+01 -1.907385767145508026e+01 2.032220505304541192e+01 -5.082951781536756641e+00 -3.135091718152465390e+01 4.098479840946457387e+01 -8.136021967028105095e+00 -9.909172431451594321e+00 -2.540564778969466531e+00
-4.184070422465849504e+01 -9.317138964823830349e+01 3.899991853583065904e+01 1.297788486661507079e+01 -2.007837354839150379e+01 2.184851799362967739e+01 -8.461276863923767877e+00 -2.185420460194376702e+01 3.448265226201432654e+01 -5.941036092245017386e+00 -1.240922605901913300e+01 -1.743033945544958385e-01
-9.560632406358848812e+01 -1.024781853708394692e+02 3.491285645245631741e+01 2.439600370064337298e+01 -1.013501461662886882e+01 1.700988458309096174e+01 -1.182670987085701775e+01 -2.635622933233167231e+01 2.905532991737137394e+01 8.035689989757594631e+00 -1.222124217718950590e+01 -3.412434476854328214e+00
-1.648615798016984400e+02 -1.942380037759726292e+02 3.503111696263820907e+00 8.040258128811865745e+00 -2.764024574309362947e+01 1.752502509191489466e+01 -9.573957814601653737e+00 -3.897948076626568081e+01 1.339855115674150454e+01 -6.572751940860369402e+00 -4.853713732718469842e+00 7.605140106576279813e+00
-3.594778283935647778e+01 -1.201389915584929611e+02 4.559628896006695697e+01 1.511236145772069683e+01 -7.955684188620268493e+00 1.726454242068901479e+01 -8.260374763042609203e+00 -3.349312616355832972e+01 3.448301444322709131e+01 2.611681999061003623e+00 -1.938914999120392668e+00 -9.093328696758108620e+00
-5.386008548339485458e+01 -1.150249260422045552e+02 2.622120351047088604e+01 1.636613982225012620e+01 -7.379101163010655107e+00 2.672579419641012066e+01 -7.957187818005506230e+00 -3.444891665352136556e+01 3.093421835002138209e+01 3.189942507963706042e+00 -1.556529989669757796e+01 4.382176519232388046e-01
-4.616045423089200028e+01 -1.269179886097108749e+02 5.364179186624355111e+01 3.246170303334935614e+00 -1.120460743627376665e+01 1.820368987976350539e+01 -7.936660019310421976e-01 -2.293374987431183598e+01 4.313595294648557399e+01 -1.559444743099134101e+01 -1.807125562471426150e+01 -3.683675915137612833e+00
-9.267440263696848035e+01 -1.274140792432484375e+02 2.614266647246623876e+01 1.621422673227664646e+01 -6.777567506736895453e+00 3.519049700434605654e+01 -3.249246842014434478e+00 -2.433689496704150201e+01 3.952091371110978457e+01 -1.438092132746502605e+00 -1.845496653307648671e+01 -9.162380159321800832e+00
-3.032978706048813144e+00 -1.200890859006279499e+02 3.403577488805766649e+01 1.239103052459482868e+01 -1.894191239920558445e+01 2.795321326696711139e+01 -5.344473327623375347e+00 -3.002142002444875857e+01 3.955650685127397992e+01 -6.303129939960679273e+00 -1.718685267605716405e+01 4.980759545584985126e+00
-1.935662121259769464e+01 -1.166664384803127064e+02 2.465393143358195260e+01 1.651083051098049737e+01 -8.495490730354626763e+00 1.742817705346531199e+01 -1.396845494420351663e+01 -2.686106040241701365e+01 2.924985317335566748e+01 2.711647284020661353e+00 -4.611155408986010507e+00 5.940490605078033504e+00
-5.213302655033999855e+01 -1.141719194641234054e+02 7.502748180945078005e+00 3.903697025930999764e+00 -1.754915330670049300e+01 2.245246180332870978e+01 -6.743920475328932795e+00 -2.916927021384341856e+01 2.227712123249501630e+01 -1.382533421072515090e+00 -4.695670142521316315e+00 1.148038823762737515e+01
-3.083045858270595829e+01 -1.090941023548856492e+02 -1.150473495217635289e+01 -7.854251952910953349e+00 -3.269929583273126639e+01 1.707535155926026960e+01 -1.308695968183573033e+00 -1.915412449144838547e+01 4.056025254575095573e+01 -4.182976723970630584e-01 -8.378743335432394801e+00 2.241706860657763656e+01
-2.752086232098414342e+01 -7.146344585367046420e+01 -8.369574039403775423e-01 1.538526230439025788e+01 -1.440297267257979463e+01 3.368769339648271455e+01 1.005628201213774986e+01 -2.409139943175484433e+01 2.505988522597839818e+01 -1.298311403865623248e+01 -2.072155976508972586e+01 -1.000876251592976995e-01
-4.745438162493142187e+01 -5.833910326165693050e+01 4.502123802959019372e-01 7.973188807596840455e+00 -1.403094767275329247e+01 2.031974920046151922e+01 2.314658345437096898e+01 -2.043918517715712824e+01 3.688420285286825617e+01 3.451197357468470450e+00 -2.337329258929581499e+01 -7.527734126348965660e+00
-6.569821400622663532e+01 -5.380588435667702640e+01 -5.629324142374313666e+00 2.054636645564589159e+01 4.201856484474893350e+00 3.466413311684443954e+01 2.489428385767944363e+01 -1.100714631007014077e+01 4.003284426044386635e+01 1.049491774700393698e+01 -2.223580211456233258e+01 -1.785105182411601277e+01
-7.427765625068931854e+01 -5.401713437787926608e+01 5.538882052220708729e+00 1.696708006181532369e+01 -8.036779341930976983e+00 1.931472595585042740e+01 2.255039496377499120e+01 -7.728535540785703262e+00 3.435733239442782150e+01 3.110409652988338891e+01 -3.473776899380339955e+00 -1.128713939486306472e+01
-8.759467561533566027e+01 -4.938938929563833824e+01 -5.190745966988005833e+00 1.736838825106614337e+01 -8.316815867024427433e-01 1.721497133268263369e+01 6.875209136626901696e+00 -3.041628898177354756e+01 2.811349652114672537e+01 1.043199921220927529e+01 -2.403989284646628732e+01 -1.863820842792442534e+01
-1.129800283991309584e+02 -3.553979944877404051e+01 1.372259218610943066e+01 3.361504082159000006e+01 4.212370540459616564e+00 2.829406632042096348e+01 1.739568290263290606e+01 -3.032739411451676048e+01 2.006265383981499539e+01 1.776384813921603012e+01 -1.216182958717445572e+01 8.826557127146946513e+00
-9.769584536333658775e+01 -3.615463956300491333e+01 -1.653753579327372769e+00 1.356513715145062271e+01 7.805319100070144955e+00 1.759724196280124175e+01 9.029582647831382758e+00 -1.208548315803147766e+01 3.651206489418615320e+01 2.547121648162642771e+01 -1.609812352755881193e+00 -5.282961773529781802e+00
-1.196060056319825549e+02 -2.618285873979966993e+01 5.431980086691702070e+00 1.562014852330109704e+01 -1.350729301961737860e+01 3.239899316786758909e+00 -2.008695313178509245e+00 -2.795596110339524643e+01 2.085726936850467084e+01 1.855157463037892995e+01 -2.450316322450577289e+00 2.144412998823476357e+00
-9.830576215783193561e+01 -2.971778927327499531e+01 3.782717072528590130e+00 2.831860105305070618e+01 1.133422312701230794e+01 2.289573619889556610e+01 9.145530523029544057e+00 -1.345036892607287804e+01 2.551915530146164102e+01 1.222651076912732648e+01 -5.214344673629444316e+00 3.417142082965302308e+00
