-7.653665873479657478e+01 -1.572374179646422565e+00 -7.067408244618428981e+00 -2.528015509194200661e+01 -1.071265806576832702e+01 -2.524038140606718272e+00 9.722176820106016137e+00 5.854904832600976050e+00 8.011073814976745311e+00 -4.794300766005800796e+00 -1.756330370426287590e+00 6.245202043193776476e+00
-9.287861954258136166e+01 1.143783204763845873e+01 -9.089026810602875983e+00 -1.982635659448127541e+01 -6.153161682852138270e+00 -1.635095250716494419e+01 -3.698815175751322570e+00 -1.138569077141315056e+01 -2.146609877502343444e+00 3.860587348112112238e+00 -3.848002529529304550e+00 -3.972698806261455218e+00
-8.759157055744147158e+01 3.731274212393880241e+00 -1.644262588453354113e+01 -1.444359760148552496e+01 -2.503810964942784878e+00 -1.053658509194147896e+01 -2.154922705452337883e+00 -7.080397352866421912e+00 -9.100218169698537807e+00 -1.224825215584878357e+01 1.049380131912992509e+00 7.877195538599808700e+00
-8.033075504268191480e+01 5.039754755042141099e+00 -1.672277474176453893e+01 -1.133978200356563271e+01 -5.220192233969789264e-01 -1.550372952937540383e+01 -7.493776816664796669e+00 -1.092302374403844567e+01 -6.503261698150994974e-01 -4.131389974204647153e+00 -1.604062439127575956e+00 1.369304512756278180e+00
-8.344270246283875281e+01 -6.667436247420926776e+00 -1.413079466562933817e+01 -1.166063527292104496e+01 -5.382866028541661407e+00 -6.513108690046781390e+00 2.216009187092137456e+00 2.955098349470781649e-01 -1.520130633728745018e+00 -1.713763821378935237e+00 -3.665974414300966266e+00 -1.461001442296577935e+01
-9.621103291407681013e+01 2.733965597513374313e+00 -1.111633519802174597e+01 -1.153475349292954455e+01 -1.329949624434969735e+01 -9.265660846451863719e+00 -1.216656036160501309e+01 -6.564247366650491244e+00 2.184010167511041267e-01 3.658071540193565951e+00 6.502655864942512576e-01 1.185077627943821543e+00
-1.009190613003671899e+02 1.018601910532909116e+01 -5.248813556900183031e+00 -8.273861519651228846e+00 9.843899332196559548e-01 -3.907159342400843727e+00 -5.605844715474875173e+00 -8.812038513389284233e+00 -9.973569883273050163e-01 -9.985018628445928357e+00 -7.175229870608998084e+00 1.008848584912265700e+00
-8.711425193105597486e+01 6.992568842010373764e+00 -1.169821810804759465e+01 -1.778294963987389821e+01 -5.560766534409570028e+00 -1.103193587477747606e+01 -1.203971458202430611e+01 -2.001677063514740240e+01 7.961868436038447960e+00 -4.688647457079492042e+00 -4.297592699123416793e+00 6.761338492893701257e+00
-8.239199270744522607e+01 1.202597679278312803e+01 -2.414091564405717349e+01 -1.642999339457328034e+01 -4.342626297688196857e+00 -5.963831329834273554e+00 -5.393191775796362109e+00 -1.212857639720691516e+01 6.108042148655679959e+00 -6.083728569718392265e+00 -1.205153877755560465e+01 -7.530574088429931479e+00
-1.069962931922030123e+02 2.480840032027598241e+01 -2.532925302122755440e+01 -1.248399965374721177e+01 9.490620814719003207e+00 -2.780088772924298723e+01 6.391695746679288526e+00 -1.199436768408070009e+00 -3.481730634687563608e+00 1.015010525600492652e-01 -6.714656833655125112e+00 -8.788086105098221523e+00
-1.979985080068581169e+02 6.675467659308639057e+00 -8.141624726217884245e+00 2.062900738203962447e+01 1.495417184155726353e+01 -2.974888106742208294e+01 3.419677780562365044e+00 -1.532367599361395705e+01 -7.299912257280238848e+00 1.165105424900731279e+01 -6.308039990162431110e+00 -2.119036602495774524e+00
-2.203842179981308789e+02 -4.473334552363132488e+00 2.710850030159368096e+00 3.589939062877848386e+01 2.996045740330226526e-01 -3.202341450153657831e+01 -1.019386813537210656e+01 9.011327088485208137e-01 9.954979431966078707e+00 4.174786044680017127e+00 -9.621062496721458857e+00 -4.076532918169919029e+00
-2.590303420430795427e+02 -1.642000673194905858e+01 1.224396890528416648e+01 3.625824685333780906e+01 -2.150751646461970168e+01 -2.172064498003830835e+01 -2.054649237584256127e+01 -6.430717196329163166e-01 1.522546586941774649e+01 7.898985764094803130e+00 -7.352536179498812885e+00 -7.762243401217660654e+00
-2.557475534188934034e+02 -1.807882775320343072e+01 8.707445543033829338e+00 2.591032476711101395e+01 -2.556664339032164435e+01 -5.462227247478306680e+00 -8.961859545212192302e+00 -2.369095402658968119e+00 1.504618522573051642e+01 6.410733350688661680e+00 -9.990071257098611213e+00 -1.122290227609294178e+01
-2.690948977365338806e+02 -2.834730106973830033e+01 -2.194930715197346771e+01 7.552723689917971939e+00 -2.883950591224617455e+01 -5.328581628048829621e+00 -2.900023857919954651e+00 1.163713976569074759e+01 2.504869977295665606e+01 8.601638182851219838e+00 -4.218858878090346209e+00 -1.124982561156127048e+01
-2.513841343190601378e+02 -2.412883907848775422e+01 -1.586003885200062768e+01 4.343797564654849452e+00 -2.947493307894138681e+01 1.355887870978154552e+01 -1.808443220511975147e+00 7.678939624878554859e+00 1.797567415600312302e+01 1.812476659178893224e+00 -9.612883596792361374e+00 -5.073077703301012598e+00
-2.544956384340296722e+02 -5.328543281684761723e+01 -3.273613954720595132e+01 -1.315989002477016889e+01 -3.526134254790027001e+01 1.099241743034157892e+01 9.553134974775190358e-01 1.956452057288133517e+01 1.313551115420289861e+01 1.441595387678784057e+01 3.023347928993636025e-01 -1.037323601894568093e+01
-2.368889434068104265e+02 -3.513341841082825567e+01 -1.408123262545148435e+01 -2.217836103970593609e+00 -1.462626091408193929e+01 -2.013209192299034278e+00 -3.941806175699673176e+00 1.501584212970897880e+01 1.616719876382666676e+00 5.061080573526785642e+00 -7.234338602435203214e+00 -3.822487106560239045e+00
-2.529405375417501887e+02 -2.848006841887762164e+01 -2.626472680902456602e+01 9.375419555114905990e+00 -2.122158458430971173e+00 4.413797261112575865e-01 -7.147926220965949540e+00 2.279682315907324863e+01 9.998595179240577835e+00 1.866821957224762851e+00 -1.200121125434285219e+01 -3.422693695929571955e+00
-2.881265463134000129e+02 -1.969967285096225140e+01 -3.171338407046781782e+01 1.372835440512176675e+01 -4.647649098201972251e+00 1.946542648336907266e+00 -2.344740684358178839e+01 1.138215941461031910e+01 1.290977256537078333e+01 5.099684401566109138e+00 -1.982739656635614978e+01 -1.765963787327851620e+01
-2.834137661804373920e+02 1.183012027605261807e+01 -3.447612467646077050e+01 2.429427366709528613e+01 -6.389959858173641649e+00 2.415409258928163716e+00 -1.828440138404327442e+01 2.910319617655228619e+00 1.618211299058866715e+01 1.418011033593147729e+00 -8.362065458864760714e+00 -7.850853347142258798e+00
-2.732984088173117243e+02 5.521360291731720338e+01 -2.373042767482214899e+01 1.486763623118522304e+01 -1.864664876497871404e+01 7.242471294951368321e+00 -1.144354709538776049e+01 1.266303532321085257e+01 -2.131604158049456910e+00 4.022159525706148209e+00 -7.326210433666643596e+00 -1.407346522807670253e+00
-2.270841248454250376e+02 5.223483983168932809e+01 -2.131961040709308719e+01 1.438038647719357499e+01 -2.422328449568536968e+01 -8.359636965307288392e+00 7.056280485424341720e+00 8.531384508435561287e+00 -7.644225588216022160e+00 3.647761658720021671e+00 -5.913186797671985850e+00 -7.370852658414039027e+00
-2.193874899987548588e+02 4.017148318364490933e+01 -2.470801136366178952e+01 -1.171736956896362969e+01 -1.362875928328995911e+01 -2.832279023826750119e+00 1.424416286439901214e+01 3.821259752573787694e+00 -9.467083919584975860e+00 -1.264801176640197511e+01 2.265696666052536834e+00 -9.776517579813152281e+00
-2.042098737681401985e+02 4.680735838915428815e+01 -2.934415604123528709e+01 -9.589398693035832366e+00 -2.253773190628511447e+00 -3.922938847114978422e+00 -4.807503207516653276e+00 -6.356969848602133766e+00 -1.820303082632513636e+01 -1.875343348379296060e+01 -4.990145078208208851e+00 4.987778334931975088e+00
-1.931002462501663786e+02 8.804577163906465387e+00 -6.472519188403167334e+01 -3.028555129398408319e+00 7.099763071807458914e+00 4.940148350406308175e-01 4.819895333366599033e+00 4.369487761388050728e+00 6.446190804543165953e+00 -1.361432295798170600e+01 -1.702086683879358731e+01 -2.201592960775155561e+01
-1.469604427417845613e+02 -5.067085174609653819e+01 -4.587377010665167631e+01 -2.104109196699617712e+00 -2.357042127723978808e+01 -1.517436828560917128e+01 -2.330347461723505376e+01 -1.383227818188550806e+01 1.054962833799978483e+01 1.637783105952396312e+01 1.425182268311937506e-01 2.848262845065694826e+00
-1.323150664789979771e+02 -5.878656347106343105e+01 -6.608639860690323076e+01 -2.162571918753309319e+01 -3.570419277532171520e+01 -1.863077359333505001e+01 -2.648892646468819123e+01 -1.736095746718488897e+01 6.231120862950378925e-01 2.158368890727577138e+01 -1.907533951790563176e+00 -7.556352679529663163e-01
-9.722678284680307570e+01 -2.146153452017605900e+01 -5.472197539320430337e+01 4.751123971474275010e+00 -2.579809657713787630e+01 -8.314346023214277182e+00 -1.400129422979610183e+01 -1.216005600790559171e+01 6.877929549245729746e+00 5.545898453063102806e+00 -1.454030103293367659e+01 -1.115188410856190870e+01
-1.576457007054194115e+00 8.172322740829580212e+00 -7.215517996622185137e+01 -2.498218121355812116e+01 -4.246087036533371872e+01 -1.973027822083343708e+01 -4.846983130113605398e+01 -3.796709731784880404e+01 -1.316977043521023560e+01 -9.684309979197809781e+00 -2.400119599572821016e+01 -2.564652062791813592e+01
1.821166534175674911e+01 -2.261148751983463256e+01 -5.944737383064698832e+01 -1.934561533350436946e+01 -4.869921010742789491e+01 -4.177396957978698921e+00 -5.399664130573005849e+01 -3.140037827040282181e+01 1.664552954929921835e+00 -2.584242822788139771e-01 -1.001626766727989803e+01 -3.801846005069174339e+01
2.373603944261702736e+01 -2.737594739810846534e+01 -6.488091103549642469e+01 -1.760354456965452030e+01 -6.016874742150539390e+01 9.412347657677621271e+00 -5.314308612717951519e+01 -3.701036873722140541e+01 6.563267204522363230e+00 -1.129615156252830488e+01 -2.819670806500162996e-01 -4.110935703666214636e+01
3.542596868647754604e+01 -2.102689179760586313e+01 -7.491338520390866051e+01 -1.416444151793283801e+01 -6.132713719265537122e+01 1.664545975681910761e+01 -4.154665215131410605e+01 -4.693450597597907858e+01 6.288703220533260918e+00 -1.336676490515223747e+01 -8.860963444119754229e+00 -2.897529828174072719e+01
4.268708033639786237e+01 -1.617491105897460102e+01 -8.207644402402104333e+01 -1.576576593828929518e+01 -5.060424269794995666e+01 1.961703714426434075e+01 -2.943013711377972186e+01 -4.019509096407581694e+01 3.746432593326510130e+00 -3.386170398714567042e+00 -7.815576020345631036e+00 -2.154299568571544299e+01
4.421273880457999184e+01 -7.621372938143179177e+00 -9.481277497586026470e+01 -2.024721449881256063e+01 -6.176684065356350573e+01 2.457244927074191310e+01 -3.177730763180621665e+01 -4.689910873508146238e+01 2.346979874450518366e+00 -1.357936033555436950e+01 -1.961628481700495641e+00 -1.899959434950797643e+01
5.059085534702142439e+01 -2.164598304895677394e+00 -1.011108338331558514e+02 -3.209580174408647935e+01 -7.581235340941803713e+01 1.761422088598100899e+01 -2.918247876626607251e+01 -6.579473192848097085e+01 -6.845002752673591928e+00 -2.185503215669093890e+01 -1.659862022340170284e+01 -1.933029487960980930e+01
6.697702939160478763e+01 1.411313501178274876e+01 -9.823705580884470123e+01 -2.370275855633484952e+01 -7.816644742277048863e+01 2.608754655371967601e+01 -1.835731950996897410e+01 -5.368866542865849567e+01 -7.712599301784167416e+00 -1.492750315902111780e+01 -1.167661140689603627e+01 -1.593070690521497923e+01
7.841485246512422691e+01 4.571513906307311359e+00 -9.294717743692771705e+01 -2.919708070064136507e+01 -7.160695269697640697e+01 2.038830435939015473e+01 -2.345020195061152890e+01 -5.532451256467560796e+01 -1.005670935812083755e+01 -1.171005450318483554e+01 -5.181864797523349608e+00 -1.892147203943757106e+01
9.745098179449001918e+01 1.358177260162595879e+01 -8.277904951038442505e+01 -2.499846691253966924e+01 -5.563231105204002347e+01 1.671480089142142234e+01 -2.971472244781119088e+01 -5.010799156499712126e+01 -4.824167869266987374e+00 -8.077036335917227916e+00 4.978039874955340061e+00 -9.280631288531795420e+00
9.131171323027811582e+01 3.083679159045708573e+01 -8.641198257805996263e+01 -3.787478968154564996e+01 -3.193569453788294155e+01 1.356373170200938993e+01 -3.715798998436407174e+01 -5.080839757504912768e+01 -1.735921371983093664e+01 -1.808244265654489169e+01 -7.172998095426596166e+00 -8.994314329468911851e+00
8.552586927196401234e+01 2.693894539165810187e+01 -8.144120301341499157e+01 -4.798005274788146579e+01 -2.729838212856732582e+01 1.031375222705371542e+01 -1.570026539037201196e+01 -4.041987618979533181e+01 -1.644704008040434218e+01 -2.180008178728928314e+01 -6.958539530122133776e+00 -1.069749274478849088e+01
6.967989146768501030e+01 1.908007360916689521e+01 -6.931671381675315047e+01 -4.279782783526884771e+01 -3.007239079675164817e+01 -9.629581733467986737e+00 -1.429624402722730281e+01 -3.309587525295537347e+01 -9.069631939897851325e+00 -1.757093255253498398e+01 -2.106431922716485161e+00 -1.400082879879998465e+00
6.618341390869932184e+01 2.373322698281846854e+01 -7.717455379715303820e+01 -4.656692989816947659e+01 -2.941127102901517887e+01 -1.684435936432839753e+01 -1.320736133325138084e+01 -3.956457661605236353e+01 -9.374239369698145197e+00 -1.645311561966217795e+01 -9.446630922341757497e+00 -9.470580706885492361e+00
4.780290584170387547e+01 -8.673421114138615273e-01 -9.823832024671909835e+01 -7.112881423068918707e+01 -3.352700785033734121e+01 -2.618287626148956804e+01 -3.345652616382745492e+01 -5.002371421494885340e+01 -2.374929014941644567e+01 -2.421185487414005166e+01 -3.758599892531145237e+00 -1.433963067878017306e+01
3.723592923485427519e+01 2.116647213093018820e+01 -8.660915646282221303e+01 -4.765198697202868061e+01 -2.322691245632194779e+01 8.634106895315438734e-01 -1.347117081908718639e+01 -2.578596149856662478e+01 -9.035106757186841975e+00 -1.452093122452594010e+01 1.008089254027579962e+01 -1.911100008985437082e+00
1.012450044900581503e+01 2.244827619602952851e+01 -8.188279558944725522e+01 -6.467725980070896696e+01 -3.093575406803060446e+01 -1.456844078608642512e+00 -6.863576202327729803e+00 -2.059183956669753712e+01 -1.661847509283505175e+01 -6.945261398418306698e+00 1.637326679746449543e+01 7.185466391153163102e+00
-7.063503550863887881e+01 -5.406261723638412953e+00 -6.061756490138586173e+01 -4.311905333890396008e+01 -8.754291892032561861e+01 -2.634409010967579334e+01 -4.986651024671022725e-01 -1.536118551099876939e+01 -3.323208208592938462e+01 1.202303610805751655e+00 7.066186969158024134e+00 1.904046907515327192e+01
-9.930153118426211734e+01 -5.009969078497372053e+00 -3.514922331086804519e+01 -2.883891983112366120e+01 -7.976074202664150903e+01 -3.398706614210718158e+01 1.163736395122626632e+01 -3.287688372115443070e+00 -3.763692693920048526e+01 3.459656381691990745e+00 1.005181370073141878e+01 1.965753492576740769e+01
-8.186657643661226302e+01 -3.203392607412271076e+01 -5.483242416858202795e+00 -4.463815421614597767e+01 -1.032677410375449512e+02 -4.982222695931140777e+01 6.410153453553745884e+00 -2.560575268339831823e+01 -3.917661276336676934e+01 4.100026679512920325e+00 1.162719648900188929e+01 -1.997750575734178469e+00
-8.720296810794286557e+01 -2.623127380471192893e+01 1.340319255615257532e+01 -4.246807624703617279e+01 -8.904943218011476347e+01 -3.882720342778389977e+01 3.371827732591330395e+00 -2.544501865436420474e+01 -3.566477083415010441e+01 1.356130296653411982e+01 -3.260638679793615324e+00 2.013080739624195648e+00
-5.760356925632733294e+01 1.020484462258292524e+01 2.496712469922192668e+01 -2.962672407222390092e+01 -6.267940532273495080e+01 -3.419994381393196647e+01 -1.114389986994888559e+01 -3.992085657695890433e+01 -4.985769610449310107e+01 2.214688550470671480e-01 -1.355923624417119022e+01 -6.270553947757374402e+00
1.508864006657863355e+00 3.104584096937174564e+01 3.376681880547041459e+01 -2.781005302937686352e+01 -7.681986208363601065e+01 -4.121177713763867700e+01 -2.960750022189340314e+01 -2.918182409405842392e+01 -3.580039964820878851e+01 2.733087597931190160e+00 -1.613637049840166071e+01 -1.776791259471009710e+01
3.381444161678065541e+01 -8.775876522246262024e-02 5.411790223690017854e+01 -3.201447413487731808e+01 -9.581569438473263745e+01 -4.698642905438740058e+01 -3.633195575990399107e+01 -1.003316798524734921e+01 -3.522872209182386172e+01 5.546442456636688778e-01 -1.862018618074367993e+01 -2.793396656649186482e+01
1.368648457362422377e+01 -1.838564221559026635e+01 4.570180628590993877e+01 -3.477322797586044345e+01 -8.880008339289138064e+01 -4.553497807389381080e+01 -2.768171926962275720e+01 -1.552144236775781572e+01 -2.980298355455182957e+01 1.063849377150416942e+01 -1.744990242328639596e+01 -8.500662047737824523e+00
1.416075430227553866e+01 -2.917233111465072426e+01 3.090357688896701305e+01 -3.211048317083280779e+01 -7.843316551939349779e+01 -2.988963825157417631e+01 -2.458145231597112002e+01 -1.631617601652774141e+01 -3.074561981918888520e+01 -3.839534471079225408e+00 -1.911622168889352835e+01 -2.571922889410585000e+01
2.810268709002325505e+00 -3.319472412695867547e+01 2.350432387730879924e+01 -3.679248867877173268e+01 -8.024332442958149159e+01 -1.007210491101909255e+01 -1.506042294350337230e+01 -1.613274435379017291e+01 -2.689162623223962711e+01 -4.197619734483551746e+00 -1.932566695322160655e+01 -2.739590203331218277e+01
-3.584426272192230201e+00 -3.809326999753998422e+01 2.169790258885285539e+01 -3.214674749312989377e+01 -8.167454185734769112e+01 3.689794363451764703e+00 -2.079798113867275333e+01 -1.580426488295450582e+01 -3.699269091019320399e+01 -1.501823067283751456e+01 -2.117747130303881420e+01 -2.837158295413826892e+01
-7.880406341244097668e+00 -3.106645715846035216e+01 1.800091488268622797e+01 -2.548167805038313816e+01 -7.045774650761441649e+01 1.013803316386792197e+01 -1.327447031565746904e+01 -1.532247261725547816e+01 -3.332952460636732894e+01 -1.292296716835748427e+01 -1.220470388867277656e+01 -2.809563263742609962e+01
-1.300798672167718806e+01 -3.251282043797747434e+01 2.138797343188218747e+01 -3.678241747132713613e+01 -6.730201912294310773e+01 1.229709354799675403e+01 -2.217583933199403035e+01 -1.561503583270655504e+01 -4.464549532155373157e+01 -7.663888809217738185e+00 -2.400906245709930431e+01 -3.765255735816748484e+01
-8.658189874372776984e+00 -8.568348726299994667e+00 2.791259075658020805e+01 -3.515389069036695702e+01 -6.640515709417431367e+01 1.980488371611663823e+01 -1.739122079099863072e+01 -2.120333641515388123e+01 -3.566714161739662359e+01 -2.772763456615908950e+00 -2.364347973909289991e+01 -4.253390420798154281e+01
-5.468497460632426588e-01 4.042065697853742812e-01 3.241487636936477656e+01 -4.116577740469769253e+01 -5.576163140470438151e+01 3.993855617058568441e+01 -2.103525768775745775e+01 -2.570486346528461752e+01 -2.949283603579418411e+01 -2.311773640314642719e+00 -2.571047735691645642e+01 -5.146419318305051149e+01
2.805490932431097661e+01 -5.143644528637504543e+00 3.405701220675191365e+01 -4.306079373957821588e+01 -5.946259500002049947e+01 3.856229761873706963e+01 -3.137821826731925157e+01 -3.435279336760146407e+01 -3.546484166612042088e+01 -9.952219854432115653e+00 -2.829614628271006183e+01 -4.144338305944674516e+01
5.048814889693531427e+01 -1.420590860014534407e+01 4.044698383292791277e+01 -3.583982778218712184e+01 -6.380400881698480475e+01 2.547074603713636520e+01 -3.703452315133662864e+01 -2.225400917365972475e+01 -3.477992844708118980e+01 -1.209305354554009604e+01 -2.313523041992990059e+01 -5.055683801480915207e+01
3.549198930097027471e+01 2.358764403314518865e-01 5.251598010135421646e+01 -4.922273792224778788e+01 -4.004978274989938569e+01 -7.505990150160901209e+00 -3.030034814888797001e+01 -1.925239983727772142e+01 -4.604947617841092722e+01 1.920114585980669197e+00 -2.443350248310293438e+01 -4.966178893248067538e+01
-2.655927112882084629e+01 3.360755730894882110e+00 6.949055439775962384e+01 -5.398777588775480751e+01 -2.906208780738574404e+01 -4.889756398383473979e+00 -3.646662183416984249e+01 -1.905371312644223281e+01 -4.116386146986241101e+01 4.264971340567397462e+00 -3.146628390932156094e+01 -6.036150423104221119e+01
1.811020630686882527e+01 -4.569602022117803308e+00 3.934415005388164843e+01 -2.395660907022067576e+01 -3.348919092964685262e+01 -5.031511802688347856e+00 -3.446578861607106603e+01 -3.090137037494916328e+01 -5.076503602028529372e+01 2.279163396688431931e+00 -2.130495706419714708e+01 -6.174933819438938087e+01
6.278525683190695617e+01 2.529111044151668430e-01 3.215833126862144553e+01 -2.152407215698511234e+00 -3.539517654598641627e+01 -1.352490696879943854e+01 -2.713093824650087882e+01 -3.736448996165096759e+01 -4.776457948663305331e+01 7.889672384056266807e+00 -1.457600690749324102e+01 -6.232153484992658576e+01
7.080321641631803686e+01 1.769429813137751939e+00 8.140883689808077861e+00 3.854034664863204007e+00 -5.252591814310218865e+01 -9.960401797358187537e+00 -1.965776508395065036e+01 -3.734748763319490195e+01 -4.228973450212633622e+01 1.899312794759326906e+00 -3.691685427603961500e+01 -7.199146211493581404e+01
5.909167860730817523e+01 3.483474419192263838e+01 1.377990693539282496e+01 2.829182811399550523e+00 -6.074449520091744148e+01 4.270097979856638304e+00 -3.378318992127785236e+01 -3.317355592425429478e+01 -5.648443757433986434e+01 -9.832348179605514105e+00 -4.370963558001992766e+01 -6.255490552219553990e+01
2.595660574597943082e+01 9.247759961072080159e+01 4.675376882814182267e+01 -2.338259610579871417e+00 -5.553703717923378491e+01 -5.163412009546998860e+00 -4.561310863698297169e+01 -1.526759581843755953e+01 -6.463247058083216245e+01 -1.370318574538993772e+01 -2.933086885506496344e+01 -5.293344482680581820e+01
2.330587909117125989e+00 9.021235571833891242e+01 5.609111999240496971e+01 -1.324021699778944772e+01 -4.160045578490708351e+01 3.010945938327361127e+00 -5.739735993456201868e+01 -1.485266419613822819e+01 -7.024455138589843273e+01 -2.053331846581915698e+01 -3.299234542636056489e+01 -4.606513065502837634e+01
-2.482282586410521219e+01 9.123246070608522018e+01 4.672312877416381838e+01 -2.988252263663030206e+00 -2.521445283840119345e+01 7.901840971418938153e+00 -5.637471165911310322e+01 -2.309241808143373120e+01 -5.647795287275587839e+01 -1.728602084902331271e+01 -4.746447133578423205e+01 -3.241814901528109516e+01
-4.162009479848139648e+01 6.705493266265203545e+01 3.652144625959126500e+01 -1.364347056863014984e+01 -2.823102922247050373e+01 -6.925276171635772471e+00 -4.411642344086183698e+01 -2.438198005420569103e+01 -5.772191325666059925e+01 -6.016274034463164000e+00 -4.103362651367625347e+01 -2.537359386063757327e+01
-5.496257458731859913e+01 4.027941444408275373e+01 7.763669115783189056e+01 -1.100192625937238766e+00 -3.780896652299567506e+01 -7.370695790422793436e+00 -3.582435119030778736e+01 -3.896905895842509437e+01 -7.581009497047479329e+01 -1.537009003123878514e+01 -2.834370223117865351e+01 -2.710142146530606055e+01
-4.439440057655667005e+01 2.499465841921929510e+01 7.114587779784051236e+01 -1.818388009695662078e+01 -3.556973315874952846e+01 9.937291172154507635e+00 -3.042917869093120586e+01 -2.981721579238901754e+01 -6.850507866699297210e+01 -3.111889371626005740e+01 -2.472247984279421473e+01 -1.724754014186971673e+01
-4.663793139745821748e+01 1.846272735261750597e+01 7.558749911436740376e+01 -2.417279718357746532e+01 -2.215657443965172746e+01 5.654101104817976342e+00 -3.263223064006899676e+01 -3.197226103239597705e+01 -6.155203519048075123e+01 -4.167361891758012860e+01 -9.512822459448486256e+00 -1.583066929812994417e+01
-5.481261251940824053e+01 -6.840149178504769445e+00 5.869374855238138622e+01 -3.728874085429887231e+01 -3.572981167306203076e+01 -1.002193732354745848e+00 -2.775049322646122363e+01 -3.049459703324948379e+01 -6.698865727403298820e+01 -5.209570503442218126e+01 -1.527150489772149378e+01 -1.705131115661635732e+01
-4.424412465079453227e+01 1.219680135385281083e+00 5.374606867126734500e+01 -3.273374772521344767e+01 -3.665871160633686543e+01 -1.648866863106106351e+01 -1.570976753292757166e+01 -2.213968125423705757e+01 -5.889275892854922745e+01 -4.592900318570642781e+01 -5.471314572798078757e+00 -8.848841485180141575e+00
-3.715593184128019288e+01 7.191377308802081814e+00 3.551105124149469816e+01 -3.266124203021124828e+01 -2.258887064868289229e+01 -2.746089572796530121e+01 -1.673723739277873079e+01 -2.051974482906059549e+01 -3.979863383035482371e+01 -3.653051182227800098e+01 -1.212080470139711075e+01 -7.332139245986065923e+00
-3.191560896149476534e+01 8.057713172189739481e+00 2.788699372838605228e+01 -2.268937152445343486e+01 -1.853150054649193379e+01 -3.913120897469775628e+01 -2.696540072880226191e+01 -8.689315638868674085e+00 -4.521599502601699783e+01 -4.949392732545650375e+01 -1.081154928714550323e+01 -1.630645508046263714e+01
-4.734092454987701615e+01 1.600823771863055711e+01 3.026547024261989804e+01 -2.381900906218801950e+01 -2.536274387629179117e+01 -4.233495288354845343e+01 -3.037584041236520704e+01 -2.358222973520118160e+01 -4.239976781593840371e+01 -5.080335688762281876e+01 -3.672110616975045705e+00 -1.256088912309798644e+01
-4.409925700854923036e+01 1.577570280972086536e+01 1.461817413812637767e+01 -1.428029621680881434e+01 -2.641416611044131102e+01 -3.892320693207638271e+01 -2.739804995661343412e+01 -3.288272335938181357e+01 -4.832171391430622975e+01 -5.023884020432996067e+01 6.741166121708248582e+00 -6.500066935947463875e+00
-5.249699515419623452e+01 2.439645375894701651e+00 5.644111882565658433e+00 -7.177115148417224866e+00 -1.899837823520151758e+01 -2.698666413237820905e+01 -1.540322813054144291e+01 -2.707969172794728507e+01 -3.380121581480333504e+01 -3.123985185128069730e+01 3.375162643204312918e+00 -1.304030126883350071e+01
-7.211354363590514538e+01 9.467072481658050265e+00 -1.743620102525432092e+00 -4.091274924518947920e+00 -6.119011661436905669e+00 -2.724170047799281491e+01 -1.604556556489060881e+01 -4.066729550996655007e+01 -2.791485701553187226e+01 -3.036409057361809616e+01 -1.571182941212878070e+01 -2.927784478701871862e+01
-6.845099111423451177e+01 2.638342079422474029e+01 7.677623097798969454e+00 -7.493425626863173150e+00 -4.839247411553742495e+00 -2.159736250343078723e+01 -8.747953557372024846e+00 -4.113409316758301770e+01 -2.685169659471314674e+01 -2.978397272830115838e+01 -1.145718834063288583e+01 -1.054719459982616492e+01
-7.356838386715297418e+01 2.177336131521510509e+01 1.029544790104370833e+01 -1.178362981578337276e+01 9.243595699667892518e-01 -2.614327502613450349e+01 -1.390081832835135245e+01 -2.724439238628113458e+01 -2.781984633764764681e+01 -2.063969959587696223e+01 -1.049673001000159722e+01 -8.708485150874434311e+00
-6.271394211025957333e+01 3.805886001244128636e+01 8.971209727490519370e+00 -3.831987635233494061e+00 -1.391050840596393634e+01 -3.067777459175016475e+01 -2.129512528138529248e+01 -4.274527587050907584e+01 -2.421117188524368302e+01 -1.694702354377047726e+01 -2.135274156595004769e+01 -2.797545817356847930e+00
-5.244516915695105297e+01 4.138958064336671328e+01 7.862791148208057912e+00 -8.635058826061452919e+00 -8.705743719375595546e+00 -2.740655545128620219e+01 -2.008827825019673696e+01 -4.251710164269599801e+01 -3.174424510435537172e+01 -2.893991506223566645e+01 -2.613181297003349357e+01 -1.736388868276371866e+01
-5.737821922173708344e+01 4.251259195500615817e+01 2.572463928684132206e+00 -5.461925804944731233e+00 -8.211542569561522953e+00 -2.886513688079769935e+01 -1.100927820374674226e+01 -3.723036652985213379e+01 -1.866946076716169145e+01 -2.497789121942752999e+01 -1.232055962341176247e+01 -7.838681568351820061e+00
-6.868179843573800269e+01 2.700833891968682821e+01 -7.142636087252610011e+00 8.723220835250603544e-01 -8.994792849051906458e+00 -2.049744063300382635e+01 -1.863319323203636024e+00 -3.238522665364246222e+01 -8.556080374803913813e+00 -1.309940049117555638e+01 -2.021365480408449855e+01 -9.953166072954569898e+00
-6.583721451532173319e+01 3.667317478411696641e+01 -7.293323759713402410e+00 1.803439614942459190e+00 -1.113939666441407894e+01 -2.402381974404021747e+01 -5.160500331054842960e+00 -3.517078647616345677e+01 -9.788377091445820355e+00 -8.450424162415977491e+00 -1.885568559577341219e+01 -1.775624760521558443e+01
-6.933103067252382345e+01 3.642984442539963652e+01 -9.361112997738363362e+00 -6.143426314847282299e+00 -1.663376161579213530e+01 -4.087129123877898706e+01 -4.471405810575818762e+00 -2.561298806907179682e+01 -1.284283375929125803e+01 -1.299457386214032084e+01 -1.203873892330370410e+01 -5.026332929518708692e-01
-9.076021834065784333e+01 2.351787907698022906e+01 -8.719063443272164093e+00 -8.827396208291274249e+00 -5.249046106500962594e+00 -2.123703824085325920e+01 4.300700502942125247e-01 -2.390440711877562308e+01 -2.076238093126924156e+01 -2.283515529770940589e+01 -1.159036432064270983e+01 5.672891898699043089e+00
-7.979468364629187249e+01 3.002518061081435263e+01 -1.908810698201258482e+00 -1.699426509255999918e+01 -1.656230493622728517e+01 -1.869938048107087525e+01 -6.131863914479017907e+00 -3.398690665603633931e+01 -8.263621903593179496e+00 -1.513560790160910230e+01 -1.158299815818367762e+01 -1.983905583050991295e+00
-7.755636427075764061e+01 1.405783149893600559e+01 -8.772485837067339531e+00 -1.608704879292903200e+01 -1.039861325920067792e+01 -1.495847377631028685e+01 1.172460933619811296e+00 -2.433433966043137886e+01 -1.193540465904772674e+01 -9.499772717813955936e+00 -8.403095315589290237e+00 -1.143643984709975925e+01
-9.532295752303156178e+01 9.170651073069151948e+00 -1.330207781524122623e+01 -8.844863579219303773e+00 -1.768892926923770759e-01 -2.261591312720561220e+01 4.910212742115094287e-02 -1.707257691843626901e+01 -4.968528125713229215e+00 -9.105351603163576613e+00 3.067555731453963652e-01 -4.972654768467918984e+00
-1.007528294282970762e+02 1.349441493470524911e+01 -1.478453925339801955e+01 -2.270980798661877031e+01 -4.338192162767095184e+00 -1.174486486635284166e+01 -2.976800093184976959e+00 -2.604259636847103110e+01 -3.095202206940119716e+00 -6.114215544138215996e+00 -1.588935299538424051e+00 1.599404714922892712e+00
-9.965497732802904807e+01 2.045667738235724453e+00 -2.013583505917799243e+01 -1.678029470691156888e+01 -1.365312910900199794e+00 -3.831836581243258655e-02 2.380021116488190813e+01 -7.685329461550926666e+00 1.133190243754557791e+01 -1.413243922984596601e+01 -2.756032642318403170e+00 1.158673025481435914e+00
-9.504073943009663594e+01 1.357657494331913739e+01 -2.131513407624807144e+01 -5.594940125286310462e+00 6.633971220438702687e+00 -2.049138699488771209e+01 1.574781766836354002e+01 -7.576219470711498261e+00 1.004131092827509164e+01 -1.001096366135712934e+01 -9.623176348759692189e+00 8.843416052040442565e+00
-9.497166329751786407e+01 3.344662616697541502e+00 -2.976402475333019737e+01 -2.218178126353913981e+01 -9.733550384330872163e+00 -1.888318643632845095e+01 9.578377818033182223e+00 -1.919577489618022170e+01 -2.307428608999779751e-01 -1.911921964021316711e+01 -2.858429121918838689e+00 1.073984266567843804e+01
-9.954436344909963452e+01 -1.523136934309487955e+01 -3.426048004407875425e+01 -2.333055173601799481e+01 -1.534900648766420872e+01 -8.067995456906929874e+00 9.818084805228444623e+00 -8.788744044886733775e+00 7.415261871540266725e+00 -8.570370283412298562e+00 -9.502254914241170525e+00 1.380956195559509769e+00
-8.789514137019685336e+01 4.688809712839719923e-01 -1.420419831802966115e+01 -2.370348693697368248e+01 -1.132872579759319009e+01 -1.462448645995013408e+01 5.283135383575041644e+00 4.236971654007349208e+00 1.798718043081234441e+01 -5.814852710408302094e+00 -6.387372263129596384e+00 5.899112499360439799e+00
-9.086307056956613337e+01 -5.690795432240244089e+00 -1.372082859862791082e+01 -4.430233529205324317e+00 4.798850095160048568e+00 -1.069072097209575567e+01 1.430486754681602868e+01 3.834122586523396770e+00 1.610716059808481049e+01 -6.388681923360502779e+00 -8.718918627632310958e+00 3.312695177986953787e+00
-1.018607113962375479e+02 -4.968079642354156000e+00 -1.636089803391492836e+01 -1.413696707824593979e+01 3.130777540853728169e+00 -2.291904176039050256e+01 -3.535070395966975809e+00 -8.632642402140399795e+00 1.663488272721114436e+00 -1.021679846316340701e+01 2.174498772769348776e-01 1.027392537373764370e+01
-1.033558091532376153e+02 -1.044421838789631352e+01 -2.420167051937330527e+01 2.756994442628695641e+00 8.596295765282178536e+00 -1.114932800057223261e+01 -4.396764771878783895e-01 5.546228439945574351e+00 1.582252306618677551e+00 -1.070929499546154240e+01 -1.130494431693189306e+00 -1.735633916774436791e+00
-8.739916927780687672e+01 -1.134619850296507870e+01 -1.168722939993942767e+01 -4.868881629420603652e+00 -6.416658638886191923e+00 -1.057726029866941175e+01 -1.396671761556333635e+01 3.563401397120023795e+00 3.602880085522799369e+00 -7.031200708398193555e+00 2.093079728956412922e+00 8.140329793626793764e-01
-8.361254505773044343e+01 -1.872136853174093618e+00 -1.642651335479144237e+01 -1.872991180806384648e+01 -6.882331287728703728e+00 1.251196906289707478e+00 3.609876490465107501e+00 1.021068203092107041e+01 6.858598845294104684e+00 -4.897708299529806908e+00 1.785966297143763981e+00 4.651552683542779398e+00
-8.383588356002323394e+01 -2.903157221218631623e+00 -1.473765074606140857e+01 -7.106956437353948886e+00 -3.620114683509592091e+00 2.008883900997959771e-01 7.183263229308803233e+00 1.468394675801921068e+00 6.820066737860700279e+00 -5.969599942486954802e+00 -5.282674463898090700e+00 -8.967838335402559480e+00
-7.742300842040091879e+01 1.751602718251513036e+00 -1.246223048412068124e+01 -4.599291711472893951e+00 2.971974865337528637e+00 3.236290811656212796e+00 3.472990652279775325e+00 1.861549460693265878e-01 1.391680228819327514e+00 -8.356499447532774738e+00 2.724428861447820260e+00 -5.500536183438229365e+00
-1.000787187280477326e+02 -7.913210030661945282e+00 -1.566412555877921520e+01 -2.114082259069226755e+00 -9.781156664490641361e+00 -1.602262385548400658e+01 -1.331257201262911138e+00 -1.101298816803375402e+01 -1.082520265539956839e+01 -5.517596857921494014e+00 6.734962742205824249e+00 -3.106965798459817130e+00
-9.283871368916609867e+01 2.811490085895572477e+00 -3.062237602213151533e+01 -8.181507920679598200e+00 -2.196510532612087896e-01 -1.001214851317774546e+01 1.512527696246206155e+01 1.758261376256813890e-01 -4.683956454645867851e+00 -9.274837103934981286e+00 1.389655387822333443e+00 -5.491485523974002358e-01
-6.696944903827925089e+01 4.585663681215666543e+01 -1.754578212493743905e+00 1.753601074578760333e+01 -8.736302192214138174e+00 -2.147295212828443667e+01 -3.073432702853637721e+01 -1.309425454161461921e+01 -1.669129461647611734e+01 -1.709979968055048261e+01 -1.394228359744416323e+01 1.008914318273617283e+01
-2.121846475562837497e+01 6.218048028089920365e+01 -4.157858786106214843e+00 2.397331277209562472e+01 -2.081745060893437937e+01 -1.489316009030887322e+01 -3.648256028490968106e+01 -1.276530264834969941e+01 -3.239591594403515273e+01 -2.139259036564533289e+01 -4.158767700125815736e+01 -2.645094000722014282e+00
