-1.645904351648156307e+02 5.751580974774857680e+01 -4.929157413575894253e+01 5.717287050638056201e+00 -2.317331130053401367e+01 1.395826491198565478e+01 2.499864661520498466e+00 -5.107843430743214341e+00 3.123011886696730244e+00 -1.294229838728272952e+01 2.809914095850431615e+00 1.176185086584148998e+00
-1.420691138659690296e+02 4.301245202773954190e+01 -4.487637402714527468e+01 -1.494630359875251280e+01 -1.751213839823350327e+01 -2.446413057696173787e+00 8.108450587248347219e+00 -7.918438556426152353e+00 9.714170110798118429e+00 -5.398311027351996749e+00 -7.309444648698007363e+00 6.250335733650052461e+00
-1.328432195217924914e+02 2.998314085076547286e+01 -4.166995621742560729e+01 -3.427112173035717291e+01 -2.227644157875573327e+01 -1.203296274371997221e+01 9.817291534924917684e+00 -7.816863888881513844e+00 8.053841013289007034e-01 -4.316961946096078862e+00 -4.310218810058784378e+00 1.074551053615574325e+01
-1.154911605520059794e+02 2.476217687927665168e+01 -2.343615577725991272e+01 -1.692831398236578977e+01 2.485265369971147997e-01 -2.007573718620284353e+01 1.338478603215731155e+01 5.503423397384068494e+00 6.969410041756436414e+00 -9.554497262046419692e+00 -1.017442583326691974e+01 -3.108479143667461031e+00
-1.008093300209822871e+02 1.432487813488044281e+01 -1.891249036752248713e+01 -2.088106983075793721e+01 5.760620424091431602e+00 -1.529931109374509113e+01 1.571896386985625504e+00 -1.759109341394327286e+00 5.762062378908478166e+00 -5.473606517593990972e+00 -4.574315385827775415e+00 -5.948433529455812163e+00
-1.082963382968397497e+02 2.967879853653502931e+00 -1.746923757803291721e+01 -2.150594577587352774e+01 -9.813539667486411711e-01 -1.848601015814799808e+01 1.552112999084034550e+00 -4.387908798633383789e+00 1.220058794466553298e+00 -1.251938208227362104e+01 -5.639534178560603017e+00 -1.234631093417731051e+01
-1.011730165339760390e+02 1.292915712466078659e+01 -4.954252412842674147e+00 -1.344895305042656375e+01 5.622262594501160393e+00 -2.680414435366580506e+01 -4.945897189661942583e+00 1.017259038739956978e+01 1.765118276044134760e+01 2.162075490560801061e+00 -8.325251656153294988e+00 -2.446284746601754989e+00
-9.705391134353060067e+01 6.567794333474619606e+00 -3.630470234092241455e+00 -2.571567422722348795e+01 -1.574095060754210351e+01 -2.240439539451761419e+01 2.178610372734156808e+00 9.484080327500436169e+00 1.414064593063727315e+01 1.002391092460910116e+01 -2.483840959982687835e+00 -8.091370863928606383e+00
-8.052584554562578489e+01 3.580271938969973533e+00 -2.497103242445958671e+01 -3.479882147901414413e+01 -2.293879685569611837e+01 -1.631404320487796156e+01 3.376348093510546544e+00 6.526173029914300372e+00 1.869589327001350654e+01 1.276977013721566578e+01 2.891497122450091606e+00 3.393693864774671720e+00
-7.542479251069624979e+01 4.664321979864639367e+00 -3.346833831779462542e+01 -3.118460017288892061e+01 -8.665057086165189659e+00 -7.436752550606358980e+00 1.921933012034991251e+01 8.167446079310419549e+00 1.357137099942013947e+01 4.434565834228637371e+00 -9.573929616723892977e-01 -2.109347526071047252e+00
-6.590356544000482586e+01 -1.629279605452538027e+00 -4.807250628617288157e+01 -4.360349408560946927e+01 -1.469640067416258944e+01 -4.354541523078785836e+00 1.897630301557347110e+01 2.158741502445155280e+00 1.066342101623454397e+01 5.193537165814142043e+00 1.101735924309470782e+01 2.176590554225716012e+00
-5.128104738371227711e+01 -1.058705627280615147e+01 -5.083239891307422909e+01 -4.016701839270118057e+01 -4.608508922703881794e+00 8.540616848212723156e+00 1.225644045600681764e+01 -9.682617925087681598e+00 4.930836363716199600e+00 9.887342857197676693e+00 1.410572379058428538e+01 6.587384417924121216e+00
-5.584355371623847475e+01 -1.348396341964129697e+01 -4.923561500273621050e+01 -4.876614705437619790e+01 -6.565682087617439322e+00 1.710315519362288939e+01 1.786147317960016068e+01 4.343882576307848353e+00 1.301797573430875943e+01 8.942714987385773640e+00 1.364727675083840808e+01 2.579388215857913558e+00
-5.422459364660750225e+01 -1.917901278711254776e+01 -5.405642564415572338e+01 -4.345227808429595484e+01 -2.476020443099952573e+01 6.222692977972329231e+00 1.237393273860877585e+01 2.878618964031826266e+00 4.111352827915784935e+00 -1.417346513612606884e+00 1.060312102913105470e+01 -8.761502447071141120e+00
-5.268873147987416417e+01 -1.079821265875449221e+01 -5.440583002916338984e+01 -5.023165431053779173e+01 -1.967964833227783572e+01 -6.404527691336605599e-01 1.682230891875216372e+01 8.795386933730533485e+00 -5.646224374578510119e-01 -4.953688481467972693e+00 2.556523327391607037e+00 -1.042854110169029447e+01
-4.850263660597538262e+01 -1.608558149832430217e+01 -5.743477078182352358e+01 -4.068019211891699172e+01 -1.079232988443651209e+01 4.322328157127649284e+00 2.211234388311091692e+01 1.013621513021144693e+01 9.174915294209286643e+00 9.978966381041068701e+00 8.145218190531613445e+00 3.926995728531095686e+00
-5.321914950002208400e+01 -1.660120295641951316e+01 -6.843758274091443639e+01 -5.386991178255041746e+01 -7.517579760869606886e+00 -5.430559240970590729e+00 1.164018612797132768e+01 -1.623502784258814780e+00 9.250952136885569388e+00 2.229591284796323691e+01 1.260591994552802753e+01 2.861053610800445401e+00
-6.387351601631831244e+01 -1.412720882145224266e+01 -6.218440303319363949e+01 -5.162804276225317324e+01 -8.195999967370259043e+00 2.213139671981407819e+00 6.378699078089611341e+00 -8.156323461309366252e+00 4.738775608824713714e+00 2.744804343777598277e+01 8.073130356571271093e+00 -5.712796326084388809e+00
-8.994075953916127730e+01 -3.086824537645596678e+01 -5.787521578234462538e+01 -4.318363503028835737e+01 9.779840141519393626e+00 -1.094921370244965786e+01 7.396069407597478218e+00 9.083764602778835240e+00 -4.030951054907276898e+00 4.301833224108067455e+00 -1.284033235255322580e+01 -3.233228508721484928e+00
-1.329594727569177053e+02 -1.867773016602761516e+01 -2.470879574177237004e+01 -2.136853091047322195e+01 1.237827438878023223e+01 -1.989920252524949973e+01 1.999854591762093037e+01 1.602044432384569461e+01 -2.377348291972313454e+00 7.340774262978347231e+00 -1.480613907581402877e+01 8.494223958667276975e+00
-1.680595386475440591e+02 -1.435519125381977545e+01 -1.072132519769296977e+01 -1.222997777624064142e+01 -1.517939135997386302e+01 -2.904096090446086365e+01 2.051111770427884551e+01 2.591370338387285344e+01 1.867316812796345982e+00 6.503682887770929177e+00 -1.052004773025711337e+01 6.639867567997956854e+00
-1.875086097902956226e+02 -2.320171139224203216e+01 -6.547573976682663499e+00 5.049758650510234315e-01 -1.614487600466689798e+01 -3.054116077298523635e+01 2.216226581329968681e+01 1.760458885214985258e+01 -4.269421384393791818e+00 1.165259506218138696e+01 -2.602118280392756233e+01 -3.172656627569212517e+00
-1.921890271122651939e+02 -1.788315631027101915e+01 -4.469301561011672419e+00 1.405174742471110605e+01 -1.226065934061403873e+01 -1.018490684036806471e+01 5.985539856084447941e+00 2.542286871208633769e+01 1.721673069250083188e+01 1.165257950860019420e+01 -2.588169707244556861e+01 -5.956183359631149976e+00
-2.165124467937135933e+02 -2.077340638163089537e+01 -2.994449724553495784e+00 1.292570216035217356e+01 -8.358952987788644151e+00 7.122743459796334164e+00 1.152718269121096384e+01 2.497207083334085809e+01 1.244859212507406454e+01 -1.142936590703391175e+01 -3.585551586575925143e+01 -5.562744338403501132e+00
-2.077426272169205674e+02 5.907079714464633646e+00 -1.457076120208016334e+01 -2.909737243902311477e+00 -1.083869526397205973e+01 1.855756984104779406e+01 2.046843855811886215e+01 2.085100173253733402e+01 8.198441742932278231e+00 -1.083290504328789483e+00 -3.441407980644829934e+01 -1.629174093910261689e+01
-2.152558452802045679e+02 5.018522544310116906e+00 -1.596913606948298359e+01 6.719389560912029324e+00 1.340345949205812737e+00 4.089137626888250665e+00 8.360897147217723813e+00 1.882848163099532712e+01 8.868650571254223181e+00 -1.241612679339448189e+00 -3.811348570001577940e+01 -1.349983640141566532e+01
-2.229063578735868703e+02 4.993004605612172853e+00 -7.193000754450240564e+00 1.061022748561834916e+01 1.801084242999679175e+00 2.408859280358471189e+00 -2.182480409273189537e+00 1.912466703675529800e+01 2.899030818413107280e+00 -1.405265829939219557e-01 -3.645266026193915820e+01 -1.241297338870846545e+01
-2.316163700848159692e+02 1.340932672751572685e+00 -6.549865669674074908e+00 2.080372051209907625e+01 5.548227194372133297e+00 -2.127890455151544202e+01 -7.767363025266066145e+00 2.353413227273578201e+01 1.098363085140263706e+01 1.364247959699075352e+01 -3.205224299113214670e+01 -1.684374837285631088e+01
-2.394892766822961789e+02 2.336345911158593136e+00 6.809063541794809993e+00 2.486268437399144915e+01 8.873183314455889814e+00 -1.291973009982550735e+01 -1.813227015060741820e+01 8.155202254641679360e+00 1.022437047225673012e+01 8.504490125928661826e+00 -2.854661357366427410e+01 -1.806743965807009999e+01
-2.272664495140577401e+02 7.457526329016568312e+00 2.273242314145932141e+00 2.418396467643943026e+01 1.282805550167658737e+01 -6.073882107068881986e-01 -5.369128107689402185e+00 1.145820383774067253e+01 1.052671058048751007e+01 6.880854011368750633e+00 -3.550295521220569839e+01 -2.189294324114418799e+01
-1.958380766482331410e+02 -4.191421363708792924e+00 -6.615398126001434065e+00 5.743817800192791090e+00 -1.367012633113563247e+00 7.272055875987078366e+00 6.979755382521222629e+00 8.269536536067624510e+00 1.598402356402030833e+01 1.393843384272686059e+00 -2.667160954022660491e+01 -4.520592153792633461e+00
-1.769185312945411397e+02 -3.261459803573910676e+01 -8.162206589432017267e+00 2.627422149428581477e+01 -1.298571171101067989e+01 -1.930688961429621742e+01 1.902212106016110127e-02 1.913361604748641653e+01 1.881724690413062007e+01 1.654022689929654888e+01 -3.329192936439315531e+01 -1.345458782405127351e+01
-1.575894556693060338e+02 -2.883484179781125434e+01 -1.940559723431233152e+01 7.802920281391388713e+00 -1.950467890221506551e+01 -3.177103721056180774e+01 -9.518575072894783773e+00 3.706344760129847149e-01 1.577874748320514442e+01 -1.556730425076057855e+00 -3.788943925612620944e+01 -2.660595951459571040e+01
-1.401999616073678681e+02 -4.253930221912985132e+01 -2.918372294788917287e+01 2.070977775066653948e+01 4.977994713106012270e+00 -2.462915450736330314e+01 -8.758117479612288037e+00 -2.932748435381455909e-01 1.437502381874585744e+01 3.875848445866370007e+00 -3.044595056975005321e+01 -2.531433599482296870e+01
-1.428118984960575801e+02 -5.630885416403583577e+01 -4.794711915325194695e+01 -2.557186148296729744e+00 -7.435240568119711568e+00 -2.756511166154545123e+01 -1.309952030662149447e+01 1.637328559973029174e-01 1.665919842864836298e+01 1.013793821578507170e+00 -1.919131059403740025e+01 -2.466814408608740194e+01
-1.159847382591489122e+02 -4.071411969099294481e+01 -5.309969235509608154e+01 -7.481653124898512530e+00 -4.273795948998769134e+00 -2.212841908010904035e+01 -1.538807734340291589e+01 -1.381058897225612903e+01 2.710626186288358497e-01 5.288747729284478005e+00 -2.432265747890947694e+01 -3.103791778031967397e+01
-1.069041327451859473e+02 -3.017150199499968721e+01 -5.850103708425904614e+01 -2.308604424160570545e+01 5.124196198112240808e-02 -1.710043772081288793e+01 -3.584935447000025732e+01 -9.934194651286357924e+00 -2.230501662990280742e-01 -1.180213311684426891e+00 -2.276536610649523595e+01 -3.370820074504131014e+01
-9.969918667979131044e+01 -2.311879045097369101e+01 -4.903259012391296778e+01 -1.490705761151780351e+01 -1.938785227017469914e-01 -1.065941383357585082e+01 -1.292997312333270976e+01 -4.454915254881441911e-01 2.624377684766274754e+00 1.435907895249981436e+01 -2.175411556637911303e+01 -3.271510730079332063e+01
-9.738817628225275769e+01 -3.105360400068904170e+01 -5.703543602401634871e+01 -2.009165474114207228e+01 5.248585760025936686e+00 4.569517992077112289e-01 -1.701628716724368928e+01 -1.491322695828547218e+01 3.641148173529629162e+00 1.129331280012229044e+01 -1.053178037847244752e+01 -2.624867350076725714e+01
-8.388393399557060093e+01 -1.870795436135538381e+01 -4.992535053697869785e+01 -1.033848437972960355e+01 -1.253419261450060551e+00 -6.451916238101386369e+00 -2.982322088475038768e+01 -2.747614332869019194e+01 -4.956113975040352670e-01 2.085967515828997065e+01 -2.129191205199581560e+01 -3.179638543585140553e+01
-4.345536368774200753e+01 1.407668154102607083e+01 -2.600875178927369191e+01 -3.308440310934575024e+00 -4.824205441055814170e+00 -9.553361025581802224e+00 -1.915272479280314855e+01 -3.420553906571136338e+01 -1.565197843476235917e+01 6.224005688595914521e+00 -2.335138428782017428e+01 -2.431750674748636243e+01
3.084820962582016435e+01 1.582131474404125981e+01 -9.936387596808147293e+01 -4.623020278933722693e+01 -4.023703298505850512e+01 -2.459084931875893432e+01 -3.213540892824454431e+01 -5.375004603778324963e+01 -3.811452121161337203e+01 -4.902620559599828454e+00 -3.314792687265533289e+01 -1.992591335113677076e+01
3.981075740529736606e+01 3.470326926368274556e+00 -1.165988285200638472e+02 -2.145829286334410568e+01 -4.020372805191637156e+01 -1.739291855875704229e+01 -2.458277196381153828e+01 -5.093479616726902037e+01 -2.178095899702805482e+01 8.659997901218318361e+00 -2.713315139559698963e+01 -1.954282457402121054e+01
7.118485044529334971e+01 -1.516225269458187341e+01 -1.068548306996023882e+02 -1.358173235090492526e+01 -4.636653906989923257e+01 -6.136885204279669992e+00 -1.775946109078734381e+01 -5.714611551470490980e+01 -9.256639222219689600e+00 7.629969010517746675e+00 -2.588296317040105521e+01 -1.464850086815673968e+01
7.243956136918285438e+01 -2.335469107682309797e+01 -9.666267762267125363e+01 -1.638852769219829497e+01 -5.782673524031193324e+01 -7.103259608994691554e+00 -1.572812037171955524e+01 -6.647483094405593818e+01 -6.875037704900549329e+00 -6.037602935343420185e-01 -2.032349552541329984e+01 -8.984763381122165882e+00
6.508752400022814300e+01 -1.247916670421392737e+01 -9.163763883721301795e+01 -2.170966268002775834e+01 -6.151665410668749701e+01 -4.345096922007241957e+00 -1.320895370000805080e+01 -6.204073841385525867e+01 -3.649843614093150279e+00 -3.111241157678346525e+00 -1.709586063628075436e+01 -7.236476212144085984e+00
7.248939651158886477e+01 -1.692676666663989948e+01 -8.551993244504825498e+01 -2.124827475697764356e+01 -6.486020887692075121e+01 1.224655600938765154e+01 -1.440786081680065678e+01 -5.312005561666971687e+01 -1.829948606314848458e-01 -6.661187711892969432e+00 -1.180573568122433414e+01 -3.560761110050069789e+00
6.770023971967982845e+01 -1.076858099977646788e+01 -8.213672722305436480e+01 -2.282753942579572382e+01 -5.915276910445906822e+01 1.435514151676628458e+01 -1.036526184595265221e+01 -5.732194650803084812e+01 9.002596477210936143e+00 -1.585955841981422809e+00 -4.633723032437606193e+00 1.174429855042351534e-01
7.099687016286723917e+01 -1.179468389716797994e+01 -8.530539736815477170e+01 -2.132693237715264445e+01 -6.299923346115502909e+01 1.296386875700749997e+01 -1.726693820124345535e+01 -6.115326551168314495e+01 1.096937564431042134e+01 -1.035473451141862355e+01 -5.233587738740554052e+00 -5.545438724618126258e+00
5.781908691355656771e+01 -3.130639641030892051e+01 -8.884448907493042213e+01 -3.363105751354722628e+01 -7.626556212446482164e+01 8.816973684393030197e+00 -4.438225458620767938e+01 -6.031959657849120759e+01 -3.396835006358670750e+00 -1.261448719971093269e+01 -1.108266500218701367e+01 -2.037404192425111660e+01
6.304296410884369806e+01 -2.479632060572302521e+01 -7.743365511652177702e+01 -2.249312035869956006e+01 -7.354345648541443836e+01 1.995558287898954930e+01 -4.790078733814662826e+01 -5.279854290089492963e+01 5.271004978107329819e+00 -7.627681182324987930e+00 -5.337371928935096044e+00 -2.469430705644431967e+01
6.594206288698079277e+01 -2.413310831336109530e+01 -7.356454425634552763e+01 -3.155840053200383011e+01 -7.381444042972458419e+01 7.217994599859471450e+00 -5.075029431505394939e+01 -6.405133410671663796e+01 1.396421581893527986e+01 -1.361252201815707252e+01 -4.916231212702596665e+00 -2.407763064032115352e+01
7.774608332672796962e+01 1.114097804025245253e+01 -5.641121324124859626e+01 -2.315774365590715078e+01 -4.958231546906944232e+01 3.587605345905007681e+00 -3.783380432591780362e+01 -7.289383149578539189e+01 1.416305813213815323e+00 -1.655212938223381514e+01 -1.235456164827146175e+01 -1.444264661766537472e+01
1.024106555945814563e+02 3.128913637332797038e+01 -6.827009145634281140e+01 -3.088256413228437225e+01 -3.828572371441958921e+01 -4.531921639446319539e+00 -3.114989856807198265e+01 -6.268382008952757900e+01 -2.036743992851182838e+01 -2.287618346639172984e+01 -1.915935415941149955e+01 -1.952940818508153598e+01
1.082030468003072770e+02 3.150616297660848986e+01 -6.191153641365158933e+01 -3.272293303855920499e+01 -1.949988296179581226e+01 -2.766549262770510609e+00 -3.231914738171035850e+01 -4.120091015289109038e+01 -2.291120705413404224e+01 -2.294392550686290377e+01 -1.580497182245863819e+01 -1.984205084409867226e+01
1.139543956329255820e+02 3.398374632658866545e+01 -6.042885194609259258e+01 -4.454856509817216903e+01 -2.543919669495785740e+01 -1.149343420451957698e+01 -3.338677570411226725e+01 -4.458876152247163560e+01 -2.094405649351643461e+01 -1.310728873770066016e+01 -2.333178978102344558e+01 -2.440406413094363813e+01
8.737858487379227768e+01 3.393970010753685074e+01 -5.343021146887534201e+01 -3.697778506481436978e+01 -2.915389034758239006e+01 -2.295052193575473254e+01 -3.149275215375462622e+01 -5.511910405843958927e+01 -2.788664372838296757e+01 -1.521727196989915321e+01 -3.293729364670076620e+01 -2.237354869097023879e+01
-5.922692317289091335e+01 -8.163225042705283485e+00 -9.220628083659407892e+00 -1.540971056915593351e+01 -2.947396172129442249e+01 -1.345297287084418869e+01 -2.619349674135243333e+01 -2.878765327362158288e+01 -2.011311750537567988e+01 -1.408311459396320942e+01 -2.552027254659839173e+01 -1.731432822997392407e+01
-7.172533353413318480e+01 -5.419900608722335811e+00 -3.698575937679748460e+00 -1.632639483559669102e+01 -2.958667128170156957e+01 -2.226285391166316430e+01 -2.163552118110038691e+01 -1.747844278052309974e+01 -1.073661989742158696e+01 -6.810097618036869527e+00 -2.831549377793799138e+01 -1.981747357330378279e+01
1.943905776524023565e+01 -2.000399974904010492e+01 -4.757805534782634993e+01 -1.245936910693916033e+01 -4.216100229672052535e+01 -4.379010331444467852e+01 -3.525821121815712900e+01 -1.900556286849536747e+01 7.000236430369906060e+00 -5.803512614894682287e+00 -2.521323188347689026e+01 -3.038522939061833839e+01
2.034143651000563224e+01 -4.523780049834710582e+01 -4.779314566865100034e+01 -2.965934195757471414e+00 -5.898509758878989118e+01 -2.899360053146084937e+01 -3.859296685424303064e+01 -1.205613202237870496e+01 1.228714593468263416e+01 -1.762437008241894887e+01 -1.763246650117778103e+01 -3.194530622577841683e+01
2.725860255874850679e+01 -6.632846089089096608e+01 -4.348548316422858306e+01 -1.046131391822303414e+01 -6.990254364580165714e+01 -1.650765850832659254e+01 -4.846473315789471314e+01 -1.553185207797361755e+01 7.807141070191878640e+00 -2.889299508432189612e+01 -1.827174492863431254e+01 -3.633677001958299968e+01
2.189829141059348672e+01 -6.951469652934926557e+01 -3.291586959191496931e+01 -4.837517413567471891e+00 -5.679257815977791068e+01 -1.183993326692720238e+01 -3.745286849495560944e+01 -1.467919933569005586e+01 1.038076631071828260e+01 -2.564713766561146002e+01 -1.121402339489054611e+01 -2.623431191211414415e+01
1.110368808099831206e+01 -7.225284121851123587e+01 -4.131251827876249649e+01 -2.458417684869496966e+00 -5.237866931840795104e+01 -2.085650638324708694e+01 -3.996804235587047316e+01 -2.835736199638910904e+01 3.063574504417124089e+00 -2.229942626841500442e+01 -1.462037558610618504e+01 -2.152879500789907041e+01
1.037408492415155337e+01 -7.898307888010928934e+01 -5.420046168025315581e+01 -7.653487295624115561e+00 -5.198249094386542879e+01 -2.547634505662321303e+01 -3.900901017931736448e+01 -2.815280864560632068e+01 4.966784116775418312e+00 -2.025899141680937277e+01 -2.315541526751666623e+01 -2.245939553404500799e+01
1.921862791009649385e+01 -7.863545345217087856e+01 -6.048131782269894074e+01 -1.156225863003913013e+01 -4.544446118038122506e+01 -2.689796733517202654e+01 -4.129213384589185409e+01 -2.703083938693314536e+01 -5.601984930248260497e-02 -2.036596060742384040e+01 -2.633668282146622275e+01 -2.530674036985259789e+01
1.710885899385473508e+01 -6.116269242460417388e+01 -6.420637348125269739e+01 -4.539525410375762071e+00 -4.804033485967680406e+01 -4.129307529415295619e+01 -2.540699078305992487e+01 -3.093044577763134129e+01 -2.194094183513205731e+00 -1.634144088066146594e+01 -2.311691618845010154e+01 -3.075760380164053487e+01
8.634344684176557649e+00 -4.436967983878460586e+01 -6.162136548545959869e+01 -6.868596815997737082e+00 -5.667879968974641969e+01 -4.233118197802825478e+01 -2.614242928813357381e+01 -2.886321005887916868e+01 -2.799151656619198292e+00 -2.059165019277021713e+01 -3.564773099456022720e+01 -3.850459773700104904e+01
2.108950794974210652e+01 -2.826956754450680265e+01 -6.388597791321210906e+01 -2.789310957573972516e+00 -4.364731492179072347e+01 -3.059122971541750147e+01 -3.401131945533771272e+01 -3.436873089252794955e+01 -3.059393453318375578e+01 -2.198312717649883297e+01 -3.670866285133671880e+01 -3.595830208521826421e+01
2.453816620010545080e+01 -2.788874695339804788e+01 -3.952545719792497891e+01 2.306360028467229739e+01 -3.199795388254590378e+01 -3.117603755186000924e+01 -2.049555476106735341e+01 -2.520660176618676118e+01 -2.448895850224000981e+01 -1.272529844878748762e+01 -3.413123302029082851e+01 -3.284028198636873697e+01
-1.123992733900277230e+01 -4.857922469734839410e+01 -4.444834383642103148e+01 -2.657280915082916195e+01 -1.497153247515491259e+01 -4.862467671167864580e+01 -3.173400049944924461e+01 -1.221501356723402054e+01 -2.479160420684067390e+01 -1.029911712400264889e+01 -3.385360626447263144e+01 -3.860809369285768611e+01
-3.783314645442061419e+01 -4.081714671535419825e+01 -3.214083780927579426e+01 -1.663734534952236288e+01 -1.669321954742387248e+01 -3.997330867305375079e+01 -2.828925781785510551e+01 -6.503734214921752077e+00 -1.951874979858801495e+01 2.590614414009348110e+00 -4.260122085979392637e+01 -3.234907933942204750e+01
-6.988704854854361770e+01 -3.830708418294276640e+01 -3.893958293127115411e+01 -1.583264820920684457e+01 -1.517899200879660171e+01 -3.738059120922024192e+01 -3.023575233721382460e+01 -2.709648108037570324e+01 -2.125855783940616917e+01 -5.847633657363257242e+00 -4.845877313803059394e+01 -2.420815564449608814e+01
-6.481815843547923350e+01 -4.270174672823587514e+01 -5.088258654716380391e+01 -8.389215941502332186e+00 -2.412928543271281256e+01 -5.808813989809129197e+01 -3.592794100051080619e+01 -3.182916900793438231e+01 -1.716617715837917402e+01 -1.940299940026363856e+01 -4.723778540741822241e+01 -1.173228542247293049e+01
-7.453618053454826509e+01 -5.454054425806583595e+01 -3.226104962507269391e+01 -7.806545150064694738e+00 -9.237309116787567831e+00 -4.474325044561302889e+01 -3.251130712038079196e+01 -2.608186444777906488e+01 -5.402984318369297156e+00 5.408514851935967371e+00 -4.031024819356281341e+01 -2.182253672481482809e+01
-8.283548113559263015e+01 -5.262355096749812589e+01 -2.134314456022063666e+01 -2.007520766198188866e+00 -1.510894587641121767e+01 -4.467150831158328828e+01 -3.229866545537753098e+01 -2.493986307737471364e+01 -5.528701470265214191e+00 -7.480296125635702786e+00 -4.281943511761623711e+01 -2.960298500620147877e+01
-7.837805383829947914e+01 -4.889255329089250779e+01 -2.713108354639957298e+01 -2.266884608632154130e+00 -2.493628863229142212e+01 -5.560365453382213730e+01 -2.143686339416288789e+01 -1.487367780102955805e+01 5.416617030142854006e+00 -5.050008942265721279e-01 -3.812792316809181159e+01 -1.502197189201443273e+01
-7.679089890696289444e+01 -6.354842218046242408e+01 -2.769259864536458338e+01 9.015795661426728724e-02 -2.200448322167803994e+01 -4.819370913736260320e+01 -1.911090348691765683e+01 -1.045287797848247280e+01 5.064043856770759966e+00 8.845501579781512191e+00 -3.241311920575726901e+01 -1.058059086853728203e+01
-9.737736280881694029e+01 -8.161139241654313992e+01 -4.404849203913122579e+01 5.810979907561590885e-01 -1.610738135281391692e+01 -3.429058200353544805e+01 -2.319912538311977812e+01 -1.597239576454068732e+01 -9.531544981884894074e-01 7.927351549576610701e+00 -4.393219056142973500e+01 -3.005105362557121396e+01
-9.575845834204025664e+01 -6.943816508721640446e+01 -4.099169742951460194e+01 -4.027741203032566553e+00 -1.628288820144121019e+01 -4.995931093162009518e+01 -2.532900956880427046e+01 -1.447154791393862183e+01 6.258670010101208270e-01 1.103312377518343723e+01 -4.376373500327766664e+01 -1.606122215743053161e+01
-8.637119253001529273e+01 -6.576259815863303970e+01 -3.993011078231100441e+01 -5.237313414258333744e+00 -3.177482813033930853e+01 -5.465355036640059438e+01 -2.491314850236650003e+01 -1.527801693373537795e+01 -2.551259295415204686e-01 1.796355778044476992e+01 -2.346866993438758442e+01 -1.686148926611049603e+01
-7.907979339546125175e+01 -6.249668514216881476e+01 -4.051370404096808642e+01 1.820366972712026632e+00 -2.833986824929699821e+01 -6.169793947452014748e+01 -2.236897206581372899e+01 -6.370555615952435247e+00 6.330474296907206977e-02 1.962684577359679849e+01 -2.652667818066657190e+01 -2.241815995913545123e+01
-6.885894123948965273e+01 -5.575307198289865340e+01 -4.254191606158352101e+01 -1.750904418588653755e+00 -1.451540260225815970e+01 -5.077507475664798164e+01 -2.709212112302183684e+01 -1.801794577115753526e+01 -7.431753320550419595e+00 2.177857246990253159e+01 -2.947572940150816123e+01 -2.119084621209686503e+01
-7.268160045383400814e+01 -7.132848779543100193e+01 -5.011085433673465417e+01 7.472918001334281080e-01 -4.354617416635718996e+00 -5.896870075983557058e+01 -2.805389389342519735e+01 -2.457356491636985041e+01 -6.646498969581047689e+00 2.915113968625021457e+01 -2.358154363248269547e+01 -2.831038532519296069e+01
-5.671138848780182684e+01 -7.372799089697028307e+01 -3.516129607468745633e+01 -4.577685920927079266e-01 -1.727696646130026936e+00 -4.743839480328281155e+01 -2.070628708332958468e+01 -2.491410485715900336e+01 -1.477633841787267244e+01 1.931281256174954919e+01 -2.224780992180928507e+01 -2.800710248087569454e+01
-6.642589467870695330e+01 -8.269669959178771990e+01 -3.758171066736283450e+01 -2.465350034867045181e+01 -1.564508989777533188e+01 -5.935177951620770642e+01 -3.105770529924192402e+01 -3.217529651968483506e+01 -3.382057065243709637e+00 2.480676914926433341e+01 -1.333952370630650819e+01 -4.057158743742645868e+01
-6.362688267978234080e+01 -6.309243754280377914e+01 -2.535534005236354460e+01 -1.564739787995886999e+01 -1.600431621063732024e+01 -4.176881211457194354e+01 -9.677860076059131345e+00 -5.689051735632802753e+00 1.128376982386732763e+01 2.751711595903637075e+01 -2.144954885424841251e-01 -1.747670540798949901e+01
-4.996724694245166631e+01 -3.963107754347976197e+01 -5.264377965219160238e+00 -1.402381260816137321e+01 -1.971177105518697203e+01 -4.979748140456896266e+01 -2.000691515169782519e+01 -2.588923338983190092e+01 -6.611083313236173709e+00 1.940306535463981774e+01 -3.719404567259696925e+00 -1.489921092609499098e+01
-4.521919619926687517e+01 -2.017100800763141066e+01 1.387768023274512963e+01 4.908450295008237596e-01 -3.647865574970505520e+01 -6.258756101043378806e+01 -1.300569071344637351e+01 -3.974417154048310863e+01 -1.584004115415688752e+01 1.259899209083063099e+01 -1.144254353743692043e+01 -3.582254338121886406e+01
-4.318918112992655267e+01 -1.640478845437553801e+01 -1.306835096554924247e+00 4.740546044979027762e+00 -4.075720628572474880e+01 -5.165486399700034781e+01 -1.311094529387235497e+01 -3.913355436324987835e+01 -1.787895139777477738e+01 7.602434615525748285e-01 -1.242534633392148358e+01 -2.010941542749760558e+01
-5.683860619037893969e+01 -4.057363455423700138e+00 1.239129371921071687e+01 7.834140705593358511e+00 -3.233434047769434017e+01 -4.000506560418443769e+01 -1.672835364401842995e+01 -2.781730099501711706e+01 -9.396523504879633393e+00 5.629225336503353105e+00 -1.114020523141996399e+01 -9.960963216685360777e+00
-8.254824180112765930e+01 -1.206225621403624082e+01 7.393475276381598071e+00 2.382064098101928096e+01 -7.744616434399966387e+00 -2.046611011454907825e+01 -3.454228276141434462e-01 -2.468946434122863920e+01 -1.663959324557054842e+01 -1.295138759783333526e+01 -2.085937091654126974e+01 -2.471607647401172159e+01
-9.310624183741175841e+01 -1.265955872239663904e+01 -2.791658831544488351e+01 -9.843276327775665635e+00 -3.408398618606039321e+00 -1.289143593259182197e+01 -4.011088384766457793e+00 -2.276464264787264824e+00 2.670997879777130990e+00 -1.472937297956840830e+01 -1.555486434263592166e+01 -1.852425109908024581e+01
-8.919491968820452144e+01 -2.182927005204257043e+01 -2.985644191742367681e+01 -1.143771983698957229e+01 8.090624898528824271e-01 -8.284221869997356436e+00 -2.585622958045357578e+00 2.133951609159433715e+00 1.030796006804712128e+01 -1.265929918673341525e+01 -7.397086197168343702e+00 -1.108825504669627149e+00
-1.149531446765652021e+02 -9.733366274519278605e+00 -1.737872243003874928e+01 -1.039204975472989823e+01 6.843607406367291368e-01 -1.846747404388475644e+01 2.029520388528164521e+00 4.920098816596754077e+00 2.272305058103463793e+01 -9.094393990167775499e+00 -1.269576869275175923e+01 -8.391514908871972267e+00
-2.326540166770134022e+02 3.021308041150893331e+01 -8.356121862684929624e+00 -3.103367946031541891e+01 1.590359123645476558e+01 -5.349966201784944531e+01 2.971170125727219613e+01 -8.262791140218768149e+00 1.770938873631342503e+01 -7.269934744730564447e+00 4.867237115925883373e+00 -2.236360610378128655e+01
-2.851439715510990709e+02 -2.473566239626189400e+01 5.918687459809321183e+01 -2.796106401049959800e+01 -2.259174675261929366e+01 -3.021778187159547713e+01 1.456719198664734272e+01 -1.846617402055644419e+01 2.141741473991578459e+01 -8.347988351464472601e+00 1.115218563394430973e+01 -2.274669419553658400e+01
-1.975747749840124072e+02 -2.576123866560631015e+01 6.633583677979351023e+01 -1.804127517522433521e+01 -1.521785840128407408e+01 -1.558924972817557375e+00 4.035886806378464087e+00 -5.544456637779066277e+00 5.218411416969237493e-01 -1.594039890870314835e+00 5.356445747370681687e+00 -2.540637703731461627e+01
-2.543618677354871238e+02 1.977079104401372689e+01 2.647488424089188896e+01 -2.695336223910498319e+01 -2.436031958991474511e+01 -1.261920328048688589e+01 6.865277107811038171e+00 2.103065062916234140e+01 -6.384196452805170452e+00 -9.245500814457880523e+00 1.686888664165122620e+01 -2.907646891633202557e+01
-2.317016844470991828e+02 2.072860857373945720e+01 1.185779693971838178e+01 -2.542338068934515860e+01 -1.739564715487638225e+01 2.710507141424810307e+00 1.907032177250923510e+01 2.029010994531710566e+01 -5.113993538694693086e+00 -1.416855792475902653e+00 1.852119467604065761e+01 -3.203892144463480207e+01
-1.718886039643392678e+02 1.024649860830712811e+01 8.054131378396428786e+00 -3.999063499647762399e+01 -8.704978368945866407e+00 -5.608005151088349294e+00 1.690626356345180170e+01 -1.358423045992498857e+00 1.146595421920126423e+00 5.110995478216238119e-01 1.593027526566239871e+01 -1.863387361071924886e+01
-1.487258922616085215e+02 2.230797903304167917e+01 7.891159595575885533e+00 -3.316908831880575548e+01 3.444000523183265106e+00 -1.509622483546161931e+01 7.617001159513932862e+00 1.350946250161213058e+01 7.100008764734075939e-01 -1.166516156350699696e+01 1.692376415730756989e+01 -1.563303927273519633e+01
-1.363747291273757583e+02 6.428774884443491544e+00 6.004036417140216741e+00 -2.967390458638098494e+01 6.448428960634749352e+00 -9.588694368288450676e+00 -1.031120667355820153e+01 3.632563137924663899e+00 6.568003540333268830e+00 8.203910192887593489e-01 1.037523756211054149e+01 1.245144807732947001e+00
-1.485721891346220787e+02 -1.308102982376688672e+01 -5.271258065083660682e+00 -2.242595533485443227e+01 9.905872756204768592e+00 1.464569688145544557e+00 -7.833053943271132802e+00 -1.036955050567078196e+01 1.411929215851431962e+01 -5.701081139659302188e+00 1.048692872882863725e+01 1.844617777231359612e-01
-1.303557539145301689e+02 5.215382573680992451e+00 4.492845568015421343e+00 -1.455453592424944276e+01 6.184040086324263719e+00 -1.696964104576315435e+01 -1.221215894315061234e+01 -1.721891849190919288e+01 4.133810889612867356e+00 -7.594255764800076136e+00 1.009549039923654412e+01 -3.089455420252209095e+00
-1.261247061075287377e+02 4.951656640652708496e+00 -1.092998213977769240e+01 -2.106372887217623457e+01 -3.985023797413663527e+00 -1.177076063889525415e+01 2.064575171048359081e+00 -1.485274928549998563e+01 2.944384481280190702e+00 -9.179332357146265053e+00 4.989442455862114212e-01 -2.201094445881605566e+01
-1.200234585665405120e+02 -1.474096219616747305e+00 -7.642819867608473317e+00 -2.378982577638874574e+01 -2.310041254383135723e+01 -8.900460628887129744e+00 6.121030355895163311e+00 -8.691934659693204779e+00 5.862959872696480446e+00 2.752473822518085367e+00 1.359418541843323069e+01 -7.698641245349726603e+00
-1.117318235793878074e+02 -1.438632675152645479e+00 -1.219329630308034673e+01 -8.833289578483661586e+00 -1.598366378601372517e+01 -1.800120002848984768e+01 -8.891956076052411007e+00 -1.134281941036567787e+01 4.279864646922328930e+00 -3.471021217187589158e+00 9.967406117477974448e+00 1.063925952957016197e+00
-9.609018311618925168e+01 -3.482207934711289088e+00 -1.381491339173423150e+01 -1.734690423046123442e+01 -1.455719116143127678e+01 -1.509051786234173687e+00 1.339906941321069356e+00 -1.052669352369253986e+01 -1.555561714977182763e-01 -6.103424881755655784e-01 3.367606565704620358e+00 2.361718056491183937e+00
-9.593333783500702339e+01 -1.084955498796998441e+01 -2.209306837734056117e+01 -1.919218227509511365e+01 -3.098606458890016402e+00 6.134768976011363506e+00 -6.494578680478717558e-01 -1.978655976392548510e+01 -6.547872736764945856e+00 -2.481568206135950749e+00 9.389921537534446472e+00 -7.532298087882399074e+00
-1.035448278509370397e+02 -1.757228367381074463e+00 -1.303471585157267754e+01 -7.679087262672611658e+00 -9.867285454864758165e+00 -2.222975915619658682e+00 3.708234317014293957e+00 -1.447953492204884540e+01 4.548609043802595231e+00 -1.458226830032100985e+01 -1.774984474073474150e+00 -2.580179407722961393e+00
-1.000835731347647197e+02 1.168234873512534744e-01 -7.776371388937354467e+00 -3.886641302646002050e+00 -1.617345360764299045e+01 -1.445246911928440703e+01 -4.380059418444053776e+00 -1.643751638062784082e+01 1.045549323440642553e+01 -2.418854123369696296e+00 9.689661191520189121e+00 -3.211870961190388396e+00
-1.019982533627325267e+02 -5.991703755275791465e+00 -1.983219063251580394e+01 -2.166559338124175227e+00 -1.048078281057345151e+01 -1.857782044654751985e+01 2.628002478453911550e+00 -1.613320957511455234e+01 1.044522783275602507e+01 -4.247539663184758396e-01 -1.051786970390968357e+00 -1.815836875466575506e+01
