-1.143268527648477857e+02 8.652628365948974221e+00 1.606643620726249111e-01 2.316999713163132313e+01 -2.805616393063292691e+01 2.750861866175958426e+01 8.161214135692073768e+00 -5.157639186035245515e+00 1.456498344599489059e+01 -1.170307512135546091e+01 7.453786334768818023e+00 5.804406023058882980e+00
-1.206117342902820155e+02 -1.531713074939217378e+01 2.016130999783151623e+01 -1.674234315649827209e+01 -4.325562898229932784e+01 4.432691569585639257e+01 -7.123177070000178190e+00 -2.678602883726481565e+01 8.241696773594219039e+00 -2.828056757551204825e+01 -9.644118681712393615e-01 7.066343227029752150e+00
-1.362605332972557903e+02 -1.360427401589270247e+01 3.384912485058223552e+01 -1.596336259276140623e+01 -4.173777435867017971e+01 5.259619583763124240e+01 -1.746084634741387021e+01 -2.046186248937882368e+01 1.666190099283862125e+01 -1.811341107523361771e+01 1.860184532376565780e+00 -3.518105136175121217e+00
-1.362390940505155754e+02 -1.835663877848769232e+01 4.732844061794608592e+01 -1.893409021329175701e+01 -5.077267454752463038e+01 3.039906243501346950e+01 -1.427643355160195782e+01 -4.524591736598847724e+00 3.118248415929393502e+01 -1.257272902094555178e+01 5.823036370391184491e+00 9.818015642352342809e+00
-1.426252111772110709e+02 -2.199480710452774446e+01 4.204221069959781687e+01 -3.702524518459323133e+01 -2.911292018136834159e+01 3.188736698636677147e+01 -1.522042823058432859e+01 4.961090444936164801e+00 2.958689678413272972e+01 -7.893643404163899646e+00 7.705566293940758982e+00 1.289848271855671413e+01
-1.478242135859458699e+02 -3.748150034212680737e+01 2.009095437024734565e+01 -3.102646999420179696e+01 -4.616017596129289302e+01 2.553382957557438715e+01 -1.879942712928971460e+01 -1.678520390758180270e+00 2.462880200127116126e+01 -1.697255388272575871e+01 2.803963356911678417e+00 7.597269953624278038e+00
-1.202435547477590205e+02 -1.103025130120825281e+01 3.095459292861475475e+01 -1.718567892167810385e+01 -2.173319352018809525e+01 3.631933290267149061e+01 -2.210183132737103051e+01 -1.732672795354699957e+01 1.752821168416777198e+01 -1.431891121396774302e+01 -2.599162305507874748e+00 1.170970064668125410e+01
-1.538969459520070586e+02 -2.614321051848768462e+01 2.524656315307526810e+01 -3.949093709697405785e+01 -4.478380639318592671e+01 7.073957174473084919e+00 -3.655090246325194414e+01 -3.583656023942902635e+01 1.007353046358618087e+01 -2.284637174554285721e+01 -5.899356704205208857e+00 -1.103633212003589659e-01
-1.610524113945145075e+02 -1.768658784489479530e+01 2.058673001848608308e+01 -1.704181997389011372e+01 -1.335732828873260614e+00 5.293829705213013881e+01 -5.134774185714582551e+00 -9.671854992970853715e+00 3.180329697462346772e+01 -2.598670158245873552e+01 -1.103506162298220517e+00 1.312224326348060188e+00
-1.546862721395057747e+02 -2.688358525918192576e+00 3.280463967140192239e+01 -3.129257884533308953e+01 -2.681409876699069272e+01 3.601078838980786401e+01 -2.012820528179352664e+01 -1.359491644151047396e+01 1.685939551202985953e+01 -2.988326815088336730e+01 -1.103961441630901819e+00 -6.422617519449892676e+00
-1.506441852723990564e+02 -1.127098912864514979e+01 1.805004356352301542e+01 -1.564407478710529631e+01 -2.206126635057004393e+01 3.725030593791903755e+01 -1.925823159440480836e+01 -5.552590868761713594e+00 1.460587423117981665e+01 -1.789956210772744427e+01 3.851130687309022083e+00 2.965412341981621402e+00
-1.431816312414334789e+02 -1.706693521549610182e+01 9.254352162833857420e+00 -2.695512137495203930e+01 -3.140264456462793063e+01 2.733853085347099565e+01 -2.839447135760086738e+01 -8.121159650654924178e+00 5.311148908761659015e+00 -1.812011928002167238e+01 4.703962200187263853e+00 -9.792615237386768090e-01
-1.692546034343721431e+02 -3.683185324178200659e+00 2.116031330320608816e+01 -2.130729000529487394e+01 -2.036540305151267205e+01 3.605344360709376872e+01 -1.970093187121091560e+01 3.904200270927516758e+00 1.445357101154381851e+01 -1.188677333668167790e+01 4.872270351667172150e+00 4.806537157429152884e+00
-1.666044846668776245e+02 -1.040952580654127857e+01 1.645540526498450262e+01 -1.637752436615678420e+01 -2.634421208376532775e+01 2.748429742439373413e+01 -1.053737202940246043e+01 -1.503944853570721918e+01 1.072767434812020149e+01 -4.447279591318208958e+01 -2.092152585160537370e+01 -1.318939739618197748e+01
-1.548120304782682979e+02 -5.151675304123466859e+00 1.947245853181269482e+01 -5.608355887195965117e+00 -1.558316514538293518e+01 2.504698886440784023e+01 -1.691919654792988936e+01 -6.663824080975494724e+00 2.121151442803716947e+01 -1.764695627450385018e+01 5.517523302044819111e+00 1.200529740559076508e+01
-1.651540909164610298e+02 -7.570772204539210293e+00 -3.198799750939009812e-01 -1.533362013294815362e+01 -1.192540981651791654e+01 3.076265247006840653e+01 -2.183687393394187382e+00 -4.851163423010361520e+00 2.018986229811895328e+01 -2.933727182145676693e+01 -1.201494890516417691e+01 -1.262094246701305522e+01
-1.249038371273320536e+02 6.789003340405146858e+00 8.466747359759105862e-01 3.532011916219834458e+00 -1.779047234819885759e+01 1.573965930049639539e+01 -3.041824456223610973e+00 -4.662545027211435489e+00 1.694957449347908707e+01 -1.800731297423015675e+01 2.305793042367143109e+00 2.808533963382111587e+00
-9.854089348659439906e+01 1.930383357979915004e+01 -3.254584209938285788e+00 1.498798518210888275e+01 -2.110456502914631827e+01 1.884249284858806561e+01 -8.677498610828404679e+00 4.839060846691021212e-01 1.479577909099417710e+01 -2.032324736740754645e+01 3.452951724609416573e+00 1.729952950294720182e+00
-1.144273392863299250e+02 2.173280438171493500e+01 -9.519552892087476792e+00 2.392005624306185751e+01 -2.208287420481625674e+01 1.793388234891104105e+01 8.204152518705164709e+00 3.898001901140633052e+00 1.733274025121709272e+01 -8.773015052375907175e+00 1.290237710881600108e+01 5.819244642880252449e+00
-1.245290632092146410e+02 6.431832797692157655e+00 -2.490128578950529459e+01 1.083490164892483776e+01 -3.248520743172661440e+01 1.584652142021019117e+01 -2.903626337642450039e+00 -9.110048114655981522e+00 -1.706386962919282713e+00 -2.234332145052106711e+01 2.682070801615323852e+00 -2.767213686276441820e+00
-1.764198851956512897e+02 1.544674010410420095e+01 -2.503991695704150544e+01 -1.089398272506183218e+01 -5.675723824005786611e+01 -6.303832741109679505e-01 -1.555167457168611378e+01 -3.359903631252382894e+01 2.243346448281755201e+01 -2.686218440158984677e+01 3.492913605950320743e-01 -3.702646719995184910e+00
-1.117792204417754647e+02 4.994770200255671000e+01 -2.100415334615640717e+01 1.158338167322706447e+01 -1.833191918780084961e+01 6.397809737242139860e+00 2.134223235386662765e+01 -3.971270160597677545e+01 2.607205036944233001e+01 -7.850277339016347611e+00 -5.415162727750532312e+00 6.937984673016011961e+00
-1.281551334794366994e+02 2.192473948120327520e+01 -1.856617874301371884e+01 1.734366239643190610e+01 -4.885621002335550855e+01 2.772553906534755530e+00 -2.874849908705960022e+00 -2.304565811711573176e+01 8.435518258891249843e+00 -9.909196726131716204e+00 -1.515286557973158921e+00 4.966161981044876050e+00
-8.065919894058765749e+01 1.006037296729637198e+01 3.779000311074296903e+00 -2.082082240417865293e+01 -7.044553701093951759e+01 5.465656433210182463e+00 -2.670262362507638265e+00 -2.317335562191059495e+01 9.081521210668533683e+00 -1.685160970225408761e+01 1.429601234355082795e+00 -1.665804999076980764e+00
-9.637889662500603549e+01 -3.075667420064770141e+01 1.828214895569490395e+01 -1.960368196794321616e+00 -7.079925034377426130e+01 -8.086843657908124428e+00 8.698175151798952953e+00 -2.718801118412095619e+01 2.632996859656508093e+01 -4.214368883365544605e+00 1.266918894537453255e+01 8.019278816244121089e+00
2.117816818526170053e+01 4.289522050827265076e+01 4.348948234706399241e+00 -2.544233925261835338e+01 -6.255487830870124100e+01 -1.378941222486922058e+01 -2.690973884197606125e+01 -1.150670341312392964e+01 7.146472881675821398e+00 -3.052424472109098375e+01 3.702625781825497953e+00 -9.416439126385768077e+00
2.565577662481655707e+01 2.041558845966590141e+01 -1.787830946867036985e+01 -3.761694929941860011e+01 -6.922648729943669821e+01 -1.707574566199279076e+01 -2.629821853752352467e+01 -1.785341394869216458e+01 9.938626933056493584e+00 -4.191652004104783202e+01 -5.600107890095717966e-01 -9.531272939275282852e+00
3.281467659531435288e+01 4.116958301922097974e+01 -1.430008479997333160e+00 -3.973459145961803074e+01 -6.119736851326123883e+01 3.513422403910857472e+00 -2.333986653245935017e+01 -6.378244017045703984e+00 3.660612959216008022e+01 -3.379678108314474372e+01 7.824593952648875472e+00 3.429709407582104408e+00
4.360389132344457863e+01 5.165876409598418206e+01 1.219004565999082024e+00 -2.293134583953819217e+01 -3.750847317682462290e+01 1.107788805075973038e+01 -8.042266219058591403e+00 6.613582753002379633e+00 3.535509910056875071e+01 -1.494582218865703283e+01 1.513606121105543778e+01 1.077475422120064863e+01
5.784817759566023199e+01 2.670591968848182063e+01 -2.141871723653655479e+01 -1.886627761147620674e+01 -4.340636563616767774e+01 2.711136302097648887e+00 -1.605765892848040366e+01 9.638127051198273065e-01 1.320162280745951122e+01 -1.632981796614749470e+01 -2.082663075807003050e+00 -4.194178172965203011e+00
5.090207112217833441e+01 4.450158674122842228e+01 -1.747593325553169308e+01 -3.010883068944311347e+01 -5.631791106232985555e+01 -1.306044787488354952e+00 -1.950530826108137816e+01 -2.039246385173524967e+00 1.891044337922616592e+01 -2.215980979252325511e+01 -1.491624992027433194e+01 -8.709603278534137516e+00
3.477498486610316064e+01 8.522935495955988472e+01 -5.036007873780103949e+00 -4.491162716117058551e+01 -5.964924185727395667e+01 -4.385359708474418028e+00 -2.518280630282545829e+01 -2.319728193507702763e+00 1.444872112650883267e+01 -3.192002739612838980e+01 -1.086104923203578743e+01 -6.239430073134159649e+00
3.296049132464860065e+01 8.345848151853158470e+01 8.996555866092261766e+00 -1.843948814093131716e+01 -5.151490866297910287e+01 1.107539913367920903e+00 -1.710947550630213243e+01 4.816084792421687411e+00 1.907623253564449328e+01 -2.108715411505174586e+01 -6.380596304609836622e+00 -8.947954678281657692e+00
3.535229180334583532e+01 7.766667401886556377e+01 1.248274111799045905e-01 4.169457518263486318e-01 -3.453996217675233993e+01 7.284858029462961682e+00 -1.829317535233661118e+01 -5.578377866671293539e+00 1.627492391435271912e+01 -2.537387258532096013e+01 -3.515257642737106281e+00 -8.282355941430548540e+00
1.349960803768133033e+01 7.389727259982836927e+01 -4.507835175919083781e+00 -9.279309103432353822e+00 -3.670325020832594021e+01 2.726540430709826879e+00 -1.936798428765026614e+01 -8.608123492859688142e+00 3.649034592061406013e+00 -3.480476389513430036e+01 1.168217603059890308e+01 -9.470598602984294345e+00
1.090978385093297831e+01 7.882910398243929251e+01 -5.271260148645762200e+00 5.136365676861633922e+00 -4.673571486996171132e+01 -8.594967468517631382e-01 -2.398936496887240200e+00 1.822192504170667604e+01 1.495374067453721167e+01 -2.367770053580188971e+01 8.145896393986764572e-01 -3.985570603317677651e+00
8.840753733981632223e-02 7.012757288364400665e+01 -3.920555226205044264e+00 6.734024551605800823e+00 -3.806259981580440410e+01 4.232139612657835670e+00 -6.848025013071727507e+00 3.838294884683359331e+00 6.487635442023416132e+00 -2.926661464989324912e+01 -8.096164406777116795e+00 -2.958218815757751585e+00
-2.037519656673596558e+01 5.774990144316969065e+01 -7.430247241266997094e+00 9.375271461906159232e+00 -4.432350435149266588e+01 5.864195285604378860e+00 -1.582629109810023671e+01 -1.999908392242912925e+01 -6.578859772072725320e+00 -2.886804813877850506e+01 -3.746277684135088659e+00 -6.102447213358461298e+00
-2.970924625534712860e+01 6.068820045584926248e+01 -7.610533773181229478e+00 2.208184826428900749e+01 -2.792541059010719096e+01 2.200887069807142993e+00 -7.692695242839857173e+00 8.238117372792475024e-02 -2.054183785933503259e-01 -3.666987673125507285e+01 -3.231625862021490825e+00 -1.048126022973603177e+01
-2.688651990827291272e+01 7.231391516932450259e+01 8.158968034320448481e+00 2.690404756995553015e+01 -2.266377320755815816e+01 1.065375065582204961e+01 -6.126181968485282070e+00 -7.091417147894943263e+00 -2.731700439254619361e+00 -1.588637169186662845e+01 1.462443917626147893e+01 -2.536044046358724380e+00
-3.319754503025462355e+01 7.413372564227393013e+01 2.777163819122732580e+00 3.439325656053423330e+01 -1.969672190019701929e+01 7.179300631652717257e+00 -2.800632749869414795e+00 -3.684745568347581379e+00 1.430851578301384919e+01 -6.785368666740514421e+00 -4.531512901828604001e+00 -1.335360365949097528e+01
-3.052628888223733128e+01 7.340022591504541083e+01 -8.176082399203167483e+00 9.991482548103029160e+00 -3.983034573200325212e+01 -8.485711561626958499e+00 -7.843915895193236842e+00 1.181789487435893626e+00 8.506091911234269887e+00 -1.545805935328153780e+01 1.806422798220135917e+01 2.418442671446520364e+00
-4.871095462438449886e+01 4.852437601957011282e+01 8.936414057673135458e-01 2.199242932545859830e+01 -3.359404130638589692e+01 -3.137728268399413434e+00 -9.598772375689611280e+00 -5.478236230617307356e+00 7.285580200739296686e+00 -8.658797103037333187e+00 1.280516260898066783e+01 3.372278937160760215e+00
-7.361925688538879342e+01 -5.746681234167517971e+00 -1.220097030060821375e+00 5.526771457032865209e-01 -3.903090913542817475e+01 1.083939735411445682e+01 -1.603766980641912454e+01 -2.034073856639402322e+01 1.466465407697849699e+01 -1.526707718580709994e+01 1.501501547693704985e+01 1.803253667751603473e+01
-7.619920864837071406e+01 -2.987539734515987533e+01 1.104714655224614184e+01 2.611870260778359665e+01 -3.983145277457190758e+01 -1.444574572240427379e+01 -4.736190658626976813e+01 -2.323043652239727308e+01 2.697487843760786674e+01 3.197282078967161212e+00 1.094010787058935819e+01 -1.750060436782185258e+00
-8.852953395777097967e+01 -4.357320292640038417e+01 1.081658794645345090e+00 2.116713619197466656e+01 -2.585656254690438516e+01 5.163218580090589427e+00 -2.232073850184763941e+01 -1.587206542109021612e+01 2.042027046879725560e+01 -1.233954738311342858e+01 2.105074257003618943e+00 -1.171725021626684793e+01
-8.877582346354374465e+01 -2.736456728564453300e+01 2.362900731069817084e+01 4.142716465691509597e+01 -2.877118088510182048e+01 2.421456689251648253e+00 -1.982727151266075083e+01 -2.121079990131869764e+01 3.704806159939201038e+00 -1.421157646582103418e+01 -5.394770390497135359e+00 -1.107463721242784160e+01
-1.115105037000291759e+02 -3.874039414279277338e+01 -4.585795570296071766e+00 1.447806063093212359e+01 -4.115665870082841593e+01 -3.295125180834554968e+00 -2.504825165770893136e+01 -1.829378521423031501e+01 1.360745966338192758e+01 -1.385997297730571631e+01 -4.441355923519914484e+00 -2.511222735079027935e+00
-4.596490610305146163e+01 2.222133328319208800e+01 1.681036721852038784e+00 1.314853386638244537e+01 -2.944105449445676470e+01 -3.382794915771873967e+00 -1.745401588955299133e+01 -1.531233912892944637e+01 -4.399309954869585204e-01 -2.240648350050301829e+01 -7.225440653913604017e+00 -2.716873379673051758e+00
1.262806328072532835e+01 8.135534746347003932e+01 2.904720744416733424e+01 1.065163465223718475e+01 -1.081790854596662754e+01 -5.236943436378580508e+00 -1.601847228833035430e+01 -4.498013066558479878e+00 4.624937016393156242e+00 -1.401076386952100172e+01 6.900468068434721047e+00 8.347711789179319553e-01
-1.238095058662446490e+01 4.682568654787151274e+01 2.512698955010057489e+01 3.937725459427543484e-02 -1.372511151688076581e+01 -2.353231003958338974e+01 -2.898309379010460418e+01 3.930433506420161649e+00 1.250616727913088866e+01 -1.000542748956043937e+01 4.923442898833386039e+00 -9.674604230398053062e+00
-1.670057409513403002e+01 4.429617646387646346e+01 2.067169757337785896e+01 -1.421865805397080962e+01 -1.634740291414433599e+01 -2.590639167688551936e+01 -3.082484465938248519e+01 -4.243037469465999467e-01 9.071828761990488488e+00 -2.291692189523528356e+01 1.269593758477240986e+00 -8.380127636305786609e+00
-8.538432261248207311e+00 4.455763945648358515e+01 3.372635595507979644e+01 1.571980567591637445e+01 -9.570812483608101218e+00 -3.298286426351003797e+01 -3.324335697647823906e+01 7.775551923489514294e+00 1.510749886497181649e+01 -1.604873141434239514e+01 4.635689079077335961e+00 -2.700480752223152869e+00
8.514603021753177625e-01 4.892027061416759182e+01 3.503122535248427027e+01 2.807898175227421245e-01 1.954173622911365982e-01 -1.523100239431436265e+01 -2.659434655852992790e+01 5.391152579732437111e+00 2.203263767577035637e+01 -1.591571424254862244e+01 -1.105214394067890460e+00 -3.386840871987591761e+00
-7.165340492888822688e+00 5.443442016774138636e+01 5.148341734648387558e+01 1.241040397392803030e+01 -5.731135536021943366e+00 -2.077338813356646696e+01 -2.416387158477460062e+01 1.296253839303039435e+01 2.181865684789002557e+01 -1.780176000744476283e+01 2.313721640431986248e+00 -4.331821122991967421e+00
3.175539958354369308e+00 4.579687131210548756e+01 3.915065668172604774e+01 -4.568503554792156862e+00 1.622014401817516216e+00 -6.599688349166772383e+00 -2.760678169163542250e+01 7.301532084185066829e+00 1.291676395162082791e+01 -2.571096465483863724e+01 4.137013059048110009e+00 -1.059123079137716594e+01
2.088032525751579271e+00 4.306075559377632089e+01 4.582483362845467667e+01 8.824102280352790206e-01 -5.195987110261965469e+00 -6.503725214646230768e+00 -3.045667329497209863e+01 8.182130721416680075e+00 -3.309724314428080127e+00 -2.391675433398538075e+01 1.280483588550360263e+00 -1.528844277698729925e+01
3.263033402683834794e-01 5.272238777002940679e+01 4.812692810506504770e+01 4.729774046248650166e+00 -1.738254690238607569e+00 3.192053006489714129e+00 -2.986262408696222082e+01 -2.407109873846740022e+00 -1.292894516939588101e+01 -3.630451788381085976e+01 3.525870296375464008e+00 3.610255759980186774e+00
3.117981054176116373e+01 6.292757022030571790e+01 2.144510546597323497e+01 4.702176742042398772e+00 -1.234607421731445598e+01 9.953391114218899105e+00 -3.701718537974251433e+01 -7.753942598218281468e+00 -1.901812433827734239e+00 -4.371342889473577031e+01 3.689497207890949593e+00 -6.779669592366444064e+00
2.254956713838989657e+01 5.893423548110354204e+01 1.691039653796295994e+01 -9.549675228304607799e+00 -8.273425588359483385e+00 1.812925009758627359e+00 -4.588760474300893577e+01 -2.729668151341656301e+00 -5.824380780624176523e+00 -5.124191199322550005e+01 4.108878267242122462e+00 -9.452440242519541513e+00
2.572968475406297628e+01 6.608730351793988689e+01 1.026455554007438309e+01 1.650857444420544828e+00 -1.492505897257673553e+01 3.872306551386050621e+00 -3.810729687024625889e+01 -5.856422786669654101e+00 -1.658840286123650287e+01 -3.391098421880973035e+01 4.573242522741977290e+00 -1.755876702756171781e+01
1.957024117244458949e+01 6.918161463734392669e+01 1.967695930510103608e+01 4.527817358132475434e+00 -9.189073491642481883e+00 1.241443155438751056e+01 -3.264221050590242612e+01 -6.282526884730875949e+00 -2.956870412757145239e+00 -3.991530244982946130e+01 3.847300930861706547e+00 -9.592415008737539495e+00
1.649492792242318373e+01 7.257813235703081034e+01 2.883096664481068316e+01 3.449508081085286726e+00 -6.892084461554002672e+00 2.410595049442737547e+01 -3.171242730142233057e+01 3.135623817297354954e-01 2.684304661954782567e+00 -4.101243385433832600e+01 2.217617342929497859e+00 -9.542050335010387130e+00
1.165809785063679627e+01 7.842041169779895426e+01 3.636407535160106619e+01 1.103633416960624913e+01 -9.343763011286068121e+00 1.929737746362712869e+01 -1.989372156185588381e+01 4.282899566335873764e-01 -1.302001784065701884e+00 -3.180347767815868565e+01 5.530156340501303447e+00 -1.345492589804172923e+01
-1.251839181233235543e+01 8.528815451689524707e+01 5.640104248286458244e+01 1.460667360593924435e+01 -6.424577566083545577e+00 2.019808088857629258e+01 -1.975487947282353218e+01 3.766493923691367485e+00 -1.950673704566350253e+00 -3.788718325173098123e+01 6.109545581942928294e+00 -1.445668197842070057e+01
-1.796721019672425257e+01 9.578305164972218222e+01 5.860976898140351210e+01 1.779433342706023424e+01 9.486543698744757336e+00 8.308445308084824177e+00 -2.394358549178869566e+01 5.031373052741008323e+00 -7.023948328432014776e-01 -2.900123105473010909e+01 1.103343586763459783e+01 -4.137485856648288163e+00
5.443981897551014804e+00 6.383209614834237300e+01 1.560934823696706708e+01 1.011417125751618684e+00 4.701616113137179198e+00 6.536262843935480404e+00 -7.765087250605277269e+00 3.789666136688594200e-01 2.462729733814043698e+00 -2.244145287180064585e+01 2.176758246455775314e+00 -1.039409438444003442e+01
-1.783017925114761226e+01 8.771579414315290535e+01 3.629315881356480133e+01 1.555278708930210918e+01 1.560367397686043489e+00 7.595380186140568313e+00 -2.292859888184942463e+01 2.731367303537992619e-01 8.697844093366702722e+00 -2.946955360743036323e+01 2.622872918893023098e+00 -1.674602264706963695e+01
-5.446980856765974011e+01 4.660888126864529113e+01 -3.091642236157170487e-01 2.903906638191210199e+00 -1.921076878506582375e+01 3.773929657847076236e+00 -2.176624953143900854e+01 -9.971138929389756100e+00 6.248465097757743614e+00 -3.195584165492712003e+01 -5.941380877844039787e+00 -2.486050884597334587e+01
-2.569476880881581238e+01 5.734631035640596508e+01 3.979728062064665783e-01 2.927047430232404324e+01 -1.999906176256266477e+01 1.204054591118052997e+01 -9.760267166872452549e+00 -7.958173536922596547e+00 -8.560460038053390619e+00 -3.205141305126127094e+01 1.695719122006444701e+00 -2.302528446440245791e+00
-3.140070676807982153e+01 6.499828721335319415e+01 1.001776821637645654e+01 3.468656350013232981e+01 -8.186917893252507739e+00 1.804888347618228295e+01 -3.972139628093183550e+00 -1.012274521356098234e+01 2.675352812813284409e+00 -1.992377661060323391e+01 5.428593040054321861e+00 -1.033968926408054401e+01
-7.404152467597884879e+01 4.042208753274626787e+01 -6.351949023850735010e+00 1.773674263936147355e+01 -2.932365999381609356e+01 -3.878151607551963753e+00 -2.003849241047331020e+01 -2.393503823004090236e+01 -8.824156539115413977e+00 -4.942837689864924755e+01 -1.257242922769058069e+01 -1.418766707581213637e+01
-5.516276344481254768e+01 4.225473010837266230e+01 -1.170468388109312130e+01 1.301963153345771218e+01 -2.098585488292918910e+01 2.682995856487086161e+00 -1.697333491664458194e+01 -1.795514498326010511e+00 -1.529434425319286417e+00 -3.217511091212247720e+01 -1.072955110366943243e+00 -1.729595287396220371e+00
-6.361829381777766912e+01 4.667162931337817611e+01 9.959757652032042330e+00 3.429064791690824165e+01 -2.457035069808170658e+00 2.111451944687511428e+01 -7.072022041334426135e+00 -2.971886056853475733e+00 9.028381854061148459e+00 -3.599819138689015574e+01 -7.655660192292532251e+00 8.580426597521093601e-01
-5.521481761268293553e+01 4.265199316182409461e+01 -8.818769126849796081e+00 2.467144390412170196e+01 -1.331001157547185976e+01 8.001788272725512741e+00 -1.302827023145770902e+01 -8.048026368406020481e+00 -5.812502426598802785e+00 -2.575979129163503600e+01 -1.267742551923858763e+00 -1.366438669574034392e+01
-5.275756657856537402e+01 6.669634367804562203e+01 2.313231335212632800e+01 3.542843175998800120e+01 -1.709230533973837396e+01 7.093015033386929957e+00 -7.485258607138834286e+00 7.724144200360497647e-01 1.060539420966347102e+01 -9.596989136852180025e+00 5.636892255954947473e+00 -1.334347123887248898e+01
-5.471673550779900097e+01 5.193912857829568708e+01 1.266502218587279494e+01 3.938088647404532594e+01 -1.590877176583036245e+01 1.785583929240933543e+01 -1.231663273779642687e+00 6.028653468465382304e+00 7.496543241537230173e+00 -1.787040549054457017e+01 5.861408657141764067e+00 -2.347137779579676842e+00
-6.949625560451758588e+01 5.221367158774035744e+01 1.367468519504284608e+01 3.327373933276663820e+01 -1.527160525817696879e+01 1.342775096830917647e+01 -1.322501267007281811e+01 -2.172826621383632073e+01 -6.250661910437260715e+00 -2.059771844936249963e+01 1.036035682092469656e+01 -4.739504951613831452e+00
-8.369284445932724736e+01 3.603263083787673793e+01 -1.951595064129227008e+00 2.202629837274373514e+01 -2.264536132878841102e+01 1.698506900379415896e+01 -7.784820221221069758e+00 -1.549813733536468519e+01 -1.104362192751786687e+01 -2.513123884827820120e+01 4.737972463667071921e+00 -9.795747897179762020e+00
-1.101900740202664792e+02 1.423721043340762193e+01 -2.555064074250203987e+01 2.079307183594603003e+01 -2.038688788932784490e+01 6.185144498544314473e+00 -1.090848966989107005e+01 -1.352827612575058325e+01 4.862914181676895709e+00 -2.305410747004867034e+01 -9.795252417118323507e+00 -1.209813506606913336e+01
-8.277352906249325315e+01 3.410418178473079109e+01 -1.133466147646241851e+01 1.694523490572908031e+01 -3.931428236274641108e+01 -4.955358251408557457e+00 -9.177844726615143500e+00 5.649126453782970181e+00 4.111119369662614709e-01 -2.474009666302513821e+01 -8.424298418333858507e+00 -1.215060099928231452e+01
-9.610963669620683447e+01 2.003271864673450864e+01 -4.009909637064865251e+00 3.619454050606863404e+01 -2.540319354590080536e+01 -5.977447947012949570e+00 -2.405189916392493288e+01 -1.539155679897127627e+01 -1.068966109006658449e+01 -3.140711454219844256e+01 -4.272260097310158322e+00 -1.606287582952532844e+01
-9.420323133914854452e+01 2.143540818730726016e+01 -9.578072636683710783e+00 2.836214939972956373e+01 -2.401737519116429098e+01 3.553195478815577069e+00 -7.902256048757899443e+00 6.908120899089445821e+00 1.132481184008138442e+01 -1.511245103899095810e+01 3.267193920824947639e+00 -1.689845689334184797e+01
-8.104088224751910730e+01 3.617607131722481029e+01 -7.382514015806407315e+00 2.330923034493157786e+01 -2.621030049438183340e+01 2.473875107005728768e+00 5.235231380609673302e+00 -8.813483073068124618e-01 4.484659799627206844e+00 -2.189458564444685251e+01 3.228618570130496579e+00 -4.274883271956118058e-01
