-1.097368875719659229e+02 -1.700962110131126082e+01 -8.433072276210863194e+00 -1.402325896677669448e+01 -5.106050340957342115e+00 -4.144660629958114129e+00 -4.336998037971621756e+00 -6.709936332589681918e+00 4.913224459850941805e+00 -2.062116127358765816e+00 -6.108985915744735706e+00 3.729054407979851771e+00
-9.342427193641880478e+01 -3.884544711898645808e+00 -4.919739886034891541e+00 -7.413748868603200926e+00 -1.213119653019410116e+01 -2.477534534395986299e+01 -5.894613911337007295e+00 -8.676743419770118759e-01 7.816161579507410195e+00 -4.804368989985703386e+00 -2.209791268634574646e+00 9.832785832250049651e+00
-8.172511653785655028e+01 -3.841506671958740071e+00 -2.602106360631357518e+01 -1.833960790728941248e+01 -1.237199437600106577e+01 -2.005695946017519660e+01 -5.654095474525723253e-01 3.735518751545393812e+00 9.733508330134245767e+00 -8.810178169360508349e+00 -1.005377009384752007e+01 1.694288021954078349e+00
-9.919400951395013522e+01 -2.280900859420117222e+00 -1.465534190784544499e+01 -2.212928219863962198e+01 -1.587860659213394143e+01 -1.941724125985871652e+01 -5.606550110480073457e+00 -4.981553833967371503e+00 1.504212411061223875e+01 -8.641798755497116957e+00 -1.572629512484466474e+01 -3.786890079219578986e+00
-1.019975641038331560e+02 -5.406211376327581419e+00 -2.248870478372092663e+01 -2.007598267440051742e+01 -6.869368613754287090e+00 5.420219064813505128e+00 9.479381969474239611e+00 -6.694617853876909663e+00 1.839153902210577129e+01 8.723328086343657972e-01 -6.421897855740730243e+00 -1.217465768408231597e+01
-1.065876873429878344e+02 -2.445882759609628465e+01 -3.603384567224894397e+01 -1.205208677589495636e+01 -5.161736801266064489e+00 -2.006775646753301778e+00 -1.132894806952975664e+01 -4.063804534127049450e+00 8.057010984343879301e+00 5.134546978305842835e+00 4.171404458391678283e+00 -4.227209236268904213e+00
-8.419268334988515790e+01 -2.202303583642630258e+01 -3.307918104180264152e+01 -7.426270210681523487e+00 4.610011770171436929e+00 -4.014733617269944377e-01 -1.211274162985221281e+01 -2.490244665986080186e+00 6.785357707349955803e+00 -1.057080420403472942e+01 -8.606142194037829540e+00 -1.292148880003706068e+01
-1.004023235403362548e+02 -2.018920210313337193e+01 -3.561197523658313457e+01 -1.341853207241184975e+01 1.417373165269474988e+00 4.326359255014017968e+00 -1.185688509678945834e+01 -5.911818302315669627e+00 1.249774161050083876e+00 -5.750037005320501216e+00 -1.344082585392784601e+01 -9.962353210482977062e+00
-9.138334188843124650e+01 -8.333112725498908802e+00 -2.677663211362481732e+01 -1.202249936188082380e+01 5.020280019582070707e+00 -3.829414754041206237e+00 -3.608658498064189146e+00 -3.387580365304449614e+00 -3.334888364360481194e+00 -1.070550943988891746e+01 -1.065758312226281745e+01 -9.513748372769978090e+00
-9.758424481794222061e+01 -8.999705774565004646e+00 -3.231425013701580440e+01 -9.964914695955897628e+00 3.783065132908131289e+00 -7.653488550468516838e-01 9.553045753825600173e+00 -9.357614757142481920e+00 1.308700379457504948e+00 3.314543936054689333e+00 -4.870518289056269268e-01 -1.965466380416445613e+00
-1.090009330980692113e+02 -1.761641693545200127e+01 -3.154718482946871205e+01 -1.655877783220330457e+01 9.117506809213418606e+00 -1.836230064544785989e-02 -8.770907629718437404e-01 -1.044372332538135240e+01 1.352762931670214464e+01 1.608575395011865972e+00 -1.560708883408994652e+01 -1.057483444431330000e+01
-9.869303382864643481e+01 -5.870896223052231022e+00 -1.976935239164600588e+01 -1.125163793419791958e+01 1.508034931623486230e+00 -9.376184836563647096e+00 -8.137484497172648545e+00 -1.318096395619106787e+01 8.424400316736607053e+00 -4.479497282789713708e+00 -7.312829689434705571e+00 3.837279051052838064e+00
-9.812620017696056607e+01 4.254222455513370527e+00 -1.023517619400898582e+01 -9.459229403548613746e+00 -4.056313994736338913e+00 -1.042636710446613257e+01 -4.032759795974240724e+00 -1.812436144997309384e+01 -9.076458562402915931e-01 -9.765215908615424212e+00 -4.968409230983892755e+00 7.886839368933296512e+00
-8.479891394853427755e+01 -1.404188987179782466e-01 -2.874952068789224313e+01 -7.052617346451127922e+00 2.656030243752368847e+00 -3.273395943103629691e+00 -7.921749912180800379e+00 -7.359091332843079591e+00 -6.001263570173851924e+00 -1.468320480097239944e+01 -6.526946214383514189e+00 2.229684207357327530e+00
-1.426387035564749226e+02 -3.530800820462144429e+01 -9.429469449410007087e+01 3.919959731073747733e-01 -3.041949388666506593e+01 -8.931306356883881747e+00 4.139530562006861203e+00 -3.281641070217273182e+01 2.800719486576876527e+00 -2.845398713543644220e+01 -1.650490790794128770e+01 -2.348679500030609990e+00
-1.400255817555087390e+02 -3.487705566492571307e+01 -8.187454422802287013e+01 -4.113139162789548386e+00 -4.550208941958466369e+01 -2.958624498988970686e+01 -6.373824606928707226e+00 -4.056357472610130799e+01 -1.053691817060905400e+01 -3.542878576387218459e+01 -1.124998869397173884e+01 3.968781504458139597e+00
-1.123551177854361640e+02 -2.124748331522697242e+01 -5.291831219659704999e+01 7.148639842960562873e+00 -4.902621613977726156e+01 -2.358415812104640708e+01 1.947814974017850309e+00 -1.734187839021191024e+01 -3.129417134212599816e+00 -3.606138666234080858e+01 -5.744329123372574841e+00 1.352787759276228385e+01
-5.658494921849793968e+01 4.099035968746367331e+01 -2.523334261308449555e+01 5.179615561848077476e+00 -5.152872047246727050e+01 -2.756855054430828034e+01 -2.171326614118397913e+01 -2.212745257608991523e+01 -2.083102562021516491e+01 -1.879240838860813767e+01 -1.039196640235484637e+01 -8.283742446658175496e+00
1.519920058364321491e+01 1.437550527683519164e+01 -7.916425035179838687e+01 5.787338499050208362e+00 -7.450438011975748509e+01 -4.095457389188639752e+01 -3.407444432742597940e+01 -3.253320275056209709e+01 -2.900418454879732266e+01 -1.636980698250595267e+01 -3.643709981901106687e+01 -2.053251154374214593e+01
3.381941881984862164e+01 -7.212959919906458239e+00 -7.378676797740766347e+01 1.986137010995125962e+01 -7.075352246382414023e+01 -3.550127619590845995e+01 -2.586359595484850615e+01 -1.831419868781770788e+01 -3.277027723297418760e+01 -2.663201406766419588e+00 -4.131722337933263134e+01 -2.007708830616790863e+01
4.858137448031659744e+01 9.377230977116319810e-01 -4.751388605183150560e+01 1.894833726417614983e+01 -5.756575099511618987e+01 -2.367564610231542943e+01 -3.449079417805861425e+01 -1.134109039851576384e+01 -2.166983620760515805e+01 2.874098545794234738e+00 -3.223843207390505938e+01 -2.655441835336441159e+01
7.633451685405069043e+01 7.944940686496140714e+00 -3.337461633324733867e+01 1.046939740594033097e+01 -4.315918497739475868e+01 -1.792550119077987603e+01 -4.202367733743612632e+01 -2.009148336375589139e+01 -3.962155565151144287e+01 -8.281865463086838020e+00 -3.072057844374788971e+01 -2.732891788098052288e+01
9.881554424577740292e+01 2.259971641353315874e+01 -6.652089331093163693e+00 1.588834336628159072e+01 -3.634070209471784807e+01 -1.394954549843575187e+01 -2.950660528292275231e+01 -2.571375672349707031e+01 -2.924293200213642052e+01 -2.013857406545072593e+01 -3.920577297063961453e+01 -2.531165830315221399e+01
1.000173026349174989e+02 1.371301643063510411e+01 -8.618910851478661428e+00 1.409937725732357272e+01 -4.788140433382906735e+01 -3.696537204813671451e+01 -2.248147963169556363e+01 -2.328892391320272282e+01 -2.241874339571783992e+01 -1.845445344488638995e+01 -5.672745812304076196e+01 -4.426807448994064487e+01
9.090893923015462974e+01 3.900430301337500794e+01 -4.725263143936508925e+00 2.372815366493733436e+01 -6.481103413715570127e+01 -2.662347741975692017e+01 -3.041838362679700580e+01 -2.349790325434171834e+01 -2.271421996893555217e+01 -6.202682583959071572e+00 -5.808241020051641357e+01 -4.708354436807669430e+01
8.021565909026136865e+01 5.927380733018587478e+01 -3.125043907128353560e+00 1.276153208961261498e+01 -7.174145513810536556e+01 -1.747839308840736905e+01 -3.321561568386434260e+01 -2.126402241366853474e+01 -3.539905639178079610e+01 -9.828436762784734881e+00 -5.006706400942498192e+01 -5.184962379686967893e+01
8.578363827503663686e+01 6.775370911414177044e+01 6.397253178474910484e+00 -1.623423139232849532e+00 -6.081710713990445072e+01 -3.009391151743546544e+01 -3.625583436038542828e+01 -3.050649443293137963e+01 -3.861756042380841336e+01 -2.859327530063908540e+01 -3.762010739520131608e+01 -3.711314154744805904e+01
7.076239684666518315e+01 4.338561402348820195e+01 1.434662200255391618e+01 9.976489267944579353e-01 -3.280596506152347303e+01 -3.223984743955310250e+01 -2.638212938066510560e+01 -3.038503967987230681e+01 -3.272007421898858581e+01 -7.433927756276959009e+00 -3.767415801662986752e+01 -4.310113442579262255e+01
5.222359016092804040e+01 3.545298995086498905e+01 6.732299833299476788e+00 3.373573224280434157e+00 -3.613377228295793486e+01 -4.988570292332379097e+01 -3.335174150882660626e+01 -2.584509782999388250e+01 -1.635101609914996601e+01 -1.854997456674281153e+01 -3.287232623821526545e+01 -1.856528080676866921e+01
-1.597363628382981737e+01 7.981896358239284339e+00 1.255020340143585500e+01 3.821467082408544513e+01 -5.060370749883674080e+01 -3.163292128639114509e+01 -2.404994009034180635e+01 -3.528795196286586133e+01 -9.277310298118926823e+00 -9.706259992275633408e+00 -3.600634942987454679e+01 -1.622439516227124567e+00
-8.567226156424009531e+00 5.521489309724127104e+00 4.962467857344074140e+00 3.798977232394720716e+01 -3.024526349625722332e+01 -2.945429301741809169e+01 -2.516634219475737666e+01 -1.956793399357503915e+01 -1.495333279653025826e+01 -1.446972297433016585e+01 -3.281455713785639716e+01 -3.992512820421803887e+00
-1.379163317293808255e+01 -2.679668573780520813e+00 -1.634870299001316596e+01 4.568628006229052119e+01 -2.831513350654412164e+01 -1.285989831134854278e+01 -3.024341694049055818e+01 -1.816442036281846839e+01 -1.055501727249135513e+01 -6.948172434517646323e+00 -5.002829902923298278e+01 -6.290403729998191196e+00
-1.380020275326254620e+01 6.146709833189968109e+00 -3.659528535089823720e+01 4.750789636570969776e+01 -4.716493179489945931e+01 -9.885406897396901371e+00 -3.992137923432899527e+01 -1.583168563458483469e+01 -2.434828501169362625e+01 -1.862334245780308351e+01 -3.057731699572923389e+01 -5.999120461491926903e-01
8.218617309117494329e+00 -4.577504196369002187e+00 -8.922910675238233580e+01 6.554487506903196703e+00 -8.105737204051737876e+01 -3.769432340331387365e+01 -5.091972343370670728e+01 -2.848870851317018094e+01 -3.344618522705516739e+01 -3.249029784629905748e+01 -4.398214330147931150e+01 -1.577114670738604829e+01
2.631725190918802326e+01 -1.645538336075105690e+01 -9.324857932445095798e+01 1.771171905439881300e+01 -5.770240901912919895e+01 -2.522291178185215443e+01 -2.680499330597270813e+01 -1.373155681002689121e+01 -9.886352298179160059e+00 -1.991329252272483785e+01 -3.340362373052732892e+01 -1.405185357159068893e+01
3.474590919584267112e+01 -2.457010253635268882e+01 -9.272142959789937322e+01 1.361873567441331545e+01 -6.217771880215789082e+01 -1.921230085389899500e+01 -4.102431878296379608e+01 -5.196745065224237514e+00 -1.772622323317191606e+00 -2.293576907888695970e+01 -2.660938543394650324e+01 -1.224162954422158833e+01
4.190263441648784237e+01 -2.789009852995435068e+01 -8.676998143660178187e+01 2.836682768390165421e+01 -6.875907778497952449e+01 -2.265081917061638350e+01 -3.587129889112709691e+01 2.006331859617116908e+00 -5.757320845325853753e+00 -1.689558921816141890e+01 -1.942415237851788845e+01 -5.251498472398858475e+00
2.393455616947611730e+01 -3.145924184723410022e+01 -9.077566347609882769e+01 2.538159973887313825e+01 -7.078023771473147008e+01 -4.798893386702614805e+01 -2.981015128995941765e+01 -8.223336897021770397e+00 -1.110610237627674124e+01 -1.410919874155837306e+01 -1.791206695188378362e+01 -6.081420193187014434e+00
1.411376244447324169e+01 -3.169740809812101645e+01 -7.991098122762215894e+01 1.949485994060525229e+01 -8.577916928973891686e+01 -6.010055575906476122e+01 -4.998866990371995200e+01 -2.316313243257623355e+01 -1.244490526988726309e+01 -2.403521655875617213e+01 -3.338531174186701378e+01 -5.707157537010086656e+00
3.957443528022727719e+01 -5.663093702489810255e+00 -4.111870775240578268e+01 1.989815398593156459e+01 -6.705495425214895988e+01 -1.587509783652550510e+01 -3.011447108102891690e+01 -1.095376570311582931e+01 1.053925557900560861e+01 -2.495389477885945340e+01 -2.921153991392504778e+01 1.796728923973116920e+01
5.310181765151340016e+01 -2.657470528746275562e+01 -8.207031838411535318e+01 1.637494155872698798e+01 -9.042891086934619693e+01 -1.722316335912312724e+01 -5.630438637701850979e+01 -2.525910898282276662e+00 -1.853407210808943972e+01 -3.828644990459496000e+01 -2.180330695710153321e+01 -5.968698750311918211e+00
5.620584856758293313e+01 -4.156917792665511513e+01 -7.942624264607417217e+01 4.137725940376557077e+01 -9.143508034440409915e+01 2.618681583941133262e+00 -4.844528073419952818e+01 8.784992396938424264e+00 -4.961432731466501878e+00 -4.130629011336048251e+01 -7.210124860314663486e+00 -1.262189573562671185e+01
3.943193178364593621e+01 -4.231586825153446796e+01 -7.456283799464915774e+01 3.143586114636537232e+01 -8.179327274117500224e+01 -9.051497561161909289e+00 -5.231821692805523583e+01 2.178839794181695932e+00 -7.560454140304067039e-01 -5.162836782550103010e+01 -6.924673794808541061e+00 -1.723892789721717378e+01
3.236893118711679307e+01 -4.118575159954810516e+01 -7.539979970268518628e+01 3.481704100762559051e+01 -7.271396498105806927e+01 -1.291564255113463133e+01 -4.973911705498746016e+01 3.628478662037823099e+00 -9.680020649344882600e-01 -4.121616131439562025e+01 1.581615071934310501e+00 -2.559930142344817483e+01
2.183964782089410051e+01 -4.646566890197576072e+01 -8.291908440208905517e+01 3.823605964066396012e+01 -6.825131310754731828e+01 -6.637406624212063733e+00 -5.629229975384519946e+01 1.425898421329881316e+00 -1.304549063375458928e+01 -4.219106829261482972e+01 6.864045333005537763e+00 -3.165960379336897290e+01
1.619898491307027300e+01 -5.051810502895354915e+01 -7.976345873774624806e+01 3.134968934141839370e+01 -6.141917489377246397e+01 -1.075091817699886221e+01 -4.602979280663274153e+01 -8.535679879128259984e+00 -1.208525581716375896e+01 -3.034879806394313917e+01 -9.925801002085608005e-01 -2.082252795180542648e+01
3.086261222343054555e+00 -3.291205399108265794e+01 -8.940910036326746990e+01 2.908804604636313940e+01 -4.531601643993244011e+01 -2.259456466799237262e+01 -3.713689230503241134e+01 -1.216007133034474386e+01 -9.986529000035597292e+00 -2.774748109321255640e+01 -1.635615709225759051e+00 -1.863247944966746772e+01
-3.285381923454907316e+00 -2.485858242885500147e+01 -9.309110358992884926e+01 1.682799171878404465e+01 -4.068801621599720164e+01 -3.518322711575533646e+01 -3.748162592442135121e+01 -1.058519459116873307e+01 -2.352174393723069201e+01 -1.593004565237697889e+01 -1.445002499195157952e+01 -2.395026824186787096e+01
-9.207249236912655732e+00 -6.886420554184819132e+00 -8.795281745675498541e+01 1.219329822270602293e+01 -4.949915498742558384e+01 -2.824565879931077106e+01 -4.549587373416981961e+01 -1.683643992548121204e+01 -1.598702025103416524e+01 -1.442734686609793116e+01 -2.395666183900416613e+01 -2.080444729461478204e+01
-5.606419001202875840e+00 9.054734691064792784e+00 -9.044620649249949906e+01 1.000225444032708033e+01 -6.045339255050787131e+01 -2.815825453612016815e+01 -4.750810128360892293e+01 -2.563238803514840569e+01 -1.817432893842298114e+01 -1.687354259295159054e+01 -2.982090781627141496e+01 -1.463717070623978245e+01
-1.048530377655859169e+01 3.955180800482443715e+01 -6.641913657446076513e+01 1.300476261815273915e+01 -4.284207661067821959e+01 -4.748726432933898423e+01 -3.773017968327825145e+01 -3.087608072003956750e+01 -1.037932125225001556e+01 -3.336357227887033616e+01 -2.907968614675147734e+01 -1.197336889367161561e+01
-9.918857793972017944e+00 4.598629691782262796e+01 -6.035051782162891243e+01 1.721456560033907124e-01 -1.521611273408257148e+01 -2.754905574030970072e+01 -2.098575190444183391e+01 -3.165203884457174865e+01 -1.311136937452027063e+01 -1.415640625739727909e+01 -9.724368854996960465e+00 1.737504349942651904e+00
-1.996532967731251995e+00 1.777616357471409003e+01 -4.962026950609359233e+01 -7.936500775095143290e+00 -2.598920674924460172e+01 -2.891150620610104127e+01 -3.053125697615248768e+01 -3.012872896353950836e+01 -2.222328812913382379e+01 -2.141914503701878658e+01 -1.288233095194538080e+01 4.532488638477062182e+00
6.037270744969749359e+00 6.467732541348766517e+00 -4.768945044306188663e+01 -8.643451940394195177e+00 -2.774161179096295982e+01 -4.020684889352756386e+01 -3.874240574397632031e+01 -1.980792751575203425e+01 -2.849644582687741590e+01 -2.803724841640077159e+01 -2.450397765048128917e+01 -2.576468442427548133e+00
1.732972983879643181e+01 1.900674451117929209e+01 -4.721211085962781340e+01 -1.372206963241885980e+01 -2.820363518895684507e+01 -3.977235520687094095e+01 -2.068292993584341488e+01 -9.519180521723306754e+00 -2.632114974129389751e+01 -1.897808188708800614e+01 -1.575810070868154256e+01 -1.021704022742681417e+01
-2.809071575566477463e+01 1.707621390784852622e+01 -1.871538233426295861e+01 -1.944913180841789568e+01 -1.979606947932556693e+01 -4.021434029678017907e+01 -1.329502631296047888e+01 -1.740141325375755343e+01 -1.219443190368254903e+01 -1.143754814645417994e+01 -2.973704289114741783e+01 -5.841120897139683521e+00
-9.880361787961837194e+01 -1.724207994437268709e+01 -4.430231603883206049e+01 -1.833314488643499018e+01 -2.562844510305087198e+01 -5.302616944451695247e+01 6.219194639933460778e-01 -2.731979967818556787e+01 -8.107646872650121850e+00 -2.985974631164030058e+00 -8.493823188754683784e+00 2.430612314010897990e+01
-1.186697279841157098e+02 -4.079665003546186219e-01 -5.127318285557286970e+01 -6.915433044689071274e+00 -3.608937059199899977e+01 -6.284480997830907256e+01 -2.083283373172129416e+01 -2.165855267428332098e+01 -4.398073571556330386e+00 -1.092742040130420644e+00 -1.179351400638537051e+01 9.735890535738992213e+00
-1.137590204497356581e+02 -2.523379066703787288e+01 -4.206587662885432621e+01 1.069357766834148293e+01 -2.801746819459016180e+01 -4.525889127451127791e+01 -1.935581490427070861e+01 -8.916616003556489645e+00 8.638114824820025461e+00 4.222974311100832878e+00 -2.613099294294847397e+01 -1.373980487870745293e+01
-8.615873967687615220e+01 -2.602731606055687763e+01 -3.313820660680063668e+01 7.381942245127731894e+00 -3.423757632665427053e+01 -5.401802726131005272e+01 -2.719777489906350709e+01 -1.965113951260084946e+01 -2.636415966043128112e+00 7.164181933801486934e+00 -1.182130075472393216e+01 -3.823230182498241980e+00
-1.868682274628218920e+01 3.589937272411859226e+01 -1.041999742751918490e+01 -2.476745440624181338e+00 -1.564246777671613309e+01 -4.590655273065037534e+01 -3.290018332796839218e+01 -1.579773931560376354e+01 -2.671554332251576369e+01 -2.164949791197435580e+00 -9.453812510742325870e+00 -9.078996637849477969e-01
4.611602291079250904e+01 7.791910673015891575e+01 -6.303812017476579399e+01 -2.683582492441200884e+01 -2.779860388030396479e+01 -3.458827770031525972e+01 -4.121448155892976217e+01 -2.813781300580781419e+01 -4.815813826883747595e+01 -1.041969843364674908e+01 4.054360995950025526e+00 1.498782992224282395e+01
5.303634923737223517e+01 6.715182890480595290e+01 -8.459039866172966526e+01 -2.536865621123324033e+01 -3.992978249885931064e+01 -2.503512212252272917e+01 -5.093830572689030589e+01 -4.358452954824156933e+01 -5.513954362619948313e+01 -1.572104982503371717e+00 -2.574498936320086084e+00 1.147992398712224826e+01
7.722668714583539895e+01 8.847360586879547384e+01 -8.945483752977382608e+01 -2.249008518989514727e+01 -4.798146539504672603e+01 -9.069324318543582564e+00 -4.015040409750121597e+01 -4.297255309980635474e+01 -4.571370943635279360e+01 9.988151259210646060e+00 -1.146630577562001463e+01 1.827107382950238446e+01
8.542656539840226060e+01 8.270796425807674268e+01 -9.052352672999199967e+01 -2.586281168478859627e+01 -4.214142453358260099e+01 -8.818428875422336333e+00 -2.534047198444803684e+01 -4.449531243616128506e+01 -3.278660942415150714e+01 4.294703214582081152e+00 -1.200065195060756018e+01 1.969760818470909314e+01
8.918788614989756525e+01 9.177537140567839913e+01 -1.057979221111857555e+02 -2.671645991474432691e+01 -3.899388290846082583e+01 -2.351572638838932860e+00 -3.948238483719249103e+01 -3.244609411537193466e+01 -3.524218182257729381e+01 1.098583015881421332e+01 -1.599586707903608307e+01 2.396633456178323485e+01
7.644587900700287264e+01 6.448286098018020596e+01 -1.101809933531359178e+02 -2.048616467114242923e+01 -4.958042305532641336e+01 -4.059889575075658286e+00 -5.472937505760576471e+01 -4.558061921658173787e+01 -4.309817034677561765e+01 -7.074839618938724151e+00 8.586384552540993198e-02 1.098356655757596734e+01
7.382831336859010207e+01 5.863771472182628486e+01 -1.047672057857508463e+02 -1.899052159277374585e+01 -4.412225252704848799e+01 2.667784628710995420e+00 -5.055864218418493294e+01 -5.745243409469250651e+01 -3.042460668289475834e+01 1.296096928646752033e+01 -4.259030273852664195e-01 4.467120295087421589e+00
6.330147208374186363e+01 4.544313584559668584e+01 -9.368538468639269468e+01 -8.247414385892657407e+00 -3.478128625221160064e+01 -3.471792691672473286e+00 -4.872532236855930421e+01 -5.959374870263863500e+01 -1.323990350804637828e+01 2.579830695770354509e+01 -4.422923186390987027e+00 -8.709304830722011559e+00
3.632834433768737625e+01 4.184875727897563991e+01 -8.572293601757249348e+01 3.917280204552372247e+00 -3.382258338689040045e+01 -2.099662718339172329e+01 -4.433076007420112319e+01 -5.735435445114073616e+01 -1.010480429014303283e+01 3.187309287728256280e+01 -1.637805706014828999e+01 -1.172991117423740270e+01
2.905180856651292487e+01 1.205475906576419565e+00 -7.704919056110534825e+01 1.780216844611802429e+01 -5.908937188961279219e+01 -3.443571551619837123e+01 -4.641065856134078160e+01 -6.240260370993877359e+01 -7.639484480755973195e+00 1.618650880307819762e+01 -2.429356936096822039e+01 -2.211719705854290652e+01
4.221178633826399107e+01 -1.507191732344062007e+00 -4.426894511239261476e+01 4.088471105962892693e+01 -6.765150621129805586e+01 -3.018139554915963885e+01 -4.487339242183716692e+01 -5.375382954325152696e+01 9.252467181523648776e+00 1.695921168537176271e+01 -2.024982441404196365e+01 -1.619696092962495726e+01
5.254975659550022549e+00 -5.671293946610084902e+00 -3.043992498242783995e+01 4.794212959590747403e+01 -3.298161014917764078e+01 -2.799509910042260685e+01 -2.810302420589852801e+01 -3.217858029063744851e+01 -4.002361077848537896e+00 -1.588066620550959485e+01 -2.616322145543265876e+01 -2.885162611846992409e+00
3.955109298533614037e+01 -1.742531712176065284e+01 -4.432526549495920420e+01 1.790658461778023280e+01 -7.215041653634069974e+01 -3.241975496807324220e+01 -5.566288532734400007e+01 -2.541619423055437466e+01 -2.480874182858541221e-01 -2.214600581149451486e+01 -2.418565642378399616e+01 5.656352598206506599e+00
3.457824465725153829e+01 -5.730885639432865020e+01 -4.016519294933247863e+01 2.608393558155118797e+01 -9.369125448407659462e+01 -1.043082011017143884e+01 -8.056186804283328229e+01 -1.310581883948053195e+00 -3.827952699740727383e+00 -2.026260008094943998e+01 -1.218838213186489838e+01 -7.363665195345913794e+00
2.977335230129138921e+01 -5.639533476185151528e+01 -4.151950162701746194e+01 1.522053028777382266e+01 -9.629848497468063329e+01 -1.062684016216328331e+01 -7.665084746996635090e+01 1.303867983985709955e+01 -1.801824819274750666e+01 -1.844479925499602402e+01 -1.215744260926603815e+01 -2.014938393754802348e+01
3.075341892442373037e+01 -6.844535918109214379e+01 -4.577269426849198908e+01 6.729777802630465544e+00 -8.594283148556833396e+01 -1.663907271695816803e+01 -6.769826729494081974e+01 1.542267585806808228e+01 -2.307375485257794168e+01 -2.145847426284927906e+01 -1.080531982063726737e+01 -1.809389028376094544e+01
2.152556885089252603e+01 -6.209780593843922247e+01 -4.527499669030603968e+01 1.785072059716981130e+01 -7.403917251146677359e+01 -1.646426310215710487e+01 -5.667371552856535288e+01 1.772618740253452785e+01 -1.932759328737378013e+01 -2.350277845763381279e+01 5.968610705457244592e-02 -2.356969272488039024e+01
1.338992132637754651e+01 -6.311869284585742435e+01 -4.369311943084255034e+01 7.209077540546069862e+00 -5.779249543602352901e+01 -2.630993856528272801e+01 -4.071739169351808130e+01 3.919598005464766999e+00 -5.348480899360380292e+00 -3.027028991340643671e+01 5.233016973282141215e+00 -1.390235921316283196e+01
8.150177018301345555e+00 -6.529099252967117195e+01 -4.460911996792356149e+01 -4.495224832561692807e+00 -4.152478593135990081e+01 -3.584578788713513120e+01 -3.306092794186477590e+01 -7.667098306428160370e+00 -1.034069527157638291e+01 -4.148587606160394614e+01 -4.452695782446241424e+00 -1.899649180688331640e+01
6.713710206034442685e+00 -5.958696192189836438e+01 -4.402840149633377109e+01 -3.738548436915721140e+00 -2.317118257833320527e+01 -3.296561908294458476e+01 -2.261892142124366600e+01 -2.491455466109894346e+01 -1.759684808598287731e+01 -4.083359936736655982e+01 -1.344503091040250808e+01 -1.411213343477108673e+01
1.549214404513805832e+01 -3.244324674782846785e+01 -5.042982830858569798e+01 2.522855199180948027e+00 -2.453639632645263191e+01 -2.148335950904994007e+01 -2.198985882074590847e+01 -2.025781538967606110e+01 -1.558080933867992535e+01 -4.022410468698643626e+01 -1.546430494240593490e+01 -1.881130945746441441e+01
4.271685292692338720e+01 -1.952894186413832145e+01 -4.241574695472274925e+01 -2.313068908294289905e+00 -3.775689722827290495e+01 -3.765061752376705329e+01 -2.988976303778100529e+01 -1.467920074869280711e+01 -3.320866129688388924e+01 -4.377021880445926172e+01 -1.387518286672430179e+01 -2.160938028882304707e+01
6.498656312993038853e+01 -1.026510294194325823e+01 -4.455510891793448280e+01 -1.581376253369184859e+00 -1.759537382620941059e+01 -3.301355902673160614e+01 -4.737417344443612421e+01 -1.260941682080615678e+01 -4.557599369000354983e+01 -4.226302479029067882e+01 -2.231982516251542137e+01 -2.024881609508057778e+01
-1.257867993160261832e+01 -1.035779762999571219e+01 2.524861519403402355e+01 -2.824774153758328410e+01 -4.270951741676027780e+01 -7.939856735353434836e+00 -2.226018943440529085e+01 -9.837483569905678848e+00 -3.303522219969757856e+01 -8.833391931394945829e+00 -3.071602753630455851e+01 -1.245905186175957091e+01
-3.462096339408786605e+01 -6.463385838566195751e-01 2.748000799096859836e+01 -2.668828846683890887e+01 -6.409199464133398294e+01 -2.891376942165888408e+01 -3.061576242134213643e+01 -1.094684077328951943e+01 -3.179406755818057206e+01 -8.065732564112074954e+00 -2.792425666909657878e+01 -1.936204461681807487e+01
-1.739672759898234489e+01 -1.207818470449716486e+01 -3.326896989367261526e+00 -2.040820061516265582e+01 -4.771916905826168431e+01 -3.498816400877647226e+01 -3.505707346077182507e+01 -3.011267508918374247e+00 -2.330760782517449670e+01 -1.114458792538767717e+01 -3.651525304248124826e+01 -1.374321885497026230e+01
7.205928067186038177e+00 -1.148345477147126914e+01 3.490724423836085055e+00 -1.785045260468172401e+01 -3.535200428150535856e+01 -4.022984527113870712e+01 -3.028529574627961551e+01 -1.273529478242362600e+01 -2.961672381371989005e+01 -1.764976380318339011e+01 -3.084216593405372464e+01 -1.520593468607350829e+01
2.463478430217010384e+01 -8.766304835907172688e-01 1.108414108595475511e+00 -3.746715819457242702e+01 -3.841962426940218478e+01 -3.977595719675895225e+01 -2.888207858539460204e+01 -1.417846070222389798e+01 -2.339916367680169174e+01 -2.376517922309228936e+01 -2.788616875284046159e+01 -1.524413428386926661e+01
3.559390870202240365e+01 -1.397871606428446256e+01 -2.426433851170442324e+01 -2.911747821414590476e+01 -3.846175704094195424e+01 -4.135642533280463340e+01 -2.718386024455605110e+01 -1.249682724430384084e+01 -1.261975152450372306e+01 -2.530417216683483161e+01 -2.764669937144194378e+01 -2.307692279830425974e+01
3.568608990584272789e+01 -4.865822400385078517e+00 -2.199293319411285097e+01 -1.408748766162663379e+01 -3.251806702640137559e+01 -3.854531034185772143e+01 -1.922532563039072429e+01 -2.608494031744035624e+01 -2.589455731392525806e+01 -3.499505095398559718e+01 -2.188362558973386385e+01 -9.002874812864453347e+00
1.538577692732591373e+01 7.329424897898416447e+00 -1.826768717125064256e+01 -2.328399019348190535e+01 -3.621348860591309915e+01 -4.382613899901681975e+01 -1.690003810277655560e+01 -1.908312629778644265e+01 -1.564671794656553772e+01 -4.015597744312936612e+01 -1.628148245405465033e+01 -8.324346324361510341e+00
1.527032912502717110e+01 2.129493688128951590e+01 -1.047935530896431544e+01 -2.154493834350245862e+01 -3.801815100252651547e+01 -4.028484427020521963e+01 -1.261445465066513094e+01 -8.197901531062120384e+00 -1.633386540149665223e+00 -4.703427610274589199e+01 -1.656507518897730336e+01 3.985037368627946996e+00
9.181331465847412332e+00 2.363088869828891347e+01 -2.000737037656715955e+01 -1.781347897584397799e+01 -3.362670084684003058e+01 -2.267351436335182413e+01 -8.808351600344323629e+00 -1.962808961011794651e+01 1.161423312269838348e+01 -3.473111396331090361e+01 -1.585503087918033671e+01 6.827208307637414819e+00
5.886242143590693310e+00 3.345292921600474756e+01 -2.015663061901017628e+01 -2.490662217988526805e+01 -2.578426248477741822e+01 -2.765270195754178673e+01 -5.961235543993929298e+00 -3.674714448688706625e+01 1.437262260584729390e+01 -3.778526483894048482e+01 -1.762643178632908203e+01 -2.991337261241664436e+00
-2.862248323432055486e+00 4.413084346360160026e+01 -1.501112943736742622e+01 -4.520916816000696059e+01 -3.514556426449983917e+01 -3.989058270211914703e+01 -4.037906635101350616e+00 -3.396803892876739894e+01 3.944353179913223872e+00 -3.037271881414008945e+01 -1.284220417428670125e+01 -1.210762619524700412e+01
