-8.005344692519540217e+01 4.025443601908794733e+01 2.520683857898493585e+01 8.684260257547853357e-01 1.109617110150784569e-01 1.499954114936591587e+01 -1.371895224575948546e+01 3.443619532862411070e+00 3.459897040653245881e+00 -1.924106470238829303e+00 -7.363457645527112128e+00 -1.229273187800162503e+01
-8.824885438956329153e+01 2.121189037151397017e+01 1.578996445897191414e+01 1.228241082243825488e+01 1.964363004286863301e+01 1.812281497838654687e+01 3.797201584060976742e+00 1.165376712852937047e+01 -3.825299621919997506e-01 -2.129005373316386240e+01 -1.667934990031370290e+01 -4.358176505339205420e+00
-1.071862971821162063e+02 5.914753202244508401e+00 1.611353839442461933e+01 1.067175256903479408e+01 1.051189854333215479e+01 -1.843808496374760608e+01 -6.890216543235474944e+00 -3.049509543745950957e+00 1.780778152196976549e+00 -1.951910920187387433e+00 1.025258711019126778e+01 -2.684243682231155947e+00
-1.016929178832557739e+02 1.565360888056978084e+01 1.377723180786582979e+01 -9.803439926575547858e+00 -4.122656372432752292e+00 5.182420152578981032e+00 -2.257213434971401256e+00 9.748893563638560522e+00 1.156367046771561924e+01 1.247808688352520612e+01 1.257602928808792342e+01 -7.082551779871210762e+00
-1.166083968419451509e+02 -6.823195125561397845e+01 1.130393171264232777e+01 -3.429382484420145261e+01 2.633391320388174250e+00 1.818186528029360005e+01 -1.416543742774584302e+01 -1.705620333503524932e+01 1.708930687719418984e+01 1.797340208019469543e+01 3.115232965282295652e+01 -2.928046856923667285e-01
-1.138551815185704470e+02 -6.704593739840036903e+01 2.716473824308634732e+01 -2.204341423883203177e+01 6.057262816023992968e+00 8.370657878339015312e+00 -6.656487533231498332e+00 -1.386504582917951289e+01 7.200298945993228728e+00 1.811900810786260152e+01 1.980020710609845480e+01 -1.451262028490833877e+01
-7.687327124326914429e+01 -4.658856280569021635e+01 3.584663085241122360e+01 -1.762375402634891941e+01 3.111735423631668773e+00 5.873589620879585027e+00 -1.873503651585475893e+01 -2.531900479053465602e+01 9.555736487343562402e+00 1.374449533438327009e+01 7.394701883395691233e+00 -2.553302573502620021e+00
1.029192821909750855e+01 -6.515343648424349965e+01 -1.129134871172892574e+01 -4.605189999427403080e+01 -2.747562187052739091e+01 -4.007752345699682905e+01 -2.976715446351830252e+01 -3.090788861355544981e+01 -2.626482313001526236e+01 -1.888259977571342318e+01 -1.919892938382236025e+01 -3.310696057412812365e+01
6.875566969514602533e+01 -4.144371709780300250e+01 7.649277680200766483e+00 -1.801286731573865296e+01 -5.293714858563772552e+00 -1.722792199088526743e+01 -1.237767999562812804e+01 1.427397835264888037e+01 1.529778553234734595e+01 2.556779816515723880e+01 6.721371176360626976e+00 -2.101840865741225528e+01
6.089270282347391117e+01 -3.563742926973088743e+01 -6.711398182149258540e-01 -2.614233068734368004e+01 -9.669429938952886161e+00 -3.316329490116385159e+01 -2.327861992531521906e+01 6.729449270742173361e+00 1.999936394585942878e+01 2.817956222832945912e+01 -7.623339787841040049e+00 -3.102045060464767090e+01
7.050923894491884880e+01 -3.600333591185412274e+01 -1.459329307607861992e+01 -2.128884162434740546e+01 -5.146552818450821576e+00 -1.544599155071174046e+01 -1.174893056767599830e+01 1.107001045566553898e+01 2.074293942328441176e+01 2.840535997863718265e+01 -9.954935398831345594e+00 -2.039630660733397605e+01
4.556778226361944206e+01 -4.879621842012767274e+01 -4.459217282943789940e+01 -4.460188238599982213e+01 -1.197360559850650574e+01 -3.827137809056027606e+01 -3.144959081951587621e+01 -9.488653622620867978e+00 1.099111744745670194e+00 9.251572034963015057e+00 -2.594996895281205340e+01 -3.205285256556906859e+01
5.949650759885045659e+01 -3.198624042448669513e+01 -2.037112712221509270e+01 -2.494917258108244340e+01 -5.570980487799004344e-01 -3.285250884151937356e+01 -1.982480476375326717e+01 2.827871971314217081e+00 6.192964981314290185e+00 2.912489737740307305e+01 -1.301661987102416695e+01 -2.028577529638702259e+01
5.702824712294993503e+01 -3.516961925236377340e+01 -2.585265298872135631e+01 -2.234347957501864101e+01 -1.045571136768487364e+01 -3.511883719050108255e+01 -2.474300676005928068e+01 -2.719815219124003480e+00 -2.679860993993719909e+00 2.789042055063934811e+01 -1.631926440984823756e+01 -3.334844929775358935e+01
6.437615307124123376e+01 -1.400138514551207791e+01 -2.662584695163537241e+00 -1.699530781693084336e+01 8.055100040338723844e+00 -4.668800049104162042e+01 -2.276639242301751409e+01 -4.674901656106258407e-01 3.679716444570522160e+00 3.140717220199871917e+01 -6.030705919191381881e+00 -1.958459086786920267e+01
6.452978057845838578e+01 -1.998620364210515632e+01 -2.877377488299465824e+01 -2.966375834259761035e+01 3.541136252171772192e+00 -5.486040155904714766e+01 -4.983035855526684088e+01 -1.183301144609489697e+01 -3.278682325674615150e+00 1.918794029431540338e+01 -1.086369351330622024e+01 -2.249099313391463184e+01
4.945979018191089693e+01 -5.931189493000392332e+00 -1.197177829790944514e+01 -2.667926902970817338e+01 -4.889111161583456600e+00 -1.603822860812224249e+01 -3.510664021397659695e+01 -8.641839651449332305e-01 -1.499853708480676229e+00 -5.183737300123237857e-01 9.787819082932447401e-02 -1.732581854014076939e+01
5.352531887702416213e+01 5.021424582681085269e+00 -3.042793387112149617e+01 -1.051480653687233158e+01 -5.826431203551221572e+00 -1.529262579536545630e+01 -2.290697832186754823e+01 2.097321298409467349e+00 2.276204578914427401e+01 1.403083001375511429e+01 -1.064532480934089342e+01 -1.686612473736292728e+01
4.347189900622031900e+01 1.994596726691417388e+01 -1.682409607897555048e+01 -2.106771380375904812e+01 -1.355052594198483362e+01 -2.217292015258788496e+01 -2.494812594056885047e+01 -9.256168067068726302e-01 7.987669173835231007e+00 1.498340248425576959e+01 4.806422404722345831e+00 -7.641807300172001050e+00
-7.214447054407233395e+01 -2.662686791572842182e+01 4.001504625150419514e+01 -3.449763033705365700e+01 -2.180419511644394071e+00 -1.278600727055226471e+01 -4.474112997222570698e+01 -1.638846125571031109e+01 1.195870747237398390e+01 -2.600734172687049206e+00 1.955028273432900932e+01 -1.911509344056886306e+01
-2.815888545065729431e+01 -6.199617310575025186e+00 2.506285455918818883e+01 -4.627754182719827725e+01 -1.639860799702942984e+01 8.285803452077946218e+00 -2.761206630568064213e+01 -8.190821912784736369e+00 7.764570784017779559e+00 -1.351502632378191926e+01 -4.689105785142256622e+00 -2.545225903577117066e+01
-9.346242844369147207e+00 -6.046984533599567557e-01 1.876536899637612521e+01 -6.751936627033489913e+01 -5.721328680258892518e+00 3.778485144611019919e+00 -6.504315986125502036e+01 4.911923448338815668e+00 1.799042838109351505e+00 5.192326924173018554e-02 2.438103735247513981e+01 -1.874501361949934619e+01
1.649205084738099458e+01 1.651390895148258409e+01 -9.967448862129854703e+00 -3.373878223145571553e+01 -2.212304929179211754e+01 -1.547892110504782437e+01 -3.169769238132785460e+01 8.245025705970558505e+00 2.961068065136229421e+01 7.441884098947299186e+00 1.656894457173091340e+01 3.812553770150026722e-01
-7.030150676651407693e+00 5.717953109107325460e+00 -8.360013236372175527e+00 -2.364689718344962444e+01 -1.242820670151530393e+01 -9.099529457326564597e+00 -3.497670392807205531e+01 3.814073641520123736e+00 9.978244934163544855e+00 1.300670677402555420e+01 7.096773906143641675e+00 -1.187224091610155341e+01
-9.756742599896901424e+01 -1.541379623592387915e+01 1.798862727398289252e+01 -4.473721068330316086e+01 -1.922998637736219507e+01 7.839256393200457751e+00 -6.461359956603121191e+01 -3.211690351557889400e+00 6.945203708977144785e+00 -1.566992415162428376e+00 -3.999139345314674632e+00 -5.850155340482883659e+00
-1.076438178092060411e+02 -1.041876825962858888e+01 4.834645576317299742e+01 -4.219260206013975534e+01 -4.570662545823836354e+00 1.083891980312187542e+01 -2.635910640181692699e+01 -2.666938836222913167e+00 5.999193109655227119e+00 1.280383910377687684e+01 2.131771234943653326e+01 1.013775725662560845e+01
-1.051986990336462782e+02 -4.060749053088493099e+01 5.969924293818606031e+01 -2.991169265752745687e+01 -2.486615673025789874e+01 -2.058500689199646239e+00 -5.140339726148327770e+01 -1.803323773092885673e+01 1.774713318440811349e+01 2.345424239849470283e+01 2.069988959195100975e+01 -5.318034487619405226e+00
2.630653740293816512e+01 -3.529103912519211406e+01 6.729625126203885088e+00 -2.712306085470697781e+01 -2.802254234725863569e+01 -3.481909815723955148e+01 -5.159945179923569469e+01 -1.689759939013699608e+01 -1.398675981741816843e+00 -7.919829457535779049e+00 1.697680557258320277e+01 -2.303919753991145569e+01
4.310947820080004789e+01 -1.636873057510373286e+01 8.887228656070670141e+00 -1.139940671915191928e+01 5.766127439955126555e+00 -1.609677522797858273e+01 -2.589119005838939103e+01 1.062326588916097769e+01 1.377066018921438584e+01 1.063697118795742469e+01 1.517961936817024338e+01 -1.575983992305234338e+01
5.005036168022625986e+01 -2.933407557341875815e+01 4.181229481552431793e+00 -2.514706106842781708e+01 6.992085683436217280e+00 -3.173864126516411233e+01 -1.888897310988720690e+01 -8.123165719579771960e+00 1.302023037202497591e+01 6.400995056257524851e+00 2.069011701660518909e+01 -2.194923606458564791e+01
2.686303685850148071e+01 -6.186649987374333648e+01 -1.112871144850575611e+01 -3.666111205498044967e+01 -2.886650993557557499e+01 -5.426137304339926004e+01 -2.836341967983943135e+01 -1.612940030965907567e+01 1.152873844768132372e+01 1.221137721510110374e+01 1.078554822712280270e+01 -2.571659944227300088e+01
3.629075678641143554e+01 -4.302642623835559732e+01 2.940848175712497348e+00 -2.311789512206893704e+01 -1.588549732283797233e+01 -3.667873240911587374e+01 -2.647275281553629611e+01 6.200116852218016561e+00 1.295571504395176632e+01 1.204572322511807769e+01 1.089655213595492711e+01 -2.225924696950089299e+01
5.638515388221236435e+01 -3.749087119973854954e+01 3.468395565195423025e+00 -2.099928882519162698e+01 -3.387429331656298892e+00 -3.704118354061379392e+01 -7.091641734232025485e+00 1.527354633879365098e+00 6.965362680897720260e+00 1.227359400638982834e+01 5.773299401065955294e+00 -9.138781450860602007e+00
6.245562197539297955e+01 -2.199225160841639948e+01 1.946315575415362531e+01 -1.766990878702405610e+01 -1.459737836593727778e+01 -3.045731245404698839e+01 -2.620249624716078785e+01 -8.235365038132247406e+00 1.619517883179610607e+01 6.459024180297779694e+00 5.957260365571139360e+00 -3.335309340089910535e+00
6.261619153332568999e+01 -4.912674909728430350e+00 5.815056694908643742e+00 -1.174158631910066930e+01 -4.621404933271651139e+00 -4.330864455968608695e+01 -3.253991493431040283e+01 -7.475203421805234782e+00 1.241297324468519392e+01 8.493768017526828196e-01 1.537044902721395978e+01 -1.083615781448622073e+01
2.593831613752519161e+01 -2.280503599009000482e+01 2.262031575058903599e+01 -6.866974857832566670e+00 -1.704278806937389845e+01 -2.714219351301904837e+01 -4.015442544656124824e+01 -4.946408429614545632e+00 1.599857967847531448e+01 -1.018406877574966884e+01 3.319424420205588699e+00 -7.951851358383962065e+00
3.199272591668432142e+01 -1.012442589615311750e+00 2.409060359414740304e+01 4.909863077431700695e+00 6.237312694608819541e+00 -2.178492488392491211e+01 -4.561280544614510291e+01 -1.505150391665467824e+00 2.807771348912484477e+00 -1.728702044152950279e+01 5.792717709415646787e+00 1.418060191163578487e+01
5.401080975126403416e+01 3.133859374265776321e+00 -2.374131253399726660e+01 -1.794699173760327504e+00 1.260643224294616671e-01 -3.657296036195508293e+01 -4.485605696315245439e+01 -2.643072735086170688e+00 2.160066335563896445e+01 -6.970535177470329025e+00 -6.081272690796219571e+00 -1.023113536616131292e+01
5.380986571452174871e+01 -3.358088030053581363e+00 -4.504368661612073765e+01 -5.378085387471274181e+00 1.324038280325235739e+01 -5.102102215114783235e+01 -4.725540708467231354e+01 -2.432380084106949170e+00 6.880751626105201524e+00 6.361654697728517327e+00 -2.860263915608552310e+00 -1.074383490708122579e+01
4.935920008284674054e+01 -1.425220784540049657e+01 -7.044110696919835846e+01 -1.626457238002914707e+01 -8.496818162748549952e+00 -3.922213651631028597e+01 -4.416032919175108873e+01 -5.192875638583935860e+00 3.341800822452282382e+00 -7.262464349546416287e+00 -1.059907777177042121e+01 -1.185157841793150268e+01
3.496885511449489314e+01 6.787637948435679469e+00 -4.880576156043571245e+01 -3.467723064466854055e+01 4.698784741645728680e+00 -4.526563155792725723e+01 -6.189998523650345419e+01 -4.240566368960846155e+00 1.160570248480922828e+01 1.317516677382662849e+01 3.270075630155031554e+00 -8.292942703080164790e+00
6.523456005800287016e+01 8.057879783902286874e+00 -3.406947515843545204e+01 -1.100452043734331298e+01 1.392362107649731451e+00 -1.158725729327662890e+01 -2.211126952657097178e+01 -1.033080017794465455e+00 3.356847693682616374e+00 1.490389352832051983e+01 1.157227362682390748e+01 -7.333925205217878940e+00
8.900251345219531629e+01 1.375474007987703473e+01 -3.677842255266990179e+01 -2.316225738775491294e+01 2.134613465103845087e-01 -1.990692185608184417e+01 -3.824932031927446019e+01 1.309106507219988380e+01 9.449409962076543934e+00 6.372247696150364682e+00 7.691277661193534954e+00 1.514337309197806736e+00
5.369907982275118030e+01 -3.031130149548413755e+00 -6.052638483529801050e+01 -5.740152255809603332e+01 -2.225849668082648236e+01 -3.660846452674138618e+01 -4.682486414063272662e+01 7.959389683404110016e+00 -9.737013237085884398e+00 2.617889168464382799e+00 -1.295226268688547400e+00 -1.240698029336755681e+01
8.257185075830307142e+01 4.399894838461444024e+00 -3.508981081317680406e+01 -3.693242005014900542e+01 -1.969498408385668142e+01 -1.534923197838095987e+01 -2.413282963842546636e+01 1.608725642793250898e+01 1.363295909409944784e+01 1.038656375433712498e+01 9.519181700709395955e+00 -6.670410463131061007e+00
1.088886383625506795e+02 2.942788469159786757e+01 -1.711154510569647158e+01 -2.499098151756896158e+01 -2.773654230974922363e-01 -1.808869704063907591e+01 -1.905054036138832885e+01 2.067850903974295562e+01 6.902491193186829577e+00 8.712937621551615663e+00 -1.609300243199352609e+00 -7.258450864587365103e+00
9.608280611795936466e+01 2.818067070228605786e+01 -2.563606392183914551e+01 -1.742301493588362504e+01 -1.831889075685411683e+01 -2.899791916327544072e+01 -2.814067213029055381e+01 2.431919590299055045e+01 2.400314494604059767e+00 9.520499319289291051e+00 -1.689246347394718839e+01 -1.437876734259684497e+01
1.118261452494769799e+02 1.444300522930707409e+01 -2.188004195022970677e+01 -1.693065931689170256e+01 -1.847351904950428292e+01 -2.683599496937464579e+01 -2.610904573793553851e+01 2.026476133930783874e+01 1.358847603858794173e+01 3.018358005814110179e+00 -1.115394976628009349e+00 -3.082295011086519043e+00
9.408701359977933976e+01 -2.397135059189849926e-01 -2.548856689133831566e+01 -2.399181602475624686e+01 -2.212891167433660655e+01 -2.705673358300284903e+01 -2.147035797192270579e+01 1.690110673012279818e+01 1.991383052690927613e+01 1.213478794856206022e+01 3.506446316683833775e+00 1.004468969820006885e+00
9.740354534591962476e+01 3.614515011844414261e+00 -2.577433747040463885e+01 -2.280699151570005512e+01 -2.431991821638688478e+01 -2.564861013994432426e+01 -3.209053557398794965e+01 9.055762451626970133e+00 2.147197876963674901e+01 1.278598828494647321e+01 -1.268190131579216562e-01 4.116445383321972074e+00
1.002584243950522023e+02 1.504909840460328496e+01 -3.227793212542917445e+01 -2.378115833946884194e+01 -3.459334913984627491e+01 -3.807008989714761782e+01 -4.605657026545728172e+01 -1.275449721701365835e+00 5.546912383387373247e+00 -7.898474443708689563e-01 -1.375629235368266379e+01 -3.659491314211550161e+00
9.862378370643814662e+01 3.482083010917181554e+01 -1.376278043902810921e+01 -2.937263679101167924e+01 -2.973329653901939906e+01 -3.183437205733079622e+01 -4.757012811652113982e+01 -1.030491092530986741e+01 7.757879855341464292e+00 -1.133534306334539998e+00 -1.814451143451333337e+01 -4.887934400408925129e+00
8.012466013667813058e+01 1.991971938799515129e+01 -2.242623037033530498e+00 -1.448270454298656595e+01 -1.310303217945600807e+01 -2.149134424639969154e+01 -1.830805062572087394e+01 -7.293786136728408920e+00 -4.222962239726934186e+00 -2.317193685108201784e+00 3.005042129049897426e-01 -2.871833202354928893e+00
7.576214299998761703e+01 5.365918497515468744e+01 1.235645756852716604e+00 -6.314006114402923586e+00 6.180439741410351573e+00 4.742648565992386267e+00 -6.382875767918772425e+00 4.249035107686204071e+00 -1.340605358205218067e+01 -1.274020142818149282e+01 -8.829620456297545772e+00 1.983515404516657199e+00
7.994996904408640148e+01 6.393459294129485926e+01 -5.630880402936988105e+00 -1.481957331146036694e+01 -1.613332146280193058e+00 1.071797914536043272e+01 1.980641639363057926e+00 1.433149821376678190e+01 6.949223584587252311e+00 2.871911170452911666e+00 5.239304618749311970e-01 -2.456474662361063821e+00
5.517034435785836166e+01 4.158757144527770322e+01 2.077189025546931411e+00 9.203629923782226108e-01 8.734112349950700960e+00 1.742094024678394604e+01 -5.867800331313313578e+00 5.091027823659969087e+00 -1.807169922615737168e+00 -7.954472190032614520e+00 -6.087627269333681035e+00 -1.083817969111975810e+00
3.973152338528369398e+01 2.656766398855959821e+01 -1.491629046167559380e+01 -1.143500000039809805e+01 -4.909019140918914559e+00 2.159244106929758544e+00 -1.786483459004005070e+01 -1.439545493491171158e+01 -2.165789043599627561e+01 -2.380494389629657448e+01 -1.340113192307214796e+01 -1.004888112124210231e+01
4.910046660172114485e+01 5.245648624143499461e+01 -8.760417766695994146e+00 -1.461219149522912630e+01 -6.478349186836361184e+00 2.739397226417138675e+00 -1.045051390732752949e+01 5.497405026376602777e+00 -4.799164888525115913e+00 -7.309330518177244329e+00 -2.837949904147530233e+00 7.961776632585545244e+00
2.690331796736990810e+01 3.925667147501733467e+01 -8.693206941941909349e+00 -1.960008427583601787e+01 -1.295484378907150713e+01 5.123156919010298793e-01 -1.115606424275621222e+01 8.343753975496097652e+00 4.166641873275051644e+00 -6.214156914103480922e+00 6.867236812407935709e+00 9.752857158878164512e+00
-7.177634391681990245e+00 1.752553615785363661e+01 -9.537877515504796122e+00 -3.460533653598743342e+01 -2.159547130985568941e+01 -1.226033990216286540e+01 -2.266066728819408382e+01 5.443757758576213135e-01 2.186694952504150358e+00 -2.615354563319002512e+00 4.322089664357299910e+00 -3.185392178779833383e-01
-3.329705467190560153e+00 2.883829470491005020e-01 1.159896073430921781e+01 -2.718440990959928172e+01 -2.662054050502982250e+01 1.596717826527424666e+00 -2.164173219515761559e+01 7.694923897650223665e+00 8.688601336569121258e+00 9.810275255617117995e-01 -1.687782403591383318e+00 -2.837068371093935948e+00
-2.406932278372843348e-01 -8.926104968757288205e+00 -1.436455331099768529e+01 -1.904448519065266865e+01 -7.545115596707658412e+00 -1.307097034160969073e+01 -3.106481689796152068e+01 -5.106476271776767550e-01 1.123372798435934961e+01 2.649256895240021503e+00 -1.105742481976784930e+01 -1.126726464849449982e+01
6.983104872157172238e+00 2.254401974082388804e+01 2.011112434604679677e+01 -6.140483352693681951e+00 1.122285586474202290e+01 -1.954899991295879857e+01 -3.340754974128986987e+01 -1.029845298786222862e+01 -6.232881088923186930e+00 2.793600252584425903e+00 -2.577679094402004978e+01 -1.830087873563207523e+01
7.826192730243580797e+01 -1.990613804874807613e+01 2.818027609935917610e+01 1.387806482324259960e+01 6.743158236451625598e+00 -3.716501729495124096e+01 -4.625044231130405592e+01 -3.989525012404830484e+00 3.569516149532314664e+00 1.539635756310508974e+01 -2.016989844851615032e+01 -9.679726619994106329e+00
7.414295541219669872e+01 -1.617965850055922061e+01 1.018224584552884693e+01 -1.345005883992032381e+01 -1.436623712164423416e+00 -3.245242878121507601e+01 -5.082855716690673376e+01 -8.929573111883584602e+00 9.812326473799572568e+00 1.098945504341218182e+01 -8.310616819800657140e+00 -5.310101598222360941e+00
5.616968921605096909e+01 -2.017854620465285720e+01 5.880881445344649450e+01 -7.281141322495965351e-03 3.922898602113302768e+00 -2.809731563765227946e+01 -4.508413418941956508e+01 -1.052029352989783462e+01 3.547996656493247691e+00 1.980723430995716683e+01 -1.457598792136365340e+00 -1.301605594224182205e+00
2.957526011597188997e+01 -3.566229329533074832e+01 3.241910139851340489e+01 -2.126806937242359297e+01 -1.641303022286203728e+01 -4.549112666030561059e+01 -3.759944287408967512e+01 -2.317282557036569557e+01 6.201620238597904233e+00 1.968475076445035299e+01 -2.000603997876643092e+01 -1.585752196476223119e+01
4.706010471267197914e+01 -4.153846258439133265e+01 2.542280343188608782e+01 -6.058300115664771113e+00 4.655561656705635265e+00 -2.671737012845383319e+01 -2.671203401879465744e+01 -1.667450299880709252e+00 1.545100805370388564e+01 2.565682280251855474e+01 -6.212942178365133294e+00 -1.013591957308638669e+01
5.067467854040705078e+01 -2.272589594230325361e+01 3.030881082111801561e+01 -8.405625432112513451e+00 8.528672164767195696e+00 -1.793471140289307897e+01 -2.929443408821795458e+01 -1.262047769227571337e+01 7.903828681059771100e+00 2.278016593922788502e+01 -1.208522669741839906e+01 -8.219813697393004048e+00
3.187002359994802703e+01 -4.244374717452541290e+01 5.945680886377358032e-02 -1.655059540023367504e+01 -1.198010309560982201e+01 -3.116983021955368116e+01 -4.081860955705018057e+01 -2.695722947856235052e+01 -7.348263148261250599e+00 1.472505813392870166e+01 -2.040727241331003583e+01 -2.399630626101585662e+01
3.091262776744890672e+01 -3.954975442631125304e+01 8.636618384854497066e+00 -1.870792022639892593e+01 -6.834242357994211758e+00 -2.578051350470866865e+01 -2.763404477041839158e+01 -1.852221909975843417e+01 -9.111413849128879860e+00 1.852882035358712898e+01 -1.625702451279945038e+01 -1.994814098258089530e+01
4.327218810134573346e+01 -3.685471883378747293e+01 -2.882464579380192404e+00 -1.589264581493280204e+01 -1.168407724119511215e+00 -3.180925469808540385e+01 -3.478865962777739185e+01 -2.424668266123275373e+01 -1.286735957420934717e+01 1.664921669144112926e+01 -6.771752785986896228e+00 -1.799778860737118080e+01
5.375228002630620239e+01 -5.041524364632889643e+01 -2.192089293370169223e+00 -1.107552546324873077e+01 -4.067092957195093117e-01 -1.360028109133076057e+01 -2.950944872551438891e+01 -1.092757177366172527e+01 -1.406319807183173509e+00 1.525576001629906386e+01 -5.327928817781348414e+00 -1.329495457144729187e+01
4.051146203890062480e+01 -4.994845150171522619e+01 -1.312039774047552498e+01 -9.669520454720391456e+00 -7.660040100995431089e-01 -1.869854631155919833e+01 -6.055119115454369094e+00 -1.622981846342313794e+00 -4.315185603029658701e+00 1.267037789184517393e+01 -1.582586604844316724e+01 -2.863543060302183108e+01
4.718309168281133026e+01 -3.246166712896680906e+01 -1.440446384216092390e+01 -1.656834282706528327e+01 -3.372362709594076691e+00 -2.723814122020266382e+01 -1.188239339729869926e+01 1.298034432177696829e+01 -1.249573881175508383e+00 6.752718016507042620e+00 -6.062340085226612274e+00 -1.388909421869828975e+01
4.837778992931866640e+01 -1.543167022483285677e+01 -4.229159810710068079e-01 -1.128872440400486710e+01 5.589711620758151867e+00 -1.412331033230292121e+01 -6.458290675533337577e+00 1.225036968372526403e+01 8.798504725508841773e+00 4.108464398844667187e+00 -1.301943425255817743e+01 -1.172233749533884328e+01
3.601083716723548633e+01 1.526536054276519394e+01 5.331924404870155065e+00 -9.325395635111538795e+00 -1.137901886987889188e+00 -2.151104735587401962e+01 -1.232640857336563478e+01 -8.036955715631572517e+00 -3.721551417287097152e+00 1.343695020161880294e+01 -2.863596149568884197e+00 -1.813520101328244749e+01
2.499066034525323943e+01 3.666825519525107779e+01 8.498828411223174228e+00 -2.001046312687872941e+01 -1.102242735272896468e+01 -1.347077503214918792e+01 -1.501505789136427182e+01 -1.046801702442957804e+01 -1.984782303054662300e+00 1.946761988454726833e+01 6.419133591021124019e+00 -1.715080413491981659e+01
-1.212301370657388055e+01 7.044198985975723915e+00 1.564134142843550634e+01 -2.253531685945616303e+01 -8.905647066151843205e+00 -1.056953672787998499e+01 -9.975793461088921177e+00 -1.536276977872859462e+01 -1.894701894604017767e+01 1.682613591759148264e+00 -2.936598247282465657e+00 -1.321650049099717883e+01
-9.237985358687286208e+00 2.151189578021684667e+01 3.005674590596314744e+01 -2.057137141399857683e+01 1.743512980993523698e+00 7.194163624493670639e+00 -4.276443641480509150e+00 -7.708635885264195409e+00 -1.374770777074450123e+01 1.156879534295367229e+01 -1.138687980680996148e+01 -8.107398037650135336e+00
-5.382502999389298282e+01 1.458271379432690917e+00 2.925449476162922480e+01 -2.637807817835571811e+01 -8.329261402463929542e+00 1.331160964056552309e+01 -2.115193695779383276e+01 -1.220818024004020863e+01 -1.483944705078747539e+01 -1.564508708350663024e+00 -1.364621966906041095e+01 -1.124101599089731884e+01
-3.929295411495323265e+01 -6.416556858489093962e+00 4.562765557602997291e+00 -2.461118348882877882e+01 -1.080103267229595332e+01 -2.711271720936504259e+00 -2.353416135846561730e+01 -7.339493715930444750e+00 -2.131702957067081350e+00 -1.739978579386830315e+00 -6.842880060696327149e+00 -1.653902927262108591e+01
-4.102506840627957274e+01 -5.619223346710065847e+00 5.465818646759224020e-01 -1.403814532929311021e+01 2.957542310657513163e+00 9.634543887090872616e+00 -1.603866072190844960e+01 -8.442845445747922284e+00 -1.188366963679599486e+01 2.293922892427797677e+00 1.177194982592277839e+01 5.283587894868785106e+00
-3.356353544224259622e+01 5.911656517997071703e+00 -1.140708342025533995e+01 -2.733367080687602169e+01 -1.098332189382454516e+01 7.185357119955675387e-01 -3.366364721495925494e+01 -1.442499616834168030e+01 1.927134658909328380e+01 1.718818787764433154e+01 9.197971385036632697e+00 -3.757555325691576797e+00
-3.579646297401665578e+01 1.544276496633472817e+01 -5.571560405069222455e+00 -1.545624942265610535e+01 -1.419170303551164558e+01 -8.645688992222108737e+00 -1.862685960661414697e+01 -1.076531543175113370e+01 -1.859422567764288203e+01 -9.769891448784818522e+00 1.732576416980200484e+00 -1.508250810676145548e+01
-4.805484130077478255e+01 1.944115665827971995e+01 4.086357308023533363e+00 -1.960540580830568302e+01 -1.329211812603440457e+01 -1.745466751444506137e+00 -1.061067265349616662e+01 -1.885701053513887393e+00 9.730423486906669694e+00 1.986609825054905443e+01 1.111058461293752764e+01 -4.866582165149761607e+00
