-7.846044762518059201e+01 2.249527546583463788e+01 1.895314680023260312e+00 -2.013279726114762269e+01 2.562239823203459110e+01 -1.688180945637800789e+01 6.940448021402310097e+00 -1.596417317729989449e+01 1.995876536703977067e+01 -8.413176261495607378e+00 2.596877571174065480e+01 -2.918367314719620076e+00
-6.738627483872110702e+01 2.615735531000213854e+01 1.677106563249701665e+01 -1.769074998879739624e+01 3.161110736223751161e+01 -1.138080684710092605e+01 2.378808672775298660e+01 -1.645743006071222680e+01 4.832608924303411158e+00 -2.090504111974208001e+01 1.428409058039947155e+01 -1.961280642737913027e+01
-7.715943682443338503e+01 1.449827930774327811e+01 1.051896192840769828e+01 -2.244016734111869837e+01 1.325078096882526779e+01 -1.204706458808408875e+00 1.663488257780147705e+01 -1.819183180240135300e+01 2.873828340250960167e+01 -4.730235446223190365e+00 8.859337757385759460e+00 1.792647097087913810e+00
-8.321118289414800984e+01 -3.564295952009203905e+00 5.034761800083975913e+01 -1.789866859268104093e+01 2.861955279990769085e+01 2.509486417435627814e+01 2.097352560753837736e+01 -2.019187434332416586e+01 3.011304128666473190e+01 -1.715247186431045634e+01 5.470891567526705579e+00 -6.562474851356580707e+00
-1.048569549099275093e+02 -2.033558231387205240e+01 6.377760704224850485e+01 5.070478581377178884e+00 1.189013351851683709e+01 1.628633830392727333e+01 1.140165598974907368e+01 -1.403175951278639211e+01 1.027970236655811576e+01 -2.598684760529648230e+01 -7.303402596990862250e-01 -5.201068625239457788e-01
-7.943194564152173598e+01 -3.249520049645562381e+01 5.889132012634402003e+01 -2.034389405777273652e+01 -4.587666144185627459e+00 1.908421108909642072e+01 7.987185643940055257e+00 -1.565494890859405608e+01 1.879393826214608154e+01 -7.224494625640341283e+00 -3.970719041652144288e+00 -5.655829941727645860e+00
-1.082960211033890943e+02 -2.446889518399387242e+01 7.686953993558142884e+01 -4.746842104463041778e+01 -1.665058289248667478e+01 3.103763812129380639e+01 6.019645765312819918e+00 -1.457048996741563762e+01 2.028818087700661721e+01 -4.484422076724634998e+00 1.052814966898762883e+01 5.693128227604164593e+00
-1.259336571799134674e+02 -3.673411228378982685e+01 9.520657692813333028e+01 -4.152303784833199529e+01 -8.342226463046868545e+00 2.765300248790696713e+01 1.745270525700462372e+00 -1.181729574577682840e+01 1.769655776688273718e+01 -1.429789274505136021e+01 -4.941854469228570412e-01 4.746867899579215511e+00
-1.669519603746575456e+02 -5.442668575929027242e+01 6.746879939987273644e+01 -3.275391278225283287e+01 5.262453213316428347e+00 3.293490654422690511e+01 -7.395477575759461963e+00 -5.313347867937582514e+00 3.834370477081994188e+00 -3.774759543009560847e+00 6.535219944788497770e+00 1.177688642324747725e+01
-1.762713748799680502e+02 -5.146961034724385797e+01 9.263579639884443395e+01 -6.647300816674692214e+01 1.718424275201047635e+01 3.217075268726845394e+01 6.184333272297778628e+00 -5.205458661296532341e+00 1.371636836118534930e+01 2.719543269246933015e+00 2.486256331230878747e+00 -8.367293137957956262e-01
-1.656604337941602125e+02 -4.105092689055494759e+01 1.036362158333251813e+02 -5.613578209132163721e+01 1.463580837044818139e+01 2.183325327026528129e+01 -9.972497531010695582e+00 -8.568744037600334096e+00 1.005778799152828462e+01 -8.698097606036663265e+00 -2.201264436701891203e+00 1.403408874525926109e+00
-1.290111893485585597e+02 -2.104790088799023096e+01 7.721758942055586772e+01 -6.301723712983780956e+01 2.052842393492993978e+01 9.912870110130711510e+00 -7.774147615251009391e+00 9.174176114258290937e+00 4.920734950573613098e+00 -1.311692302894519102e+00 1.290261087949962970e+00 5.728925328165929365e+00
-1.284744653196956676e+02 -3.765639753396609279e+01 7.260901967316539185e+01 -6.802092003898843586e+01 1.403832954464061800e+01 -1.338835204245136801e-01 -5.759051550489797222e+00 -1.119960692823571335e+01 -1.333650128281948177e+01 -3.238108488435579968e+00 -1.581205937902995728e+01 -8.829090105220290141e+00
-1.534739727598937407e+02 -2.035787436813547657e+01 9.043866892645746702e+01 -5.899495953573644158e+01 2.792654504212772437e+01 1.149167386505633104e+01 1.597623817681373737e+01 -2.574124441842114752e+00 4.244105413107725155e+00 -5.800036936022621603e+00 4.957659812109255881e+00 4.074269912852066966e+00
-1.531380790885415308e+02 -2.436167369650354431e+01 7.864889555045380121e+01 -3.655171350677579056e+01 3.758244503371270184e+01 2.398566069760092034e+01 1.742466329146467530e+01 -1.292944539631078982e+01 8.242243835488608283e+00 -4.278753206570702794e+00 -7.004041338553644636e+00 8.903895859081675468e+00
-1.302641316972272421e+02 -1.314533275865484185e+01 7.929327657634969739e+01 -4.932858889342374198e+01 2.117249924310016951e+01 -9.625912491598813681e-01 2.403969599239901100e+01 -7.364698224469687027e+00 2.498423460131703422e+01 -1.111145123481587049e+01 8.713758208140319539e+00 3.766836583710075903e+00
-1.187874643099249283e+02 -1.027600351985210736e+01 5.935927555252165178e+01 -2.593305971981904889e+01 3.445313146799097126e+01 8.002765456346903505e+00 1.518022604491065941e+01 -2.385669416191016978e+01 1.190033265298837328e+01 -7.317611867100067613e+00 2.504307032083675111e+00 -1.493060458516117128e+00
-9.561288484954704359e+01 1.018693181178509732e+01 4.718010486752902466e+01 -3.942353347515115303e+01 2.763861117037668436e+01 -6.114749157198367868e+00 1.961995550473031358e+01 -1.572554096842334026e+01 2.239495699594721856e+01 -7.397968772791418957e+00 6.550016350965098155e+00 -1.112380361944663321e+01
-8.960307389958414603e+01 5.435295377514924198e+00 2.386978192909518270e+01 -4.214060679035758028e+01 2.381378875689953745e+01 1.319984540706974574e+00 1.896616489808524975e+01 -9.434759391324334388e+00 6.133033910235472064e+00 -8.520253833224579409e+00 1.225226532693423742e+01 -9.486620214755225433e+00
-9.810414094586239742e+01 -4.080294965330030443e+00 2.053139148831114369e+01 -3.067042487627577430e+01 3.666650513540937339e+01 2.005385970962536568e+00 2.336448402514548661e+01 -6.238586793140332709e+00 1.438925656876986636e+01 -1.148159057676956252e+01 5.632220016021786790e+00 -6.620391863164773127e+00
-1.075633012653786409e+02 -1.186285015336232362e+01 1.497686284309443749e+01 -2.622259356522732432e+01 2.765680044153486961e+01 -1.239368515796943448e+01 3.159703438070936343e+01 6.098150772833552224e+00 1.989161694136805636e+01 -9.817633951231977463e+00 1.694866337039324478e+01 -1.135900431981349001e+01
-8.334056889475149887e+01 1.033569818067287294e+01 3.711122983486759352e+01 -2.235271079031973329e+01 2.764021170000470562e+01 -1.405723548690096614e+01 2.185746854468970923e+01 -1.670226441893578340e+01 1.076026725691986208e+01 -1.614307052639346196e+01 1.076309799473131434e+01 -7.843582814344807197e+00
-7.832685986984211013e+01 5.714031018720718613e+00 3.457381456644446871e+01 -2.675074742441134035e+01 2.854702383530346310e+01 -9.112855171550840794e+00 2.838341326087775229e+01 -1.024185673513942874e+01 1.752435967878355427e+01 -3.522314773701145096e+00 1.969317244982102721e+01 -4.778924607858099805e+00
-1.014858063415368861e+02 -3.665477775924175674e+00 4.889394281274185516e+01 -3.833428978936751008e+01 2.087591104974347189e+01 1.231032935053438848e+01 2.494334607580171337e+01 -1.284112196210903711e+01 2.571152695819206357e+01 -1.556068851358217486e+01 4.271600487967961435e+00 5.312818592943146179e+00
-2.894933572475379435e+01 -3.729239304463708748e+01 3.728458031378676196e+01 -5.837497179583171203e+01 1.509866196264241900e+00 -1.422935867483691474e+01 6.628416239473960303e+00 -3.463028090800477798e+01 1.915112282541680244e+01 -2.836531461284011968e+01 5.696043858389844949e+00 -1.854041970900353054e+00
-4.569047701375220072e+01 -2.649219277823160468e+01 4.244564254687031735e+01 -3.974165561189044382e+01 6.901165893521435279e+00 -1.039667512240533931e+01 -3.681497548702583167e+00 -3.583624109023622850e+01 2.258809465155367135e+01 -1.120828726365155248e+01 2.737805731040761081e+00 5.833993197718379875e+00
-1.347368578059427691e+01 2.323832220050694275e+01 5.695113076296460264e+01 2.528181641618223452e+00 4.624175223596708406e+01 -1.571297829247795974e+01 1.049468407047946883e+01 -2.114445480881667194e+01 1.526487656349744526e+01 -1.103515420150176496e+01 1.019966420092623238e+01 -3.765264935324413642e+00
6.771357339559091315e+01 2.398337658366987313e+01 2.493149769233779978e+01 -9.996566437044217324e+00 2.531454194208506436e+01 -5.113118830863075459e+01 -2.527920100187674635e+01 -3.752529988920343840e+01 -4.438173048653293762e+00 -1.707986173730407486e+01 -4.394420650156720676e+00 -1.351140219674610776e+01
2.656270381838977457e+01 2.665477112248852976e+01 4.760219500986364238e+01 1.490255989661836367e+01 4.500132930920672791e+00 -1.140521455398453377e+01 7.246019103914164816e+00 -3.716776947611168680e+01 -1.278731515290519027e+01 -1.460860559698301131e+01 -6.950607794632475134e+00 -2.720984465185173917e+01
2.723848755567442481e+01 -2.924985941275318169e+01 1.321557000511783997e+01 -1.425476505917178116e+01 -1.380112773145384164e+00 -2.265196507639599233e+01 3.077837653270202622e+01 -1.974364535360926709e+01 1.573366842918899167e+01 -9.960491690748140670e+00 -3.874708006416823558e+00 -1.241148194921891346e+01
-3.064975090845231875e+01 -6.287912978636834538e+01 4.792152604608156707e+01 1.862367758275794216e+01 -2.384631722388135699e+00 -8.838640551429222114e+00 1.492732712424526298e+01 -4.697554182750778295e+01 -4.809329506760462891e+00 -1.670714615700996575e+01 -3.889770182470712712e+00 -1.814366151375303815e+01
-9.595348941611852922e+00 -3.024865653926772779e+01 5.522825738137478879e+01 1.249327922470314434e+01 -1.532650208688161797e+01 -2.993702387830204259e+01 4.256296985064623506e+00 -5.256621957852682669e+01 -2.745366010069163920e+01 -2.858871954818116379e+01 -6.955762657345408329e+00 -1.799564093719828861e+01
5.958870559509951192e+01 4.086259483168366557e+01 6.166554413023075654e+01 8.504585925414531289e+00 2.312081303583035208e+01 -4.119684632124087642e+01 -4.500586429074955319e+00 -5.139864904147105307e+01 -6.441385665209006461e+00 -5.928238309595069921e+00 9.066578059064934081e+00 -1.479615322845089054e+01
9.134833403976422517e+01 2.475567871651557539e+01 1.186861364169618938e+01 2.121886833246701798e+01 1.496734796549672275e+01 -3.687253401047036050e+01 -1.225238860574882160e+01 -2.445569455687035898e+01 -3.860685035438803592e+00 -1.149982821311975378e+00 4.344918547233746153e+00 -1.188976193488855415e+01
6.047896363023221511e+01 -4.433663861033037890e+00 -2.534051476528923263e+00 8.423719394641269176e-01 -2.489253195401080987e+01 -3.498739019167548747e+01 -1.419889100544127913e+01 -1.508408647084850074e+01 -1.128352558073088829e+01 -9.203032622063297197e+00 -5.234919174015797871e+00 -1.337573543627938122e+01
1.088327044705750097e+02 2.499345978239997379e+00 6.461504613436034106e+00 2.439971753052481418e+01 2.193762124792985446e+01 -4.815307152324562168e+01 -1.155987353420609942e+01 -1.113329112035993873e+01 -2.264151744301068803e+00 -9.977213940488635302e+00 2.729777806198861789e+00 -2.194733645981793657e+00
1.032857333063544445e+02 -6.411935048215944732e+00 1.377153620398971157e+01 2.513565090864267759e+01 7.969854162636321959e+00 -6.669100645093803337e+01 -1.598461465479284804e+01 -2.894764716588113629e+01 -8.680155696068808879e+00 -1.787910208495055286e+01 -7.670040805585706112e-01 -1.585005089149564128e+01
9.009251905329779220e+01 -1.063441657633997828e+01 -1.474513357054632046e-01 1.480119399672114611e+01 -5.911459748930529834e+00 -5.748465132460557925e+01 -2.199329148421299607e+01 -3.233401781232241490e+01 -1.661371816106570876e+01 -1.948287633628075355e+01 -2.580229574829908668e+00 -1.353398448560373879e+01
8.795201792573843136e+01 -4.088936238426882142e+00 -1.089112229044858893e+01 1.512893500469999175e+01 -9.300522819021454168e+00 -5.177572780407576403e+01 -1.906269351879049267e+01 -3.001441361673217045e+01 -1.908478744712157038e+01 -1.235256969261902427e+01 -2.474380298478776385e+00 -1.932892780353819262e+01
7.969401423371391502e+01 6.788811778103366557e+00 2.469170061373893077e+01 4.232605680862015163e+01 4.270081739414887778e+00 -4.522380168357521057e+01 -1.590112781889322413e+01 -2.414505278204531180e+01 1.596929872433169084e+00 -4.872239457035624888e+00 8.713298758804269184e+00 -3.348080732032870266e+00
7.663927622445771703e+01 1.061560771100304379e+01 1.289253577581328969e+01 2.332453614550649945e+01 6.967179909693564710e+00 -3.126783720811914691e+01 -1.794116690950036741e+01 -8.569569549460030800e+00 -1.221821796836801255e+00 -1.055579672557627902e+01 1.731630969419617694e+00 -3.118582710629919763e+00
7.166528617852399918e+01 2.305557415575144820e+00 4.272697015447969981e+00 2.033480754660881473e+01 -8.027261661876829990e+00 -4.212764529917534162e+01 -2.264500124817458016e+01 -5.511037194004657636e+00 2.747487347174011774e+00 -1.243781876208271342e+01 -1.298004702624271545e+01 -1.324889405161010814e+01
1.081426968305237466e+02 -6.800480756817555594e+00 2.269604226881995857e+01 3.389577997491480232e+01 3.131139513705196364e+01 -4.731546022854810474e+01 -1.027589206958529466e+01 -1.350020939279138332e+01 9.097544915538713362e-01 -2.446309045996574127e+01 3.099448382113284772e+00 -1.492485690045543834e+01
1.016299210496419505e+02 1.084596280426631143e+00 1.026935377234647717e+01 3.884361295946041537e+01 9.159034323913576969e+00 -3.935624462394643786e+01 -1.395785511733698137e+01 -1.094625037112034249e+01 3.717869645974852144e+00 -1.570084614890356178e+01 -1.334333429487175415e+01 -9.096885348830570095e+00
1.033898667410992687e+02 -8.953129984295731703e+00 8.549798544971535463e+00 2.496495689031235443e+01 1.542128550902425133e+01 -5.230533334347190788e+01 -1.386837361016708492e+01 -1.605622920496625383e+01 -9.520251657428293157e+00 -1.466287574563135720e+01 -7.119481304469269745e+00 -1.640933821727375275e+01
8.731442812822345445e+01 -1.588351749570413318e+01 1.002809687595089017e+01 2.873457385175993295e+01 1.017378501184993667e+01 -6.802639636975797544e+01 -1.991705138031391087e+01 -3.620033610061278750e+01 -1.750977708532243327e+01 -3.152011679943550249e+01 -1.424404129843294342e+01 -2.879417998532653655e+01
8.250980059797507238e+01 -1.592697874651410750e+01 1.680159701808780071e+01 2.505404244471390030e+01 1.269409194369609750e+01 -5.999427033910140494e+01 -1.500714870817062518e+01 -4.118513259100241442e+01 -1.622078570638194250e+01 -2.391053483596044060e+01 -1.154797331030327712e+01 -3.384277424020071834e+01
9.159469862071645707e+01 -1.156937213479627502e+01 2.012949181434668589e+01 3.128450238272238693e+01 5.834261860120630416e+00 -5.092876935476050448e+01 -1.374801106431518782e+01 -2.537768130239178532e+01 -3.129265015995398969e+00 -1.453757371266519982e+01 -1.451917617277434580e+01 -2.240283119084361374e+01
7.563774386808555050e+01 1.807478570956673991e+01 2.755553039414666117e+01 3.076245026046363051e+01 6.968442909611948899e+00 -3.267999651414527307e+01 -1.683355448191312931e+01 -1.468846028862343367e+01 5.330618661872527753e+00 -8.454168016278007514e-01 -1.458980435096561479e+01 -1.348841687781318299e+01
8.339713770637794710e+01 3.764414079428309634e+00 4.075250415328581965e+01 3.913650529556689150e+01 2.388660530432815321e+01 -4.023876081215617262e+01 -2.332979208561534179e-01 -3.751432331872684500e+01 -2.962335014514751119e+00 1.224411947674199475e+00 6.058354402841180431e+00 -1.914770522916189321e+01
7.819581868240094025e+01 1.919411014626746947e+01 1.730700353567242900e+01 2.578457558290022078e+01 1.014302960057626279e+01 -2.724629135629297139e+01 -8.396936262225933589e+00 -2.103676145184267199e+01 -4.841029223681382554e+00 -6.770674789147586026e-01 -5.762982384402139502e+00 -2.319153307486883620e+01
5.589658800799091409e+01 1.698531129307497167e+01 1.263516611608772244e+01 7.041861275584919255e+00 -3.916321185044615572e+00 -2.623473219713772764e+01 -7.650700010899702086e+00 -2.566008738119419519e+01 -1.203060952018319796e+01 -1.299479210015779529e+01 -1.202875482525270101e+01 -1.618074737222599424e+01
5.985392096659506933e+01 1.685759882185959846e+00 9.152084688610500507e+00 4.455701710613032773e+00 1.953999333574263986e+01 -3.566310197427816320e+01 1.012605668177148477e+00 -2.216269977082290410e+01 -3.009458642815302731e+00 -2.031276306436681978e+01 -1.021587267221983897e+00 -2.490512911799792306e+01
4.673012461983653054e+01 1.450594431895464709e+01 2.483517284343155040e+01 -3.926699656689910611e+00 2.189300829090025857e+01 -2.240819989813630642e+01 1.981332834204156512e+01 -2.877106763308896120e+01 1.039692620360578523e+00 -1.235559447178177628e+01 1.133957414105127448e+01 -1.512314031892467625e+01
2.920699608810525660e+01 1.125863600370567852e+01 2.576430604898668975e+01 1.790848337244088029e+01 2.614759184779290280e+01 -7.118122653528502930e+00 1.547465691665946252e+01 -3.083474910412330416e+01 -1.197232821077307818e+01 -1.639770140426456635e+01 8.313798663038545200e+00 -1.216021467286732261e+01
3.978843920019119906e+01 -1.065411780584158752e+00 2.227297822215914991e+01 -1.376788057175734714e+01 1.891162114710980546e+01 -1.023376166444889179e+01 3.102731166375517802e+01 -2.526015161692476241e+01 -9.238544824312363346e+00 -2.078854075532588652e+01 2.938446543531914301e+01 -4.806068528068022871e+00
2.472579149810818322e+01 -5.274464379711293560e+00 -6.769028265378509879e+00 -2.144710843256808630e+01 -1.880059262318345858e+00 -1.064495569524563301e+01 9.578183172475773333e+00 -2.640251445050891022e+01 -2.636762895585933109e+01 -3.136474006919529600e+01 9.450297041077229565e+00 -1.289492442571669528e+01
2.495857494855344427e+01 1.680516546665722899e+01 1.781825641488511991e+01 -1.677387232161462904e+01 6.034634685940957866e+00 -1.283258730694747207e+01 3.112956011603315432e+01 -2.252735035693071808e+01 -9.538382590241191394e+00 -4.056413039871944903e+01 6.865872509604963092e+00 -9.268056559407012784e+00
2.285940822062819677e+01 2.198606588541056794e+01 1.681242595885674973e+01 -3.084178860001094336e+01 -1.341117718232907041e+00 -1.935314314977267003e+01 3.078190794168196476e+01 -1.380615230167674490e+01 -7.017161630404499917e+00 -2.955256647213509069e+01 6.142239071935215122e+00 -1.370554610434754572e+01
7.755498894455904235e+00 1.263017750373252568e+01 9.342290655139819933e+00 -4.034450689345482033e+01 2.002046711380428334e+00 -4.055722195157255783e+01 1.920361673805382097e+01 -2.619116005622141330e+01 7.511866801264615034e-01 -2.245379323240670999e+01 3.011097117953882574e+00 -2.992290781557246504e+01
2.174455872869481254e+01 2.732373545299251560e+01 9.759541944156648441e+00 -3.354690948666586792e+01 1.074862263223936409e+01 -1.858658127304509122e+01 2.378980311742956388e+01 -7.085967976460342932e+00 1.167481380266800173e+01 -3.181105582515346697e+01 -2.434765867355096702e+00 -2.510960266998452894e+01
1.861430701701077339e+01 3.182437546347863488e+01 1.306637775150588787e+01 -3.906779056899310376e+01 9.639843025136222820e+00 -2.187692825123833984e+01 2.544513313505231977e+01 -1.032423491162601259e+01 1.322491115632041669e+01 -1.737846427560160834e+01 7.463117415075313232e+00 -2.413166932504396200e+01
3.291671762309238414e+00 2.712516267631880140e+01 1.226973491467549948e+01 -3.340576978205584169e+01 8.849840117086685609e+00 -2.710897871448537444e+01 2.613205093116179967e+01 -4.777143359509368636e+00 1.327849801227821658e+01 -1.085105676810700359e+01 9.394284740865149530e+00 -1.435998223956324438e+01
-1.620835968147850892e+01 2.885975840656078617e+01 7.385644266413267545e+00 -2.203057072263596794e+01 1.307291663353319322e+01 -2.040929271991502247e+01 3.445610316375345406e+01 -4.421875437749957172e+00 1.361417841340794865e+01 -2.492880789686684651e+01 9.418792851392232990e+00 -1.798005594446023281e+01
-3.576908861746079538e+01 3.273803932354403656e+01 1.590930719793793457e+01 -1.751784748724855589e+01 8.280134234432139806e+00 -2.238875643457160436e+01 1.275997481951768719e+01 -1.668378159054874033e+01 -1.011952856748276020e+01 -2.780065590505582307e+01 -8.301411572391315108e-01 -2.547918144374681759e+01
-3.032551578935306935e+01 2.410072496947584142e+01 3.175516236241881529e+01 -1.299413951432429570e+01 2.830116786185566724e+01 -2.637893275932929527e+01 2.594341653793467373e+01 -1.930680744844577035e+01 6.002280365754847580e+00 -2.913069271642159208e+01 1.693449620775307807e+00 -2.350230595747120432e+01
2.360587234819899294e+01 4.628936234313087539e+01 3.408629413171111366e+01 -9.034078090650883297e+00 2.838445443613147390e+01 -2.201453696666910886e+01 1.944206038251718027e+01 -8.368284479995629965e+00 1.756845136447675060e+01 -1.351497358716057384e+01 9.257086211040569168e+00 -2.178095350848811762e+01
8.681883620311265304e+01 7.217866400715462305e+01 3.276664690158898452e+01 -1.473908497401225581e+01 5.179133977523132870e+00 -3.978291241256731325e+01 8.057861297810720913e+00 -3.254802220497796839e+01 3.194184656165625746e+00 -3.944729433361758630e+00 8.987731803340619052e+00 -1.009375209589861733e+01
7.829382871191245385e+01 2.117064659221756528e+01 -2.869257923134983734e+00 -1.009947015746134724e+01 -1.310194908958494686e+01 -2.211966948043748005e+01 -1.225592619982554510e+01 -1.759081820595946155e+01 -1.106579705052482865e+01 -1.207777797735331049e+01 -2.450211301699230404e+00 -3.045529643419828680e+00
1.071285143672531603e+02 6.693220650694084384e+01 2.491226738920443040e+01 -5.251833773574203335e+00 3.508762541029449622e+00 -3.557180893344994388e+01 -1.688663877894625576e-01 -1.872094812927628737e+01 1.336474178261870760e+00 -9.985499632796063452e+00 9.715504771489158031e+00 -1.066152691148716158e+01
9.447558313113094641e+01 4.583572964073116651e+01 1.181642381696266142e+01 -3.751655093727991552e+00 -2.513581928959923495e+00 -2.066108943854892743e+01 -1.166783594620225450e+01 -1.534683371414394415e+01 -1.897586353067243659e+00 -1.294912211252726664e+01 3.057017656599309241e+00 -5.906258733286842144e-01
8.506951913051487679e+01 3.745244856421560087e+01 3.226230702133615402e+00 -1.030660091819953017e+01 -1.166683429960611917e+01 -3.196839419220160039e+01 -1.897886563605399601e+01 -2.841459396476532362e+01 -1.070688167856044970e+01 -1.811146756185480911e+01 -3.413791155053250037e+00 -1.223604370343840131e+01
8.876703775984256595e+01 6.449514740559268944e+01 2.070549302966470862e+01 -7.460223983462075381e+00 -6.966804998512796665e+00 -4.132874297009101383e+01 -1.101584760072427649e+01 -3.120482522139743509e+01 -1.686672944195612445e+01 -2.490505387735952780e+01 3.890408730325233044e+00 -1.327597834728419812e+01
9.512519940279496211e+01 8.292822973070236969e+01 2.894450188869679508e+01 -1.052819412339518124e+01 -8.283321698221934426e+00 -4.420489773262243460e+01 -5.517500198445087989e+00 -3.528826496783096189e+01 -1.161950359243494546e+01 -2.285379838006049624e+01 3.757005010431698544e+00 -1.762577664171462999e+01
8.853340860874195073e+01 6.212358708699527909e+01 1.205301324140476282e+01 -1.067166578972529578e+01 -6.647062978969934477e+00 -4.392430361007787099e+01 -1.412173398444074124e+01 -3.342802497607336676e+01 -2.177851464614651178e+01 -2.801653302816465185e+01 -7.955932114658446075e-01 -1.899329025312992059e+01
9.048461803994585750e+01 7.532662016244640313e+01 2.988605096644445780e+01 -3.378157803636938183e+01 -5.073873766652384987e+00 -6.395560587380819584e+01 -2.441256118684724807e+00 -4.659075769384507737e+01 -1.853186832243413562e+01 -3.779921003479336150e+01 7.652911362562251796e+00 -2.937326286728426439e+01
8.640703716196955497e+01 5.693330298921173949e+01 1.424668367743086250e+01 -4.739579728538626746e+00 -2.929501164847087225e+00 -3.520465189329510736e+01 -1.866068433433996887e+01 -2.745109807065581720e+01 -1.402372746152157212e+01 -2.780248569999733377e+01 1.038810239221783061e+00 -1.659602272210965879e+01
8.940723971653939373e+01 5.720644803232134734e+01 1.073607128312531600e+01 -3.472300572594773094e+00 -3.011590409788604816e+00 -2.650221472787689336e+01 -7.131068142368828688e+00 -2.024174400673366492e+01 -1.049915468866845636e+01 -1.346889793590992390e+01 -1.042986452122259822e+00 -9.330612115595114275e+00
1.016595495773418918e+02 7.867779291242625561e+01 2.382716669503454199e+01 -1.089819322419669057e+01 2.564311935037279611e+00 -3.512438210894987378e+01 -1.612330773105968174e+00 -2.058291669118454692e+01 5.566500948214536670e-02 -1.411851467153269191e+01 7.573889226222513926e+00 -1.618364061345999616e+01
9.583553214737437997e+01 7.744405229781176558e+01 2.397930072050027661e+01 -1.208978039271488214e+01 -1.554005700777336241e+00 -3.069579858865681032e+01 -2.724409451707420882e+00 -2.046729167868914701e+01 -4.309500179857606028e+00 -8.474047571768752007e+00 8.151692939045343422e+00 -1.210969090172344842e+01
8.362552647245641424e+01 5.158998175412574483e+01 1.059808322904064859e+01 -4.739269434278698512e+00 -8.323001854500665431e+00 -2.311692320107607301e+01 -1.121115861196596342e+01 -2.213782493494298365e+01 -6.136507222691937713e+00 -1.007666006635521860e+01 5.058261925777050472e+00 -3.904922433499129930e+00
7.163057425485112617e+01 2.373312089608258901e+01 1.074274592134708328e+00 -1.023977143070184326e+01 -7.736828365851005529e+00 -2.554584759175401132e+01 -1.818230860455070541e+01 -2.220217937516809315e+01 -1.436102434076874701e+01 -1.484425235829390388e+01 -4.313814212660965985e+00 -6.415005708002656348e+00
8.774075447317892440e+01 4.443989612581292192e+01 8.760265996288755019e+00 -7.526703816212922948e-01 -4.962947837491741510e+00 -1.201244205576957214e+01 -2.381823999844865369e+00 -1.508798166523399154e+01 -5.504319130019364792e+00 -9.771021372784090886e+00 -4.097290458481666064e+00 -9.244571180242513009e+00
1.112401085066988173e+02 8.935357040438645981e+01 2.409597353928419494e+01 -1.526400361087004498e+01 7.930358931733632488e+00 -3.661441029552788251e+01 1.637540147985355077e+01 -2.140423399641048263e+01 6.531236487724971340e+00 -1.758157622458029223e+01 6.357133432677443352e+00 -2.065944676677838032e+01
9.151066560004761641e+01 5.012938364575435912e+01 1.038236975051797728e+01 -6.339134963626019470e+00 -1.348402466924078613e+00 -2.431316638011945486e+01 -3.054155987547571005e+00 -1.222010304611823628e+01 -4.265138654037198052e+00 -9.416647780476798957e+00 4.074542907748610610e-01 -6.626226377975660498e+00
8.346975661573823402e+01 5.969160405828516502e+01 1.158472260888825645e+01 -9.332705498803358424e+00 -8.005560352831128768e+00 -3.367856205352599375e+01 -1.324728848284157579e+01 -2.527352645852584345e+01 -6.919140288022708418e+00 -1.367765723698269653e+01 1.360176406612502831e+00 -1.301675256854550433e+01
6.905663993740662931e+01 5.534579719188872104e+01 -4.054644336438575358e-01 -2.228914866044144460e+01 -1.759352544193691159e+01 -4.671068879524651152e+01 -2.336336664116572948e+01 -3.736017840378241317e+01 -2.315511597678294109e+01 -2.945858166065215045e+01 -1.089402237722693734e+01 -2.850489833090340142e+01
7.748057389087475144e+01 7.953672982312392037e+01 3.185036052486046287e+01 -2.403294951166312643e+01 -2.729574488211153671e+00 -4.512670662563147062e+01 -1.738129512140641264e+00 -2.554834236261566005e+01 -3.665786646671034710e+00 -3.612622892471134151e+01 -4.704924104478309665e-01 -2.609469425867563075e+01
6.269786277089747273e+01 8.988076298467774450e+01 3.160097071395006907e+01 -6.926144658708764723e+00 1.249862074026559178e+01 -3.897973977136777535e+01 -5.670858198934512373e+00 -3.006444735262467916e+01 -6.863089982949627021e+00 -2.015862429656795740e+01 -3.119371339430208501e+00 -1.852917092707786395e+01
5.687656225605141458e+01 8.610106456168293221e+01 1.828946833715755105e+01 -7.188089966231883565e+00 1.208158448940358909e+01 -2.810181157303212629e+01 -2.332938726926297779e+00 -2.398877837455469120e+01 -5.252026015209825260e-01 -1.873809766013359024e+01 -8.669104940891749322e+00 -2.151074789686708755e+01
5.065188629038006951e+01 6.488234752021944018e+01 2.316569757923910089e+01 -2.220041741397222879e+01 2.381942715799190324e+01 -3.431280085724282713e+01 4.432342377983027326e+00 -3.301170641820651497e+01 -5.779575036728591186e+00 -3.653626856330295425e+01 6.763381448972817012e+00 -2.162201743319972636e+01
2.886867662415278701e+01 6.049498936106783731e+01 2.216503157084466658e+00 -3.273101280714634242e+01 1.083800558222090515e+01 -3.603250008183449182e+01 -8.828840152790347062e-01 -2.867068900259393516e+01 -3.834635972171789753e+00 -2.390460259354926009e+01 1.966562192840644707e+00 -2.573816330536513064e+01
6.385088969402860748e+00 4.464060280116542145e+01 3.319236765343104967e+00 -3.152184706176425877e+01 2.085958239584576823e+00 -3.612183983205250115e+01 3.887349129681068938e+00 -2.400765299113869133e+01 -7.984541372740622478e+00 -3.191115147488857673e+01 2.513960987551127624e-01 -1.947728502395409578e+01
1.690902599242738091e+01 2.671513215936190377e+01 1.526139654089378794e+01 -1.665148564850566970e+01 1.347992340298889680e+01 -5.053669936449721689e+01 -1.027958285801924720e+00 -2.288134071980094220e+01 -1.449993749076433858e+00 -3.513161010296738596e+01 2.811297649600757342e+00 -2.091399174626278068e+01
8.880534624036271474e-01 3.792023769538293720e+01 7.235412957774569165e+00 -3.878621255055932693e+01 4.060335923787384615e+00 -4.253694097177897504e+01 1.691057616925705531e+01 -2.941776099383302778e+01 -1.274168482705240280e+01 -3.656906002886867668e+01 -4.478164881885322579e-01 -3.181063247976370079e+01
-1.546983263646490059e+01 3.068724856323552075e+01 -6.627358074249361408e+00 -4.190364418243089517e+01 -5.144299810566369757e+00 -4.384045930599587848e+01 7.386733174773638666e+00 -1.863685207042097147e+01 -9.313718737031695838e+00 -2.864211771904459880e+01 -3.951263352243206128e+00 -2.477151603149489389e+01
-8.648969987001208892e+00 3.079273969187435256e+01 1.070650483199881364e+01 -2.472211828634987540e+01 2.454583222754366290e+01 -3.547446699975293427e+01 8.803744556417669287e+00 -2.846500310850076687e+01 -1.174042546864587599e+01 -3.727265171332084037e+01 7.683603040051153243e+00 -2.846094431571122740e+01
-3.630504718075740378e+00 3.889893009405022894e+01 5.334430757830475045e+00 -3.113899898436878289e+01 2.114345470282204786e+01 -2.788866772961235796e+01 2.178786421796828421e+01 -2.632762400659749247e+01 -1.264253906006309869e+01 -3.130903037964664293e+01 5.903003438173017869e+00 -3.908167266839775777e+01
-2.453454653131638707e+01 3.547027981813666031e+01 4.750709557806944261e+00 -2.537794131711087431e+01 3.778454595138777794e+00 -3.270066706979943660e+01 1.036273580016257156e+01 -3.158348980136804585e+01 -1.028385208247587812e+01 -3.614244285842055149e+01 -5.303886801159229947e-03 -3.429361595638489746e+01
-3.721288014154637835e+01 2.431227186468957768e+01 -1.798860627703208870e+00 -3.352800270788740988e+01 1.707140698208298346e+01 -2.905857868839276392e+01 1.268782029190403371e+01 -2.260767007610377988e+01 -9.495903139690977213e+00 -4.687448629614867457e+01 -7.379564434501912018e+00 -2.652856065988691370e+01
-3.868050835904404749e+01 1.301404698864877219e+01 -9.742034791349539091e+00 -4.681713027179146991e+01 1.526546725200603305e+01 -3.040302958489655083e+01 1.677067202723725359e+01 -1.868728997123040614e+01 -7.873326259276682393e+00 -3.179967692475318586e+01 -1.723087821833278355e+00 -2.729505120182927058e+01
-3.888639165652892871e+01 3.863296228531089582e+01 3.521620715085851394e+00 -2.130144075825986860e+01 3.476505420126991908e+01 -2.895494311215021099e+00 1.675388039618417935e+01 -1.919782628267799396e+01 -1.235358251035747479e-01 -2.106116624296060991e+01 -1.230959364312573356e+00 -6.505554628485912261e+00
-4.141731696635875437e+01 3.356641041850916451e+01 1.739347157230546159e+01 -1.234568274861378256e+01 2.396070693222129933e+01 -2.484951435579856494e+01 2.666845858588654039e+01 -1.246439848982449838e+01 4.389898812470722334e+00 -2.510345157639764935e+01 3.116839096798799780e+00 -1.664580553403426677e+01
-3.425804029261452399e+01 1.936647089821545720e+01 -3.591780291363836142e+00 -2.397577692696827611e+01 3.455777599234259867e+01 -2.203910405042685028e+01 1.018254398932096549e+01 -2.063102157749935373e+01 5.500718122765597684e+00 -2.954711551417670634e+01 1.321405511966606738e+01 -1.291673041487140416e+01
-5.568489425143631877e+01 1.972398828072857668e+01 5.552600113139645188e+00 -1.912893154232003923e+01 2.215568109020743037e+01 -3.016983148019519234e+01 1.467266980309852364e+01 -1.069928064406778390e+01 1.638104201433402807e+01 -1.126545791176014433e+01 2.220681137919744685e+01 -1.124622828025685450e+01
-6.109009912635553974e+01 2.039416939389416683e+01 -1.924712397454818591e+00 -2.195576648268573194e+01 2.799658692183141184e+01 -1.363519258377905530e+01 2.935316432286851551e+01 -2.487574652900842676e+00 9.277849437135955668e+00 -1.641644269387430555e+01 2.213670289043407280e+01 -7.460398362844289366e+00
-7.939837916999664458e+01 5.715382672423061194e+00 -4.039865214204383825e+00 -2.724809077170408855e+01 3.005059686883991787e+01 -1.152461637458214483e+01 2.535841279433689976e+01 -1.573814405568412944e+01 1.740060115380001093e+01 -6.863811822623281600e+00 1.967438575597594053e+01 7.479175716462648005e+00
-6.266589113658653787e+01 1.667299096081402254e+01 -3.627594372055408911e+00 -2.262515618194755262e+01 3.870696288949787345e+01 -4.367539126408162886e+00 2.214294702083537913e+01 -9.543012876255030363e+00 2.486898950161793920e+01 -1.051834459833312962e+01 1.624618568879083824e+01 -6.632307621271097631e+00
-8.021659865325960936e+01 7.766137046553394541e+00 -5.867794395942572905e+00 -2.595893569194132056e+01 2.171799831113914792e+01 -1.939279345410512434e+01 8.238869913580824544e+00 -1.453277903926855430e+01 6.399681824538101083e+00 -1.227843665582852672e+01 1.008610387994782087e+01 -1.659610458927093291e+01
