3.265145407917268727e+01 -3.819372715187085987e+01 -2.506863227643517433e+01 4.196251780921370766e+01 1.465345552543341157e+01 2.878105566850683417e+00 -5.275236152467249973e+00 9.347643656884725871e+00 -1.063451689334513262e+01 8.949177723462414136e+00 -1.080023480449544238e+01 -5.838207197867942178e+00
4.772316791832433580e+01 -3.967427738291975459e+01 -3.858481073621901203e+01 2.823726567623511130e+01 6.079980117901206071e+00 2.960854459388539084e+00 7.569598483010609336e+00 1.877943191107110721e+01 -2.104389411896809037e+01 1.888217983910928321e+00 -4.843842076768050120e+00 -2.410645842111107662e+00
5.408332631497307119e+01 -3.510911245936794955e+01 -3.479323916319807353e+01 4.677680236771949751e+01 2.142714738964403409e+01 -1.534520830643987699e+00 -3.915918900331345043e+00 1.980854553033864818e+01 -1.998943554626174546e+01 1.492170366049613506e+00 -1.450558156272474264e+01 2.610932147777298429e+00
3.978239914684382228e+01 -3.586460114744299688e+01 -3.955292899466699907e+01 1.320063846787685335e+01 8.479018045493733169e+00 -5.605485588165750599e+00 5.828827674296911177e+00 1.774077986230687642e+01 -8.489831055901806423e+00 1.372226975937922688e+01 -6.022368666505940382e+00 4.366527100948356832e+00
5.838226951486813476e+01 -2.936053285907323840e+01 -2.986438869490828907e+01 5.314060763749661476e+01 1.610319892932262320e+01 1.966222192281058767e+00 -5.527221997343833237e+00 2.409581469689868083e+00 -3.800415665863290826e+01 1.825535401493344478e+00 -9.029913300084086103e+00 -8.022267384735545903e+00
6.623068808063591462e+01 -2.057797062593551374e+01 -1.591081251146694342e+01 5.196401951455207779e+01 9.153743007054405467e+00 -3.823494808716019655e+00 -8.213064199055910564e+00 6.461337054486399722e+00 -2.851404990251815974e+01 -1.582634533947505640e+00 -7.306882392384175695e+00 -1.019737133457820022e+01
9.706339600785042876e+01 -3.070608322243005173e+00 -1.457659194424134697e+01 4.998556645508843843e+01 1.913685979233815360e+01 1.140907847710548495e+01 5.887648728706105672e+00 1.711409805040871390e+01 -9.223690565671960329e+00 2.277973333786587062e+01 4.513686232420349498e+00 2.848927225861358714e+00
9.872210806690016227e+01 -3.443474516091122872e+00 -1.348005882504607911e+01 5.740241387174491194e+01 2.331898665276742477e+01 1.958613486196611575e+01 -1.259461069943283107e+00 1.534268325618603512e+01 -4.729259461512335783e+00 1.931826880026796545e+01 -4.135830307107002390e+00 6.388243371795772063e-01
7.480831757348950362e+01 2.069487260293344377e+01 2.184710478354282515e+01 2.446936832318397137e+01 3.482746779479394483e+00 -9.603492659138154863e+00 -1.294282543455130607e+01 2.627425027706883132e+00 7.341847158837933485e+00 4.890553856959651391e+00 -5.503676222325125877e+00 -5.523299814589026191e+00
1.330273801385636716e+02 3.550151869075399702e+01 -2.563879127496698374e+01 -1.113913076915149958e+00 5.307155926990817285e+00 8.338003153467814954e+00 -3.723180833174944837e+01 -2.372407616177392953e+01 -1.250026908809111248e+01 2.122295177698297763e+01 -6.243814537035459189e+00 -1.075801225918740123e+01
1.893034020852721540e+02 2.893186492077407124e+01 -5.021511527412474862e+01 5.268931187766097679e+01 2.708420085582386605e+01 2.685178768869619859e+01 -4.026289732742378646e+01 -1.496526358124949141e+01 -4.803456028047287418e+01 7.238325019744907607e+00 -2.144131735672234029e+01 1.423979229183452988e+00
9.614585290261324246e+01 8.652005361520409110e+00 -1.950633441201781082e+01 3.788709239063078993e+00 1.274807020645858158e+00 -1.570566618537230008e+00 -2.888961431241865085e+01 -2.129803918088122572e+01 -2.196699652123969315e+01 -5.933721374361400791e+00 -1.551582212825945994e+01 -1.217622124486913826e+01
1.176775210411109782e+02 2.216246541561842420e+01 -2.014139558442710864e+01 1.571216419314661383e+00 2.118839338466480093e+00 7.578799697081578302e+00 -2.247672804877379349e+01 -1.455656353540140202e+01 -1.490080489746900128e+01 5.652715743985503138e+00 -9.726881800189088878e+00 -7.768273091140828868e+00
1.243181189139659466e+02 1.957895718302474819e+01 -3.139536120948285358e+01 7.973496345434798016e+00 5.009509573466643495e+00 1.026730558318278064e+01 -3.653489281056998550e+01 -2.545070965369682270e+01 -2.669987754209135744e+01 5.356396081054251468e+00 -1.014831496517916776e+01 -2.502126549167082992e+00
1.123346722885210340e+02 1.439888721296263085e+01 -2.252569174880209601e+01 2.322778739076223431e+01 1.719731419867231281e+01 1.723677157107447755e+01 -3.153501278617394732e+01 -2.542346893428417687e+01 -3.223452388477324604e+01 -4.749272239325232903e+00 -1.525386435855244116e+01 -3.684915669683563877e-02
1.805597543010695745e+02 2.063964669447740263e+01 -7.899466140779691159e+01 4.536667073936537342e+00 3.197877093238935764e+00 1.985766567544602879e+01 -4.532718063056075408e+01 -8.972469974309451146e+00 -2.927232161775492614e+01 5.541368101347421415e+00 -2.984702050256971972e+01 -4.498159959966086419e+00
1.371038052164856822e+02 1.261011742997872886e+01 -5.577436124594161981e+01 -5.793146313703774197e+00 1.476916605895574941e+00 1.361780631508975681e+01 -3.645681958670231637e+01 -2.162707194444873693e+01 -2.915202949247734665e+01 1.705589002038325752e+00 -1.980894049038025173e+01 -7.570877041417935160e+00
1.046960762065624806e+02 5.209807561439864898e+00 -2.838535902667693733e+01 3.861623626959976185e+00 5.397343348534759500e+00 1.146879774985191425e+01 -1.480827998945541957e+01 -7.326388586807082604e+00 -1.569091705094163913e+01 -5.463500969537376406e+00 -2.078597232105057913e+01 -1.175207015583546166e+01
1.592115017281924736e+02 1.641887848796515925e+01 -4.863789879539470462e+01 1.948168090320639223e+01 1.580731546770288887e+01 2.425025710280306868e+01 -1.662694474816027679e+01 1.047067834386031038e+01 -1.633766727237353678e+01 -2.691330034458412790e+00 -2.478893589015772392e+01 -3.716232845991171985e+00
1.279492537282597482e+02 1.124050295397910126e+01 -3.329643109894438879e+01 1.493300867312241564e+01 8.416332163282438827e+00 1.190345808173941045e+01 -1.565178026315364690e+01 9.077354226118256264e+00 -5.308563805487805709e+00 -2.379157271561114229e-01 -2.583758843641773240e+01 -1.103316386421816020e+01
1.099868900718402926e+02 1.361600857458887370e+00 -3.998271323613580108e+01 1.133683131551568124e+01 9.333232394141287358e+00 7.381292988458944215e+00 -2.817071359571252742e+01 -3.529495722478487529e+00 -8.983914040712015492e+00 3.575752516114941493e+00 -2.539327275023799402e+01 -1.851269119561597876e+01
9.807396623006238201e+01 3.564230319423419946e+00 -2.068659229271811384e+01 1.831625637855999145e+01 1.207301815553818791e+01 9.648028340807428549e+00 -1.916277133126322596e+01 -4.606164737307899770e+00 -7.835164411928119854e+00 3.040229033929277236e+00 -1.326710112300721178e+01 -6.115258860673643326e+00
1.540872858637337686e+02 9.302372519934548611e-02 -5.835053343958728078e+01 4.949885580600412283e+01 2.522216023812884345e+01 2.445484501217156748e+01 -3.749835927438272165e+01 5.911563966344242971e+00 -1.605508366079352101e+01 1.090037041635791226e+01 -1.924294155711157117e+01 5.614449628477534482e+00
1.082752995544287415e+02 1.996530063451256831e+00 -2.983226466079945638e+01 2.876642710003456926e+01 2.481860055806828314e+01 2.123996870857490649e+01 -2.183096662675169597e+01 -8.165194498604867235e+00 -2.048351380560319512e+01 -2.781601749759840203e+00 -1.600467707894997460e+01 1.226520012799239723e+00
2.114436782278835949e+02 -7.128009339488308171e+00 -1.012418162924589922e+02 6.454567999364054742e+01 7.866068321665898644e+00 2.977082871795524710e+01 -4.203143724853853769e+01 9.866990096758913253e+00 -3.914380284225365614e+01 1.960815518051273543e+01 -3.441062437526247209e+01 9.388990331695397096e-01
1.800586978612481062e+02 -2.659932926925890939e+01 -1.047868669545499074e+02 6.226198096287831163e+01 7.980345712899900690e+00 1.352183902148603423e+01 -5.035136337629788983e+01 9.397757912706261152e+00 -5.078490068781242428e+01 -8.892946411732117085e+00 -4.556703660215898566e+01 -1.668009241902124273e+01
5.550109131038855992e+01 -1.994694017741045400e+01 -2.211817630860655726e+01 4.092173008538527057e+01 3.431055477610112803e+01 2.321242514484490016e+01 -1.705572929554102402e+01 -4.000073842496222554e+00 -1.804818289871912640e+01 -1.629691845167350905e+01 -3.304122304934100640e+01 -1.024197868805222811e+01
1.197165091589089911e+02 -1.820415480263716290e+01 -7.818652194817546786e+01 2.830767009326196160e+01 3.558118816257596961e+01 4.584580938066651612e+01 -2.388745399198190711e+01 2.571868936367891934e+00 -2.258007491492015006e+01 1.272211955014290519e+00 -3.118340496531628503e+01 -3.069794655998668631e+00
1.239902168335691783e+02 -2.634933462037572838e+01 -7.942377656498989325e+01 3.020156499603263001e+01 5.617762128517512110e+00 1.163482250226504533e+01 -4.416926884549863530e+01 3.033196782196814212e-01 -2.199372304748396090e+01 -1.293426763880090480e+00 -3.968083205118546175e+01 -1.144543204797287572e+01
6.452408976204598900e+01 -4.764855114541020242e+01 -6.667145070641495863e+01 2.512072103628341324e+01 7.678614505865681394e+00 1.231020740212925979e+01 -3.508184308166824650e+01 -1.151810700444284663e+01 -3.185723696341326416e+01 -1.553327064699136884e+01 -3.655525073090725385e+01 -1.355205126087044221e+01
9.285065447144165773e+01 -4.460182058434646990e+01 -7.431820967314675386e+01 5.522430801590188310e+01 3.339609791524778615e+01 3.663468082009791971e+01 -2.078409558844301586e+01 1.688255524193125012e+01 -2.056233189348040113e+01 -3.372737976333106680e+00 -3.591230716557484470e+01 -1.180268057854599562e+01
6.936979825457947868e+01 -4.651458827407942209e+01 -5.665327073483742026e+01 5.597784047667794027e+01 3.335253471939802949e+01 2.978353395224782219e+01 -9.862670539486007470e+00 2.173811081245158761e+01 -2.168667840940225489e+01 -1.835449872119901471e+01 -3.691754719574095134e+01 -3.872539311571829401e+00
1.422089580706901870e+02 -5.164879193359466569e+01 -8.798966724487488023e+01 9.523065745144575089e+01 4.486284261375502069e+00 1.763621604352410088e+01 -3.176161165960321142e+01 3.672188978101038259e+01 -2.367079470260998164e+01 1.303981853763984766e+01 -1.876878370504060456e+01 1.192524306306754589e+01
4.501622634430471948e+01 -4.041063538977437020e+01 -3.726591799606261901e+01 5.811312629288089227e+01 2.708859289542899162e+01 1.477522554831788071e+01 -2.397842896866967521e+01 1.763490468594864780e+01 -1.137312206148657800e+00 4.257351679955071688e+00 -1.716861393034658079e+01 1.148388332748820240e+01
1.073456596311985010e+02 -5.124648999131328253e+01 -6.762885275469717783e+01 1.006704851865474097e+02 2.474000064388425102e+01 2.093143867708691985e+01 -4.150759168094144513e+01 3.082966066411317030e+01 -9.945334892634535962e+00 7.906874521827420566e+00 -2.388700773076373451e+01 7.337205912707345234e+00
2.905437972125709933e+01 -5.741590533140573882e+01 -4.420993708118663790e+01 5.638825171137987269e+01 2.476534043673311203e+01 1.235005019540038873e+01 -2.184513449616251179e+01 1.297538491138754324e+01 -1.158541770928146875e+01 -3.255607874704201876e+00 -2.177376316581366567e+01 -3.736618804668969673e-01
7.909403246896933126e+01 -4.465802104227726943e+01 -5.867946679879826632e+01 7.619159979235772084e+01 2.298228596207832908e+01 1.205240249487427739e+01 -4.523860726968020174e+01 2.144782880828898897e+01 2.473932196127952565e-01 1.231622586680931519e+01 -2.294313546488748301e+01 9.925253933976815546e+00
-8.712833742608609100e+00 -6.536914276647880229e+01 -3.231530164468598798e+01 7.755594510977633149e+01 4.312960640139758084e+01 1.888594058670573617e+01 -3.165516234957917874e+01 2.996666402556694919e+00 -1.264640430225542289e+01 7.690806252531703358e-01 -2.219304194756349347e+01 -3.470735930755472154e+00
4.491950212404022835e+01 -6.418063457029145980e+01 -4.777518978784705439e+01 9.735928978959330493e+01 2.109478883464096910e+01 7.212220295224085476e+00 -3.023917574701849276e+01 3.313676345259428047e+01 -1.092910442033800322e+01 5.582626673112569549e-01 -2.430540386858024959e+01 3.800192433508534862e+00
-4.603662478301044025e+00 -6.539414058803743046e+01 -2.275054639186355843e+01 9.229185230883057045e+01 3.940470126783395699e+01 9.404011435516864026e+00 -2.931219114011184246e+01 1.369486992407543013e+01 -1.235687901861910554e+01 -2.346944210591241031e+00 -1.664854256113748221e+01 3.391118427004371938e+00
7.360243377878235549e+01 -6.881708378696306738e+01 -7.469348402402951592e+01 8.065589164375066389e+01 1.343153900006102042e+01 5.678062119259442042e+00 -3.191202455225394630e+01 3.572493583542932782e+01 -1.423946927687292430e+01 1.902757170500489536e+00 -2.083371783203087091e+01 7.238040161835944453e+00
4.880126696809013964e+01 -5.976043537795149518e+01 -5.089191125270460248e+01 8.121395408692924889e+01 3.823821043658072227e+01 2.396737311026405592e+01 -1.840035517383795494e+01 2.864087110206157050e+01 -1.058990716802007981e+01 -8.754553026836580099e-01 -1.730119615375455311e+01 1.458442244698362167e+01
2.846427667157899677e+01 -6.490156591091371752e+01 -4.899247206579177316e+01 1.005462521668459601e+02 4.993769792394368778e+01 3.362395200254003669e+01 -1.635745446101559608e+01 4.046560958366895022e+01 -6.771375542971217243e+00 -7.296131743227247668e+00 -4.016850247662559781e+01 1.865152698440163626e+00
5.153129273069664862e+01 -5.431191415840569192e+01 -4.567512374633037098e+01 8.256020719020304455e+01 4.054685332354399918e+01 2.051805747652437617e+01 -2.675515177670974865e+01 1.487960433169830310e+01 -2.302148709776296798e+01 -6.719033399798531647e+00 -1.360711805136102903e+01 1.921969708958761913e+01
7.061143011595508767e+01 -4.585777037721144467e+01 -4.967948025612729168e+01 8.470749904691197685e+01 3.983321323260351221e+01 1.823738433775562839e+01 -3.085109166530617131e+01 2.037564934635236824e+01 -1.428133905234724210e+01 5.078653963359528234e+00 -1.879823405242667533e+01 1.325581112221890301e+01
5.632017952485858814e+01 -4.301676046968999856e+01 -5.355507397405965264e+01 4.286088202154628846e+01 1.924942997051540061e+01 8.600767896407067070e+00 -3.230359117104275413e+01 8.001007398559073280e+00 -1.127401194592173894e+01 2.150304921045633755e-01 -2.469932856693469958e+01 -1.100249578678671014e+00
1.159056695478155490e+02 -2.723449669244454441e+01 -6.450358233856357515e+01 5.082464679719601008e+01 2.080589481981253641e+01 1.328797259488967697e+01 -2.820381662459118743e+01 2.417831428315136577e+01 -1.232434546733942682e+01 -1.385163887467942556e-01 -2.290847291051168355e+01 8.734243738357074349e+00
1.277218139575525981e+02 -1.999049567558738971e+01 -5.080213767786745649e+01 7.671947549716554704e+01 3.828668675449159053e+01 3.577643071982740253e+01 -2.465665382986005838e+01 1.054818707890136409e+01 -2.663855853899387682e+01 4.934253970559767666e+00 -1.350926798946369090e+01 6.625789195394268027e+00
8.411168721696643047e+01 -7.620191819285015100e+00 -2.112803855127308950e+01 4.916767968824171220e+01 3.163522702547964727e+01 1.615057662952260387e+01 -2.363489414413760770e+01 6.742843524767367036e+00 -5.828394932296246722e+00 -2.529048311808097083e+00 -2.385510482088939810e+01 2.471591759235902686e-02
7.177731055379535974e+01 -1.562210120604979124e+01 -2.931298997909627246e+01 4.889130449097117292e+01 3.562970201196471010e+01 1.864141745445318321e+01 -3.394336373655221450e+01 -8.107830798533687044e+00 -2.020730136875961591e+01 -1.190754563734931892e+01 -3.741604400808873265e+01 -1.215952328724031339e+01
1.270074666025808057e+02 -6.364816830300600969e+00 -5.161509583414983382e+01 4.675390289894521345e+01 3.023567888567779249e+01 2.769174240447840418e+01 -2.783662483321613124e+01 7.827974366223051206e+00 -1.749657836513568654e+01 -4.224187149626823512e+00 -3.687693943267964158e+01 -9.755614383750133456e+00
1.299743573918128732e+02 -1.072158753019068378e+01 -5.737889676518074111e+01 4.145288985503085399e+01 2.631157235550642426e+01 3.197290746779416182e+01 -2.366841640185703710e+01 5.384630887871933780e+00 -2.198751133135617408e+01 -5.259806250916689407e+00 -3.383900897195155721e+01 -8.117921371867558022e+00
1.186190761107675371e+02 -3.887693430044472542e+00 -5.035638649141699830e+01 1.521589707135519021e+01 2.003265056769059527e+01 2.492663853059904255e+01 -1.783714996219184101e+01 -2.592502077767899316e+00 -2.580403860856206677e+01 -1.496155627390005449e+01 -3.123943412492855742e+01 -5.035114491780428025e+00
1.071206248356145068e+02 -2.771425557753101288e+00 -3.630491706288316323e+01 3.266895055371419687e+01 2.866114810636212340e+01 2.648066394687617731e+01 -1.878129726165865065e+01 -5.325888187269982588e-01 -1.823095961591948821e+01 -9.495793257539702381e+00 -3.472459329050908394e+01 -1.262666828398110219e+01
1.475502041880465924e+02 8.220704568377755095e+00 -5.585355842239156487e+01 2.351245505061265462e+01 2.695021854011532980e+01 3.667589516673776018e+01 -9.793140445048956977e+00 1.596261325552326760e+01 -1.309541697025654727e+01 -1.828238557733424585e+00 -3.160611428601678696e+01 -5.743968381809020585e+00
1.616856271551570785e+02 -2.474145358863203692e-01 -7.467201967014622710e+01 3.543257724731932257e+01 2.406640787766604461e+01 3.440683136912024764e+01 -2.705014575926551856e+01 1.944126733727803114e+01 -8.865988752013734597e+00 8.562869102359492501e+00 -3.227543763808520794e+01 -6.210049025073287154e+00
7.167656489953711230e+01 -2.061761681846724059e+01 -4.822394116907292982e+01 3.395480584209986663e-01 2.478805853879547527e+01 4.679363763553590161e+01 1.718333513456922645e+01 1.589890534681480716e+01 -2.169271532474471798e+00 6.475900140830097573e-01 -2.246449609324144348e+01 -1.765117109495536951e+01
1.464598671674235675e+02 1.790887349611649304e+00 -6.919376824003380477e+01 4.789549888679560219e+00 9.362804528242529400e+00 2.924311812153989010e+01 -8.073073819518620908e+00 2.365461597010026296e+01 -4.698563744774249429e+00 3.871217063811091208e+00 -2.768422482006469920e+01 2.615213915296576985e-02
8.523731035891296415e+01 -5.028073035205747665e+00 -3.233280541844985834e+01 -8.365020655611953515e+00 -3.450114281248094272e+00 1.568075095413407638e+01 7.418755620899951886e+00 1.246792167004494445e+01 -5.592059833300325522e+00 -5.351044441443449706e+00 -1.236079666869383864e+01 8.212314061363055195e-01
1.028165809847596108e+02 -7.433800660201917765e+00 -4.049280357050052004e+01 1.269398118729318181e+00 -7.526150229913211476e+00 1.159494337661773899e+00 -1.717341917894559700e+01 6.033248726466113432e+00 -1.903389441111380087e+00 4.117003802786639355e+00 -1.506007324702807182e+01 -7.513929084341192777e+00
1.014795869619492095e+02 -6.518233457446927837e+00 -3.816390853900825419e+01 4.397350426998045236e+00 -4.625732810925445193e+00 6.101040944806698008e+00 -1.333383961833588138e+01 5.143341691659159665e+00 -8.246023736344167077e+00 -2.740542668147719851e+00 -1.632825762319855301e+01 -3.075762762890996704e-01
1.025009429674425547e+02 -7.727204274720418375e+00 -4.490017030263247477e+01 -4.206548967788505067e+00 -2.561507053076836016e+00 1.395481493037919840e+01 -8.354332490619702511e+00 1.106306624933843574e+00 -1.488766108082419137e+01 -2.689838950634722448e+00 -1.175141627178247461e+01 2.692377380453659930e-01
1.112502877679690840e+02 2.690331248302662015e+00 -4.606849788970362880e+01 6.671725929632965624e+00 1.111198371116530836e+01 2.853398917107137223e+01 -2.904084985083683623e+00 1.662585241027614558e+01 -3.816733341947601943e+00 -2.685046060416089730e+00 -3.700909360977338736e+01 -1.711681998188684162e+01
1.013936320220020804e+02 -1.525597750533402142e+01 -5.812054610260533138e+01 2.807536366600743349e+00 1.509404347387271628e+01 3.500994287368708768e+01 -2.265532477093756825e-01 8.272351113413412449e+00 -1.434370591010511475e+01 -3.345875136150065376e+00 -2.516654753496523256e+01 -1.198283795002122609e+01
1.417110692404239956e+02 -4.361115015624028146e+00 -8.049007967698629784e+01 -3.238217731781910302e+00 6.341207865628253337e-01 2.437302785360655122e+01 -2.471767741939645902e+01 5.494938409267277279e+00 -1.720503907352723516e+01 2.639074862459435344e+00 -2.327550751062246448e+01 4.067996950344375584e+00
1.230135568767892096e+02 -1.134323715397661125e+01 -7.260240422407382255e+01 5.634714462810080704e+00 3.426373806589772197e+00 2.201431374076297232e+01 -2.511275460064616283e+01 7.688627365205508823e+00 -5.568906245055355697e+00 1.210205046030409193e+01 -2.467747184351236811e+01 -8.594390613418458003e+00
1.289541043805995741e+02 -1.938579978039339125e+01 -9.069084161811461797e+01 -1.094070675623740385e+00 -4.487881491995725725e+00 1.401323229794009251e+01 -4.664649099809798116e+01 -1.832056652151133846e+01 -3.507365563482407822e+01 -4.886549587775245840e+00 -3.723755853582368047e+01 -1.281663371899497150e+01
1.055983640850139693e+02 -1.087047384933784677e+01 -6.098945789999456224e+01 8.092989760859751414e+00 1.807743052597563604e+01 2.955056745432986176e+01 -2.629332004715661597e+01 -1.415595706840942114e+01 -2.423634803046085651e+01 2.181878489355988826e+00 -2.083310753395855031e+01 -3.404454615787353866e+00
1.951767889079799829e+02 -4.617276644064751245e+00 -1.350822715975089068e+02 1.139277767183769718e+01 2.641647687167305136e+01 2.891976302715436020e+01 -4.261312822672855560e+01 1.560551528581441261e+01 -3.797172770658031027e+01 1.669807957171867585e+01 -2.424091885235060317e+01 7.434456756278900791e+00
1.121591785499587672e+02 -4.167512321623024718e+01 -1.028698786053369645e+02 -4.137400007411132563e+00 -1.125927409430163451e+01 1.538783130873533977e+01 -4.101729131291521924e+01 -9.454210793312061156e+00 -2.461952019538982483e+01 7.467388899766692845e+00 -2.234644153731259308e+01 -6.886113365488125027e+00
6.479921876165096251e+01 -3.089517302412730260e+01 -5.417110884918164260e+01 -3.927877251718201457e+00 1.085636978248060824e+00 1.028385392518504915e+01 -1.447958900224156231e+01 3.143099194020398279e+00 -2.151884177150377386e+00 5.567184076346507915e+00 -1.682856395541531214e+01 -1.006455356847770588e+01
8.437805542113659385e+01 -2.311032010957976013e+01 -6.218504841546148754e+01 -7.091447334345713394e+00 -3.687247798963598555e+00 9.568632076979820766e+00 -2.279696299426301209e+01 1.479086347292360770e+00 -1.622342488653826464e+00 1.333753148511259212e+01 -1.638367415310342778e+01 -1.383329906076992621e+01
6.818998980247144459e+01 -2.816847092686398568e+01 -5.019496592166611748e+01 8.824816620379676735e+00 1.013083445954048933e+01 1.660077877727685092e+01 -1.585121018676969307e+01 5.752844422468381680e-01 -1.059082805751051026e+01 -3.727929849106589089e+00 -2.737017034192013654e+01 -1.721962630632062030e+01
1.272077007558572177e+02 -2.686501323559919285e+01 -8.793784859812052446e+01 2.212878658772567064e+01 9.585231581735747852e+00 2.625639442308402138e+01 -3.610027507244504363e+01 1.620445806121520782e+00 -1.701735091308781023e+01 1.578051208495919155e+01 -1.970639019535834535e+01 -1.489762382376482730e+00
1.087536045703224232e+02 -1.798465885990306745e+01 -6.569482894655494931e+01 5.430687940782137346e+00 7.497479145430208547e+00 2.197286822466349321e+01 -2.140936676716371068e+01 -5.017787693514700331e-01 -1.248761378427883351e+01 1.111630019458957541e+01 -1.156206008753742154e+01 7.224019033679484059e-01
7.477978636503982557e+01 -2.889089070315412044e+01 -5.689357786144681484e+01 1.217073229445805760e+00 -1.998941657964626639e+00 2.330226621078337779e+00 -2.820221356352760722e+01 -6.597047260878647901e-01 1.170055073210098717e+00 1.984714422170086934e+01 -5.285216307309378969e+00 -4.324645583542901406e+00
1.132504484159482985e+02 -1.510050844304128503e+01 -7.012217877714240899e+01 -1.008867674771519773e+01 -1.319961458306638846e+01 -3.953404689003366723e+00 -3.960103680461539000e+01 -7.247855071875187072e+00 -1.417608415721205972e+01 9.942884254766273244e-01 -2.770532540095854301e+01 -1.376788095834711001e+01
7.820762715352802275e+01 -1.725171881121450213e+01 -4.853053932176043617e+01 4.663389378116921336e+00 1.229479922264703617e+01 2.131830845078575010e+01 -1.276678599005959924e+01 6.187294211246859632e+00 1.338839371297280145e+00 1.075182635689322552e+01 -1.743445284242908855e+01 -1.232518088964970104e+01
1.386685614961420185e+02 6.971946191138846061e+00 -4.950391213538195245e+01 2.473543178702038858e+01 1.201241751292566207e+01 2.064217773163220926e+01 -2.519336904330756255e+01 1.051313705468134430e+01 -1.526112784097976238e+00 1.576573499121286659e+01 -2.213335947818054095e+01 -1.342761345395014061e+01
1.416138623838822923e+02 9.230695519733075116e+00 -4.532689171636475578e+01 1.868802680050669807e+01 9.909537072649820644e+00 1.974054099912348903e+01 -2.225638651258621081e+01 4.952322228315733987e+00 -6.270147071624176505e+00 1.538653055402864567e+01 -8.845365623439160885e+00 2.726335807872462880e+00
1.040120064504677373e+02 6.571620599820027664e+00 -2.801803837868502001e+01 7.482661138006263535e-01 6.845151652921138918e+00 1.963724350097569271e+01 -6.573721247989015026e-01 9.541691375633638117e+00 3.552496615033437610e+00 1.391070241282507780e+01 -9.941684710727116681e-01 6.265744880896275681e-01
1.641584487411237205e+02 1.292382495452733338e+01 -4.987167945861919804e+01 2.969988098162244228e+01 1.494021920043292617e+01 2.316165404776496217e+01 -6.036245332750688419e+00 2.229943715694966855e+01 -8.299568481762838346e+00 1.544592177576487302e+01 -2.120612011205482617e+01 -2.693701462282489523e-01
1.851265877790361287e+02 2.213862653261913493e+01 -5.374322390075029432e+01 3.375423586096355422e+01 1.107408861086797458e+01 1.919740107754848424e+01 -1.283664626074523873e+01 2.564070791979954578e+01 -1.112340929603290007e+01 1.621939862780238784e+01 -1.670338428788978291e+01 -1.455223820571861104e+01
1.745906730581315287e+02 5.354670757325493469e+00 -6.661612519225533902e+01 2.318764175998744648e+01 -4.310769529032364211e+00 8.858825842104838699e+00 -2.390738992234755855e+01 2.078307631533764521e+01 -1.219599883934149354e+01 9.872647896356351538e+00 -1.809077221089716403e+01 -5.297105865719744067e+00
1.107904479364498798e+02 -3.004888926259139392e+00 -4.901372172972237706e+01 1.109724945550051967e+00 -2.992844015232791754e-01 1.819534339302366277e+01 -1.347847266051984505e+01 1.049088478642073952e+01 7.653353336259442585e+00 2.284559639219971316e+01 -1.526041400372901435e+01 -2.174887187662891463e+01
1.534039800566638974e+02 1.411344107755430421e+01 -4.450548289610986075e+01 1.509197466217752748e+01 4.022251162009539804e+00 2.044511390942382434e+01 -3.457168971086363563e+00 2.036848406206853923e+01 1.830392584086580898e-01 2.178497027229643024e+01 -9.028981148649553035e+00 -3.308115381860577742e+00
1.124414001630293001e+02 1.464870948464749034e+01 -2.419578601981374533e+01 3.849040119349623534e+00 5.675081672061963900e+00 1.747440282863420791e+01 -9.533784868575613913e+00 -3.315662180239009604e+00 -8.685180189580954391e+00 1.084319960250150139e+01 -8.044635327149599391e+00 -1.508680763813251602e+01
1.329906871842459282e+02 1.581090497560031949e+01 -3.170872386780428798e+01 1.350263369731772656e+01 1.211212116568549035e+01 2.050931602166747680e+01 -9.009089131438180686e+00 3.380157902279426807e+00 -9.038561790762283721e+00 1.876603954697430154e+01 2.247182838996482079e+00 9.673988736296155189e-01
1.718734179595170417e+02 1.618947269474190165e+01 -4.463874953456682704e+01 3.163958084739118348e+01 3.776092370597350811e+00 2.357057407228089829e+01 -1.760622044057035041e+01 1.132487598429225528e+01 -1.198293982533392921e+01 1.331139653625621477e+01 -4.047547002712888364e+00 -5.684193141911012326e+00
1.289061448644035863e+02 -9.791799426571987652e-01 -3.925794327908202774e+01 3.664780059760204267e+01 1.168363987524649694e+01 1.226562673350103339e+01 -1.265637039297219246e+01 1.725045326986261784e+01 -8.260167640902533748e+00 1.134310888335913248e+01 -9.183954002365828373e+00 -5.386512643178015480e+00
1.181057659662306492e+02 -2.195875305401076893e+00 -4.136270739299706634e+01 2.112322528895416696e+01 1.423960347362433332e+01 2.228977308387877443e+01 -5.753346475168122254e+00 2.034029343213861907e+01 -1.262521067484194681e-01 8.138892376616162494e+00 -1.516706023745502030e+01 -1.001429748963714594e+01
1.107816016888284025e+02 3.923398093970456468e+00 -2.314230246345835695e+01 2.521846862789738708e+01 1.396112987864466959e+01 1.944990138581581007e+01 8.571707454583986641e-01 2.327721043944726631e+01 7.689701502232932917e+00 1.228504175832374656e+01 -5.271638811282418402e+00 -1.797017696737937431e+00
1.507221957526215022e+02 1.612413751953631191e+01 -3.716302318817209738e+01 3.264800301401612614e+01 1.064174973774517596e+01 2.564733633808915414e+01 5.751780838609210633e-02 1.748957376076806369e+01 -7.574945262005251756e+00 3.065124141018166171e+01 -6.261720608258357856e+00 -1.871611816604573653e+00
1.323233441905701397e+02 -5.763741554584607130e+00 -4.986949936224102942e+01 3.006307147343245845e+01 1.493125487577803057e+00 2.542149411766980727e+00 -6.608762598954726286e+00 2.320486820911974490e+01 -1.074820421421487815e+01 1.840375351111218194e+01 -7.749528701207855974e+00 7.663498825609025289e-01
1.056351064047748878e+02 1.720808963799794356e+01 -5.624523638802680026e+00 1.475667759363053122e+01 6.302078157312091200e+00 1.023380890759229445e+01 3.218622550145193717e+00 1.412933800683077656e+01 5.316518136217572632e+00 1.005314307873616642e+01 -8.749334413567460444e+00 -1.296148616707178469e+01
1.462512499589749382e+02 2.041973000343132938e+01 -1.795488172494576418e+01 5.585092604783615400e+01 1.864722507085171799e+01 2.056569737269686726e+01 -3.018009392127892099e+00 1.666763885333590167e+01 -1.086969929698470594e+01 1.978953775585822683e+01 -3.733380846303088862e+00 -8.639928912477842005e+00
1.079101049457352701e+02 -1.026216693949806036e+01 -4.440957291372111371e+01 1.811435773499752599e+01 -9.137278406841042866e-01 8.334954220170748940e+00 -1.064055839210458032e+01 1.218001860262967639e+01 -8.256843890824230314e+00 1.614880089806588614e+01 -8.749180715775388251e+00 -6.857114039386894788e+00
9.934767700333466678e+01 1.530994523543766306e+01 -3.563419151900558024e+00 2.147211612057600405e+01 1.574865810038385128e+01 1.911481503011525618e+01 9.147312108396805641e+00 9.762608971317257911e+00 -9.925353991116788066e+00 -1.685900573819024695e+00 -7.024884170678092232e+00 -3.711501537792957883e+00
1.114923417349137083e+02 2.416840216606972902e+01 -5.600346604191262401e+00 7.624422308979163176e+00 7.989377638693162531e+00 1.157703773649010692e+01 -6.104418614176720048e+00 -7.174701818040134071e+00 -1.719925825753963977e+01 -5.760197729451941306e+00 -8.374201170373666514e+00 -5.127105407382849478e+00
1.375713178073142444e+02 2.144412098083048690e+01 -7.417074313392882701e+00 4.593209216332521549e+01 1.376847670970024851e+01 1.295873023755544651e+01 -4.563022419808250518e+00 7.843656285346315649e+00 -1.244215737727358473e+01 1.508177883771917926e+01 -7.139029257938220852e+00 -7.942530583985970338e+00
8.732849918312916770e+01 5.176045139166390641e+00 -8.168235625851863801e+00 2.096889756162942575e+01 1.113659287147532595e+01 6.834840408008792778e+00 -1.685812354684504744e+00 1.575524975071699885e+01 8.879304024391371897e+00 1.756634361037016490e+01 8.400760704729606232e+00 4.102900353565359204e+00
9.222185963912386342e+01 2.956538808979855659e+00 -9.783255215575019648e+00 2.861228324387537825e+01 1.107803247606320873e+01 6.593337684872435212e+00 -7.485325172627171675e+00 8.380802292937175935e+00 -6.419992834137668858e+00 5.305860795356293735e+00 -1.483462937387684644e+00 -1.000959595547148595e+01
7.667445731042910495e+01 -2.122252785786059448e+01 -2.971874763771251793e+01 3.552027966220708066e+01 9.262151670843698170e+00 4.271471868276830897e+00 -7.776336413781839152e-01 2.222649638232213576e+01 -8.147191575758995441e+00 4.327345698218604930e+00 -6.339548874945339030e+00 7.134507469139752978e+00
8.987198199864884884e+01 -2.920134012533405254e+01 -4.134157839122833167e+01 3.775550654198877254e+01 -1.063976176601705426e+01 -2.191475990899347526e+00 -1.373580876158809616e+01 1.872261251158374762e+01 -8.161860683457359045e+00 5.223992281265630311e+00 -1.670724709620436954e+01 1.027879798065257422e+00
6.422987102576541929e+01 -3.595382395160036282e+01 -3.304154831978946305e+01 4.817739216972672978e+01 1.012700532402742581e+01 3.380804599360195617e+00 -1.652792103891189868e+01 9.072166378134266296e+00 -1.952716913249276587e+01 -3.451681024265735864e+00 -4.740864126775780285e+00 1.418232580470575499e+01
3.592730264519862970e+01 -5.322806714651241577e+01 -3.687148598131260968e+01 6.176477886916033100e+01 8.833723131445147203e+00 6.943873683443016809e+00 -7.615278977991383869e+00 2.832207129820184832e+01 -9.557437907424015222e+00 -1.522530469746994575e+00 -1.717048144030550105e+01 -1.758279388737574056e+00
2.789881779401767758e+01 -5.544357326196347202e+01 -2.862646476749037561e+01 7.328927083215319271e+01 1.033821754516806379e+01 1.113505083013896169e+00 -2.528310970968130533e+01 1.499755441067009443e+01 -1.124278448526274943e+01 3.674801834613742546e+00 -7.422864790900843168e+00 3.602160697788357346e+00
1.723351884857343208e+01 -7.798123661602758716e+01 -5.296464442575303622e+01 7.834395069234673770e+01 -2.116278532461233208e+00 -1.163951711866304706e+01 -3.334665734321982455e+01 2.935195088553752285e+01 -6.018493575706482801e+00 5.081578614225827906e+00 -2.827378781303310262e+01 -7.481441661333642301e+00
-7.589182208499028803e+00 -6.708718529430267097e+01 -3.288005899950435662e+01 6.214980826400986302e+01 1.491941641422536335e+01 2.310931030276747400e+00 -1.128182173449151193e+01 3.527344394230300395e+01 1.338608708060186103e+01 1.688691841351655398e+01 -7.113647832746744726e+00 5.698310190524999541e+00
-3.319756207323592889e+01 -9.132602240329197230e+01 -4.360585339573361097e+01 6.913591905202950727e+01 1.372553439115386098e+01 -4.354781353551345546e+00 -3.590086965435791910e+01 4.476708612620011074e+00 -2.042573390780520270e+01 -1.138666442305822812e+01 -2.898076773669099282e+01 -1.451742419681422369e+01
-2.967373708683581857e+00 -7.346366736106440953e+01 -3.084522231923105551e+01 8.843682573846498940e+01 2.651460204652318708e+01 1.131799064312154357e+01 -1.325497132414406209e+01 2.855677735065252065e+01 -1.137830793052126488e+01 -2.819110150401481718e+00 -1.206689042240972221e+01 9.194717990474792657e+00
6.204190451062327583e+01 -7.398059452566405980e+01 -5.910990890033775713e+01 1.092440734397521567e+02 -1.830774050761905158e+01 1.035873410647257131e+00 -4.031866094215030216e+01 4.701806685868771751e+01 1.514894378420551524e+00 9.231056839853597040e+00 -1.428262284331520959e+01 1.172719000576360315e+01
-9.744560078604894926e+00 -7.144979368046577406e+01 -3.286134336570731307e+01 7.606127363879255654e+01 5.553808271559799614e+00 -6.623719637907578672e+00 -1.970362527966339172e+01 3.736276944675880429e+01 -4.962021022487510535e-01 -1.175798526008735578e+00 -1.679755525955930651e+01 1.027080860081909108e+01
-1.290730873160884862e+01 -7.965157652536393584e+01 -4.553474723993291207e+01 6.679203416196875764e+01 9.066336451314681355e+00 -8.991353557673281927e+00 -2.947679403236330131e+01 3.118006425875493903e+01 3.351748324387969102e+00 7.396344714866566861e+00 -7.468730776579048936e+00 2.112208904172273805e+01
-1.138096487539776192e+01 -1.082976114001729115e+02 -6.813448200740883465e+01 9.485623711873066100e+01 -1.610324036704071204e+01 -2.371480451013144730e+01 -3.141060336982154411e+01 4.245842199759954383e+01 -1.315015590349325691e+01 1.254019764155723671e+01 -1.572404159369212451e+01 -3.496522596587830378e+00
-1.956315123030611147e+01 -1.048639173394810200e+02 -6.265942784142434618e+01 8.616817498795388985e+01 -8.301161129638149561e+00 -1.825574348404342828e+01 -3.747859973874870576e+01 2.786406920113324048e+01 -2.291689704620909751e+01 -1.050294983759824063e+01 -3.064004635122191900e+01 -5.057454081544912050e+00
-4.067923823032624853e+01 -9.359537993326134142e+01 -4.101268874849731105e+01 9.265958908082407675e+01 2.835003154792191893e+01 -4.707349498751551842e-01 -3.029747974817889400e+01 2.754875702768422840e+01 -1.144902830032612329e+01 -6.561011048141460300e+00 -2.208470393106154361e+01 6.790192318774907143e+00
-3.295925082474675349e+01 -9.213511646905004682e+01 -3.816910868733575057e+01 8.429311820029758451e+01 3.295787391425943458e+00 -5.597451627832030319e+00 -1.677825305517323429e+01 3.878159608767764155e+01 -6.097645037330971185e+00 -7.392729108538873994e+00 -2.585588345887575201e+01 -6.398489844270614846e+00
3.446473926034722979e+01 -1.131252637168440174e+02 -9.015611437284891849e+01 9.992962258927585140e+01 -4.285277932449358218e+01 -1.170013402999154195e+01 -4.901272159810822160e+01 3.705804475182711144e+01 -2.465800043502034100e+01 -1.427560153992929770e+01 -2.307626211765582269e+01 4.432895939768988214e-01
-5.321273957178404146e+01 -1.177108445308585090e+02 -6.173868060249677114e+01 8.693927590712564779e+01 1.491835327691687851e+01 6.161204188235630541e-01 -2.174308623673304908e+01 3.841356498171397504e+01 -4.168057781596037792e+00 3.968724796531261312e+00 -2.142364446235950481e+01 -7.155985344413585025e+00
4.286366524278780510e+00 -1.008736665861343056e+02 -5.178341425642595652e+01 1.112775972262998607e+02 -7.722997883129202101e+00 9.224209811529016534e+00 -2.199709526127139014e+01 3.900553474718253710e+01 -1.376112607782547315e+01 -7.787832697866601706e+00 -2.379534456610193160e+01 4.659393428402344384e+00
5.575233612567201646e+01 -1.234028804596232902e+02 -1.062298409205206013e+02 1.340758028878981634e+02 -1.739974134036831543e+01 4.317987210904416173e+00 -4.094420512863932515e+01 3.866533928356235350e+01 -3.097311627433320069e+01 2.129483445258333774e+01 -1.188365015513671707e+01 1.701971703054187302e+01
-4.595317070132887238e+01 -1.083187170920392646e+02 -5.600826804762424160e+01 7.739596613230870048e+01 1.831076010687634792e+01 7.197051739509090496e+00 -2.236802526591918650e+01 1.939985102523684546e+01 -2.259944431365309825e+01 -1.666027172986002824e+01 -2.923983043461998221e+01 5.018948916722628439e+00
-4.180140141840938384e+01 -1.154597131177440872e+02 -6.427440229782260417e+01 7.325579623619680092e+01 1.669165438172358407e+00 -8.805324833912284710e-01 -1.705947812016273346e+01 3.389742683276954693e+01 -5.566214636109217295e+00 9.749463384531480870e+00 -4.690819457183237340e+00 1.324075643581179662e+01
5.092291998124765939e+01 -1.088905777836911000e+02 -8.889382971655197707e+01 1.196139327697482742e+02 -1.783302946457565952e+01 5.356478764259355874e-01 -3.723268615676659010e+01 3.308252389827412543e+01 -2.974434336505997223e+01 8.014175321962680343e+00 -2.704767089963423743e+01 -4.716853052979866234e+00
-9.465711975002268019e+00 -8.703204133856897329e+01 -5.487933823166333980e+01 5.854029037792143697e+01 4.467748041371554457e+00 -1.543385000291475961e+00 -2.401243387741874358e+01 2.585555904741637079e+01 -3.485655802830944339e+00 9.262473142795801806e-01 -1.135058896289573838e+01 1.666043367434975409e+01
1.233976842889139780e+00 -9.410632891480835838e+01 -7.854547320373295349e+01 5.200996257042213244e+01 7.378692695599644580e-01 9.588335493308143276e-01 -2.111718934802028969e+01 3.454607918220074225e+01 -3.565285532623066800e+00 1.003624378733467815e+01 -1.249590988301782346e+01 6.972882165224364215e+00
3.928143866364435155e+01 -1.000377159929334425e+02 -7.873974815476370281e+01 8.439930821182198883e+01 -9.784202411118865683e+00 1.517817264993874282e+01 -1.907209520527443303e+01 3.622171484895918070e+01 -1.321035274113923563e+01 2.040353160120084830e+00 -1.283064894645608867e+01 6.265611073423746902e+00
2.641333461913954395e+01 -8.820371408052106688e+01 -7.757889104436232230e+01 6.231299928867267113e+01 -1.307641509634616384e+01 -8.132361058223828820e+00 -3.874421330480470971e+01 2.607607553628326968e+01 -1.236192807634355972e+01 3.527845358891440242e+00 -1.629958240239832179e+01 1.257675925100610215e+01
2.839457794842339666e+01 -7.082967482431476469e+01 -6.552402420231081237e+01 3.692718102223997789e+01 -1.390451541437900396e+00 -2.458116613854613774e+00 -2.287658449118114490e+01 1.994382021028573604e+01 -1.139152504053408421e+01 -4.383012919432996313e+00 -2.202790045011779796e+01 5.670195426172178088e+00
9.156353612124129882e+01 -4.790008934164961829e+01 -5.244599703354516862e+01 6.610805985588065425e+01 -1.011294321044873179e+01 -1.913728578583321571e+00 -3.018134334225851134e+01 1.613213533856153958e+01 -1.305142917553077986e+01 1.301679009645951091e+01 -4.843679415401633825e+00 7.759201881091769337e+00
8.085720880915297926e+01 -4.851267357550774761e+01 -5.875909016330707146e+01 7.180880873817878296e+01 5.529107429323479872e-01 -1.441290647231300071e+01 -4.084504825894120472e+01 1.749629496893043523e+01 -2.751152580101179979e+01 -5.483557951621281568e+00 -2.462213842063098923e+01 9.890288707020207681e+00
7.696526273309534361e+01 -4.369917551925189514e+01 -5.910162948122997761e+01 6.148047451502121419e+01 -8.884911363844466337e+00 -2.073562397706182736e+01 -3.453906767094694885e+01 2.714191997457658800e+01 -2.806339078598658077e+01 -1.016662905490487567e+01 -3.328785133292130638e+01 1.887421195179172617e+00
7.103611308017302406e+01 -4.865623605279046160e+01 -5.356202479901774183e+01 5.619193190824253747e+01 5.188842937468825411e+00 -8.773330783701904778e-01 -2.801542230979236336e+01 1.739942400910877041e+01 -6.732608350135755870e+00 1.634957654791688242e+01 -1.128333129659901957e+01 6.951991027112999433e+00
5.482340468109387643e+01 -5.921902256327066993e+01 -5.865956130272786595e+01 7.072540828180629546e+01 1.829510112775117392e+01 1.511927917260575427e+01 -1.144881217418534192e+01 3.605277004343768965e+01 -3.988966062166574567e+00 1.534851396932658218e+01 -1.259560887193044110e+01 1.792768514056757567e+01
6.449698617068708018e+01 -3.046772400139208514e+01 -2.877335737512120062e+01 4.857157527659832397e+01 1.488124397853390413e+01 8.419992937726288318e+00 -2.001633257122700371e+01 6.425459193737522057e+00 -1.512078088267533005e+01 -8.033807557452409043e+00 -1.783868906574776148e+01 3.119722587946357706e+00
8.562578867589520826e+01 2.941866441461606918e+00 -5.795419746510944492e+00 3.182489276525091526e+01 1.558990928406408116e+01 8.059660004889181550e+00 -1.073188474724549835e+01 4.609906383214665837e+00 -7.474799095770020330e+00 -8.519015647745174391e+00 -2.276290318878221441e+01 -1.313262662842669748e+01
1.644732991162122744e+02 -3.807916209137931940e+00 -5.802410310614092737e+01 5.982299364360833493e+01 -6.027866217241329316e+00 -9.011179477238409063e-01 -4.183931155314657246e+01 1.555501449900463662e+01 -2.744596848760060226e+01 -5.218364986826675711e+00 -2.903235760299903845e+01 -7.804256417069640683e+00
7.518415371179315798e+01 -4.076254419598070911e+01 -5.450129549286171482e+01 4.630577817518378936e+01 4.803093025541272709e+00 1.303236605114517310e+01 -3.204187122903265816e+01 9.323549465197871200e+00 -3.878760164133995936e+00 1.330065811542686482e+01 -1.187017300901847427e+01 9.808450335540591425e+00
1.425393450691233284e+02 -8.581458355460197751e+00 -5.995199296735251693e+01 5.518769203779984878e+01 7.226187432703093272e+00 1.531786924715973086e+01 -1.965143773636417279e+01 3.052149789673504898e+01 -1.095466052530525403e+01 6.735264270482980820e+00 -4.214504639354810678e+01 -1.280869983019391078e+01
1.058328446190963774e+02 -2.954752685863916373e+00 -3.950839799247581396e+01 3.280374612973067627e+01 8.310111084036098106e+00 -2.310670106143797309e-01 -4.453484277707775618e+01 -6.247425514562783277e+00 -1.654536685183665412e+01 -3.890961424228285281e-01 -2.936696275513034138e+01 -9.561541422316786054e+00
7.721465342291884326e+01 -1.515596919794330155e+01 -4.614578879957315394e+01 3.663860609549497838e+01 2.854859633848281675e+01 3.285531634766361719e+01 -8.063108855678317255e+00 3.083610001619057073e+01 9.421329139017053933e+00 7.230096182621883472e+00 -3.803042253474546897e+01 -1.617991117304909210e+01
1.132449464758437614e+02 -9.550010225824069110e+00 -6.010521174348359352e+01 1.756920962079385617e+01 -6.902373564297832331e-01 3.664522802508793031e+00 -3.422937100082950224e+01 3.562551528052926741e+00 -1.838614398049755039e+01 -5.119728714499830247e+00 -4.597148277174734687e+01 -2.713429395424828527e+01
1.268660621906410029e+02 -2.694154262963120061e+01 -8.893481108828802917e+01 4.675419600864402980e+01 -1.042852014571327857e+01 -1.043966677594622361e+00 -4.363512755571153434e+01 1.903608392591953091e+01 -1.802473372042755173e+01 1.898705697315879348e+01 -4.589316383813881117e+01 -1.567072075092748840e+01
1.484213952097930473e+02 -2.758152598146013901e+01 -6.606540284718903422e+01 7.358288751188948140e+01 -7.817199682410098660e-01 3.325304893460561573e+01 -3.876371003736093712e+01 1.229298392105798854e+01 -1.194479378102732881e+01 7.459150434548541320e+00 -2.254852182377028669e+01 4.407257317810805430e-01
9.304070097000494854e+01 -3.455818336259322443e+00 -3.504112469706556254e+01 2.138438091107476069e+01 7.153778126761581646e+00 5.988868004820346869e+00 -3.148518884215233271e+01 -3.432744664807374058e+00 -1.136741156780271567e+01 -5.610033148420248139e+00 -3.799508661906473606e+01 -2.127281011280905787e+01
1.396718409188517001e+02 -1.423892646220786151e+00 -5.340562146048891634e+01 2.798861700262668961e+01 8.013571656303465574e+00 1.525865471057508316e+01 -3.652701402392462882e+01 -4.643157765292322381e+00 -1.660259639665946452e+01 8.481185410109437939e+00 -1.486080029735145303e+01 3.890306233682042869e+00
7.833575264085719425e+01 -2.257295352148494061e+01 -4.021043974670352839e+01 3.395324209166011542e+01 7.876473172281857060e+00 9.675107891241996327e+00 -2.318936930131357599e+01 1.122746955864937846e+01 -4.046364745196380674e+00 1.251273769714795758e+00 -2.896858741092376022e+01 -1.790745123593244870e+01
7.395626240168039089e+01 -2.645286757575080117e+01 -5.026738319673695798e+01 4.011025514542980375e+01 2.018802869281380907e+01 2.084675294442357796e+01 -2.423280906134283441e+01 1.920804622454112121e+01 9.443827552356040655e+00 2.270254443045553927e+01 -1.404418071691116054e+01 2.366651583865493791e+00
7.651222020532929946e+01 -8.369632474041509340e+00 -2.858813669285620307e+01 4.115063239594779532e+01 1.240334370496814032e+01 6.439636091882619873e+00 -3.134050765683607054e+01 1.466693992686045434e+01 9.572309893232800349e+00 1.506470914300871300e+01 -2.233338987471448078e+01 -5.735723535012165364e+00
1.818209948251903540e+02 4.118635451245549639e+00 -6.783254872450922335e+01 4.791342288957537221e+01 4.540540276780495432e+00 1.436406302755132458e+01 -3.472102234190991510e+01 9.075032491471755947e+00 -2.866300197295167962e+01 1.256882798295465875e+01 -1.438290215736736144e+01 -8.202766632248851053e+00
1.016872108344796573e+02 -5.722403862304342503e+00 -3.757541941020672027e+01 2.951961338568465365e+01 1.232029142434587499e+01 1.133781380015066986e+01 -3.277778733839050318e+01 -7.660120702234583412e+00 -1.284647056250119590e+01 1.041302874760290997e+01 -1.124082868052297712e+01 8.946582588531683200e+00
8.355817655073064998e+01 -5.426056264574869559e+00 -2.197111398254888215e+01 2.704854832361632688e+01 1.016788934351380114e+01 1.014551121082603302e+01 -1.423479155397166807e+01 1.346039157694386823e+01 1.294574254030728966e+01 2.507168879903231939e+01 4.292574390464432454e+00 7.921064056770663164e+00
1.415009161937209115e+02 -1.363669780938752751e+01 -5.959773057127184615e+01 3.569942586658025618e+01 -1.423370245762583863e+00 1.634913947332621120e+01 -2.567404840048271097e+01 6.792831871729077875e+00 -1.555124536798375168e+01 1.157088525860271311e+01 -1.155091506758683906e+01 2.313397386489259411e+00
9.596045969406357301e+01 -2.875332426078481163e+00 -2.733451549953424120e+01 5.550674979579653723e+01 3.150662047852743797e+01 2.284455157882610976e+01 -2.515396031664877086e+01 4.186705007907296938e+00 -1.352723028843301734e+01 7.658259396184810441e+00 -1.822641727448046467e+01 4.419417167003758529e-01
8.595355449266160974e+01 4.593992977972928493e+00 -1.115032189650438710e+01 8.671534928447275803e+00 -4.699266753727184387e+00 -6.649493916988880038e+00 -1.729906695055507271e+01 -1.085869368099857235e+00 -3.379986223320721184e+00 -3.753739909260608520e+00 -1.833670738173765002e+01 -1.226859915334953932e+01
1.104508636625958786e+02 2.053333529686799253e+01 1.320235402376427614e-01 4.266320251196612645e+01 8.267053558075273756e+00 -6.934237529207724293e+00 -3.574647082481281757e+01 -2.605867234057543502e+00 -5.420241614938006158e+00 6.351171160325506548e+00 -7.022415476633277365e+00 7.418346044038053755e+00
9.892407480674273756e+01 1.401167432343404684e+01 -7.196760678059821004e+00 1.783354586996311753e+01 6.460042176676816794e+00 -3.163206861040464002e+00 -2.549357589768204946e+01 -1.055509282419184913e+01 -4.810891207512931977e+00 1.335627037904473546e+01 -3.229956689708726181e-01 1.442969040142384474e+00
1.338392737960323018e+02 1.643453357488658284e+01 -1.506531332972634019e+01 4.720181875356456658e+01 1.505317962021601019e+01 1.276084158762150977e+01 -1.776366835197482885e+01 1.109950149159412724e+01 -1.040783280048481885e+01 -5.407458497392103602e-01 -1.281673274131496854e+01 1.830496641289482973e+00
1.525576452102361031e+02 1.886989969713996729e+01 -2.255133532690292597e+01 5.381152116112961892e+01 1.477637980563516251e+01 -1.836012406949365294e+00 -2.808473562805432522e+01 8.238481623758135086e+00 -1.871598864927255335e+01 1.199108717637165711e+01 -1.483980460598466333e+00 2.224800872277524633e+01
1.081065223185796640e+02 1.065786714204291608e+00 -2.643852404251700960e+01 3.389131136360315821e+01 1.552321672687553367e+01 1.050650338061580413e+01 -1.860418428353887776e+01 3.927822001090630621e+00 -1.168912803589399729e+01 3.566746377523183575e+00 -1.845116472083715564e+01 -5.438661941407030298e+00
1.058047224489309031e+02 8.342981085319916446e+00 -1.160200619333134853e+01 5.151823203607173696e+01 3.058437789658862016e+01 1.925097633608788783e+01 -1.480484258015563803e+01 1.035264649017838678e+01 -5.831086812407286768e-01 1.623709027462944832e+01 -9.319409559789399111e+00 -4.450330866708824828e+00
7.840463877493507994e+01 -5.164792755324758566e+00 -1.529729107840706703e+01 3.063917407987426600e+01 2.157103587545915246e+01 1.885908671387014124e+01 -5.301926612393637051e+00 7.318851779235657773e+00 -2.211247764370392055e+00 8.848951225627667228e+00 -3.843309824568950095e+00 -5.978619102781483896e-01
1.311947458264347119e+02 3.990265711242157565e+00 -3.515841784422638483e+01 3.975908020784873287e+01 1.375832156059698619e+01 9.080803155563808460e+00 -1.583498618261761060e+01 1.062616204435267697e+01 -1.003533434305582261e+01 2.613341861822260270e+01 -6.535680626315174546e-01 6.597297637309718077e-01
1.007680915391239154e+02 -6.445511585958190182e-01 -1.710445595968172583e+01 4.734537545410412207e+01 2.409226621278258307e+01 2.024669951325672912e+01 1.504725743602751020e+00 2.732762428148795664e+01 1.300327421055467170e+00 1.008490174535893757e+01 -3.740595941073090458e+00 -4.515715501917631158e+00
1.093930728460340731e+02 2.675257263949220032e-01 -2.602392267917498003e+01 3.592490548630138392e+01 2.088585581803492985e+01 1.908693152737451726e+01 -1.942150266796381919e+00 6.211742662475779220e+00 -2.665520097387420861e+01 -3.565510453694256121e+00 -1.423477068202361551e+01 -1.409136056194794762e+00
1.196397329098497266e+02 2.010471165313217679e+00 -3.012734936003250752e+01 4.351480966208741563e+01 1.865863394618848758e+01 7.822280096430647589e+00 -6.585694134298337943e+00 2.205700515995169297e+01 -6.665865622069794050e+00 1.982512536242854040e+01 -2.145973743862778504e-01 3.383676099396486947e+00
7.644812977536312815e+01 -5.636902463843107114e+00 -6.349673031133529655e+00 4.526043527453352056e+01 2.398018408305171434e+01 1.664603492203690749e+01 4.998109764501442953e+00 9.117257833038534542e+00 -1.500378315946404584e+01 4.915015974401670817e-02 -1.220884519947665936e+01 -2.798834639682878489e+00
9.486633221342859201e+01 -1.039965927448837846e+01 -2.199137946184627168e+01 4.214942721519187074e+01 5.275303688723594675e+00 4.115922186767212665e+00 -5.091238264146553671e-01 1.290839423602573532e+01 -1.906476185604401508e+01 4.002456109721514999e+00 -7.800509321334814672e+00 1.666522017384465482e+00
7.751040474762767474e+01 -1.049179004139710969e+01 -1.364250713362376999e+01 3.348998882320917403e+01 3.238708153908544940e+00 9.690609664166590420e+00 -1.087232554727133760e+01 -5.342786535630963840e+00 -1.981615960321659742e+01 -2.595828110022654123e+00 -3.828960871180824732e+00 6.609768111093709209e+00
9.314409835003084481e+01 -2.863295059698047140e+01 -4.817819666456051664e+01 3.785585184272970594e+01 -5.166707233046066605e+00 -7.366907873490675662e+00 -1.858788832056290019e+01 3.975101445071905104e+00 -2.405921438431842319e+01 1.691336234977244857e+01 -1.148591730944155564e+00 -6.425209160154632393e+00
7.393700282892717723e+01 -2.700344779503370773e+01 -4.167370927341362830e+01 2.361416532439925220e+01 2.848465799226021389e+00 -9.111041887258128469e+00 -2.454327334198440269e+01 -9.508692541281465793e+00 -2.904948614097126836e+01 5.087117182680353622e+00 -7.147878111525150402e+00 -2.059255938343218073e+00
7.189886467300544837e+01 -2.031226846101122163e+01 -2.843652712807104166e+01 3.878531000474175983e+01 1.920561971311164839e+01 1.033884408848514269e+01 -1.131770107390648228e+01 3.794053349601739900e+00 -1.377533829640034213e+01 1.837666744824997878e+01 1.081725258692158320e+01 1.244432002913148771e+01
8.120318933539219586e+01 -1.640775549942678779e+01 -2.713378131303217700e+01 4.163656328500403703e+01 1.326084916639412903e+01 4.312980396537877681e+00 -1.074221527284341171e+01 8.844681527863937021e+00 -1.159848810593822321e+01 2.262943101151493508e+01 1.046406194223379060e+01 -2.656698412033603685e+00
8.383823878577703681e+01 -2.141916844092306960e+01 -3.556665034285194338e+01 3.663436009928184944e+01 9.471687387888152898e+00 7.452228439168588459e+00 -9.834405306646308631e+00 8.237819919105461963e+00 -1.597823227711049654e+01 2.062033036729635427e+01 1.495643809216548625e+01 -2.787105877546943056e+00
7.119132001131382026e+01 -1.604475547418807935e+01 -1.914919058295171084e+01 5.132801779674630893e+01 2.026429149784955541e+01 6.142639696527194104e+00 4.920125149695415701e+00 2.289403228235301668e+01 -5.479966520042223621e+00 2.847693010501327393e+01 1.744013826628619768e+01 8.449945851586759815e+00
6.751301702468470012e+01 -1.113865612093162838e+01 -1.174479692991117119e+01 4.461839028600122958e+01 1.676292586597309509e+01 1.948743642181986147e+00 3.080756351443732832e+00 8.933982217780696899e+00 -1.873185431834070158e+01 1.689129798126266735e+01 6.526705645353360730e+00 -1.904746566472191649e+00
