-1.593471066513436654e+02 -3.393066754693546017e+01 3.797079621768828162e+01 -1.783414251159251052e+01 -2.683510827748629879e+01 3.848859104370900752e+01 -1.328741269947277459e+01 -1.564097787670658590e+01 2.435565924127985937e+01 -1.569943745248881939e+01 -9.717032947247187025e+00 -4.582732416812931753e+00
-1.334687067878985545e+02 -1.447883884544656041e+01 4.730522652162556341e+01 -1.520874852213592021e+01 -2.443632515568398134e+01 3.156993828445891381e+01 -3.182846150429449184e-01 -2.152259061006357044e+01 2.665941713907421473e+01 -1.397584740594475505e+01 3.582627521000909532e+00 -3.586161507528040637e-02
-1.637836481639556325e+02 -1.672891174388488622e+01 5.423128854570388313e+01 -2.898029199290446201e+01 -3.318353230676988375e+01 2.931857572022435932e+01 -4.885538476339933212e+00 -1.891733507978184292e+01 2.326356523355641315e+01 -7.961854649196175693e+00 1.864226063411940970e+01 4.585554843038757156e+00
-2.060019858480161759e+02 -2.988190708672113516e+01 5.184493567947849613e+01 -2.253427746457973413e+01 -2.548066539007433207e+01 1.059400797163079488e+01 -2.227015221330300321e+01 -2.393615736846846431e+01 3.393150330121621039e+01 -1.558224644915988399e+01 1.735779557031253972e+01 6.514242299348991239e+00
-1.546937377568716272e+02 -1.824159869900343978e+01 3.940808689704912382e+01 -1.935577913346119061e+01 -3.166205445055051371e+01 3.730407308090111940e+01 1.585472284884590799e+00 -1.895523091461298293e+01 3.900763057189256244e+01 -1.666755935545563716e+01 1.196591066453101782e+01 -6.939026762442386698e+00
-1.652032493197395411e+02 -1.750669489540225499e+01 5.237280362350847440e+01 -1.659946503276938756e+01 -3.471432870053254760e+01 3.467509981680957054e+01 -8.943838579629115770e+00 -2.198689747750540135e+01 2.406717429476047698e+01 -3.021908379691982205e+01 6.981412849763342976e+00 -4.331236280368410796e+00
-1.336854506247313452e+02 -7.370320926498036940e+00 4.202276372460136145e+01 -1.501955660263589643e+01 -2.571307766603114331e+01 2.668012858832059564e+01 3.541113733885068449e+00 -2.762569905424914651e+01 3.221137142929015340e+01 -1.709581354811402676e+01 4.127893452395800189e+00 -4.067388673724382286e+00
-1.966020083723758489e+02 -1.858345893761708822e+01 4.670893555040697720e+01 -2.749260659495569570e+01 -3.313224947583598379e+01 1.970294019673085018e+01 -2.300312159151191249e+00 -1.837718676324652023e+01 3.556647692926328830e+01 -1.190308220022703090e+01 6.381910026029057548e+00 -2.130363503322040941e+00
-1.321071394392732543e+02 -1.117864714486835886e+01 4.144352010974263578e+01 -1.713650669636760426e+01 -2.166329941278272742e+01 2.992389364811044672e+01 -6.264705741282180718e+00 -1.699494109341355141e+01 3.308419586914766342e+01 -1.854465336061049996e+01 1.111293287060837898e+01 -1.170569365825428587e+00
-1.508638479740387197e+02 -2.834215437893614631e+00 4.782898921859307251e+01 -2.825623705058561796e+01 -1.960623565915804534e+01 3.936125320902456792e+01 -2.060598158361535681e+01 -1.901102463873731097e+01 3.657129470580672859e+01 -2.472372886654972035e+01 8.235176847837159642e+00 -2.825380794899671422e+00
-1.522811664259536428e+02 -1.130188504646105940e+01 4.361632055070543856e+01 -1.936300884594887961e+01 -2.141156672114506421e+01 2.275801144037380652e+01 -2.897890325385824184e+01 -2.130974563240046393e+01 3.435964527050468575e+01 -2.109669471120146156e+01 1.606406116423162445e+01 1.714307388053627079e+01
-1.225039025882935420e+02 4.220953710502191036e+00 6.146488513639783235e+01 -2.114861957504967194e+01 -2.866674659571120998e+01 1.510574789886094926e+01 -3.803909131748226002e+01 -2.305216218385258387e+01 2.505515303800388693e+01 -3.462284249086791732e+01 1.200446405732081612e+00 7.297734895050694170e+00
-2.097644761956687631e+01 3.518554258862742756e+01 4.062433768124489575e+01 -1.896038391302356985e+01 -2.347478767027649127e+01 3.881901485370741511e+01 -1.205123725838508086e+01 -1.775020460681952983e+01 3.141370873861425039e+01 -2.738867732039802050e+01 -4.125063761878025481e+00 -1.466435335747966207e+01
-3.968661495887563895e+00 6.719075193858861894e+01 3.133633543596984339e+01 -8.936738640392778876e+00 -1.638914344206446927e+01 5.373412065696499873e+00 -3.715633741570856330e+01 -1.354256276315052787e+01 6.303196808844514720e+00 -2.624513114830267568e+01 1.237548674944575033e+01 -1.605208665011045355e+01
2.292552340683973178e-01 5.751150996595289655e+01 1.761831728123185314e+01 -1.335617166139971523e+01 -4.217987951906805755e+00 -2.451180977985114140e+00 -3.991507624027561008e+01 -2.412596323812992694e+01 -7.310433724583809134e-01 -2.351968330092194392e+01 7.570985470267769912e+00 -1.018725186063173105e+01
3.024671123735188871e+00 4.963912576245066077e+01 8.263301093997174718e+00 -1.524979343618226402e+01 -2.397100854003986470e+01 1.390201258422041342e+00 -3.154331719954234003e+01 -2.633052143809813117e+01 -7.869390681240236773e+00 -3.689234326814990794e+01 2.673047216368362289e+00 -9.938415538576581554e+00
9.139717203277731628e+00 4.240086849458309359e+01 1.103576214810940748e+01 -1.131473618525928160e+01 -9.725585661196911147e+00 1.097121605173578018e+01 -4.165053468148929028e+01 -2.532905600800918933e+01 2.043758489139634094e+00 -3.568848720157080123e+01 -8.326845819006519989e+00 6.372782434799002971e+00
-7.823789617171225785e+00 4.484913273078463192e+01 2.435307575376546652e+01 6.580727654416064887e+00 -1.824433379680975520e+01 -1.218955618463127388e+00 -2.673287573064392575e+01 -6.897650605469646479e+00 1.174134182026150874e+01 -4.016168298066003928e+01 7.510577313324978022e+00 2.085553276528012390e+01
7.606489311168304290e+00 4.835196237014413612e+01 1.638943446793914660e+01 1.871242355720805861e+01 -1.774650620469720508e+01 1.193817807517348228e+01 -3.699725334787002851e+01 -2.682933514037036815e+01 -3.017528200493274415e+00 -2.910843739921205398e+01 8.365221644835663994e+00 5.885719988668300928e+00
-4.141239653149615663e+01 2.193469956965026313e+01 1.263755525685889580e+01 9.152360176819701820e+00 -1.174708658637231373e+01 3.252599175375239682e+00 -3.517250278910412931e+01 -2.369246980119816826e+01 2.972546950714793468e+01 -3.212543928434643448e+01 1.446038039851994128e+01 1.021958692300886895e+01
1.139673400495088806e+01 3.868044181608880194e+01 4.380150469988312700e+00 -2.359435583655014312e+01 -2.120207659242605303e+01 4.965573777378576636e+00 -3.908407631682327832e+01 -1.309899502332728183e+01 -8.825680463509952389e+00 -5.062249275003256344e+01 5.629047079095848893e+00 5.025737874679014006e+00
2.815203704377656635e+01 6.423708756355568994e+01 2.475614521590171258e+00 -1.102801772312403372e+01 -4.036228212946855187e+00 8.226944355876735671e+00 -3.873457857013109162e+01 -6.790628418489444762e+00 7.423122620575025365e+00 -4.320514324906358183e+01 9.260303405314056491e+00 -1.366243114606222697e+01
4.334954021802182922e+01 5.613519401734702541e+01 -6.671198326963684977e+00 -1.013680281127227900e+01 -1.719703456105738226e+01 -8.803817230864330767e+00 -2.998369315926427703e+01 -8.546855394466426503e+00 -7.149819451401661752e+00 -2.562141924017132766e+01 4.256556671468706199e+00 -9.503773644570923551e+00
4.528696730548507787e+01 6.347824902147014825e+01 -2.069390026933703108e+00 -1.495568333564686192e+01 -1.734802825336329235e+01 -6.316064316318199090e+00 -3.110662785529169483e+01 7.917200137979401475e+00 -1.105126930894156700e+00 -2.247747128278536977e+01 2.606157703816885274e+00 -7.143931497976768519e+00
4.815712394561806775e+01 7.707565127151440265e+01 6.270896452631122386e+00 -3.023985585417058974e+00 -1.565770619816654197e+01 -4.555521195336648788e+00 -1.941494888677801356e+01 7.032763611743861887e-01 6.666226355683882332e+00 -2.360387211943437080e+01 1.284847084373583570e+01 -6.406779310248957415e+00
3.594078453809179052e+01 9.233610301847257062e+01 9.498137688158445613e+00 -1.887840449495572059e+01 1.467322877365500045e+00 3.135088326143407045e+00 -3.017720217974649088e+01 1.121229695358495171e+01 2.188172407126504027e+01 -4.264992032276957445e+01 1.654768763755682670e+01 -1.034381517882236423e+01
3.443312770195899475e+01 3.935718830487992648e+01 5.395649649143328119e+00 -1.189512682040730240e+01 -1.341853206164477896e+01 1.540608377610405988e+01 -2.335151675471895771e+01 -6.393354605376843303e+00 1.502081961928492504e+01 -3.841617225061344953e+01 1.069356879979865127e+01 -1.300541641215611754e+01
4.540465121829844719e+01 6.038785706111612939e+01 -7.949401283711257094e+00 -1.592468678696302575e+01 -1.899492826858523031e+01 -1.374823875195014722e+01 -2.757405494066045293e+01 -4.629089204884922815e+00 6.364762930558052645e+00 -2.633598360885255474e+01 9.744295742627944179e+00 -1.987357304849345851e+01
4.783698651802409074e+01 8.809882371881199958e+01 2.369263567909861123e+01 -9.422694108789057665e+00 -3.058168146723985359e+01 -3.841615438240040703e+00 -4.131788953753150651e+01 -1.525160026444825512e+00 2.137124905622845716e+01 -2.134048660960041488e+01 1.626752122425463298e+01 -1.836275004409111489e+01
4.792380463884271080e+01 1.012272481778821316e+02 2.304339856988164570e+01 -6.212770565463401340e+00 -3.301584488494604841e+01 1.833222211153856529e+00 -3.101084907628192155e+01 -2.200392565480803198e-01 1.189019290538307239e+01 -2.384848872868773029e+01 1.816843160061910822e+01 -1.258929932974274379e+01
3.323383693648426629e+01 9.787813815232993875e+01 2.070835917324033204e+01 1.763817414305890452e+01 -2.681725114488447659e+01 2.480697258905979474e+00 -2.714919093460135002e+01 -1.261159167391764591e+00 8.311657604203904981e+00 -2.864570258529131408e+01 1.006010787493386971e+01 -1.377714145555422931e+01
1.542241846579853970e+01 8.994718860457993515e+01 1.443248618390113691e+01 2.665476268867845988e+01 -1.505920200304041856e+01 1.705934721725826719e+00 -2.061676871122866572e+01 -7.063171447277990289e+00 3.103210510380740139e+00 -2.933691712303910037e+01 1.751583302050701008e+00 -1.610858590710815363e+01
2.429356299051215196e-01 8.662963998595350290e+01 5.297235979244931059e+00 1.792109101881470679e+01 -2.357839324147755988e+01 -3.870854935436566890e+00 -2.592407032659099997e+01 -1.301164278499094351e+01 -3.402863775261391943e+00 -2.808647681861220491e+01 -8.319990566466607618e+00 -1.385684274360379575e+01
-1.652492864943280182e+01 7.133425884190211264e+01 -1.048444809455555404e+00 3.240240487917867540e+01 -2.533522846196511580e+01 5.641673734796046613e-01 -1.861193401671741299e+01 -1.880740020703338899e+01 -5.448615912948648443e+00 -3.861687888259771029e+01 -1.617263181986272258e+01 -1.896545674522070613e+01
-5.262479162350948059e+01 4.375954733902129590e+01 -1.353984290417671232e+01 1.382221027170722039e+01 -3.762630455326730328e+01 -1.378616583815648156e+01 -4.309725026276902327e+01 -2.721292960559242147e+01 -2.965565523053773944e+01 -6.207362170694837289e+01 -3.433503683200118672e+01 -4.634641924151426906e+01
-2.043761309933657344e+01 6.756814124804658661e+01 5.918895330487174977e-01 4.101226403031681400e+01 -2.537549116714625796e+01 1.114750214701019360e+01 -1.221820700367221058e+01 -1.317465722521842508e+01 -6.064112364757630047e+00 -3.110540963586815622e+01 -8.757064366402639521e+00 -2.104351059598617724e+01
-2.882868099898425385e+01 6.706231208070313698e+01 -3.717617478729100533e+00 3.082797256581174139e+01 -1.149138406704569171e+01 2.353996395218355531e+01 6.547095849458134609e+00 -2.853695211084606775e+00 1.144802419814043759e+01 -1.276101790024940996e+01 -2.847544721136211265e+00 -1.304366730581998191e+01
-5.138119199076231070e+01 5.580645054682456419e+01 -6.908284375404627475e-01 3.041856400659766990e+01 -2.273154698251628147e+01 2.648338391058304353e+01 6.636810920097911293e+00 1.840774960145945105e+00 2.155612662363980547e+01 -1.143708651559078859e+01 4.655759841175975744e+00 -1.289522783493206326e+01
-6.567156839362716880e+01 5.447266175419959211e+01 5.337944678693232525e+00 3.501370198096040554e+01 -2.195714883959534092e+01 5.830049589234366003e+00 -5.681256550419139018e+00 -3.902987394440062818e+00 1.601974787549451307e+01 -4.339301191101700539e+00 9.343846783844306003e+00 -1.243251644842099246e+01
-6.712339539555999579e+01 3.942275469789632325e+01 -2.569530544276778627e+00 4.533103214531243452e+01 -1.128737169737545543e+01 3.591152731471584314e+00 -1.811707610682053726e+01 -1.394053068310963717e+01 -2.663457669557071750e+00 -2.231181571958968135e+01 1.929944555438149356e+00 4.788141350851874201e+00
-8.202204277647338415e+01 3.206705519504581758e+01 -5.075067305424230568e+00 3.272847383381547814e+01 -2.351577722615902388e+01 -2.886361551262599079e+00 -2.017622921529413471e+00 -3.623246532002871056e+00 -5.763994381580589632e+00 -1.991430643069896433e+01 1.023239921230250360e+01 -2.689490009267858639e+00
-3.650635931658387534e+01 -1.032771257093278550e+01 -1.748374493416621789e+01 -2.890888190038664618e+01 -4.426238903414841275e+01 1.272711278859139838e+01 -2.762340587561275029e+01 -6.118104692137064760e+00 1.188068983604589945e+01 -4.248576740835892451e+01 1.457167671754488580e+01 1.129680815361052737e+01
-3.229259045494502800e+01 1.022736317669122208e+01 -7.111116745360419600e+00 -2.091744476188956625e+01 -4.768979985684104861e+01 1.209750489351001335e+01 -2.194899241161280656e+01 -5.941677557107818863e+00 6.738312652798116531e+00 -3.821901839816713675e+01 3.005495768800123813e+00 -1.643386646412879015e+00
-8.476794831576026468e+01 -2.792388861269695610e+01 -2.186027910076641234e+01 -1.110279131704166034e+01 -2.487445313107695100e+01 2.472298666892181984e+01 -1.232181752281164577e+01 9.488539466920142829e-01 1.211635906950083275e+01 -3.750660806214320075e+01 -4.272341428980599431e-01 -1.264046708885999015e+00
-6.303958299046090019e+01 -1.254094779674718652e+01 -3.910387123860436986e+01 -2.179585317397092936e+01 -3.420519847917022105e+01 2.570470271709028509e+01 -4.602376346615082880e+00 3.332312086930499184e+00 -5.194253631652848924e+00 -3.509547411906068248e+01 4.357303073691147333e+00 -2.997162391792889125e+00
-7.623979058559180544e+01 -3.034333528154378001e+01 -4.740608664907322378e+01 -3.139831218692836146e+01 -4.982323116337413893e+01 1.200041771375588340e+01 -2.830022889192853608e+00 1.757211260044115875e+01 2.347108877601768739e+01 -3.011405752041140715e+01 3.574430662616249421e+00 8.794283330224493156e+00
-4.363609081192347361e+01 1.828831277212323059e+01 -2.406200086277933536e+01 -1.437950902010640419e+01 -2.862552590329395841e+01 2.337877189426481550e+01 -3.561674054997183259e+00 1.035337380809556862e+01 8.990531528809560413e+00 -2.636408747734022739e+01 3.651811206023182876e+00 7.545690968069306059e+00
-4.930260458835403625e+01 1.844321300017074394e+00 -3.393928720466874438e+01 -2.165110508306254644e+01 -4.625957478828942726e+01 2.202351417344864259e+01 -6.827025274064574489e+00 -1.228291183127139874e+01 -8.085135539218384793e+00 -3.414577720749061029e+01 2.858976625193336396e+00 1.124231451140580340e+01
-6.372702649186391000e+01 -7.027932829607902221e+00 -4.087197996837159053e+01 -4.996699935386033964e+00 -2.571191602656337594e+01 1.185128897708309026e+01 -6.649821532576145167e+00 3.907867157033678929e+00 1.467264718785105515e+01 -2.010877832987191027e+01 1.241497580714775850e+01 3.573869903042114160e+00
-5.091168149738174975e+01 1.857063200827088423e+01 -2.851062458938984179e+01 -1.256017398421051823e+01 -2.875181298918358053e+01 2.354273171017305799e+01 -5.559232947865139884e+00 -1.103704097655831440e+00 6.112181857762033488e+00 -3.819016975527468105e+01 4.681920303088505264e+00 1.318753954636172487e+01
-7.304814591954556136e+01 2.162332720191822943e+01 -2.072088063254912882e+01 1.548979912887576482e+01 -2.852235731337354707e+01 1.402458776597757151e+01 3.393387174877753321e+00 8.481399199228205177e+00 1.300418108165336761e+01 -1.566370578210876019e+01 2.727429449697905905e+00 -4.764065613981406599e+00
-6.841333757143468119e+01 2.733066120585283443e+01 -2.487851938924680439e+01 1.647805188271972554e+01 -1.772112774078463815e+01 5.216640692135117163e+00 -1.707417838062619042e+00 -3.794603719854571011e+00 -3.838605685291481606e+00 -2.325825200603757992e+01 8.518541112427170603e+00 3.940240514928883275e+00
-7.335658109954449912e+01 2.699930407739206828e+01 -1.692259797165571555e+01 2.753969010764945580e+01 -2.653813512643135653e+01 4.172503648018661693e+00 1.416543896564934846e+00 -3.255003701381272485e+00 -2.373838727572903373e+00 -2.699614833188081064e+01 3.680280074779521682e-01 3.371796545797964839e-01
-8.518880699857336936e+01 2.731802712303778335e+01 -2.138673948181463302e+01 2.160212462704613756e+01 -2.041020542185833619e+01 1.080804774772890298e+01 -5.029332113964365192e+00 -7.742537204246294769e-01 -3.904015133262516812e+00 -1.239494140669216549e+01 8.409340366213449158e+00 8.887862190916880678e+00
-8.579483656620777765e+01 2.846655006278464128e+01 -8.821303745559603726e+00 2.703632005762318968e+01 -1.370931515524753941e+01 2.013848092483544683e+00 -1.049248851144058392e+01 -5.765566207035774937e+00 2.673586527869032725e+00 -7.564898706019576480e+00 9.276087424757578859e+00 -1.355635635252125226e+01
-8.589810586134734649e+01 2.749740138153217828e+01 -2.015075195760715232e+01 2.399010903123730287e+01 -3.088325009922008846e+01 8.980652806381602460e+00 4.077808686990044840e-01 -9.674984336511609939e+00 -5.374035322803689674e+00 -1.464028876233031085e+01 2.086378637476125064e+00 -3.437750201496609037e+00
-1.104502952516787673e+02 8.276437330609258680e+00 -2.493742547480065497e+01 2.247337630911790995e+01 -1.489219492928032018e+01 1.004078432674149113e+01 2.526746475685574644e+00 1.711924784906395214e+00 9.081210765913530381e+00 -1.389433019372890676e+01 -2.174530993157119951e-01 1.351666899937314259e+00
