-7.266176094860868773e+01 1.703418116694152218e+01 1.362135862208502957e+01 -1.796752197728027411e+01 2.728260450046833796e+01 -2.338051896941272645e+01 1.554256918219974892e+01 -1.456035309455920057e+01 1.047321849060002918e+01 -5.594989584607959365e+00 2.116445919287350108e+01 -1.314485947548461198e+01
-5.545737464894021684e+01 3.172509143672631637e+01 1.165061659009802675e+01 -2.015128927158294658e+01 2.919952585445682658e+01 -2.712988710032945505e+01 1.700354198276917117e+01 2.523664456016676105e+00 2.058453001647882630e+01 -3.261036191057068656e+00 1.696870989947868935e+01 -9.644682541532615616e+00
-7.392606959163434510e+01 2.494826752699573547e+01 9.320686354490756997e+00 -9.857648143437007349e+00 3.333024951989274598e+01 -1.166407332805958319e+01 1.090858604342895788e+01 -7.625441118409259644e-01 3.221964091480321457e+01 3.573468089350035015e+00 1.740731418288918420e+01 -6.080351242957991786e+00
-7.045977823925615269e+01 2.250337819147862461e+01 -1.558150621540190572e+00 -2.648261259018255132e+01 1.637779744276216931e+01 -2.384583069920763521e+01 3.910554389355771043e+00 -1.814761675611546821e+01 8.837778549636780667e+00 -6.615161166623765965e+00 2.137078880355845456e+01 -1.559684630665261640e+00
-7.990192065432073321e+01 1.932943846092415185e+01 4.853152559164980673e+00 -9.062384011768729764e+00 2.147537749760652304e+01 -2.173266917139186916e+01 1.171776121348585065e+01 -4.899478180134163807e+00 1.742418507762746316e+01 -5.159315849845961033e+00 1.502970950182719534e+01 -3.044593206163172194e+00
-6.326754105954700691e+01 2.173819073265119073e+01 9.508335405765581783e+00 -2.159014423049934805e+01 3.675711367105364502e+01 -2.085747494540120073e+01 1.197131278946881849e+01 -4.668949260430423465e+00 1.443482873338146000e+01 -1.265699519484962821e+01 1.875570627262115764e+01 -1.271292361148197436e+01
-7.079779711203511283e+01 2.486435297393530064e+01 -1.180111656612092830e-01 -2.844688363249363405e+01 2.420572355377893814e+01 -1.987178372171164042e+01 1.282537495296039332e+01 -1.176155150621177370e+01 1.771787367733924157e+01 -5.432961616836477603e+00 1.505665628709053649e+01 -1.608329949813471549e+00
-5.602338766488961852e+01 3.476028581068068490e+01 9.533129072542813276e+00 -1.558389410448341650e+01 4.261333066325123298e+01 -2.053628663986999214e+01 7.884536038211633624e+00 -1.151214435229931965e+01 1.975967533990408143e+01 -1.934754636410055184e+01 1.620173652941667797e+01 -3.291244123300325342e-01
-6.823152874137171864e+01 3.750551024757454854e+01 2.696148247364545014e+01 -1.708248080044352690e+01 2.212401484602602153e+01 -1.497585647300429557e+01 2.724091110938237748e+01 -8.188959699966499528e+00 1.396027065174874693e+01 -9.471415951959048840e+00 1.515081816474036813e+01 -7.085005554401098138e+00
-5.838446349668470958e+01 2.242642935601542575e+01 3.921647479639872813e+00 -1.659914269005303922e+01 2.322348387623821253e+01 -2.947918563005909931e+01 1.846600781255985169e+01 -1.758941090583920186e+01 6.656160249392302219e+00 -1.795083154714185270e+01 5.846463112675579055e+00 -1.380928116025355123e+01
-6.690035422020774547e+01 2.444084393726377868e+01 3.724766711056827884e+00 -1.697628791748453736e+01 3.109647897346169643e+01 -1.889852144817024993e+01 8.033680131589896689e+00 -4.438225946458121740e+00 1.709072228725202791e+01 -1.270472903622700400e+01 1.467758544685160693e+01 -1.179381014134499495e+01
-8.856522466161180773e+01 1.467440188815341884e+01 9.324798826542656016e+00 -1.628332016836991514e+01 3.747517920233345023e+01 -2.037493632037520097e+00 2.679186738895845465e+01 6.760960816191651013e+00 2.699900484740677342e+01 -9.904279583708381907e+00 2.445961813388358053e+01 -5.476841405084393877e+00
-7.341529554016041459e+01 1.243380047454284032e+01 7.730210205063725581e+00 -8.653154499270961253e+00 4.549735667281076701e+01 -3.901735850793388138e+00 2.901423632978004719e+01 -1.538479508917185878e+00 1.800812842818588422e+01 -1.247886054996951799e+01 1.760856843003860916e+01 -1.058088412938982437e+01
-1.075735752724463268e+01 -5.144585220440841056e+01 3.990890378246347403e+00 -3.589243420899151005e+01 -1.078710033226887788e+01 1.912017225355224337e+00 4.487896551061735906e+00 -2.046019941998785185e+01 7.830481777945280442e+00 -6.591419645957822482e+00 -4.370091338178976770e+00 -3.466385680506991029e+00
-1.056873374466624682e+01 -2.696627151797617472e+01 3.349434769046919058e+01 -2.493877227279372732e+01 1.154413376892943877e+00 -1.171011478781377235e+01 1.494609166123534649e+01 -2.380102314473564107e+01 2.535942261614111715e+01 -1.653174831610254003e+01 1.457207705421875588e+01 4.329963198435182292e+00
-1.433530971685723543e+01 -1.390439941010206937e+01 3.228639572606293306e+00 -5.696631443032554643e+00 2.221498407585986001e+01 -1.936763919147153601e+01 1.465629432268989518e+01 -2.271781071122615359e+01 1.291575766339423481e+01 2.742731639748594574e-01 5.730257204023940787e+00 -5.852910910968367908e+00
3.885664906617749104e+00 2.819365073849806613e+00 3.475389016345648940e+01 7.009509199785157740e-01 1.934143102910658030e+01 -2.282634077200786393e+01 2.490675534416178394e+01 -2.405575125128819636e+01 -5.492700647300076788e+00 -3.969558218575402364e+00 -1.116040638169264199e+01 -9.302990713944641499e+00
9.029699120472557183e+01 7.255165299710362170e+00 -5.772070357709502275e-02 -2.780648523046052034e+01 1.155481071467790599e+01 -2.249544678345641913e+01 2.228777791193572710e+01 -1.985977036051395928e+01 -2.380364427290488916e+00 4.209917281182830706e+00 -1.019952893481899103e-01 -1.440348070606092179e+01
1.065398079966621339e+02 -1.641314096136087386e+01 -3.798705260641827408e+01 -2.025551691466512239e+01 -5.104157926274516477e+00 -1.466642625162079483e+01 1.552444772832727082e+01 -1.606619637272619627e+01 -5.890595457674232982e+00 -1.810621582711987365e+00 -6.671879765252354488e+00 -1.021023030282922228e+01
1.116781842378992451e+02 -3.959684756170261721e+01 -4.045487926995370742e+01 -3.572883727678193111e+01 3.441491349673911238e+00 -2.349620460935970101e+01 2.747521281447296104e+01 -1.725573731521090082e+01 5.266450250989851423e-01 -1.382750955277732885e+01 -1.556590456747428597e+01 -8.589765116168280201e+00
9.722657396907084149e+01 -3.619090663837557997e+01 -3.879172797348692114e+01 -2.595621423704205100e+01 -9.174636715731532277e+00 -9.756966457199020226e+00 3.241015014428978702e+01 -1.233540975476818780e+01 -1.494966892673073389e+01 -1.417937768721535541e+00 -8.066605424305176797e+00 -5.339013806942957352e+00
1.330381714985313408e+02 -2.679171096330248858e+01 -3.027491572038626799e+01 -2.875626146657198490e+01 1.861978766406444663e+01 -1.808755545618142691e+01 2.114064594709734379e+01 -2.076125602818596860e+01 1.736346987081468285e+00 3.016045803613165432e-02 -5.773562059526264001e+00 -5.183716807972088780e+00
1.263149787350920121e+02 -3.878687819553019267e+01 -3.220697912282945197e+01 -3.560122665753853255e+01 7.979130987122578844e+00 -1.424065762136977398e+01 4.895585084540135767e+01 -1.749813280351040845e+01 5.612928896303156279e+00 -6.611127831453052828e+00 -2.560649133310450853e+00 -2.465959492074529358e+00
1.082114709842628031e+02 -3.988226754666257534e+01 -4.542383130904896404e+01 -3.689608132441320976e+01 -1.084800577000350597e+00 -7.333983534326788067e+00 2.900380289380372290e+01 -1.579066993276576980e+01 -2.357487274004664624e+00 -4.049850771675423289e+00 -1.431813732124408212e+01 2.070883571166315384e-02
5.239516469397038634e+01 -3.198339429006548329e+01 -3.083027501817148419e+01 -2.695307223149392328e+01 -5.719136066963948828e+00 4.757752803548633835e+00 9.471945059385506127e+00 8.760854263669359820e-01 -3.484983477295074294e+00 -3.170414375087369230e+00 -6.905276232092823818e+00 -8.456782814337753251e+00
1.014059626086123984e+02 -2.423228367336359668e+01 -3.407695931750125595e+01 -3.379641977863025204e+01 -1.226350610278055697e+00 -1.251677150133061112e+01 3.497534794357480337e+01 -1.119212846762431113e+01 -8.992175377712738893e+00 4.575391914921050684e+00 -6.361221355895343876e+00 -3.618882395981742661e+00
7.490716906659056917e+01 -4.672160655864131229e+01 -3.914659095408320866e+01 -3.806881983075471965e+01 -1.724428685094673597e+01 -2.551407635327944234e+01 2.151916081191374275e+01 -1.966604011548248820e+01 -2.431867432835670328e+01 2.595814139815431965e+00 -2.092345946600648432e+01 -1.619579351406360246e+01
6.689120309043077839e+01 -1.971311302364011908e+01 -2.685079252263935246e+01 -1.991053239979948231e+01 6.689496359130966852e+00 1.007285098773690990e+01 1.475801655620764130e+01 6.002697671315099015e+00 2.544285149433165749e+00 9.928460205380655879e+00 -5.285583492571131359e+00 -2.559990898526883996e+00
1.142761113385513028e+02 -4.639843739897783337e+01 -4.461282897001067482e+01 -3.894092712971779946e+01 -5.878152606773522137e+00 -3.537022403470433574e+01 1.289499661302911626e+01 -3.329988885711616575e+01 -7.656819740339704694e+00 -1.476482954009075499e+01 -1.723012130729054192e+01 -4.735777559201132192e+00
1.027601726412151777e+02 -1.435874281708513145e+01 -5.267947416017798901e+01 -1.837549346685575813e+01 1.607896197250862613e+01 -2.529676296617490294e+01 5.483722897825462184e+00 -1.178245735118808035e+01 -3.370857716543963711e+00 -1.681582556059171907e+01 -1.250844547972079113e+01 -1.135960097197837726e+01
6.576941956765973885e+01 6.529989512968056076e+00 -1.640415323353682808e+01 -3.353727807921172399e+01 1.581843929723022590e+01 -3.404485575661500718e+01 2.435372204543049790e+01 -2.267182176983353514e+01 2.782117533430441547e+00 -2.256075245171657429e+01 -2.055343192275856268e+00 -1.875837400465609406e+01
3.951711672386797147e+01 -4.989601095127766683e+01 -1.299002394747097711e+01 -1.563138717214920170e+01 3.293130060363874634e+01 -3.459349047547726741e+01 1.214562818771724295e+01 8.878949640834932211e-02 3.718080604834200109e+00 -2.535067533000495388e+01 7.301877535811269304e+00 -1.025962607617863753e+01
1.118930451531384591e+02 -2.124506473087267011e+01 -3.462257593144409640e+01 -1.631782238451522815e+00 3.131104962209344933e+01 -4.827311603956488284e+01 7.727239207590287151e+00 -1.323602758698444681e+01 -3.508391680833984339e+00 -1.385805401992195307e+01 7.391210425665693862e+00 3.235156071054679838e+00
8.662971243066283478e+01 -2.483280085434272166e+01 -4.012273624403749750e+01 -6.851247573746133135e+00 3.729700781860913583e+00 -1.487976763654123680e+01 -8.176758155506851367e+00 -2.996648981131639022e+00 -1.204880027416473709e+00 -6.894336720223163795e+00 -2.963126457608640685e+00 2.460023019772256792e+00
9.278174022032450807e+01 -3.632382198809247598e+01 -5.924100072232239711e+01 -2.733549007513702378e+01 1.101564944489852094e+00 -2.754794680445283461e+01 -1.770762629367325758e+01 -1.731648399781092706e+01 -9.868056553125665431e+00 -1.758195690613723983e+01 -8.496332486365677283e+00 4.993207661278059817e+00
1.375369981737696889e+02 -2.855099142910691512e+01 -5.947229881616172520e+01 -1.991984818948308344e+01 3.669530300473499551e+01 -4.817173990809124007e+01 1.691150775692999986e+01 -1.314533916319393470e+01 8.003450964119593891e+00 -1.612959729337613624e+01 8.172829235461723130e+00 4.422247711199518427e+00
1.276197004142770766e+02 -3.335999873760675882e+01 -7.124138963348018194e+01 -2.397284866144530469e+01 3.072435019750170326e+01 -3.637415057591879730e+01 1.085888351267553631e+01 -1.903227166575920037e+01 5.356931409572315061e+00 -1.903661312988805676e+01 5.359603305278076490e+00 -2.357758238361464365e+00
1.175696795811570325e+02 -4.041329275811536093e+01 -6.467700024664405589e+01 -2.012753317428734334e+01 2.231191475810766889e+01 -1.489073128115804678e+01 1.337479083695572157e+01 -1.247286484327365486e+01 7.148433190144753979e-01 -2.212255111387627693e+01 -8.315379852444227282e+00 -7.364586075070425508e+00
1.105137766260970977e+02 -2.998856007206835983e+01 -6.110872714831550923e+01 -2.060062280779539634e+01 1.481987249732721956e+01 -2.326475313126193267e+00 3.840337841592903700e+00 -1.309415963518311798e+01 -4.233050171724168642e+00 -1.645609259836317761e+01 -1.119373091725612923e+01 -4.905143233613131315e+00
1.199665736961837865e+02 -3.103004590674783358e+01 -7.134950646785812012e+01 -2.185792113906384060e+01 1.437366590261684784e+01 -1.045653160614110178e+01 8.406176450345947515e+00 -1.186270989579183777e+01 -4.535403989977032424e+00 -2.345421703484740661e+01 -1.277856213608879443e+01 -1.107605104990743428e+01
1.095645919340667263e+02 -3.380726577897736718e+01 -7.872113665544242167e+01 -3.771110697108856868e+01 2.009035597555853414e+01 -7.981743632935268451e+00 1.176160744069328956e+01 -1.709217298879866220e+01 -1.061795543385043317e+01 -3.068871903980736349e+01 -2.143417233024422330e+01 -2.246080179819627887e+01
9.933863255436267536e+01 -2.786728967694862291e+01 -6.873203651795817848e+01 -3.040631207188505769e+01 1.011948125047250002e+01 5.439577575397923859e+00 1.287633000449430476e+01 -5.564134791402554292e+00 -3.063657648452038806e+00 -1.867563519803202965e+01 -1.860122794139797264e+01 -1.052840678247380701e+01
8.908016457926588316e+01 -3.286141966254410107e+01 -6.625082508327747632e+01 -3.036912701123459257e+01 4.481702109633024733e+00 8.242942502600302035e+00 1.070022966110657237e+01 -1.229148254852051814e+00 -6.191447540399176219e+00 -1.432782040823373215e+01 -9.306340664380588379e+00 -7.425908411307524659e+00
9.130826228922438759e+01 -3.014055894989357753e+01 -6.613920119407876541e+01 -3.456291488362658981e+01 5.194337506579957520e+00 9.748479393935076232e+00 1.260807228529269608e+01 -3.935513796645872198e+00 -4.589661178328448443e+00 -1.001331340347093324e+01 -1.164212841512383712e+01 -8.012950157438222476e+00
9.844737737002007805e+01 -4.084152449143533659e+01 -7.860088286841985905e+01 -3.805353332091748086e+01 4.204508683985795692e+00 -2.404619043916984999e+00 3.016538626340936613e+00 -9.490451830519671006e+00 -9.746839058997585070e+00 -2.204604869255590316e+01 -2.230229270516694129e+01 -1.860222810942724081e+01
1.147721791884057723e+02 -3.807330070353289386e+01 -7.331386002280709135e+01 -3.770110960961534374e+01 2.244118307296238868e+01 -1.399909155761939061e+01 2.463585956897879825e+01 -1.187947996886639324e+01 -4.104041081929620916e+00 -2.564497543591106776e+01 -1.748787142746463985e+01 -2.930281472705631529e+01
9.059088100736121874e+01 -3.345328136082957826e+01 -6.220614402632065065e+01 -3.086328957291946296e+01 -2.966533126612560967e+00 9.355551989154990977e-01 4.741207107866980408e+00 -1.144639788456032292e+01 -6.314438597167395528e+00 -1.687777847798383135e+01 -1.856323591549740115e+01 -1.890587992954937135e+01
9.434074671502614251e+01 -2.713797500725669920e+01 -5.563286777066326749e+01 -2.773141156842832800e+01 2.773454672714163571e+00 2.808263227988504251e+00 5.153927054293562016e+00 -1.559606389723843733e+01 -3.472621396516125003e+00 -1.122507554546017516e+01 -1.469443991610760847e+01 -1.719588192243007541e+01
9.313756198196888647e+01 -3.249999188345623224e+01 -5.612291340321363720e+01 -3.277774817793403628e+01 1.076062486390511497e+00 -6.686307904463378193e+00 2.180289123866894219e+00 -1.670310905104769716e+01 -1.081563553075007356e+01 -1.806685051849743573e+01 -1.675459844796583297e+01 -1.910854912116684190e+01
9.572476689017224771e+01 -2.213224663834158079e+01 -5.872285466820012800e+01 -3.103478268714126642e+01 -4.952441402030829387e-01 -5.758174332536357909e+00 1.003282892522385783e+00 -2.119776271835709736e+01 -7.851477215724738556e+00 -1.404205378343127819e+01 -1.310252607335772623e+01 -1.826497351651757484e+01
1.031684752070463276e+02 -1.329630265053867433e+01 -4.551599789159629950e+01 -2.546360075289213043e+01 2.146418909019593979e+00 -1.043007106042568566e+01 4.663257783273540014e+00 -2.405427938250469566e+01 -5.786826959738253784e+00 -1.043707329624933955e+01 -9.114885526675161387e+00 -1.621515237613943938e+01
1.109941160344083357e+02 -2.301308755534971340e+01 -1.576520199005367218e+01 -1.579211196827939290e+01 3.421824607015001796e+00 -2.473801433100975800e+01 2.058474972847032092e+01 -3.515166047550368944e+01 2.986303000138313735e+00 -4.180387944549449841e+00 6.909996731776171242e-01 -2.527316576815986338e+01
8.772829203587311042e+01 -2.853011465235153921e+00 3.381301923047987046e+00 -1.460026656441437964e+01 8.767048973837503922e+00 -2.624555992860889830e+01 1.105692759956655280e+01 -3.484731747508170940e+01 3.520389545319845936e+00 -1.420959248454008517e+01 -8.314678213430218179e+00 -4.704845546787668198e+00
5.437227403675715465e+01 3.338789846558594121e-01 9.282994038579097662e+00 9.871840495865136234e+00 5.811778566471148544e+00 -3.243927547677591861e+01 1.469741268904924514e+00 -2.687319230493838518e+01 -1.138866464637942855e+01 -7.800116440273252572e+00 -1.066159361691185126e+01 -2.150255308590124770e+01
2.916614795027815887e+01 -1.677507029374285707e+01 9.345629751864196422e+00 1.886066015982577682e+01 9.745849948220815406e+00 -1.493370914180683329e+01 5.745512977259386034e+00 -3.028749498129690210e+01 -5.146728582277517283e+00 -8.223930451304180878e+00 -1.952750935357410711e+01 -2.686148905364439088e+01
8.388983110753214234e-01 -3.300775668044889954e+01 2.829852497023974678e+01 5.036907720237602248e+00 -1.238224398948418736e+00 -2.821300127589740470e+00 1.504885734405772268e+01 -3.324067886987175768e+01 -1.344591326677341936e+00 3.314927361704117725e+00 -1.079760881818888052e+01 -2.641572270752553919e+01
-1.592875257621979301e+01 -7.985404014790077554e+01 6.225497019462773096e+01 -2.754521121975725961e+00 -8.638389329736261502e+00 1.165492909442787806e+01 3.341416207049206832e+01 -2.314978793960596448e+01 1.646994318339787000e+01 -8.105947430714333990e+00 1.192889086076095673e+00 -2.395535682691056323e+01
-5.852681273114322380e+01 -7.471357087648308948e+01 7.034220815633585744e+01 -7.256475074388590407e+00 -2.191475574194381437e+01 1.981575816363035969e+01 1.463016351777563528e+01 -9.338985495303551154e-01 1.417929088151119288e+01 -2.358365927471100854e+00 -1.092978714771158089e+01 -8.415575818838512134e+00
-7.944024626022932978e+01 -1.020788054353044174e+02 5.813217269214781169e+01 -2.809758028321437706e+01 -2.490500869459405209e+01 -1.245837014483857530e+00 -2.745998228282764853e+00 -2.560125923513356128e+01 -1.713419574302237791e+00 -2.443392549149795201e+01 -1.703131552713146846e+01 -2.909035984100764693e+01
-7.813011915858922407e+01 -9.426128254460419953e+01 7.402049327836189718e+01 -1.252150579408435860e+01 -2.835157325907197645e+01 1.062008503014433813e+01 1.068231880460468375e+01 -2.923716843740695026e+01 1.551860170758459034e+01 2.226895605911880516e+00 -5.820092862504224307e+00 -1.287157175829087308e+01
-9.733201545076803995e+01 -1.162825688412235365e+02 7.595735367867791865e+01 -1.067704153250965682e+01 -2.395458581954747146e+01 -5.149078260303543431e+00 1.256894662563084353e+01 -1.897672246143224584e+01 2.660221056479551294e+01 -4.654719193398733523e+00 -1.057271855526183835e+01 -1.518439295762460439e+01
-7.008526943633572159e+01 -8.982254122421105080e+01 8.607263004351945312e+01 -5.238568836067297951e+00 -1.094020332783065541e+01 1.347989948942481675e+01 3.156325487539869457e+01 -1.580172817608866787e+01 1.804095566555684726e+01 -7.785150834364260142e+00 -1.141258548839122255e+01 -1.111264277420919200e+01
-8.968872463770111381e+01 -9.499101394657634501e+01 8.808320889560175715e+01 3.577178218617886429e+00 -2.058399063677780205e+01 1.087154960321029407e+01 1.314519142629368531e+01 -1.348884259298987232e+01 1.122747699172053792e+01 -3.007018582727499112e+00 -1.120258969409009175e+01 -1.089776242799011996e+01
-1.254761625923989925e+02 -9.315639514787739017e+01 7.509969001317227821e+01 -2.576985202698760524e-01 -3.940433509558501157e+01 -1.430783124792695205e+00 2.139048539730225684e+01 1.556007794862869531e+01 2.827843354384136276e+01 1.055229593918822317e+01 -1.502657497626229599e+01 -1.768075871872713378e+01
-8.818867723546523507e+01 -9.704960541218849812e+01 8.135837811440629253e+01 -8.549333817448580675e+00 -2.567442514735739678e+01 -1.699140515976239829e+00 5.678292874021219738e+00 -1.340168466327277130e+01 1.109008748015882517e+01 -6.970452326346951111e+00 -1.862805568695013037e+01 -8.053999211449133000e+00
-1.164514442711351165e+02 -1.100971116546180042e+02 6.160039178577915209e+01 -1.347470792588373278e+01 -3.873232339056069407e+01 -7.730516691025488996e+00 1.779544396930653472e+00 -1.094023245549031209e+01 4.845578924901709605e+00 -6.549468638964036415e+00 -2.023660675133562847e+01 -6.761703869139675582e+00
-8.485517157007711830e+01 -1.252104464680667917e+02 7.422018426435380434e+01 -3.453143071313067480e+01 -2.149845718091513902e+01 -1.472690283821684432e+01 2.128356947687707645e+01 -2.846179476147673881e+01 1.865302059006783253e+01 -1.729041847105238361e+01 2.965081478139135918e+00 -9.279241629704033656e+00
-9.639473786676452960e+01 -1.187849172744003567e+02 7.157581732046305945e+01 -4.718956665879371570e+00 -2.341107702070019769e+01 -5.170982348523164518e+00 -3.923024880040760998e+00 -1.781531871315531390e+01 1.382053897182646196e+01 -9.098356916046530074e+00 -9.892228166931923639e+00 -6.491070395278402572e+00
-8.827234798721380571e+01 -8.604930509417576445e+01 6.023616514745563677e+01 3.369266186727851053e+00 -1.417615122388894733e+01 1.449215150126970819e+01 3.243384063916106896e+00 -4.811164468904046920e+00 1.694349470391502877e+01 1.070908275551078859e+01 -4.977442874478097856e+00 -1.298363561215701401e+00
-1.091493683834851964e+02 -9.853842009293276760e+01 6.092746651203532338e+01 -1.041919907909426612e+01 -2.502430875001690680e+01 2.301180469770325310e+00 7.309273205085636604e+00 -1.129504271360906742e+01 7.417790506101111792e-01 -5.490974454876661248e+00 -2.372859578514426460e+01 -1.348371027904772568e+01
-1.080562023327763939e+02 -1.014257217323574309e+02 7.205646883741411557e+01 -2.258425746886884244e+00 -1.720145895444034778e+01 8.741598207736171133e+00 6.538063547114848717e+00 -1.447830343925108565e+01 1.651784925923917768e+01 7.850540232572887689e+00 3.262545648832288592e+00 -5.866377192541392560e+00
-7.097854320347279611e+01 -1.085075466034853804e+02 7.200276072680557604e+01 -2.486511531888760018e+01 -1.686922458303178729e+01 -2.042801281981106598e+01 5.022075695393134254e+00 -4.175011095612569534e+01 1.490817616297672643e+01 -1.661504027627973556e+01 2.030730563001054811e+00 -1.263933029283922949e+01
-8.515456350360712179e+01 -7.484718690212370973e+01 4.072686486611650736e+01 -1.627593916967273202e+01 -2.445725315934731370e+01 -2.270577544464806863e+01 4.253442038933452629e+00 -1.920308209094164908e+01 1.921106144745411726e+01 -1.499427920450433227e+01 4.073943172330802831e+00 5.216128327243248819e+00
-9.223804128497093302e+01 -5.871924777985354638e+01 2.104176401248172823e+01 -1.330464652603509634e+01 -1.950604850795479805e+01 -4.252078724849329205e+01 -5.955570862173034996e+00 -3.497592296191815819e+01 -3.618777062347220408e-01 -2.273362687009083416e+01 -3.159348379842637655e+01 -3.993538550050354274e+01
5.002442245439200974e+01 1.469646323357366668e+01 2.385725359106884369e+01 2.464064281244813248e+00 1.498503560504189203e+00 -1.394092318492937999e+01 1.154070743156226930e-01 -1.919589231898622472e+01 5.697384368433692892e+00 4.727018141382851368e+00 1.266955997767178044e+00 -1.196683837025012132e+01
6.745573322067173194e+01 1.164666494224494642e+01 3.060568126545375023e+01 1.167858251602138786e+01 1.270322620904053501e+01 -3.550844222266903216e+01 -5.165060473593156232e+00 -1.390281983948483102e+01 1.271195333248385495e+01 -1.553074309418658139e+01 -1.237159418984488823e+01 -1.339326375408279368e+01
6.246414929117392489e+01 3.257024900209103180e+00 1.622347562498294593e+01 2.205032889104304417e+01 1.506280853025407218e+01 -4.119632251064875561e+01 -2.214410594107483377e+01 -2.080288640425176183e+01 5.772020365883246740e+00 -1.308215530029785612e+01 -1.586120585095785529e+01 -1.670970388479143054e+01
6.185246211604646760e+01 4.123044186686883883e+00 2.419408129386708239e+01 1.160129929923477476e+01 2.058640016859418864e+01 -5.250074094451268536e+01 -1.570204123311124889e+01 -2.759261971437527805e+01 1.107833026361443984e+01 -2.382860181787936682e+01 -1.671076336325957357e+01 -2.714002417080547502e+01
7.058995723093312336e+01 7.776467458453540926e-01 2.474418393303769648e+01 5.978785984601259429e+00 1.526590684257375585e+01 -5.299616817311020611e+01 -1.293648277797519519e+01 -3.754278144996984423e+01 1.663128971593385330e+01 -2.655209029573934032e+01 -1.186382334322344256e+01 -2.950023664496351472e+01
6.499628156670380008e+01 9.485603002278429230e+00 1.078842407867207065e+01 1.489770431642022430e+01 1.489950830220449163e+01 -5.254331587788257707e+01 -2.844963958061610754e+01 -2.424508460692863565e+01 2.658699286872608702e+00 -1.782942426459947427e+01 -2.054671253228585215e+01 -2.457191781153279209e+01
5.978504901763737678e+01 -5.774408546753452498e+00 4.278223782864320590e+00 -6.373965135135850613e-01 8.797879963586190399e+00 -5.450989829978693280e+01 -2.831051146037515309e+01 -3.133094651856784196e+01 -8.429682374751221730e+00 -3.081327638164293603e+01 -1.540847706569432241e+01 -3.023925960855330430e+01
5.289071162714448349e+01 -6.975137189314278174e+00 7.343782538517727332e+00 -8.663502095078220222e+00 -1.211623012281268785e-01 -6.284827672273944188e+01 -2.410943610479099775e+01 -3.370977698133211931e+01 -7.398361300002376240e+00 -3.357187166329669736e+01 -1.633693402357528512e+01 -3.047454162377032816e+01
7.008821756512136858e+01 3.060218620139779411e+00 1.050402388442760326e+01 8.342462193655343361e-01 5.540885906210649026e+00 -5.461700736737974182e+01 -1.837406640269458791e+01 -2.563509762726759789e+01 1.195203532450578265e+01 -2.437728273863120165e+01 -8.987652100456230642e+00 -2.421929140018370674e+01
7.469502312614349648e+01 -4.061910359278193994e+00 1.530234189877651296e+01 5.185401207018113245e-01 8.464432580599741129e+00 -5.809811701312307264e+01 -9.608687976339313153e+00 -2.555520925466846904e+01 1.046835635033577283e+01 -2.343427244501672035e+01 -3.996405075382815308e+00 -2.260412622501380042e+01
6.620621636344209548e+01 1.524698924018276713e+01 1.073562527105162623e+01 5.469045752665432580e+00 1.084015246411970068e+01 -4.946242514290727854e+01 -1.222162237248333128e+01 -2.696066355092593625e+01 4.736902621710537886e+00 -1.082016741988450015e+01 -9.504032261950714044e+00 -2.091153901908826640e+01
7.950276468406451613e+01 7.023461280538848328e+00 1.101800194811859157e+01 5.498470785293306129e+00 1.401799346984795491e+01 -5.145087627553397880e+01 -6.722701786323202811e+00 -2.822634480471175067e+01 7.198685230040723582e+00 -1.422844906716319713e+01 -5.894888446077426458e-01 -2.154248525852305107e+01
7.272076885202778840e+01 7.787581700089634573e+00 1.157004923591909673e+01 1.219282886544561961e+01 9.461658754834756380e+00 -4.076819488377758205e+01 -9.619472295316523258e+00 -2.391977608808837630e+01 -1.570254201800881155e+00 -7.556549167582414128e+00 -3.702966369202838059e+00 -2.076828561440854770e+01
7.717846136128105172e+01 3.745243060178441219e+00 1.232298106855285624e+01 1.076126070167510207e+01 1.257300135455547618e+01 -4.487181534640883740e+01 -8.711820634720435663e+00 -2.990146463073030247e+01 1.355526199321462499e+01 -1.955720600286040423e+01 -3.029225322941814458e+00 -2.304936961733307754e+01
7.194006248082709476e+01 1.358638462247288103e+01 6.352050243786773187e-01 8.335402795805656240e+00 1.655795833156646069e+01 -4.430040436139695714e+01 -9.250664528664511721e+00 -2.191195331875650609e+01 -3.841505421144109977e+00 -1.172481013533069216e+01 -5.447873233724060960e+00 -1.979180851970411936e+01
6.345852993821459620e+01 -8.488753043943875198e-01 8.863834704742021842e-01 1.346488341620842633e+01 -1.190417393274901814e-01 -4.478939969300783730e+01 -2.427506862059274795e+00 -2.616902642127601553e+01 -8.946288051066527913e+00 -1.243574345551832572e+01 -1.519493481778468436e+00 -2.626121520849794067e+01
6.191844248598727773e+01 1.014225976915004601e+01 2.312551250158820793e+00 1.559863165938042417e+00 6.502377304482120923e-01 -3.855756312136931285e+01 -3.109064201927570270e+00 -3.234633663121630320e+01 -5.471798181198388455e-01 -2.034158688168295015e+01 -1.393905502278312625e+01 -1.583284215646547644e+01
6.161377990696515639e+01 1.065524681290635733e+01 7.885291486170356023e+00 8.691264205634210427e+00 7.482570840252805056e+00 -2.968348876298822603e+01 -7.930121845379860090e+00 -2.000526411616583999e+01 -1.423387095772474353e+00 -1.218456897878510858e+01 -3.828645819948919282e+00 -2.791006820949075973e+01
6.190393172301556746e+01 2.845291888427840732e+01 2.013207925688430677e+01 1.312684510175186858e+01 2.698421249276766076e+01 -2.952236758742195377e+01 -4.791492922607113236e+00 -2.368008676269012369e+01 1.068546026073262034e+01 -4.454028526555409151e+00 3.249093866994931190e+00 -2.754023425051084928e+01
4.423861756781288079e+01 2.528399044967348885e+01 4.118207867842772885e+01 1.551981721023850191e+01 3.952653650963337384e+01 -3.138232368527116023e+01 -8.976669877086784766e-03 -2.480365059844203302e+01 9.257737342110331724e+00 -9.522392787213336263e+00 1.512124684856474888e+00 -2.438771271918679417e+01
2.093884028188622892e+01 2.466886671653303864e+01 3.346224232417895195e+01 1.312624581673284219e+01 3.509418489772930627e+01 -1.973101958786756427e+01 1.218826445878879383e+01 -2.031612062879699465e+01 1.723953697935612794e+01 -1.392881789931372793e-01 7.131569106974518846e+00 -2.943691560883482339e+01
1.105666541516034229e+01 1.408496637274184593e+01 1.224626512041151827e+01 1.789299596124875791e+01 4.523424105847539778e+01 -1.657857987979181758e+01 1.158825856723527892e+01 -1.700589407081056592e+01 1.210296693712729521e+01 -1.616288959149876803e+01 6.415826582011437296e+00 -3.002906955995421256e+01
-2.592628389329186689e+01 -2.411988377301389619e+01 3.928644754263362682e+00 -3.187099643587193665e+00 1.871368979293632151e+01 -2.588463246730162837e+01 7.523385817704556722e+00 -2.794026929404250481e+01 7.539765407922565998e+00 -1.835908946026937727e+01 -1.529844902976371479e+01 -3.415234506563695049e+01
-1.711684070197870255e+01 -1.787908605441422694e+01 1.440299869609436900e+00 -2.203744868992400541e+01 1.847664642839317395e+01 -2.445953701154317628e+01 2.398116139984126249e+01 -1.816927764712255566e+01 2.442647579465608842e+01 -9.615715761818542262e+00 4.717591611691574371e+00 -2.989590925691876322e+01
-2.216451639169099508e+01 -1.259914915142947756e+01 8.957125192861676410e+00 3.908652962444012502e+00 3.919517311108019442e+01 -1.182139743985300129e+01 2.334527319572606174e+01 -2.423579605868896891e+01 1.581888961972688357e+01 -1.867883013278629534e+01 -4.612620355650158821e+00 -2.237705265179688752e+01
-1.043117240147096680e+01 -1.090931066268423422e+01 1.643280456828228608e+01 5.171382532754407180e+00 2.464335747736814142e+01 -2.244899745932436019e+01 1.459003647394226633e+01 -2.791554440294577688e+01 2.913265250726196598e+01 7.705654053133851988e+00 1.372480894713974031e+01 -3.550395542475387600e+01
-2.207864082398092620e+01 -1.694960811527052869e+01 1.125971447767556555e+01 -1.745995632556855526e+01 3.647001959907952084e+01 -2.018524828418951955e+01 2.938637894670054607e+01 -1.745904137029753400e+01 1.474025648813122125e+01 -7.235751064498638030e+00 2.915776281906840017e-02 -3.665893605603029215e+01
-3.257606340965144653e+01 -1.084964444634243819e+01 1.059235589308884862e+01 -7.204788875792844216e+00 3.750632133083545483e+01 -1.730866556454120797e+01 2.441802385398961661e+01 -2.093471597602039225e+01 1.315932911043635301e+01 -1.815019944106402150e+01 2.045892520966726913e+00 -3.970954832932177681e+01
-3.180394253769159718e+01 -9.071559897071766798e+00 -1.634874111726824619e+00 -1.663754535431917958e+01 3.538221548359509683e+01 -1.370401390526760643e+01 1.504580681772921125e+01 -2.340203453789921184e+01 2.245678431765827554e+01 8.793589656177253744e+00 1.779544568301468388e+01 -2.284442054587189119e+01
-4.481394488340676219e+01 -5.062166484016517032e+00 4.987943079843022431e+00 -1.498536655291953679e+01 3.650760209447708604e+01 -1.673662672204056889e+01 7.265774034279322890e+00 -2.394391802100138023e+01 1.907764152852529804e+01 -6.349149896767364964e+00 1.020117109871017647e+01 -3.553296569445399911e+01
-5.480359410201913306e+01 -1.959513020864712729e+01 -8.215091238713052135e+00 -1.714347431377690256e+01 2.897491457857388752e+01 -1.080725329887525277e+01 2.373518931632007423e+01 -1.246377599584850948e+01 2.626945562084753760e+01 -2.525774487565133342e+00 1.881770766451732158e+01 -9.330279660073044212e+00
-4.915358271389295197e+01 4.043354255458291746e+00 9.247799277839813925e+00 -1.123910746292740015e+00 4.378902776667081298e+01 -1.125238076605171678e+01 8.949011216862693630e+00 -2.549048003861561540e+01 2.073088691757464375e+01 -1.233825824344255295e+01 1.372191322425214821e+01 -2.194830967837535951e+01
-3.891232021105019356e+01 1.352702519500958545e+01 1.151898663823210267e+00 -8.129305970967990902e+00 2.726958603135162207e+01 -1.043988810175343396e+01 1.417696576397962005e+01 -6.105056485290038637e+00 1.218961155335275492e+01 -7.661655968684271123e+00 7.994265954340489699e+00 -1.817474609543562281e+01
-3.617024418839038447e+01 8.466989029023585189e+00 4.179136167374663202e+00 -8.133324435234952077e+00 3.570633083329821744e+01 -1.587003187762638845e+01 2.245618888990575002e+01 -9.595202553135194989e+00 1.047288395793864879e+01 -8.560530705826945308e+00 1.416676938872880598e+01 -1.588077632252929305e+01
-5.724005267155955323e+01 1.419738217236363198e+01 2.408004185581174283e+01 -9.100681803915140478e+00 2.705873118400152677e+01 -1.468696132667802523e+01 2.183745801523965824e+01 -2.196235093352305867e+01 7.771786727720396470e+00 -8.110292947509467609e+00 1.016173249183818861e+01 -1.870208726478044170e+01
-5.025874457077854629e+01 7.532941238765617165e+00 2.155289232742613414e+00 -2.010104777157359024e+01 2.941745697911179036e+01 -1.821227653374540267e+01 2.164282725056989420e+01 -1.866035233211021094e+01 3.761411344430745984e+00 -7.405007322307367801e+00 1.796328633556607812e+01 -1.083542357817253254e+01
-5.812178045798101778e+01 2.883173642020945060e+00 7.682118539207259289e+00 -8.997446638800226992e+00 4.088346976234889496e+01 -1.924223052027173253e+01 2.714717971490043880e+01 -4.200552267006385065e+00 1.848219819568688393e+01 -1.617330362862379189e+01 1.034203322298848882e+01 -1.483964072529263944e+01
