-9.717808188152147864e+01 2.497025286315593817e+01 5.606846418415416622e+01 7.370959430536257351e+00 -1.546650492413486733e+00 1.522856592560302680e+01 -1.120437747745375745e+01 6.652072391955461406e+00 9.701515700262845598e+00 2.354360981723968571e+00 -2.097166363897563279e+00 -8.420432031595938227e+00
-5.369625050945824540e+01 7.518746516123719914e-02 7.137725916753124977e+01 -1.304324780245035242e+01 -3.622954990849479029e-01 1.219065592501722151e+01 -1.679386986153106420e+01 1.905947201605115637e+01 8.300968360184361572e+00 1.291816315174144636e+00 -4.021927202326589512e-01 -1.024197960940177676e+00
-1.294208867918052590e+02 -8.719026310440565908e+01 8.927207942556064779e+01 -1.156384982033961961e+01 1.318844683128148887e+01 1.767325742528695542e+01 -2.581863581184804701e+01 1.581326755644005644e+01 1.305306040170588489e+01 7.722100589196956300e-01 1.983564483944929435e+01 -1.520298046016972826e+00
-1.679540563644978022e+02 -1.024894786970947536e+02 7.401467359149094705e+01 -1.811132628816633172e+00 3.552391828818625363e+00 1.386481805177771420e+01 -2.984788717695064264e+01 2.278525180376394488e+01 7.664422427995836173e+00 -4.752627694810258596e-01 9.603603046351610217e+00 -5.180694644626889556e+00
-1.436199976699166143e+02 -6.629263425909164198e+01 6.496823269129255607e+01 -2.053326763887886131e+01 -3.435429838527496837e+00 1.873763870750166660e+01 -1.925975628339215717e+01 6.650166292781461763e+00 6.039620558648611137e+00 -6.124707815683818168e+00 5.497348441857929480e+00 -5.750460532527516655e+00
-1.002518672690707149e+02 -7.328533614072118496e+01 7.916390587151497016e+01 -3.674046448694986822e+01 -4.423490231264164407e-01 2.685576344340542221e+01 -3.152841790259484966e+01 8.466496123005846641e+00 1.846461193874364426e+01 -1.297415327134105922e+01 3.973747103767390598e+00 -6.558523110252739485e+00
-2.083625020107604939e+02 -9.836574181409746132e+01 8.140006064472895275e+01 -2.171515437310669938e+01 -1.288396594164385078e+01 1.193652742908509978e+01 -2.014404203778302715e+01 1.859129811359963114e+01 1.195939915065192771e+01 -1.122228406628511976e+01 2.451982199477992008e+00 -8.388453418509861592e+00
-1.938284804067250207e+02 -8.504832945401989264e+01 8.610746768047204114e+01 -2.375601558312310146e+01 -1.001756470039907043e+01 2.307848102289912973e+01 -1.914036468935402624e+01 1.438894335339474395e+01 1.181297297347810726e+01 -1.760987625526772149e+01 1.326360312014378806e+01 -2.142259306978791855e+00
-1.042125324407191016e+02 -6.363316537833614461e+01 8.927439082760824363e+01 -3.677777550208008961e+01 -1.212134518320036136e+01 2.024902849379936498e+01 -1.274935899598800404e+01 8.682704488014696409e+00 8.865812973718453449e+00 -1.810054480123329057e+01 1.044627947291495929e+01 7.785679416168325151e-01
-9.474064477362389880e+01 -8.858705708000056234e+01 8.715015975492894995e+01 -2.865439423176462697e+01 -4.669249341897377725e+00 2.079604828507820002e+01 -2.608064488517943502e+01 1.057543397999508983e+01 1.751233643868403789e+01 -1.241037916632849125e+01 3.283050907114862582e+00 -1.417400242341495264e+01
-7.298501003494402539e+01 -6.429936414910891074e+01 5.845824463066345800e+01 -2.146205035473119693e+01 -5.641663098136883825e+00 2.338213330849618288e+01 -2.208497335313126086e+01 5.179298809897587397e+00 1.065890023427659195e+01 -7.198989832970061897e+00 3.946570954447905066e+00 -7.764043195010355447e+00
-1.528185904676764721e+02 -1.161217794197354465e+02 8.802938419482501331e+01 -9.345820957637938520e+00 -5.265540978394506411e+00 1.367302834412314816e+01 -4.386264004401825645e+01 -2.708440640085843398e+00 2.491599032741927644e+01 3.335501473937450001e+00 1.471705186758335238e+01 -1.645838911608110422e+01
-1.158543300794416666e+02 -1.050542155885620588e+02 8.716702895485117608e+01 -9.048120814291584324e+00 1.206142148784559254e+01 3.115385945435142645e+01 -3.136666937522588938e+01 -2.575324685634583943e+00 2.081628946633400190e+01 7.967792395870175071e+00 3.301715681314112416e+00 -2.594263744060548760e+01
2.088628719123546773e+01 -2.252047044416972454e+01 7.946899709869600770e+01 -1.588638472760353793e+01 -3.951399878502623864e+00 -5.555872297635058743e+00 -4.189449662860474177e+01 -2.610887459180429815e+01 3.150091631247592616e+00 6.309902634620192075e+00 7.241273628033061627e+00 -1.470010654100479641e+01
2.414217068963266399e+01 -3.266388882757577505e+01 4.423847220090550536e+01 -2.475690450372006524e+01 -2.705641003823614454e+01 -8.426730085933140657e+00 -1.753015025514602954e+01 -1.988654599925650501e+01 2.674330067070371797e+00 1.007231027769185872e+01 -1.803283990540277415e+01 -1.422027267743131418e+01
3.649765949358518924e+01 -1.083757499776145927e+01 5.000456198660432960e+01 -1.967063918140334167e+01 -6.742041656293821461e+00 4.351953799863832906e+00 -2.817600013476919329e+01 -5.856191928397005420e+00 9.130215123920390141e+00 4.962230240531053660e+00 -7.574603551677107305e+00 -1.367619268327926285e+01
1.612909021564538747e+01 -2.615523247285019437e+01 5.363313165486789558e+01 -7.980993532174377236e+00 -2.099585952020585822e+01 -2.723586002419593655e+01 -3.858719828696000320e+01 -3.434050479433557967e+01 -1.846037284395288580e+00 6.057469359136791631e+00 -1.112759378680985378e+01 -1.449608710500502795e+01
1.571685888892632299e+01 -2.323295215509342171e+01 6.299652909119963340e+01 -6.494177331570879730e+00 -1.802000328173587240e+00 -1.406734259739163839e+01 -3.855263785079758065e+01 -2.004060700644461690e+01 8.419126092654906302e+00 -1.244180011435422806e+01 -2.142097030297770033e+01 -4.109590414446239848e+00
-7.088461268023235107e+01 -2.259746400803788902e+01 7.738938531889927219e+01 -5.183702208260945099e+01 -7.904734467417257271e+00 -2.295439445749853746e+01 -3.872271684507988709e+01 -3.484640381584679858e+01 -1.225395493333798491e+00 -1.297108064243624881e+01 -1.621224792851207397e+01 -3.252031696794163196e+01
-5.881261320834390460e+01 2.523123168791564552e+01 8.609451349944808385e+01 -1.870957712502428905e+01 4.512373324846906009e+00 2.858147092888863927e+00 -2.146451587898087254e+01 -2.461815062807021803e+01 1.756618360470802997e+01 -6.427897388370986675e+00 -5.598902354036063400e+00 -1.929457183329360603e+01
-2.226055495594460965e+01 8.407126316037638603e+00 6.581519024571556997e+01 -9.244383162423757128e+00 -2.189589844193755752e+01 4.588837792319402809e+00 -2.856186715700415135e+01 -1.167851700558199113e+01 3.096111783323833855e+00 6.953628206236042164e-01 1.068750947351641756e+01 -2.800810782778334396e+00
-1.747985718671667144e+01 2.943238043550945982e+00 5.589761624471563550e+01 -1.339715353474548643e+01 -2.412877436334379411e+01 5.347642132592641318e+00 -3.146258621639839248e+01 -1.292299597293413882e+01 -6.316355713669496552e+00 -1.109839173898421727e+01 -1.013941285439658735e+01 -1.355884946693899096e+01
-2.839261378976124206e+01 1.663390106329224949e+01 6.647559004166623708e+01 -8.251565174486074739e+00 -1.085738763466551404e+00 1.699521502865717792e+01 -2.701848956520442258e+01 -1.660803795105984193e+01 -1.124557813018180497e+01 -1.550295670132187986e+01 -5.941827579075691368e-01 5.081008400971892769e+00
-1.379267700657166529e+02 1.133462462906411261e+01 8.264112822954290039e+01 -1.482112699302480507e+01 -1.567730439630179085e+01 -5.388830047138565504e+00 -1.650278737967660092e+01 -1.046911401781930273e+01 -1.397400416433516313e-01 2.320078050683076398e+01 3.267128311825828746e+00 -5.369240617903074941e+00
-1.251164372099007380e+02 -2.372500602907254219e+01 7.305266074854749547e+01 -4.330205428282952340e+01 1.014204861836946492e+01 1.904548574800818983e+01 -1.941874988677188441e+00 4.302789463475595433e+00 5.841663941672191385e+00 5.090655235480075369e+00 4.040261583100654974e+00 -5.832927161969628571e+00
-1.419197520216492876e+02 -4.830825826745488882e+01 8.108826742100197293e+01 -3.385238525105393137e+01 -7.856829910375127568e+00 2.490374285170623025e+01 -1.287129734781290225e+01 5.060088585638073511e+00 4.429619906607361379e+00 -3.165040317843484274e+00 1.181640980036061350e+01 -1.501945805582100135e+01
-1.778790444840332725e+02 -7.926605717600139656e+01 1.006703567383720213e+02 -2.822768565725248635e+01 -2.577052892778828053e+01 1.554846685426504393e+01 -2.018921144032234594e+01 2.089492158365318097e+00 -4.273913151859230375e+00 -5.610670399424050991e+00 -1.359470572301275659e+00 -2.356890564779828878e+01
-1.373559578113246857e+02 -6.286753474834954147e+01 9.217220369270796709e+01 -3.577635787294875058e+01 -1.128280783345505967e+01 2.222490034782365598e+01 -1.296087197818136971e+01 4.008382009531953116e+00 1.619922274897570347e+01 6.140873410449421144e-02 7.555399245083471271e+00 -1.137788843175870923e+01
-8.415708921552112542e+01 -6.556617965648584345e+01 7.520258598256893379e+01 -3.142684113316912331e+01 -7.076897284728590698e+00 1.488234578925747797e+01 -9.262201974204513633e+00 4.290166380961503378e+00 3.858104351057209502e+00 -5.570847353223272513e+00 1.208080273551497719e+01 -1.766544433806427605e+01
-1.324082668153003226e+02 -6.528075659845458745e+01 9.111748383600020418e+01 -2.852081276629845874e+01 -1.103728025492196529e+01 1.421159122031875910e+01 -4.705945133773914435e+00 -1.686758940929303785e+00 6.676158826870967289e+00 -5.550925811361787865e+00 1.973401713772728883e+00 -1.068730020180493412e+01
-2.043417331857475574e+02 -9.234407767761318553e+01 9.475856678669373423e+01 -9.711450473255746729e+00 -2.067486316338690955e+01 -1.712484426331520027e+01 -3.881261231076120310e+01 -2.538125852733618970e+01 4.850156358169180670e+00 -1.218991844763049670e+00 -7.924359510750976554e+00 -2.482595315876096009e+01
-1.657981086641631236e+02 -8.947211175641356817e+01 7.718964470016281609e+01 -2.510084838594572432e+01 -1.623609172811106305e+01 -7.726773953762135605e+00 -4.412230273489068821e+01 -6.059393239680221477e+00 3.554263692948719910e+00 -7.688660335231391585e+00 3.494990219306081336e+00 -1.853386712322046037e+01
-9.542762568938331924e+01 -4.495363938125552750e+01 9.729774660993473390e+01 6.355900922492723204e-01 -1.073220812167902594e+01 -5.069710533726795809e+00 -3.030760704850767340e+01 -5.915278635958172160e+00 -2.422925641033561561e+00 -8.211155715655245046e+00 -6.780014695378028478e+00 -1.729303412160056652e+01
-6.856862011507780963e+00 -3.679993445822726272e+01 4.340526275897130404e+01 -9.158714294556945745e+00 -1.195760199991986994e+01 -3.363806963135209571e+01 -2.094268945475272403e+01 3.087538153781144157e-01 3.261967864717855825e+00 -2.353946911333632208e+00 -1.511872241793930272e+01 -2.095171304290887804e+01
1.118585009493039095e+01 -2.698101340277017712e+01 4.286415876283355431e+01 -3.753767053746406734e+00 1.545533052407318753e+00 -2.767809323516569719e+01 -2.497677061350958638e+01 -3.135651073035175873e+00 1.282931897975552893e+01 1.364213499625099857e+00 -1.243454282679189760e+01 -1.436807641483715514e+01
3.161178019063127564e+00 -3.161086709612772694e+01 6.058869111533056184e+01 -1.590951037652168232e+01 -8.657097297808189040e+00 -2.864515983314424830e+01 -2.733696321218930336e+01 9.394379395043854331e+00 1.938520508210817184e+01 1.041593023171124344e+01 -5.847183537089978955e+00 -2.010851774865241737e+01
5.724183915739629924e+00 -2.793686273949353449e+01 3.778007657627868099e+01 -3.561542949615891462e+00 -2.115631220401794010e+01 -2.047207838278500702e+01 -2.941730239709556827e+00 -1.460631354622607070e+00 2.487661661494063026e+01 1.018556083306045323e+01 -1.733994993710248167e+01 -1.611111723171400456e+01
3.422764725861866530e+00 -2.746774312419109521e+01 2.837337749616354188e+01 3.744734464995514434e-01 -2.412968030678790399e+01 -4.369273456376304665e+01 -2.933070200427186691e+01 4.295453214414759913e+00 3.029401430220081437e+01 8.261397106982691696e+00 -1.146873157737408633e+01 -1.906073576398726743e+01
1.608027574953415595e+01 -1.101636099715226580e+00 3.384126060111557877e+01 3.848647312710019364e+00 -8.492143114148340999e+00 -3.753240352992263951e+01 -1.872364859570383544e+01 3.716420174872124171e+00 1.423875495549022041e+01 1.199365361278627873e+01 -1.142769191732342193e+01 -9.616776394600552891e+00
-3.462265809637426806e+00 -2.093045948206125217e+01 1.074371661511241349e+01 -1.594295165102710410e+00 -3.258552203328723351e+01 -6.135111597219772506e+01 -1.881309281378166176e+01 -1.528979704933079375e+01 4.223344411413062494e-01 -5.939285582802845909e+00 -1.548449844339936199e+01 -1.591314156036303729e+01
6.184021231015981446e-01 -5.578971266434650467e+00 4.866034090785932165e+01 2.183109889478242494e+01 -1.758549268896675599e+01 -4.461611023375319007e+01 -1.700952848167707288e+01 -3.502912052140210619e+00 3.215072630072264559e+01 2.437946949812035768e+01 -1.986784714196451773e+01 -9.017374965150283472e+00
2.338603195290201242e+01 1.329786228564591832e+00 3.465707904480093049e+01 2.293699632172537406e+01 -7.644328491754482258e+00 -4.954145243610677340e+01 -1.344290131887204698e+00 -5.476597338633324874e+00 1.917726313359555945e+01 2.280713788841295386e+00 -1.628464682540367647e+01 -8.823419755074432658e+00
2.319039824034231589e+00 -1.980022756655974270e+00 1.104243925570871099e+01 8.105635962876995393e+00 -1.170585140964836413e+01 -5.977490972561269444e+01 -2.066675633575301063e+01 -2.361541045921460125e+01 1.500063062981168471e+01 -6.340810972746745655e+00 -2.042294063983093366e+01 -4.057663313235587488e+00
1.164367118247967170e+01 5.849413236455985654e+00 6.419197053418566057e-01 7.369303496789366470e+00 -1.929135468994141789e+01 -4.049469228896022344e+01 -1.994785140211569185e+01 -2.471552748337371241e+01 -2.243408428500513363e+00 8.687635144774034757e+00 -1.188162575182131775e+01 -1.602580324299064785e+01
2.573035420242516835e+01 2.984732221865372992e+01 -4.190376295412106877e+00 2.287162636716717401e+01 9.070484840751660283e-01 -3.064106382169612885e+01 -4.454267673379413317e+00 -1.610692691540348420e+01 3.715985507255346487e+00 9.114802951301523848e+00 4.977854453648506095e+00 1.815485618082198105e+00
4.788838790040159665e+01 2.910639221648766295e+01 -9.471227642358042154e-01 2.993341451787063789e-01 -3.940467817089171376e+00 -2.415873216709141502e+01 -3.789983412108308691e+00 -1.453241963830033079e+01 -6.621729347154330370e+00 -1.330953719082136821e+01 6.662448188474821009e+00 2.914717244559822618e+00
8.581098060635633828e+01 4.762863593829212050e+01 2.622436144989080731e+01 1.598767005585738143e+00 -1.224562117049095278e+01 -3.945330917549472183e+00 -7.654270902712188018e+00 -1.011584268702858225e+01 -8.601214253288489431e+00 -7.999798191815482795e+00 -1.146687528480219598e+01 1.015584006818521345e+00
7.187089951706160207e+01 4.561677741969317168e+01 1.644831526074499095e+01 -1.874722125160074171e+01 -8.488752966176367210e+00 -1.047063373421685561e+01 -1.127883537106690781e+01 -1.389878512283119072e+01 -2.337667191037534309e+01 4.022452051530740036e+00 -5.342394452929104531e+00 -8.406826887077837540e+00
6.067311236064961832e+01 5.226013442696779521e+01 3.123087354303680385e+01 -1.464359354123831025e+01 -2.281451309590671173e+01 -1.663760403406389443e+01 -2.761351285231912911e+01 -2.691133012134891089e+01 -2.543904737397594573e+01 9.817708936036382283e+00 -7.764872634530912698e+00 -1.465003493654189093e+01
5.916711486900652517e+01 3.071330534976992510e+01 1.511974528169237075e+01 -1.162391168660483665e+01 -3.646519869846851236e+01 -3.064495591147802145e+01 -3.049119386349484273e+01 -3.535333536336717941e+01 -2.982133793743309269e+01 -7.734951226056556273e+00 -2.198207943843375034e+01 -1.616226093818583820e+01
7.549168596244257401e+01 3.783548781315114695e+01 3.256405539820523387e+01 -5.009705039897736079e+00 -1.286409406746378359e+01 -1.214408632317479331e+01 -1.212039842730399286e+01 -1.523503801927225965e+01 -7.808638632025195037e+00 5.975577671486398401e+00 -1.159797152599847259e+01 -9.328630114253051886e+00
7.418253463321210006e+01 4.595078188717654655e+01 3.283731696171811620e+01 -3.669528507899308956e-01 -2.186547034506693876e+01 -6.982593061249708910e-03 -1.224896153785653752e+01 -1.704936951310030935e+01 -9.223898043973368654e-01 8.125127876954067574e+00 -1.146486697813514155e+01 -1.063398611107421177e-01
7.015390246336971813e+01 1.461144375956746799e+01 1.852028444056176326e+01 5.680713643545671765e-01 -2.013460780100657388e+01 -9.234809372007022787e+00 -5.849132894106208624e+00 -1.883964266168057833e+01 -2.017845060730248719e+01 3.450066346476979184e+00 -8.518660985404476804e+00 -1.553762395248703854e+01
7.344040621568596805e+01 4.243234765162176814e+01 3.906596880483076006e+01 -2.675148911978313393e+00 -2.301335807519045318e+01 -4.826716355276470694e+00 -3.086889202475675553e-01 -7.017486129393887495e+00 -1.181738934195515256e+01 3.907328844027343706e+00 -1.447920493849088786e+01 -2.235568983749902827e+01
5.184129409011399758e+01 3.522432725898849526e+01 5.802441344822165803e+01 -3.616685917695549701e+00 -4.337385401943301844e+01 -2.333550565456483383e+01 -2.397351456723602681e+01 -2.280665409888052864e+01 -1.782291890389891620e+01 1.358269696953445482e+01 -8.040112903879602868e+00 -2.628280003211755655e+01
6.112698779712932406e+01 4.932788431814461205e+01 4.489308368541177430e+01 -7.476288234439258495e+00 -5.465228119957382091e+01 -2.155670216243446191e+01 -1.900542376266430722e+01 -3.150997758880513544e+01 -1.871154952917290615e+01 7.815462681980440252e+00 -1.319519250603649851e+01 -2.895207269205594969e+01
5.833493276796765059e+01 4.910370491770767387e+01 2.650497602460435687e+01 -1.248469432143448543e+01 -4.115901604979497819e+01 -1.509792551495836221e+01 -2.733416891339608412e+01 -3.249600792768769253e+01 -1.678983729711585937e+01 3.298566143135228668e-01 -1.015058776204687341e+01 -2.363438850986895190e+01
7.109384449048820898e+01 4.979332960286931353e+01 2.976213684934271342e+01 2.960912121369721373e+00 -2.748288791436434053e+01 2.144140272500549393e+00 -1.269042556060213300e+01 -1.715859445294511687e+01 -1.150125500804907830e+01 1.159814420998993612e+01 -9.083435080263388528e+00 -1.508766833383018025e+01
4.398477484748413247e+01 6.060171894156368921e+01 4.273015944559813306e+01 3.784417176835296104e+00 -3.069966198228025434e+01 -2.309093206799335718e+00 -9.183463236496155702e+00 -1.275884610937615449e+01 -3.610175451892325249e+00 4.588146788811910959e+00 1.085242588858457857e+01 -1.662885187495927752e+01
5.780246594698975571e+01 2.007876018209753255e+01 1.043971846117668534e+01 -1.031039948030987574e+01 -2.916239571339981396e+01 -1.390012576762704910e+01 -1.410736157609853336e+01 -2.973225569743772212e+01 -1.531857905164599920e+01 -1.751093508285586076e+00 -1.006379398740482323e+01 -1.788993467921253355e+01
7.464270150956446059e+01 3.834626418874792364e+01 2.790352955724110373e+01 4.858193780621510527e+00 -1.557613690713185406e+01 -6.904568618756738552e+00 -6.024642472275489880e+00 -6.645406179146942982e+00 -1.360205651397589399e+01 -4.863977068606056164e+00 -4.475110200044416509e+00 -1.429642288616461876e+01
5.778290660166800308e+01 1.355033836367931599e+01 4.225663064820574277e+01 1.230308672065184972e+01 -2.087344361994115616e+01 -2.770045621904626998e+01 -5.945996721147486674e+00 2.507479293514642382e+00 -7.051057219339138982e+00 -1.013884832883775289e+01 -8.713518101697669493e+00 -1.285445911420890930e+01
-1.177264436587037366e+01 -7.331337195315514421e+00 8.132360801439966735e+01 -2.071490625511702710e-01 -3.921405773039849407e+01 -6.549892668260730488e+01 -2.702429032090304162e+01 -1.079651094609430650e+00 -1.159210880852976011e+01 -2.107420946005752427e+01 -5.163008073055253888e+00 -2.623826633442232037e+01
2.129546427917545515e+01 -1.730658189902147370e+01 6.595940701066018619e+01 1.669811664986925592e+01 -4.246369042459055976e+01 -7.176890033359963184e+01 -1.807439898916163656e+01 -1.112632887048666497e+01 -1.642471066265781943e+01 -1.047758797725261282e+01 -1.713024531266953687e+01 -1.747197096621253465e+01
1.452622566745225541e+01 -1.672143481149137756e+01 6.448670961057274553e+01 9.082480824465966052e-01 -3.052552694128379329e+01 -5.618144015279327164e+01 -8.640815275595848277e+00 -1.183201009161032857e+01 -2.436548128652514222e+01 -2.425760879289205363e+00 -1.815891285437956526e+01 -7.368312905503772825e+00
2.254445136036076747e+01 2.614368732548046470e+00 8.521578505133265935e+01 3.173411801588700598e+01 -2.576807396581571297e+01 -5.554510672627976220e+01 -7.228081111166939188e+00 2.557873370061986229e+00 7.148097260169552492e-01 5.935518497536222959e+00 -3.679628188448634596e+00 -1.014753094075280870e+01
2.582457248237260572e+01 -7.321486863778044807e+00 5.402282195606540682e+01 1.067448972507272487e+01 -2.821285836729108354e+01 -3.895335668646946203e+01 6.291905766692116764e+00 -6.374348547074454530e+00 -1.258794155354401489e+01 4.737650502662607011e+00 -6.030556929806686561e+00 -5.535324577448119676e+00
4.271353109496284617e+01 -2.674437275180544527e-01 6.803056726165971213e+01 8.923441238565271050e+00 -1.624274586478482618e+01 -2.851591498627040977e+01 -3.262382655519568964e+00 -8.823174679788987618e-01 -5.835432565475477062e+00 -8.370857303599823496e+00 -9.960913235131119592e+00 -2.780316597670959844e+00
1.194826676183096126e+01 -2.544748432141356886e+01 5.571386819789316291e+01 3.550568250634578149e-02 -2.752072533519880082e+01 -7.306843144310002458e+01 -1.647790472137250006e+01 -2.559099774059361110e+01 -2.043615053408637650e+01 -3.094669496643223994e+00 -2.684114295818999096e+01 -1.596644373812691953e+01
2.178042457615086036e+01 -2.356072206566287974e+01 6.198342791427160137e+01 -3.120058654329068482e+00 -3.121904159664978806e+01 -6.084147309521254243e+01 -1.478267211647147406e+01 -1.119350642352716818e+01 -2.023536887748270274e+01 -8.085254450794121084e+00 -1.791159814290738339e+01 -1.738656324738379766e+01
1.461732318032080613e+01 2.518079409492685272e+00 9.327273305270780668e+01 2.198858656542307344e+01 -2.746591880387489937e+01 -5.673456214957060695e+01 3.236178702905801341e+00 5.192062017863664503e-01 -1.933141675846236751e+00 8.794681510446334727e+00 -6.580723579965301440e+00 -2.899345409184395095e-02
3.903521654021119502e+01 -1.171347458920401507e+01 4.896446767022489155e+01 9.241334632836951002e+00 -2.820650747506840617e+01 -3.300936742483298048e+01 9.085669731763045931e+00 -1.396700851031734913e+01 -6.854443647721825350e+00 1.890005365609029431e+00 -1.231880226425922942e+01 -8.913685615797710682e-01
2.439586008894224278e+01 -2.644259565425926439e+01 5.488286763284799719e+01 6.765372514416582383e+00 -3.340498983377814568e+01 -6.282756424418494134e+01 -1.309378661727967952e+01 -1.467290795204953469e+01 -2.141685481415728276e+01 -9.096509521019761069e-01 -1.549521687419009197e+01 -1.036548232288260252e+01
1.732015065805306264e+01 -7.557467535723848329e+00 7.271247642921179022e+01 1.482720201095874835e+01 -2.463882900224913186e+01 -4.578669911357156508e+01 -3.340852668818343751e+00 -5.682384058513171077e+00 -9.914658405741938907e+00 8.174484949948414680e+00 -3.074339776163716564e+00 -5.863039823765736180e+00
2.892894520158173322e+01 -4.514289742926153259e+00 4.821554313967430971e+01 -1.650442190517494190e+00 -2.334646693739108869e+01 -2.828605505028694012e+01 8.384774069319362866e+00 -1.014050648607551963e+01 -4.494373558307765748e+00 -3.339077055405836880e-02 -1.098775171994933331e+01 -6.406285915837639067e+00
9.752718134296205488e-01 -3.235692257118694926e+01 4.583924820544771705e+01 -1.492456157898880420e+01 -2.888687381272792720e+01 -6.151233657723857817e+01 -3.033198684929941535e+01 -3.057785100377841303e+01 -3.439662279252146959e+01 -1.428655677729122431e+01 -2.850527796782778722e+01 -2.117387602590453355e+01
1.927635089886261532e+00 1.976923361036278948e+01 9.389202916261550058e+01 1.839824560518625063e+01 -2.370136089265484713e+01 -3.701719325156788898e+01 -7.501640475747384684e+00 -1.484516948257506996e+01 -3.174599892782929533e+00 3.028777143340408262e+00 -9.528963469136215281e+00 -9.756174118730255529e+00
-2.015202052830680657e+01 1.227379014589379658e+01 6.176047345507942055e+01 1.468456578776834931e+01 -1.404765587298476071e+01 -2.159596029439509479e+01 -1.037031275208310888e+01 -2.094894438045049512e+01 -1.356891986276987794e+01 -8.936400755882912605e+00 -2.303842812908298754e+01 -6.273429941721430758e+00
-1.290252473590168591e+01 1.569082540651795377e+01 7.625963994058196249e+01 1.979638547562623074e+01 -9.702062320911165827e+00 -1.559472899997545348e+01 -8.826843586638160488e+00 1.243206104191481920e+00 -7.767452836250679837e+00 -9.971461636256510275e+00 -1.843441544415399846e+01 1.734405285988010359e+00
-2.925933354017933397e+01 -1.506036430123878667e+00 6.295218742005667423e+01 2.298085524682122838e+01 -1.094047543501071118e+01 -3.989541943978936445e+01 -2.235934497607097882e+01 -1.540041978855790461e+01 -1.018971171067634351e+01 -1.281550206381081658e+01 -3.271194278260689714e+01 -5.957598530580200169e+00
-3.616095046495182430e+01 -2.631122986585983625e+01 6.045160981336101713e+01 2.121344444759136039e+01 -9.590833938262857572e+00 -1.634117655544357106e+01 -2.607387931508335299e+01 5.893548213154369719e+00 1.437399441475693429e+01 5.121637126074752189e+00 -1.472222159641217232e+01 3.231961193003439536e+00
-6.506354785240851868e+01 -3.826541333903274023e+01 4.924040376019691223e+01 8.293167719473862221e+00 -1.101368193446359811e+01 -1.737096809125762320e+01 -4.334802836389164327e+01 -7.701360425228294559e+00 2.007472387810425030e+00 -1.405519159107436877e+01 -8.034269972146077521e+00 -8.978684144459677441e+00
-5.032677606791749980e+01 -3.184333831053776720e+01 5.756560589982272802e+01 1.814898504213488906e+01 -1.653649100978732633e+01 -2.293887839825977437e+01 -3.854167578779966874e+01 2.396556389879603621e+00 2.441585039427196691e+01 1.506739992906074832e+01 1.653848492637908230e+00 -6.227043015460122177e+00
-4.997177954406637923e+01 -3.786687607224644125e+01 2.856609760456838032e+01 2.384200281080968864e+01 1.583413903969171477e+00 4.215873443317454949e+00 -2.002262223631024796e+01 1.622553048582323409e+00 7.398694976762620890e+00 2.496419471731818440e+00 4.443251315867892792e+00 -3.585134653014541595e+00
-5.554865804419797826e+01 -2.312340451465045987e+01 4.480842232577079187e+01 3.443011337865812038e+01 8.032801067553403840e+00 1.113597871444178011e+01 -1.982404421320921273e+01 2.287008263654696449e+00 1.870456290140675293e+01 1.050260059508768506e+01 -2.482401083061092972e+00 -1.042664971545441688e+01
-5.268269029041864826e+01 7.718611000069087069e+00 2.337915056641414679e+01 3.363904652723778810e+01 -5.756693510548594794e+00 3.415316903679504357e+00 -3.550058263780000800e+01 -8.666319594214165534e+00 -4.160403870759713740e+00 2.198508357733865104e+00 2.415344575341061617e+00 -5.686760936783699094e+00
-6.670004776881167174e+01 -2.141649519957949366e+01 1.949743305533018756e+01 -2.616662873607748629e+00 -2.758303657844340862e+01 -3.195822113180473067e+01 -6.065387513786969009e+01 -3.530251219900185333e+01 -9.798797151835440644e+00 -1.343987947133410898e+01 -2.575821866118897674e+01 -3.110859679261497845e+01
-5.036729946759335519e+01 -4.362317959975121617e+00 1.832845861700474899e+01 2.061453942015365826e+01 -5.275713158114222701e+00 -4.696166901405931071e+00 -3.680329739476987783e+01 -2.623651854889152446e+01 -9.898551108513183650e+00 1.703907985498361644e+00 9.604106617431140691e-02 -2.025237070591281352e+01
-5.907893047744697412e+01 1.891095060694971508e+01 3.433898283907325322e+01 1.375012789298870253e+01 -3.692139629386387067e+00 -5.909120591773437070e+00 -3.255264743206350886e+01 -1.009180298857313929e+01 1.292679786401676623e+01 2.754372279883661179e+00 1.104451793434525264e+01 6.101743116718235882e+00
-4.432099579062348482e+01 1.351795776570745389e+01 2.578240825056399288e+01 1.239312926939110149e+01 -5.475621198469163176e+00 -6.570679730864178225e+00 -2.709666025322078298e+01 -7.226879059587270504e+00 1.792590201612776468e+01 1.737286894800309867e+01 -6.289533498154291635e-01 -1.061545779036559267e+01
-6.451715351162550860e+01 9.212866630642224663e+00 2.998441187509027372e+01 1.091605932982833949e+01 2.100890698844290583e+00 -3.447466514013199479e+00 -3.357959885163024438e+01 -5.032624939199040526e+00 1.060714725133195202e+01 -7.776045908691192610e-02 -6.297584690382963757e+00 -2.911012845106433211e+00
