2.856039853044582699e+01 -3.899769563283520313e+01 -2.491397500263821385e+01 3.198211767185640753e+01 8.862823005600128923e+00 1.261671761525567703e+01 1.395097094707410967e+01 2.205297952648455251e+01 -9.980374681231163336e+00 2.453194070873732535e+00 -6.502623619468455018e+00 -2.330624825599856820e+01
6.295562504052617214e+01 -1.897089688015436337e+01 -6.690284617294189218e+00 5.822604059232318718e+01 1.353374784449897561e+01 6.779538788365504942e+00 1.622510661061353332e+00 1.934238084772674782e+01 -9.903866521042846927e+00 2.738802806215935970e+00 -9.604312534900131482e+00 -4.860472195260392425e+00
5.321718511984094846e+01 -1.514149024043232927e+01 -1.314508419856211141e+00 5.083316999524788571e+01 1.783275163784446349e+01 3.918234049821853748e+00 3.934089866394545609e-01 3.815521976083871891e+00 -1.451867688976098592e+01 1.306879365405401217e+01 -3.576509837640399425e+00 -4.251847792993713071e+00
9.806059419351458928e+01 1.011185503344745662e+01 5.408631766420136877e+00 5.788497163807097934e+01 1.781151788850759843e+01 7.719977719789000936e+00 4.270498868215591770e+00 1.399968297233423087e+01 -1.244382131446821305e+01 1.429486167045582334e+01 1.902417371492887588e+00 -7.320453527243807379e+00
1.023374041206037504e+02 3.371365725479820696e+01 2.010282550700632598e+01 2.447413550944211025e+01 1.830171874053077374e+01 1.207191053082578236e+01 7.932535387675035743e+00 8.329985410184249872e+00 -3.796403664040916226e+00 -2.579350229143454243e+00 -2.642542445057280531e+00 5.248504401729834790e+00
1.014995277226546477e+02 3.292557485312781296e+01 1.777762814938542135e+01 1.936422019901932501e+01 1.612014897691356907e+01 9.163382310325365765e+00 1.436600987332700585e+00 2.708437172830438389e+00 -1.799106007880192593e+00 2.113684463379156053e+00 -8.544304999947107682e-01 -2.525094809557419051e+00
1.313597988939242782e+02 2.809341830251489114e+01 8.996071180892585062e+00 6.119343154799348383e+01 2.929583442520593906e+01 2.052035539245821383e+01 1.146251344392809379e+01 2.546346174756178016e+01 -4.413517891163371232e+00 1.639645516848069562e+01 7.392647843045859979e+00 1.129886984053796617e+00
1.032189435893002667e+02 1.764811778481927007e+01 2.039958738911889924e+01 6.700739936395596885e+01 2.978693990306466333e+01 2.254176704903769135e+01 7.557024020417006049e+00 2.092365384802266703e+01 4.755077136460526432e+00 1.890496499213998760e+01 1.163425862977338454e+01 3.179929748233151443e+00
1.175611616235718770e+02 2.728128771630817084e+01 1.812777942243091900e+01 5.953706154484386559e+01 2.715361257171736042e+01 1.596021459745771054e+01 -5.221828867818603670e-02 1.441257983651965802e+01 -3.081341267195337519e+00 1.238900172297867996e+01 1.003090076350311222e+01 8.217774224422711882e+00
1.072858556601844811e+02 3.106257333385676489e+01 1.859631876130742967e+01 3.380061939129370074e+01 2.010127111557790869e+01 1.541026467042815895e+01 1.251764358791150222e+01 1.571342831616196456e+01 4.925239384827484912e+00 1.482771932277830196e+01 3.742941873717640533e+00 2.100166517847242176e+00
9.761608649861139497e+01 2.746620675351884699e+01 1.240221056305101399e+01 1.596977586006555683e+01 1.687814455489593968e+01 1.725078355096560045e+01 9.037905888774050212e+00 7.393321198230213831e+00 3.130880359937472157e+00 6.646761691668265470e+00 2.271874700109234979e+00 1.479533224428104532e-01
9.765907257624454019e+01 3.181232088999740881e+01 2.026446823091394478e+01 1.572992981114149735e+01 2.057387152970143074e+00 3.633888579087148241e+00 7.487160577456080546e+00 7.833374359212537108e+00 2.635810566244359276e-01 7.343970524416611134e+00 7.913517728069069612e+00 1.640282400837113741e+00
9.440922330585088673e+01 2.876155145269352431e+01 1.943726796600482487e+01 1.758011000502790466e+01 3.542944184254598561e+00 1.233751864240298701e+00 -1.104749939313679707e+00 2.714826986905239270e+00 -2.462859596457180444e+00 -2.662970789731641474e+00 -6.384627837390036698e-01 1.300164176314054343e+00
9.407091153409504614e+01 3.016156256426936011e+01 1.771836387460842133e+01 1.153520299111603897e+01 5.493751019933941215e+00 2.892434506119851534e+00 -1.432660465252073578e-01 -2.451459380735485638e+00 -7.618073968810909591e+00 -6.644272132064553027e+00 -6.647940690689291721e+00 -5.810741648708903639e+00
8.007480582383881540e+01 1.423097355863569646e+01 6.392591862374740863e+00 7.843956312054547908e+00 -2.844988633133662237e+00 -6.140954389135423241e+00 -1.417442175333171761e+01 -1.455556574560486283e+01 -1.792224693619406395e+01 -1.646548766905288375e+01 -1.852065859991812857e+01 -1.961248317056851675e+01
8.383262091288418105e+01 1.483246481987947618e+01 3.099909372904225968e-01 3.398388660176723697e+00 1.268275806539214123e-01 -6.614119409050252862e+00 -1.549978990281713109e+01 -1.374453120912374438e+01 -1.900337943664088414e+01 -1.779794875303454305e+01 -1.990119564814403574e+01 -1.673303253185159889e+01
9.543950924773812972e+01 2.809328573685276353e+01 1.344840688926640659e+01 8.850372802924868054e+00 2.044378423058822225e+00 1.591590717429138380e+00 -2.521619320973141676e+00 -4.688646761022905451e+00 -1.174169637055248572e+01 -1.226962473625182071e+01 -1.281270406297734965e+01 -1.002781578894733983e+01
9.769076036544834096e+01 2.885535115889837243e+01 1.110666481461158384e+01 9.077496535782628939e+00 8.746164390186194737e+00 6.139330977645051313e+00 -3.518680422434788291e+00 -6.496592805017150418e+00 -9.230671488942409297e+00 -6.694212288738517813e+00 -1.284425649510690093e+01 -1.173524914134934605e+01
9.704480388686020831e+01 2.841649704135208054e+01 1.225239775557930066e+01 7.866157292634982312e+00 2.573847632784399320e+00 4.516725965622746308e+00 -9.721100900433978786e-01 -5.107531734240602361e+00 -1.215200725732014320e+01 -1.134440684704131286e+01 -1.238848004016821847e+01 -9.918150488756079852e+00
8.987580119149669144e+01 2.015293379427933829e+01 3.815743695409700820e+00 4.755640522455967911e+00 3.329761159938876780e+00 -5.436057612194724609e-01 -1.162081967925311332e+01 -1.395061373568349694e+01 -1.706214210841963563e+01 -1.290201888105960393e+01 -1.656834254403248252e+01 -1.589021812565640701e+01
9.009704821868128022e+01 2.442405905576238467e+01 1.250473794234616598e+01 1.007649084037293363e+01 4.167227406409542034e+00 3.672061677503726695e+00 -9.728032805395567806e-01 -5.394765058274400005e+00 -1.375394678282358996e+01 -1.015005702354326900e+01 -7.561495874012480911e+00 -1.030039096241529606e+01
8.914737091315859630e+01 2.484428979362434475e+01 1.494825735218508100e+01 1.325894023357391838e+01 6.119474957001585835e+00 2.434378068919158977e+00 -2.021136955166730864e+00 -3.841624817880570752e+00 -1.022680313572360511e+01 -8.405949808057060935e+00 -7.688891836458979334e+00 -7.818785418040802071e+00
9.058579332924136907e+01 3.016985324096076937e+01 1.971859066197464116e+01 1.077163494841799007e+01 5.098943133994499277e+00 3.229852201550790447e+00 -1.454018076481825794e+00 -4.724993651577034548e+00 -5.518593908123755831e+00 -4.578413307719691794e+00 -6.527163609009226874e+00 -1.005679006122660013e+01
9.560978816323316209e+01 3.137856177122817769e+01 1.809832532637695834e+01 1.177061312810070959e+01 6.403251870321433614e+00 3.212420018834305946e+00 -6.262078725229559550e-01 -1.106472767361618370e+00 -4.578188513670433224e+00 -4.827192412864198090e+00 -6.645453793273667920e+00 -5.771535526752906264e+00
1.022310293476862881e+02 3.141791447063601339e+01 1.456290580435582882e+01 1.375799646160016110e+01 8.501687741882788529e+00 4.820517619517564967e+00 -1.124267363693804977e+00 5.294160473299021064e-01 -5.094678682828417848e+00 -4.716798049481490729e+00 -6.289214662466907413e+00 -5.627583985565034475e-01
1.106696338696429507e+02 3.049982474095976670e+01 8.622155580701948097e+00 1.859026147780842209e+01 9.739551857730724294e+00 8.367962926846340466e+00 7.623272662513331799e-01 5.709999401730081026e+00 -8.019240263507528610e+00 -2.198216726615361161e+00 1.641158137848736098e+00 5.991101219549966217e+00
1.024481439029601972e+02 3.027568399582240488e+01 1.059366121867469168e+01 1.410235252877820145e+01 1.259976049785569074e+01 7.936142033937545470e+00 -2.846779288909094596e+00 5.899640720470138433e-01 -2.546982149688289176e+00 2.301412850195498905e+00 1.121573665967420252e+00 4.028264134366289717e+00
9.197123165994733540e+01 2.759346867915412460e+01 1.866801517635522600e+01 1.922977403955422915e+01 1.127059719843474994e+01 6.217689003982160401e+00 -6.826632499536487986e-01 3.215954153003462768e+00 5.078779727665024168e+00 6.609007136236159319e+00 -9.365863513920269501e-01 -4.749947345294028622e+00
9.466461559972114514e+01 2.739598836052996944e+01 1.573579298023904371e+01 1.626452455001006214e+01 7.442564582505081461e+00 9.097807054669839744e+00 9.009606272527991067e+00 1.253952428699086852e+01 3.340472306821707704e+00 1.115551264387499186e+00 8.714477670232999573e-01 1.293160801611897837e+00
9.195845111598278265e+01 2.088335497793457307e+01 7.551196476711324657e+00 1.970283300676865679e+01 2.014172785009631639e+01 1.813656654525746603e+01 2.316426376842648960e+00 2.275835076709516347e+00 1.302865419636511923e+00 1.062738699542706300e+01 4.823164128326885347e+00 6.746855707311110173e-01
8.771881802937693351e+01 1.853707778338634427e+01 6.737767492138496017e+00 2.519213851853198349e+01 2.611778310572929129e+01 2.045601628510514303e+01 -9.588516525681596292e-01 2.156768421904632138e+00 3.896853073858652206e+00 1.640826552101222546e+01 9.037444226293501970e+00 3.888245571735397643e+00
9.128665187890342736e+01 1.894077185084563197e+01 2.934466703722333314e+00 1.865348126890544123e+01 1.965352204728325347e+01 2.450048472390047039e+01 7.313665914880342456e+00 4.089327080979359152e+00 1.547958037092319383e+00 1.927621756034587719e+01 1.223167483731747751e+01 5.121686171853017555e+00
9.973595831754944641e+01 1.838733728907937603e+01 -8.684074812036264746e+00 1.841350866263219643e+01 2.020629673151798045e+01 2.449383573747098808e+01 -4.046044401506312838e+00 1.005011706429727703e+00 4.156252341113209070e-01 2.349899559596546794e+01 8.983242161264968217e+00 2.554378545217696139e+00
1.120150866601699704e+02 2.886880217818274730e+01 -8.252287509163226176e+00 2.978360243680707953e+00 1.557420658211963271e+01 2.294490236910397840e+01 -3.466096688703874218e+00 -4.419891051649036839e+00 -1.684019841756085434e+00 1.712609697334606551e+01 6.039575574740669417e+00 3.434762226088561743e+00
9.605655386336053425e+01 2.130353853201232539e+01 1.262810361520428248e+00 1.096339875948159559e+01 1.063780469165429032e+01 1.322193033598683343e+01 -4.847119894787532246e+00 -4.847128735957319634e+00 -3.008864400923999316e+00 1.122203627842068130e+01 3.780614018015239886e+00 -2.626163780685098370e+00
8.448779257817116672e+01 1.132668922817996915e+01 -1.392980930550197227e+00 1.804730924128297431e+01 1.443730965251313059e+01 9.963392252842943719e+00 -1.053930347288390834e+01 -4.999807174866485404e+00 -3.075092011362329458e+00 7.956728428875391224e+00 -2.361561634924815856e+00 -6.197725899099449265e+00
9.915912238985049498e+01 1.307338356751884234e+01 -1.669587737123528015e+01 4.952625349307224312e+00 7.864603393863552228e+00 1.219954528438550767e+01 -1.365690068831046844e+01 -1.316560369377279827e+01 -1.827938106020888398e+01 1.282628232310061289e+00 -5.748917749655109155e+00 -6.659104206661776715e+00
1.462315860535110517e+02 2.173560397376744646e+01 -4.667099568718156632e+01 4.569298874825735268e+00 1.289989048525669446e+01 2.574767320106458612e+01 -2.375461123692501175e+01 -1.529940892341625513e+01 -2.912470133685361517e+01 1.122788206004960720e+01 -5.945852142329684398e+00 -4.551637711769624950e+00
9.587354146661499499e+01 9.190766186098006330e+00 -1.491132355783253516e+01 1.526797129331279024e+01 1.754895208718139088e+01 1.844172566500937904e+01 -1.324559859426634034e+01 -1.267617059923111000e+01 -1.523331709419181479e+01 6.534074102413784502e+00 -7.475199165020263159e-01 -1.765512839136930134e+00
8.443164815607056539e+01 1.020905656407666839e+01 -4.015161609034568535e+00 3.158554500756130068e+01 3.256234239555774224e+01 2.691608814483243606e+01 -1.711505751117372398e+01 -2.230219872684414639e+01 -2.076018940609963792e+01 9.586644486086326467e+00 6.864696018522900900e+00 7.836771112363002167e+00
1.385663312095337574e+02 2.609106985544527646e+01 -1.996020531244180418e+01 2.909128203555555103e+01 2.959965883036867496e+01 3.515746638372272059e+01 -1.461971847852595019e+01 -1.362719834375758765e+01 -2.816492932094961077e+01 4.701231143979607729e+00 1.416127781946448394e+00 1.210713597293200650e+01
1.245649676637543308e+02 2.460133961908684341e+01 -1.049143505282477307e+01 3.207292581075828508e+01 3.147333715731519277e+01 3.546478947446014729e+01 -1.193704171614052711e+01 -1.522459739014951907e+01 -2.546622015455769983e+01 5.223154663687454402e+00 1.507035996439504810e+00 7.043940999699816352e+00
1.083578014268942979e+02 1.736200484187563120e+01 -8.988739774031438756e+00 4.966278505554559786e+01 4.481992876897461997e+01 3.914359415652516816e+01 -2.003869371122361187e+01 -1.652790376259192939e+01 -1.852196479541412799e+01 1.960034852768394131e+01 1.226005419212965020e+00 2.322891818218934645e+00
1.255249599727373777e+02 1.701934147752709947e+01 -2.035936360059422512e+01 4.187416116191789683e+01 3.589616285694248177e+01 3.561809191931093466e+01 -1.271980773329898362e+01 -9.960261515038022484e-01 -9.525627059546586395e+00 2.522519390648412951e+01 2.385215730455008121e+00 2.861802505385023565e+00
7.447404535836821537e+01 -7.222004187551537946e+00 -1.530994786829022303e+01 4.516084690490261266e+01 3.133313694823772622e+01 1.891585586967443078e+01 -1.947254097632476899e+01 4.903616828717044740e+00 3.665521550645473248e+00 1.936835944050001146e+01 -9.276246543499662156e-01 1.445455125240612482e+00
1.072610320888551030e+02 -1.647339339133833391e+01 -4.627168964256188133e+01 5.339202082316731435e+01 2.389638967827153948e+01 2.630491626710292508e+01 -2.270238557642249333e+01 1.306861539449733556e+01 -5.250909617138005636e+00 2.460949308824254445e+01 -6.123772488194154207e+00 -8.185781049435720824e-01
6.729070086451008592e+01 -3.949241232182220074e+01 -5.022930164509688922e+01 4.702496655216684474e+01 9.893753624586233641e+00 1.006750860854338647e+01 -3.435933921385053935e+01 3.756922890956400640e-01 -1.349333317024299106e+01 1.706540795322649728e+01 -8.386291095703144904e+00 -6.255620715761610384e+00
8.980400192260077574e+01 -4.459749615985695925e+01 -5.045833515380038392e+01 9.210793375234268865e+01 2.512241281366644330e+01 1.291579029406718604e+01 -3.809771856338095120e+01 2.231305866423281969e+01 -8.439702184428863774e+00 1.710320178497041255e+01 -1.075953124564150443e+01 4.161408559869145485e+00
9.133456182933556988e+01 -5.322697900231689516e+01 -5.717684737980322041e+01 7.685470188046927831e+01 6.458288921987644038e+00 2.350983917949454138e+01 -3.036437937070859050e+01 1.679848060163404710e+01 -8.852390597869865374e+00 1.188230865082304177e+01 -8.170152563127963674e+00 -7.110949750769464117e-01
2.342216630217892259e+01 -5.529376986778491698e+01 -2.830854737532956733e+01 8.358096695343365923e+01 4.046445471100391700e+01 1.890765326618561204e+01 -1.805754878974779132e+01 2.200070737713553726e+01 -2.162744720685543687e+00 1.431169149533919160e+01 -2.741660398515407771e+00 5.725523943497800694e+00
1.903040663467304228e+01 -5.938055245515783298e+01 -1.965043157481281355e+01 1.041904813638873861e+02 3.336779078517898256e+01 2.275453104457106690e+01 -1.405882891022948300e+01 1.862555495664187077e+01 -4.975069507474372266e+00 2.931687682487158497e+01 1.149370181614742670e+01 5.111226324273149046e+00
6.508578711131650607e+01 -8.418437173081250080e+01 -6.572742624318448179e+01 1.309850628046833663e+02 1.392064376265713932e+01 3.236816018968730191e+01 -2.483776029222276449e+01 2.287793593662152603e+01 -1.333299570297498882e+01 4.642068538350964957e+01 -5.058226070135002139e+00 2.574256432674483452e+00
3.023818611357971697e+00 -6.252604543281481853e+01 -2.496334106384115614e+01 7.280260751982507372e+01 2.520826429877054764e+01 1.404599815557524956e+01 -1.033408586745434121e+01 2.001880043612470672e+01 -1.389714635637194551e+00 1.626905737371408733e+01 1.827473256158629322e+00 1.855644698001634119e+00
2.918609087214237263e+01 -6.710717420609550743e+01 -4.103508618589499690e+01 8.973872065625842254e+01 1.874035932215024758e+01 1.113407792960221698e+01 -2.584907313887893920e+01 1.923532938166973238e+01 -9.513091981014381915e+00 1.999655842164385788e+01 1.815225472964981046e+00 4.219763435479878311e+00
2.689630033555584276e+01 -7.160701277451006774e+01 -4.481604272795158295e+01 1.053519561166655478e+02 1.675057427376654573e+01 5.273431849574301999e+00 -3.344696922360244429e+01 2.550037212915079010e+01 -3.383466027238030804e+00 2.860111890219192787e+01 -4.502291852206222522e+00 -6.489647809064623019e+00
3.940134315627129524e+01 -9.042782955673912682e+01 -8.898502250859613127e+01 6.589891066923223661e+01 -4.376446696172243023e+00 -9.210940068221090016e+00 -5.104465176081730249e+01 9.807521799183348321e+00 -2.156374363138686689e+01 1.481146115732803459e+01 -2.082945162883732593e+01 -1.010631209901923810e+01
4.847278124439149849e+01 -6.579173376454099298e+01 -5.352584254007200570e+01 8.389304343217324345e+01 9.704391558029838549e+00 1.018292615748256580e+01 -2.494730300742697793e+01 2.735857304799497669e+01 -8.124021651615880302e+00 1.403862686387160252e+01 -1.082694965890053851e+01 5.037163780637600397e+00
4.706418375135071841e+01 -9.736103328999621453e+01 -7.764909891832287769e+01 1.429624808249029115e+02 1.528479067715820250e+01 1.073786100720024095e+01 -4.413729169342960290e+01 3.086221089541913543e+01 -1.902862183424247888e+01 3.969447735705962543e+01 -3.932483231375377475e+00 -1.820202570765800942e-01
6.663788685656925281e+01 -7.137291086342642643e+01 -6.073365453367888733e+01 7.900146183479947126e+01 -5.056634944747996130e+00 1.982014391572261758e+01 -3.305812017360832300e+01 1.897677483951874322e+01 3.498632273914685786e-01 1.904025298107286090e+01 -2.930493191494303762e+00 1.127738655818836921e+00
2.339782947482670039e+01 -6.732717217053601644e+01 -5.243976118686385490e+01 5.946622079242229830e+01 1.416961636665665836e+01 2.014105344142656406e+00 -3.179624984081870309e+01 1.956173929175479032e+01 2.281074942967724173e+00 1.666430803122865001e+01 -8.347182471148844485e+00 6.201312594112213361e+00
-5.220220436151503662e+00 -7.531996186602117405e+01 -4.751429300396102917e+01 6.142290519764743806e+01 2.388697464257081293e+01 5.459620609807976699e+00 -3.070975219975845505e+01 1.621468291024815045e+01 2.703120473384146294e+00 1.277823682763325586e+01 -1.213315481879225644e+01 4.854685387437453592e+00
-5.272845644491288652e+01 -9.871637768832204074e+01 -3.982603234831668715e+01 8.858659079386683288e+01 2.842220462566146111e+01 5.308874164247879612e+00 -2.713195356645108092e+01 2.685384946051675570e+01 5.528804590830646681e+00 1.228955690520759347e+01 -2.248550584432440758e+01 -1.054666072346940453e+01
4.187113997143395494e+01 -6.634560305847205086e+01 -5.433529686470908615e+01 8.272738498104529015e+01 5.211415677576688665e+00 -2.435676680723273702e+00 -4.292650538346768485e+01 2.901898125568445863e+01 3.421940452977875413e+00 1.445569772490597948e+01 -1.875598937477270312e+01 8.551177006541330172e+00
6.941346330998834802e+00 -9.697599862806004012e+01 -7.510715882795719267e+01 8.132752497201200015e+01 3.546132731601308485e+00 -1.100342042378803242e+01 -5.055149935013993456e+01 2.600793168934730204e+01 -1.276925124418779589e-01 2.440584044380632989e+01 -1.136705086317852498e+01 5.254791674533496604e+00
8.742008972207052864e+01 -8.170439217129948872e+01 -7.586872179525124693e+01 9.785039539626103533e+01 -2.033245064084925957e+01 1.518973462131913799e+01 -4.004681804651184507e+01 3.514693108659302823e+01 -4.818911907828510977e+00 6.885234683636776154e+00 -7.480969732262495953e+00 -1.726765490662288904e+00
9.397716501605590800e-02 -7.715574733452464784e+01 -5.329997239919161700e+01 5.746989035239688803e+01 5.862325097055240519e+00 -9.135741270506601452e+00 -3.698024370018762852e+01 2.241634262068730621e+01 4.799871653511887715e+00 1.196250741216583613e+01 -1.422809969132156382e+01 5.752871731091882879e+00
3.915878370035784428e+00 -6.550139487936363025e+01 -3.738818910626181946e+01 5.632805147797331813e+01 9.623287442613026599e+00 -1.331395620862440676e+00 -2.977989022258001128e+01 1.516067151433541582e+01 6.206598757915249287e+00 1.343692307615920711e+01 -1.428668606823598886e+01 -4.557141123459134135e+00
-2.927853573227382711e+00 -8.663952646952112957e+01 -6.696985652574738879e+01 6.435219444649726483e+01 1.822207237326563245e+01 5.491181964971273644e+00 -2.529681583891633778e+01 3.369553363299966975e+01 -3.781618827476514788e+00 -2.004034834260265630e+00 -3.406380958971146811e+01 -6.840913746761909664e+00
1.676152140541295310e+01 -4.910378734028066816e+01 -2.220738871967200723e+01 8.252875551058801307e+01 5.036947499828143293e+01 3.058715150263040528e+01 -1.308526311059759095e+01 2.165678955070636391e+01 1.577127650365206968e+00 7.974269304550139381e+00 -1.649580928117247680e+01 1.211547581840841659e-01
1.148408689390542179e+02 -3.246939696929587171e+01 -5.427842910548325506e+01 8.219054504420299168e+01 1.870867815336800177e+01 2.106092573539306301e+01 -4.002121141682611949e+01 1.085707971696490226e+01 -1.985044831860536618e+01 9.330765806278118468e-01 -3.015308153316025397e+01 -8.132931225224529825e+00
8.850480730520017403e+01 3.079333880020053371e+00 -8.004284154043784127e+00 3.804941739087509234e+01 8.495473089654794308e+00 -9.698585528369811470e+00 -3.350751392845355525e+01 -8.437753082605166099e-01 -3.738599523014159765e+00 5.335442487620476015e+00 -1.204339797030787018e+01 -4.417073932323689611e+00
1.383940902550321539e+02 1.118870357237452495e+01 -3.795012819403227411e+01 3.515229007267488726e+01 2.072038401213533731e+01 1.615578544514629300e+01 -2.429554863006888610e+01 1.541431946176675893e+01 -3.249457326299581617e+00 2.223570449405826821e+00 -2.615032487062851629e+01 -1.222312322050406186e+00
1.071530952802243064e+02 1.766650473109652353e+01 -9.135843853060858777e+00 1.980461753588146934e+01 1.541722896085103578e+01 1.547928369761668677e+01 -8.838043221723903997e+00 1.860259273607079100e+00 -5.001979321555800162e+00 4.916310033751546404e-01 -1.711238130940368052e+01 -1.180812127170784365e+01
8.644500253320045147e+01 1.008902133988310545e+01 -7.979881567552649990e+00 2.127924257523343954e+01 1.783088727727189493e+01 1.789967931925202294e+01 -1.017928965618187220e+01 -4.860381913491734096e+00 -9.162026293314966097e+00 2.006171946760115787e+00 -1.446359360346591494e+01 -1.436484643272324391e+01
1.197562716595492418e+02 4.511849010258339732e+00 -2.771600246108687315e+01 4.349634330148438721e+01 2.852666326658830798e+01 3.185680310156881490e+01 -8.483052906488591560e+00 1.447286575713522083e+01 -5.119930453543080517e+00 3.272226581419970692e+00 -2.736855377874046980e+01 -1.721237505604827334e+01
1.920927699719448469e+02 9.839100452594997659e-01 -6.980213596868429704e+01 6.086743938025950484e+01 1.399792733942706313e-02 2.652733339237931887e+01 -4.190917794066868396e+01 9.508697504775330600e+00 -2.157133739502072345e+01 1.595991586360069192e+01 -2.402984543761493796e+01 -1.677737785025996331e+01
1.089255161272049293e+02 6.458331120363224542e+00 -3.159878794934235913e+01 2.160678720213559245e+01 4.032637460731083756e+00 4.585264285714629295e+00 -3.119613641733238296e+01 1.530381303409755755e-01 -5.863519920872097835e+00 7.783002313787304338e+00 -2.609178951912517164e+01 -2.111466530118851637e+01
1.029971451465075916e+02 5.621271558908480515e+00 -2.194423585556246792e+01 4.306862838953922790e+01 3.115033544952972733e+01 4.372400959428873790e+01 1.456932662148302526e-01 1.206568688893791119e+01 -7.064246738431426920e+00 6.596206502169412289e+00 -2.881900065177817183e+01 -2.901348661918906657e+01
1.176402376214712291e+02 1.304448290762430318e+01 -2.412402359293164622e+01 2.360158567010600450e+01 1.396859948640178928e+01 9.486019288397407934e+00 -2.420797966095397058e+01 -6.677055518700587555e-01 -1.087513554007740879e+01 -2.189201116585604012e+00 -2.469317303932531615e+01 -9.226213196936132732e+00
9.782273411099475879e+01 5.762214213889445880e+00 -1.320212850162197782e+01 3.353552678347232074e+01 2.416864918132002060e+01 2.304934147923529153e+01 -5.853688869886226165e+00 8.705406676085836182e+00 -1.923424703924685675e+00 2.972970709528166999e+00 -2.037213257654797616e+01 -1.522969373276913529e+01
1.272232314656052665e+02 6.005667087410119009e+00 -4.275977243524268090e+01 2.948321764519781141e+01 1.797569557507846838e+01 1.705455197679053114e+01 -3.009130177893679914e+01 7.952428782326574908e-01 -1.506788033380504643e+01 3.244829426234292047e+00 -2.656998583047377593e+01 -1.431971842790755822e+01
1.561217883818620180e+02 -3.359610493839801926e+00 -5.084153588724227291e+01 6.409149341041450043e+01 1.141016116293303462e+01 3.430935585907885610e+01 -2.710796046794602887e+01 1.466503372283552054e+01 -1.343253751684979314e+01 1.044453388618681089e+01 -2.430224365699293543e+01 -1.298601817632007283e+01
1.045559541329697879e+02 -5.883411919733513962e+00 -3.632941683356390428e+01 4.486721671087553887e+01 2.481485325202528713e+01 2.444941154080592227e+01 -2.943471431810747063e+01 -3.626641557054729681e+00 -1.507966503900354560e+01 7.221862081598716898e+00 -2.567759521278713208e+01 -1.771528564530966676e+01
8.280892561302073318e+01 -2.692173978125781186e+00 -3.556024975040715930e+01 3.151687152002593351e+01 1.428988363974185205e+01 1.058436332033499738e+01 -4.326290831145071536e+01 -1.088470480154810360e+01 -1.141387294435254596e+01 1.323492326821263632e+01 -2.759590713500529091e+01 -2.591465818666983978e+01
1.107465317481939877e+02 1.716488937702855466e+01 -2.867115845766910809e+01 4.464425002964408407e+01 2.441649104431246542e+01 2.200175309663234913e+01 -3.822145869173058230e+01 1.978101892689842822e+00 -7.929862847876769649e-01 2.223837184530026079e+01 -2.838257905126205927e+01 -2.380218901840239454e+01
1.527203717906884037e+02 1.355757727456414230e+01 -4.685246746352831337e+01 6.555472897985561076e+01 2.609840541082593290e+01 3.963375528068574027e+01 -3.328350152561915110e+01 1.108385539240884476e+01 -9.307459589675429967e+00 2.219277807987003115e+01 -3.263100274256882471e+01 -1.696638191038178434e+01
1.185055814658063582e+02 1.584672792470387925e+01 -3.773512843409251616e+01 2.188265166497195224e+01 5.425221693738985884e+00 1.038116016263566976e+01 -4.118979526900517385e+01 -8.365224617797426987e+00 -8.920406291062374038e+00 2.194671588337499912e+01 -2.081154222220094141e+01 -2.325882493198157874e+01
1.694540907518145332e+02 -1.779770994720869082e+00 -4.894686419032203162e+01 7.218976647840841565e+01 7.539386807905083643e+00 4.850633997570605516e+01 -2.733896128405465120e+01 1.269925763423158394e+01 -8.311077722178364269e+00 1.229874335509402172e+01 -2.101454845566735230e+01 -1.483149935067059921e+01
1.549418749962129027e+02 -3.021706177329250842e-01 -5.227726719066600225e+01 5.133305016937809739e+01 1.124533070036938298e+01 3.486726503712712599e+01 -2.545914251812461870e+01 1.196083365072935578e+01 -7.737697791484015930e+00 1.552207221874543563e+01 -2.230996067319609466e+01 -1.099110760817116272e+01
6.921840893546311690e+01 -5.903318742482511539e+00 -1.999245584217153038e+01 1.383165695976408927e+01 6.995040476878116031e+00 7.075005745656218537e+00 -1.490455789794677877e+01 -8.420670793017417388e-01 -8.201343950021598772e+00 -7.663662391082734615e+00 -3.179352246613925104e+01 -2.611608844781906669e+01
1.083512332631281083e+02 -6.139193782179680703e+00 -5.071588733585961961e+01 1.625680350670470986e+01 3.832611162460024978e+00 1.586271993785889123e+01 -2.611867521170590223e+01 2.452401613801505675e+00 -1.040188758720451823e+01 3.900281630095904895e+00 -3.267653375192163878e+01 -2.430765959051487002e+01
1.233431542640411180e+02 1.388953031743644040e+00 -6.236916574189210394e+01 2.474953724858978532e+01 2.583614837929087571e+01 3.592153286095948062e+01 -2.736326226904211012e+01 2.269616624027733121e+00 -1.634240871299989095e+01 4.459465713071526949e+00 -4.214703705511932696e+01 -2.459418182555500820e+01
8.884034255066421792e+01 -9.283253792637264468e+00 -3.786338396594501887e+01 2.457044524176960820e+01 2.796439326920546264e+01 3.803475487616763218e+01 -2.414331657293983469e+00 6.701301176995893449e+00 -1.449100107231165246e+01 -8.561253442777170264e+00 -3.749137184763164043e+01 -2.789339303066400433e+01
1.377837141252703645e+02 -4.356457861008617982e-01 -7.553330754472341368e+01 4.103744175530752614e+01 3.477458040068654554e+01 5.034210251630291566e+01 -3.041776845570635857e+01 2.932376563662688618e+00 -2.513284409302133326e+01 1.205399454225031164e+01 -3.698523015666648917e+01 -1.665433089716538362e+01
1.420449653562581886e+02 1.178198278236150198e+00 -7.270056259135350274e+01 3.074351970261141531e+01 2.353417408801607280e+01 4.861327942028155036e+01 -1.676443554731286767e+01 1.863354201865330140e+01 -8.296125051947935702e+00 1.741398265530207823e+01 -3.154514797402731929e+01 -1.438864463807055039e+01
1.419920687898018059e+02 2.095267205732633897e+01 -4.171514177385642341e+01 2.646434289763590542e+01 1.600041270963943063e+01 3.899628990351946811e+01 -7.944070006265365969e+00 1.354352312608137154e+01 -1.125379364328362541e+01 1.330392080079374395e+01 -2.375587879992293239e+01 -1.595500059306898066e+01
9.200820095664521148e+01 -5.377431419680680946e+00 -3.073324683157686366e+01 3.657345338174913252e+01 2.902341988134560680e+01 3.476292989775860320e+01 -7.003042650179953199e+00 1.027769517131954125e+01 -5.479496524504925858e+00 6.328745248665268441e+00 -2.490518829601679585e+01 -1.667129716115996985e+01
1.443491294249481598e+02 -4.325371378395727051e-01 -5.716769372998689391e+01 2.850657219620550364e+01 -3.133866154100722667e+00 1.597412167437869357e+01 -3.220238747138413515e+01 7.700106772135601574e+00 -7.693652042266744040e+00 1.118991957421214067e+01 -3.097407266833386430e+01 -1.791802070110558986e+01
1.321090656495073006e+02 -1.060338030702460355e+00 -5.288421460698573640e+01 5.695071354266964647e+01 2.320675986591587048e+01 2.097952436609476479e+01 -3.560368892517116990e+01 7.747117364628632430e+00 -1.955618910726896686e+01 1.402011538472076424e+01 -3.422512072429769603e+01 -2.118476229844170433e+01
1.292836864052193278e+02 2.556906558868081270e+00 -4.255463414449236836e+01 5.548174102644266270e+01 2.195195324728906172e+01 3.178232930784542276e+01 -6.195876849584315060e+00 2.128851640633212838e+01 -1.927751927509584462e+01 1.202040133988251824e+01 -3.214760515556247356e+01 -2.468892587061604615e+01
1.168019670262722229e+02 -8.485022148719060908e+00 -4.173236583295265234e+01 4.853745114099171332e+01 6.863475807118780914e+00 1.764050042060517853e+01 -2.232467693684579402e+01 1.283259541565860218e+01 -4.499307001487196978e+00 2.802111317689966796e+01 -1.107925632450881892e+01 -1.017870187062167631e+01
8.263672954520265534e+01 -9.170517984668212108e+00 -2.139370882478477398e+01 2.469052687764943954e+01 1.076994638819624317e+00 -2.586683196677120655e+00 -1.624609289918888066e+01 -1.827336835125670689e+00 -2.568442346228938433e+01 -1.628737612368305321e+01 -2.452880507793698683e+01 -1.679468397771335120e+01
1.309918856922383839e+02 -8.636239198287588792e+00 -5.238522920535321248e+01 3.657195455164945486e+01 -5.615220426817701060e+00 6.942871830845064984e+00 -1.123149548936526010e+01 1.581739039634273780e+01 -1.720380120554528602e+01 1.873247702586576224e+01 -2.333528974231194653e+01 -1.391763391815740114e+01
8.993781984486307124e+01 1.213943224294102841e+00 -1.130483249444053229e+01 4.731690747357180271e+01 2.532143208202593598e+01 2.078320850907545037e+01 -1.766136055333202393e+01 -6.801998586669842695e+00 -1.845132350493915752e+01 5.659230400254018356e-01 -2.242999859522360140e+01 -1.295402098020820247e+01
1.006816902095428077e+02 1.074167706678661638e+01 -9.584656055976353173e+00 2.907037324735829742e+01 2.119721279777798983e+01 1.770357378552080263e+01 -3.486208117989689992e+00 8.272905801822517446e+00 -6.286648853922408797e+00 -8.061954553371231125e-01 -2.182803723464908785e+01 -2.004505670036176568e+01
1.057558494044457120e+02 1.830757877980119019e+01 -2.691779219385543431e+00 2.633675352174073225e+01 8.280422520673150544e+00 6.453400313352188888e+00 -9.305295411459974630e+00 2.529815655383085282e+00 -8.881455745521956047e+00 3.344851629540113613e+00 -1.510710726681108618e+01 -2.022921285600362040e+01
8.926017344730942682e+01 -4.992951909553871914e+00 -1.657393499960840444e+01 4.691130329793840303e+01 2.106041236724525589e+01 2.311351361088086875e+01 5.517829611516507526e+00 2.267120998482933558e+01 -2.247393287098626846e+00 1.249976636903049076e+01 -1.892303772334068412e+01 -2.305429513251576168e+01
6.334119525168909348e+01 -1.361263921108729846e+01 -9.002502295129986010e+00 4.759806335887575557e+01 2.587703306187712471e+01 2.728661410645421270e+01 -4.702748419098328192e-01 6.724745218521669399e-01 -1.280871629421877778e+01 2.415652401974349051e+00 -1.590223969603718501e+01 -1.542977687306010282e+01
8.535264084782207306e+01 -1.449274008881718778e+01 -3.174402412491071246e+01 2.763507413612789776e+01 7.250356452139067542e+00 1.246466069061115789e+01 -8.179695876641989827e+00 8.308469416822349629e+00 -7.500549087760115086e+00 1.133275303203519258e+01 -1.251524838656921901e+01 -1.027472025577048420e+01
8.731176713293658054e+01 -1.004064660888587746e+01 -2.563913490571646747e+01 5.080214176016126970e+01 3.129073579409791961e+01 7.885387530532629086e+00 1.017870604965005477e+01 2.955883203169907603e+01 -1.264644163630488372e+01 1.148341055369904495e+01 -1.436580229496754235e+01 -4.259886291702421612e-01
7.807935426716396421e+01 -1.052660074381594946e+01 -2.258138170978220671e+01 4.530300941189877051e+01 1.362849661759190489e+01 -2.421642900055950509e+00 3.936324179226773801e+00 1.908220134461064177e+01 -7.009521284307203004e+00 3.449651107947808271e+01 1.978238682158829143e+00 -5.399655401115883713e+00
8.923363205445102153e+01 -9.408954790262312073e+00 -2.442462149892448053e+01 2.333178422155944531e+01 4.604024240209754204e+00 8.868646577058509450e+00 5.692008301753178401e+00 2.098812390900802427e+01 -6.120676761836664426e+00 5.114395579046532303e-01 -9.181821655222135448e+00 7.135021001008176711e+00
7.257436662800355975e+01 -2.125533088437557439e+01 -2.412258073365713784e+01 3.897858756208262321e+01 1.134451147557759931e+01 8.300109935460017851e+00 2.526971694380912403e+00 1.706068399935295332e+01 -7.180832417159164649e+00 1.010971704584165209e+01 -1.017811908409399457e+01 -9.420481621283869345e+00
6.251630045933424640e+01 -2.556003737514720697e+01 -3.643045164710092365e+01 3.338560705692763975e+01 2.007903944075481562e+01 1.768617684415245250e+00 3.748256383536436420e+00 2.077369625758020533e+01 -1.570289831449068707e+01 1.225445686972752668e+01 -7.828702943197852981e+00 -1.864612015234614262e+01
8.471122874556260740e+01 -1.234768900690914784e+01 -2.486815178769236923e+01 4.337490896949731223e+01 2.457803357773201469e+01 1.685725979439519406e+01 9.355362024344607619e+00 2.048791949152594327e+01 -6.867701070853913237e+00 1.969497535601758642e+01 -1.190945182790095913e+01 -7.274542355047177722e+00
6.638391611368051315e+01 -1.049043035413305347e+01 -7.206645006454852620e+00 3.604567697132629434e+01 1.385548591456686829e+01 1.218615364804161771e+01 8.062092812888032256e+00 2.180341062639464411e+01 9.450159758035332480e-01 -2.074035865159729042e+00 -2.109346426034505484e+01 -1.458412403798775969e+01
8.484851212589200031e+01 -9.840698545693722821e+00 -1.591271725347651866e+01 5.685406888136637349e+01 2.170384885192902402e+01 9.600078324496633897e+00 -9.021755872008320409e+00 1.103877433544764486e+01 -1.682270040089095176e+01 7.164353085612043870e+00 -6.751996325840892155e+00 -1.988107626223186486e+01
6.305841678630716274e+01 -8.332688948926127992e+00 2.181777271839169252e-01 3.760246743929820923e+01 8.059103822984882370e+00 1.142066328529069885e+01 1.382209805099916089e+00 4.981620473253889791e+00 -8.688505964731950471e+00 6.116780312326652869e-01 -1.301175693660279187e+01 -2.268614195178026449e+01
6.612904373366188793e+01 -2.362542172913003569e+01 -1.966335123900202930e+01 4.071987669203676319e+01 -2.563154235209663678e+00 -2.225142555438818448e+00 2.226751689509666399e+00 1.156623695548326225e+01 -1.976323625806137940e+01 5.569613178200922832e+00 -5.637904128522283287e+00 -6.285577995620238667e+00
5.134517177801942722e+01 -3.189389125602608743e+01 -3.311336512134656829e+01 3.043726302092169078e+01 1.445937816541257170e+01 8.711087053924806867e+00 2.925388299004573867e+00 3.026427230941307656e+01 3.853861400300165663e+00 6.311282661746642653e+00 -1.645899672200542696e+01 -3.652079739520524981e+01
6.564140103433008733e+01 -2.791141771886097800e+01 -3.652384717141249126e+01 2.897713728117698651e+01 6.469287407560623038e+00 -2.250392407519285598e+00 -1.583494397016156086e+01 -5.104010476583908940e-01 -1.981003199326134023e+01 4.484825855272832840e+00 -2.503373367621491496e+01 -2.092143107881096853e+01
4.157160994697335354e+01 -3.216922870170320437e+01 -1.583735257999627066e+01 4.138794381771300124e+01 2.481015273880314176e+00 -3.197299475673599289e+00 -1.965260276951797991e+01 3.992721044513579010e+00 -6.095696601602620390e+00 3.702383707419995673e+00 -5.753542984343356537e+00 -1.431568669985968256e+01
-3.616198963272594380e+00 -4.818735021899791349e+01 -1.577598672762620069e+01 4.476050165253384705e+01 1.494249310571705358e+01 4.207786708941769760e+00 -7.194136337444202667e+00 2.077750321447793169e+01 8.216659255769435788e+00 2.513307291073886951e+00 -2.141247897753680363e+01 -1.724222594048666224e+01
3.167347474391446482e+01 -7.389328385709686131e+01 -8.417510376021778029e+01 4.545755353786633179e+01 5.433597803867338705e+00 -1.183243672308719630e+00 -4.972469334396294016e+01 1.178062584829712733e+01 -3.147833457685458747e+00 1.764998484876943863e+01 -3.171533982052713085e+01 -9.787130579691810439e+00
1.252506733137871890e+02 -4.494480221302285372e+01 -8.219193747289793350e+01 4.895039101225102485e+01 -1.377036818854634070e+01 5.247292204555904505e+00 -2.281879483725449731e+01 3.123542281673478627e+01 -1.419899608174662120e+01 1.049191107631009778e+01 -2.017446620084366415e+01 -1.105810000346443545e+01
1.412857777957740097e+02 -5.602157668339107488e+01 -8.776134671603207948e+01 6.639448694789524552e+01 -2.789934777330986293e+01 1.575451445206859091e+01 -2.284887122250736979e+01 2.033175789046967452e+01 -2.752867153425201963e+01 1.194498602090463102e+01 -1.300074038134336973e+01 -1.000232498040428908e+01
8.458166538934870005e+01 -3.274636720893914799e+01 -6.372970334918109359e+01 4.392003254297275561e+00 -2.068081268847583232e+01 -7.809217802709326861e+00 -2.459120344550688486e+01 1.066185574822930704e+01 -1.120957027297683695e+01 -1.358194217224857114e+00 -3.197021171784567528e+01 -2.886167248535707230e+01
1.270903595161117892e+02 -2.756116984992360841e+01 -5.716781477283628021e+01 6.666174714654448508e+01 8.828150180999722707e+00 1.658912974256913131e+01 -2.178186079401787367e+01 2.001273937695306415e+01 -2.532176253093388141e+01 1.304422888596155738e+00 -2.282319470350589796e+01 -1.831433467198568366e+01
4.398096715688437541e+01 -3.613493067152231220e+01 -3.624379310125198117e+01 3.100391382115994787e+01 2.491481837131436006e+00 5.014507678591291651e+00 -1.369278061106244238e+01 1.740634080604134937e+01 5.263930008965032492e+00 2.022500939513535201e+01 -6.570873695836429107e+00 -9.329678367767030522e+00
1.699282262286450020e+02 -2.674076772185386375e+01 -9.507412851485079841e+01 5.999943940931656527e+01 -2.728752719387421699e-01 9.505461296583563424e+00 -1.067350132033376653e+01 4.609295647309124178e+01 -2.059820672361888683e+01 1.986762883679472580e+01 -3.165543146811717179e+01 -1.894144661933660956e+01
9.974415290937491818e+01 -3.484019236996931568e+01 -6.917242098005762330e+01 4.464416099437828223e+01 7.910247456694161627e+00 5.696182610129531199e+00 -3.631272830604386570e+01 1.235044769348543880e+01 -1.435138816124831429e+01 1.558435585600188666e+01 -1.832215980332765426e+01 -2.388255666138751288e+00
5.934987954444559932e+01 -4.249177082403996053e+01 -5.736803293112261315e+01 1.587883562265365178e+01 2.680311720758199012e+00 7.503749644330262925e+00 -2.157524870552116880e+01 9.607901513601404542e-01 -1.711667080006226627e+01 -4.963463491480052170e+00 -2.793334855104782832e+01 -1.866352017701282051e+01
1.045750347789684724e+02 -3.088456687301272652e+01 -6.496773900514014599e+01 3.509318111165804766e+01 7.781050910663286579e+00 1.801887427420867738e+01 -1.437238905185799354e+01 1.371791424557401484e+01 -1.977765412515542920e+01 4.391487881739402965e+00 -2.570061455267274653e+01 -3.502677156380079815e+00
1.175323676416410308e+02 -1.839455240412541670e+01 -6.001211627344228816e+01 3.958073835688739450e+01 1.257615675741346806e+01 1.676450068108194458e+01 -2.824871071099139641e+01 7.832216411523127420e+00 -1.613390644424894660e+01 9.836068700955177491e+00 -2.539809846333935184e+01 -1.095967143410095623e+01
8.460625110310070340e+01 -3.250024900954868912e+01 -6.090893777386567365e+01 1.217240647825147448e+01 -2.947498670626486295e+00 1.231490708947927004e+01 -1.629712272801964446e+01 3.540195255735495206e+00 -2.280550622625021617e+01 -9.955997807450652104e+00 -3.278050520272394408e+01 -2.018444975037429856e+01
1.222869235426189221e+02 -3.171623617660702621e+01 -6.249472090085586728e+01 5.678647590378879073e+01 -1.301416690898930284e+01 -1.195987251132985207e+01 -1.442966309812423020e+01 2.286211848999893448e+01 -3.957683145430479499e+01 -2.988230117922991091e+00 -2.550553161916792178e+01 -5.845223858522784255e+00
1.418875428180627125e+02 -9.617666975040506827e+00 -4.898047158707223048e+01 5.612443251961123281e+01 2.136041114931042983e+01 3.119192529107274225e+01 7.638745093132898845e+00 3.484874317861361703e+01 -2.069454382217633182e+01 -1.199144802194794135e+00 -1.961024745870562569e+01 -1.757123495373325461e+00
1.299853688005642027e+02 1.827113049726513339e+01 -3.020192979933037947e+01 9.888676118981058139e+00 -3.972941193225792422e-01 3.116216668478112295e-01 -2.232896820717869701e+01 9.257731850401466289e+00 3.369492795058441903e+00 1.318006424988136516e+01 -1.982288903637445188e+01 -1.154385578219318731e+01
1.728188658991801390e+02 1.289835246696109294e+01 -5.581163893848817281e+01 3.679905545594300520e+01 1.232320687131457149e+01 1.594177216122918672e+01 -3.196481386911114697e+01 1.100296176560796901e+01 -1.234433297585971978e+01 1.641340725406439560e+01 -1.225104597676065055e+01 6.027767089341615758e-01
1.606961468853579618e+02 -1.005073834152669932e+01 -6.308470247192063596e+01 4.480939635516772768e+01 -8.773637628430737578e+00 2.429455563822836339e+01 -2.778597192632586044e+01 1.603036402879718736e+01 -7.839781966816637748e+00 1.529387878121337252e+01 -1.704223048277009411e+01 -1.042628950555628720e+01
9.680118932651981822e+01 1.576682127008359302e+00 -2.945656807737578475e+01 1.323741109974940855e+01 1.183592617254949531e+01 1.602299833919884975e+01 -1.276370138623409822e+01 3.339834281007997285e-01 -6.382377940462020227e+00 1.053426024175724152e+01 -1.483427022883956958e+01 -1.172405689049381827e+01
1.135912261755533734e+02 -5.475546825570455134e+00 -5.145515450938071922e+01 -3.669057936299224387e+00 -1.275334432274365959e+01 -3.765804832492179788e+00 -3.228704102058390646e+01 -6.303074338657546960e+00 -1.452710900752581935e+01 -4.316439176531460475e+00 -3.045219684289163808e+01 -1.819807448232321434e+01
1.622224257359783621e+02 3.389837990192115402e+00 -6.388372745185743184e+01 4.145710490409935289e+01 5.262219020678125858e+00 7.776183901125556019e+00 -4.326129794085898084e+01 4.301324296233695499e+00 -2.120069923518450139e+01 1.421652959563402518e+01 -2.588571064728343885e+01 -1.223675195181627018e+01
8.127851478127672635e+01 -1.527593020830220283e+01 -4.107562149712012456e+01 1.553650691843699150e+01 1.902239281872063970e+01 2.530908589345407123e+01 -7.465452292250043698e+00 9.147307095343217398e+00 -3.381808809250154702e-01 9.257379252220170329e+00 -1.384855563158012970e+01 -3.470999969425467846e+00
1.973070226730519039e+02 1.049385020101527388e+01 -8.103132109391131621e+01 8.705458233668881718e+00 -1.462039024379030394e+01 1.619084391483132990e+01 -2.684567750342503345e+01 4.528770179861381528e+00 -2.393131153650626786e+01 1.664654672184221695e+01 -2.189566704221811833e+01 -4.151535106943730291e+00
1.529631896091795227e+02 1.154220596252906716e+01 -5.351926100828630695e+01 2.724400354588226492e+01 -7.003064787717280915e+00 4.302822377191217740e+00 -3.333783720037787646e+01 9.203880448426421168e+00 -7.787145294018438690e+00 2.666080750302383606e+01 -2.250904460927310424e+01 -1.814544533523919512e+01
1.416051467361488392e+02 1.568641220299949790e+00 -4.855660340806007014e+01 3.452931033713662146e+01 8.238730675987067542e+00 2.125834478825200335e+01 -7.805951454223108321e+00 2.033619433981401414e+01 -1.046676096598863914e+01 2.408211213487140157e+01 -3.121571802075727931e+00 -7.585676824370099602e+00
8.798348316732182184e+01 -9.777162600697383965e+00 -4.178798613220116920e+01 1.192977002150722043e+01 4.903665689461397470e+00 2.921981529286943768e+00 -3.024406852426032444e+01 2.518368253878135121e+00 5.649242365495278584e+00 2.100073038168036987e+01 -1.054916508208293990e+01 -9.188327372614116584e+00
1.153550122029313343e+02 -1.005894822826725843e+01 -5.087202637466145916e+01 4.205792405695263625e+01 8.284463039866533762e+00 1.083926441993911283e+01 -3.797510156827441818e+01 1.016963301747169979e+01 7.122060647010897583e+00 3.646583037325638799e+01 -8.997108866612835598e+00 -2.205694394874834874e+00
9.385028305029879903e+01 -1.442783959180206743e+00 -3.321234738873118175e+01 1.000683290779180012e+01 7.983561360714653610e+00 1.479619579002202201e+01 -1.277131080444979716e+01 1.027704889348276751e+01 9.914671156302839350e+00 2.029038593132181489e+01 -1.407846796384015065e+01 -1.761813765469340609e+01
1.039361642093111300e+02 7.979085848030488037e+00 -2.242920900884568880e+01 2.431375293065217846e+01 1.055009270968274038e+01 1.263812445901540116e+01 -1.731875116412852833e+01 1.641130816085529798e+00 -1.539333208944353437e-01 2.175768815071018736e+01 -1.299520269277136109e+01 -1.966132319698030173e+01
1.013348806220900826e+02 -7.347139219095457641e+00 -4.084764336637604742e+01 9.905412708491894591e+00 -8.963296819361477041e-02 5.854694959232828566e+00 -2.094621754474979269e+01 -9.029173833893295864e+00 -1.950837051945198297e+01 7.550335478092710773e+00 -1.638003599273687172e+01 -1.560340317554428324e+01
1.169210549107459087e+02 -3.925610093289877423e-01 -4.272709470454972802e+01 2.692598069593710175e-01 -1.868320180729111257e+01 -9.726387601918126791e+00 -2.828282602554558878e+01 3.685899475617435694e+00 -4.151525081163581099e+00 7.755488971777564799e+00 -1.358590647821783648e+01 -8.294105140514304253e+00
1.423244463124555068e+02 9.112496410421309534e+00 -4.363461084939924461e+01 2.489149329366378538e+01 5.490670057475537824e+00 1.991324203323969044e+01 -1.996377541152380530e+01 1.006028675555137930e+01 5.109352605904319056e+00 4.036798603975238109e+01 1.197057882872909751e+01 7.625729073017238235e+00
1.181800765007495500e+02 1.128104903214956600e+01 -2.468515615485498671e+01 1.202695608810942041e+01 3.555076511220061519e+00 1.261555899261809444e+01 -1.059157637343793290e+01 3.035477188844297736e+00 -6.420555865687115116e+00 1.336346671825451082e+01 -1.735777960598436920e+00 -9.966652701504427725e+00
1.403523156570720403e+02 1.198572464534472637e+01 -2.866982438140018630e+01 3.659199070017580624e+01 8.511399472115494191e+00 9.638042055016970977e+00 -8.217404754759044749e+00 6.703735550100059726e+00 -2.227990037339206708e+01 1.153498294685918601e+01 -7.918585002966533004e+00 -9.718130192805016776e+00
1.370721088065579352e+02 1.108241526889660378e+01 -3.998506635899742889e+01 3.672662397086826047e+01 7.589831638058577745e+00 1.483993493244018325e+01 -2.394216040409831692e+01 1.469338741858062214e+01 8.183110034634506036e+00 4.417943324235635316e+01 -1.193636817294031705e+00 -2.736245776332847601e+00
1.192051147056461673e+02 1.873067396177057375e+01 -3.023107884272174317e+01 4.125382900140047049e+00 4.304850788771212855e-01 2.758534578942884341e+00 -3.693801771408926982e+01 -1.726899283362268278e+01 -1.134985185393919593e+01 1.602708396444378280e+01 -5.907615899271036142e+00 -5.110870605661459010e+00
7.838573426176472481e+01 -3.384516052833210331e+00 -1.594355869787098001e+01 1.228901180043849273e+01 -3.172636424959813795e+00 -4.273948128509780453e+00 -1.952668932463793183e+01 -5.597016446406378520e+00 -4.201057574910221248e+00 7.155268005344801452e+00 -1.271551922950006208e+01 -1.657450758813674341e+01
1.277606638253822382e+02 1.740574670761238352e+01 -1.451978171987196475e+01 2.956666185778056644e+01 -9.263091177642191809e+00 -4.907268964674993406e+00 -5.458696805266808560e+00 1.301364432137412130e+01 -1.764110062397567447e+01 6.679582740852759493e+00 -6.179371607889423856e+00 -9.039006609983630369e+00
1.201569565885253610e+02 2.924679312905918316e+00 -3.750864354829207770e+01 3.290172792566069404e+01 1.056761738326292388e+01 3.010560179037458095e+00 -2.013168918329209944e+01 6.330297313952272020e+00 -1.637054232492711492e+01 2.020375557655970056e+01 -1.326127060312457928e+01 -1.171341342058287438e+01
1.104513318265527460e+02 -6.626319078422298503e+00 -4.541517737066897809e+01 3.279651814179639047e+01 8.400695442322783535e+00 7.153418543101530247e+00 -2.066397166661311857e+01 3.612063313811686882e+00 -1.744387269857040934e+01 3.123138101591180771e+01 1.955171365511017001e+00 3.591072908014882881e+00
1.071755550104648336e+02 2.123782266646965411e+01 -8.589530984318388462e+00 5.166114890855858732e+00 1.369609161697267652e+00 3.586788770156638329e+00 -1.859555016196830479e+01 -1.897755838658996197e+01 -2.038151254904774490e+01 1.068532477665847136e+00 -5.676040403864143435e+00 -4.257886737559823054e+00
1.208786349600293732e+02 1.372867210137950522e+01 -8.091942079460972437e+00 5.865917296847301543e+01 3.738097390374069295e+00 -5.728780991202944151e-01 -3.607499055289950718e+01 -3.847034719994574470e+00 -1.547866133094871088e+01 1.606113175984906150e+01 -5.663127595053751406e+00 -1.380954455273788462e+01
1.139671879655205373e+02 1.692512512330995866e+00 -2.277612410748633565e+01 3.883763333728225575e+01 8.320421609706381005e+00 3.754684611470637812e+00 -1.759289874342151450e+01 -2.470361267853232456e-01 -1.906569101310515890e+01 1.220630557392998305e+01 4.897864719560787172e-01 -2.478395403448144796e-01
9.145028668124254523e+01 -4.747696620183968541e+00 -1.962086827682748691e+01 2.514828840055485770e+01 4.427520837535565690e+00 1.396866312341402860e+01 -1.031775170540931796e+01 -6.405930446710477177e+00 -1.893903208612897515e+01 3.082440577511006641e+00 -5.613710774742882492e+00 -7.660947792468850714e+00
8.558956592995805579e+01 1.115353991030238845e+01 -1.634353935811027947e+00 1.427654207929195351e+01 1.155038558192036469e+01 1.328357237781881928e+01 -1.538189382286600182e+00 1.984301604043908318e+00 2.374888029948071022e+00 1.078523180804023518e+01 3.544334155330107095e+00 2.061935051678995379e+00
1.291317628503327626e+02 1.555459972117086309e+01 -1.478859891401510396e+01 4.357898203483122046e+01 1.738512982743293733e+01 1.670158835236325245e+01 -7.703225546269636403e+00 5.243243105661302472e+00 -2.133113944993752753e+01 3.243367694756043029e+00 -1.533670285633013286e+01 -1.720177019843482924e+01
7.685800027709672122e+01 -1.193359392985985323e+01 -2.171571467481502182e+01 2.430472033972554158e+01 1.267313833241035326e+01 1.648665738522746693e+01 1.084881500926677234e+00 4.619327357374070075e+00 -1.461077093076807287e+01 4.890450136484255417e+00 -9.249379333987189922e-01 -7.082163850326645083e+00
1.061058968132043958e+02 2.043845990483041675e+01 6.136126312750848300e+00 2.490230297219645905e+01 7.145402829265012024e+00 1.214214492090665232e+01 4.861371490591252176e+00 9.558719320846249090e+00 -3.801665723743648861e+00 2.215672849792836629e+00 -6.079192902074224136e-01 -1.813953331102894806e+00
1.059882312473672812e+02 1.741507257850074097e+01 4.383267130500409614e+00 4.878862117381159180e+01 2.750653029403792971e+01 1.966691282299460397e+01 -8.372625495475986668e+00 1.936200376644056753e+00 -1.117844838033650845e+01 6.963527761529960003e+00 -2.397571232927869556e+00 -6.217943442355222672e+00
9.922684914423712144e+01 3.045428608229517664e+00 -7.628920961893085106e+00 4.296827885979185169e+01 1.226312037456578885e+01 1.937408058713455716e+01 1.660586802000236872e+01 1.497204030166716393e+01 -1.268193812825926514e+01 1.656360251776538917e+01 -4.619151534554719163e+00 -1.391458190554781460e+01
1.243629258618784093e+02 1.984135045245484008e+01 2.406714084827056954e+00 5.823598310009970191e+01 2.666425647411703181e+01 1.949775601955057880e+01 3.545009615501644173e-01 1.681512042837297471e+01 -3.758232500183443126e+00 1.738122850565591193e+01 3.141874720224508977e+00 4.095621692484577636e+00
9.776234429946322280e+01 1.469307081773395041e+01 1.627814381474645078e+00 2.569767529445874032e+01 1.199462564043135337e+00 2.089888211092515657e+00 -1.009998990394222673e+01 -7.159447422306322473e+00 -1.708196829896464664e+01 4.053633153349235130e+00 -3.774543038704120335e+00 -1.408832259133511400e+01
9.363986051500236840e+01 6.414535471115087040e-01 -1.477045551439285020e+01 2.699373730377496372e+01 1.115455011501192395e+01 1.225007327463525009e+01 -7.726950900089233798e+00 -1.229551072370230314e+00 -1.874662207165869887e+01 -2.391029770534235599e+00 -4.739698940485608247e+00 -9.686747997459672632e+00
7.759669696840886388e+01 -4.853874598831570353e+00 -9.657921227634162165e+00 3.729097050520223888e+01 1.212124950290391112e+01 3.878155477101889126e+00 4.277879551429373706e+00 7.946991360316630448e+00 -2.291028629463448141e+01 -1.152508417140045260e+00 -1.178841045524777975e+01 -1.209094020075491116e+01
8.792237389702103201e+01 1.659365791255138589e+01 1.197594042003567871e+01 3.611888673880058320e+01 1.409156138840645056e+01 -1.514538285697347497e+00 -8.029769852154915455e+00 5.824384905015722147e+00 -6.371004097162263236e+00 -1.346328232153933602e+00 -6.424514108300910742e+00 4.720159171284297628e+00
9.657851536501873113e+01 2.321881111113420815e+01 7.014212113924177316e+00 1.849248355418326284e+01 1.503203432120194805e+01 2.285149680564396135e+01 1.847799666065675339e+01 1.065443056434595981e+01 -3.909498143442699192e+00 9.882394028123904661e+00 5.750938956316953288e-01 -7.579512432258740162e+00
8.970163915791422937e+01 1.118016418162990355e+00 -5.846312953217124075e+00 4.354258820230878513e+01 1.400430982291847748e+01 4.750835356232467888e+00 2.552514888845360375e+00 1.556597257504566656e+01 -7.138084991145938751e+00 1.684725292407861730e+01 2.790774226501244737e+00 -5.423304037848653891e+00
7.909931588120460333e+01 -1.613284853798283791e+01 -2.524203280579378372e+01 2.976370067934250230e+01 -7.526199839611086517e+00 -9.038920710126635782e+00 -1.343303689814929136e+01 1.185711944341905744e+00 -1.471623435362505816e+01 1.312039479388782937e+01 -1.416551792867999460e+01 -1.624672707115189141e+01
1.083600274461249739e+02 1.631539167856490380e+01 6.833686647918071344e+00 4.868367503591812806e+01 1.506901268999443033e+01 8.562983882031804939e+00 4.513467096019287084e+00 2.250435781380589972e+01 -3.901330315733708698e+00 8.686365690901149961e+00 8.128019559380387449e+00 -2.069915805448232504e+00
9.555777597282566660e+01 1.610919473495020782e+01 1.030627858235814109e+01 3.522885886012720391e+01 3.731090026918729041e+00 3.551256361016201346e+00 -1.334748868724452198e+00 2.905280703248064089e+00 -1.073969355248047641e+01 8.636264143896852374e+00 3.792291790114312278e+00 -7.892525668551208184e+00
8.701944250164441996e+01 -2.017054317707699385e-01 2.143541275184147832e+00 5.469668048567217511e+01 2.091668059659083667e+01 1.644745665418258440e+01 3.580351178640943655e+00 1.463278570840741466e+01 -5.748351583655771257e+00 9.390366072553344878e+00 -1.844515926800748828e-01 -1.314842513319547379e-01
8.091275600377511523e+01 -3.961663812817262098e-01 1.119918904207746202e+00 6.030642739793129437e+01 3.120972303404951020e+01 1.142416916296970797e+01 8.945199298174879132e+00 1.977084125676890380e+01 -8.855434787969269195e+00 2.084960342249654985e+01 5.906978138460666550e+00 3.196915924628413119e+00
7.780808531694775354e+01 1.515065175379860918e+01 1.536941242512931360e+01 2.055565213146386583e+01 -1.532584880112499048e+00 -3.066754475842695893e+00 5.526617813813361479e-01 7.507402471840332048e+00 -3.689405854107052907e+00 -8.458351400970698819e+00 -9.936738602027809009e+00 -1.115103255961748552e+01
1.103130943250796747e+02 1.629208008246887118e+01 5.637817401888220559e+00 5.913765687024902462e+01 1.853231035582492581e+01 1.081644592366787094e+01 7.655304075094040428e+00 1.834004871824421912e+01 -9.425767340045183573e+00 1.785987333471863536e+01 -3.978164797223325166e+00 -9.110735452482739305e+00
6.235414361312031417e+01 -1.674672568096210767e+01 -1.384033993416742092e+01 4.315356292222044488e+01 1.592036194221275025e+01 1.543730208124967263e+01 7.656570564971966419e+00 1.336966729393986419e+01 -4.718016157010976208e+00 2.428761824512385203e+01 7.567943843877377397e+00 -6.342943181932131580e+00
6.215071303857884288e+01 -2.471801347196820942e+01 -2.458478339148398106e+01 4.167529938854194427e+01 9.327415821131996410e+00 6.406794931471196719e+00 4.766485994129627812e-01 1.629904844647589357e+01 -1.214446441686222400e+01 1.513205891799124281e+01 1.558349132565737349e+01 -8.421608702026333049e-01
6.644672137241634857e+01 -1.568840214992060922e+01 -1.816968678230489331e+01 5.924334598095570215e+01 3.754723386366506332e+01 1.682510917689125662e+01 1.174226506146433202e+01 2.500998724957156938e+01 -1.279505306021523836e+01 1.248462483021704372e+01 -1.688144957245953037e+01 -1.699850267674073478e+01
7.860139969111938285e+01 -1.088669746560902141e+01 -1.212679409100780070e+01 5.203818485770116098e+01 1.103544569165029721e+01 -6.680976123333821626e-01 -1.609520221752343616e+01 8.369757368544972209e+00 -8.507745184413678885e+00 9.609097043818664474e+00 -9.691629070517238986e+00 -9.238623130253833082e+00
6.808145702939043531e+01 -1.622211148859899410e+01 -1.675701095508340188e+01 4.215935081536519391e+01 6.148774458044363733e+00 -8.730489424654585662e+00 -5.050945224887538387e+00 9.171699708416850783e+00 -2.228547285664406985e+01 4.374592785616556512e+00 -5.414732441227877224e+00 -5.441748047895865525e+00
6.170669027113213190e+01 -2.166553522529283526e+01 -1.239503722060820756e+01 5.453577246088842401e+01 1.352949009148739989e+01 9.924518758364573756e+00 4.071840109794075957e-01 1.857567273119789064e+01 8.252577628676709409e-01 1.759556642957815953e+01 -3.326594322125029368e+00 -1.102156191078736969e-01
6.162783232546137668e+01 -1.438631407263595996e+01 -5.081297052990620955e+00 4.840957943686845510e+01 1.283556099159092412e+01 1.253525842203313800e+01 6.326375481822068103e+00 9.929168707351159640e+00 -1.136143569382089602e+01 7.646572157483713994e+00 -1.360032579103575934e+01 -1.707461373954012984e+01
5.650332175244450639e+01 -2.370814152137519670e+01 -1.800960862844086918e+01 3.898539530582455370e+01 8.266194240340077215e+00 6.622378502118411170e+00 1.681895754861851700e+01 2.872649014739688766e+01 4.595740858188537281e+00 3.217572246053657636e+01 1.324479675888516184e+01 7.709787421746781888e+00
6.228194125582429308e+01 -2.545612862097408424e+01 -1.546857154016906222e+01 5.244189205434626899e+01 1.102359632964445524e+01 1.009062851438652331e+01 1.162580173723616461e+01 2.353765497878029223e+01 -9.407417950789460193e+00 8.084488395206987477e+00 -1.005258106341697300e+01 9.670644701142778743e-01
6.057873223429697873e+01 -1.921754567894787868e+01 -1.366732798599010223e+01 4.980967677124842652e+01 1.458122085612802010e+01 3.945426095320931026e+00 9.052919753751892173e+00 1.640175034231807416e+01 -1.660678093032056069e+01 1.592373985143020754e+01 -2.047208993638825802e+00 -1.551015307692733458e+01
6.317050336308403757e+01 -1.767443777300534435e+01 -1.343253116608088504e+01 4.462509822124405190e+01 9.989675093434883024e+00 6.114816751087738034e+00 5.790386338283486367e-01 1.344055921828777400e+01 -7.508308381530262032e+00 9.754387080609301819e+00 -5.301402964248798533e+00 -4.110634297797973069e+00
7.173714289811731248e+01 -1.048643668207802726e+01 -6.057328001584217247e+00 4.788927824537462641e+01 1.225106591385817723e+01 1.652019427794831330e+01 1.738519135449575970e+01 2.065867039144863071e+01 -7.830937125235664098e+00 1.012689818059506841e+01 -2.667689974865741664e+00 -3.974686843321016738e+00
6.734942972734313571e+01 -5.556024923338537036e+00 -6.428193418807139903e-01 3.549333969631284447e+01 6.602679788815911444e+00 -3.285667059877051877e+00 -1.629755079570074816e+00 7.823252994751621614e+00 -1.083989925718241487e+01 1.887458679071894352e+00 -1.061292593549217500e+01 -9.432362661402475368e+00
7.948250269556338310e+01 3.765833714076127325e+00 6.856801815188907412e+00 4.849959120779957544e+01 1.916769043717686571e+01 7.907909683639409160e+00 -4.161409554122597498e+00 2.920460235363435686e+00 -8.095977065218114888e+00 1.587112357594201839e+01 7.913067963885492162e+00 1.081498430113295051e+00
6.279041095452272714e+01 -1.357272806124197650e+01 -1.681147843561431765e+00 5.441581363726531606e+01 1.688926365494897652e+01 1.006905371037658981e+01 9.669937007479711966e+00 1.706263089374034436e+01 -1.655165246769686505e+01 -6.667368187282124437e-02 -4.769576502622458136e+00 -1.073547723571420143e+00
5.336009003030504516e+01 -2.154606763223131694e+01 -3.185706727006559102e+00 5.582469882812760886e+01 1.522720964521098885e+01 1.787389422648199400e+01 6.001337131582544338e+00 -2.616752054670516969e-01 -2.537022257837129047e+01 -8.486021433757728882e-02 -5.352016671629661104e+00 -8.925527801473485123e-01
4.852593695701524723e+01 -1.793199071209700790e+01 -2.188189383746441230e+00 6.008378811199324332e+01 1.564290133954297524e+01 -1.105792193240872301e+00 7.941429026209733344e+00 2.900888019536346007e+01 -1.210396871189017620e+00 2.007628922484576606e+01 4.637974001452466410e+00 -1.649088353600981272e+00
5.945170516308173347e+01 -1.947101973578782719e+01 -1.348823480341089009e+01 4.867178193229629812e+01 1.227082964630897877e+01 6.206008836865930078e+00 7.318911786577269929e+00 1.808520321337381631e+01 -7.318636429404611121e+00 2.092049854223514416e+01 6.392323120087963773e-01 -1.404245013276865706e+01
5.239097225170304029e+01 -2.648445405587829526e+01 -2.184944465530541180e+01 4.633465128193187610e+01 2.501935582164316685e+01 1.239959806049479063e+01 9.623315838936665756e+00 2.262142834971384531e+01 -7.382873302931661996e+00 1.660235175804740493e+01 3.835059101079612454e+00 -6.824475264503611527e+00
4.984284391659272728e+01 -2.965421418944404763e+01 -1.938977865770761611e+01 4.167680615384570331e+01 1.442713200279842489e+01 1.294498897913751989e+01 9.771249448902629808e+00 1.847472995016140374e+01 2.143883647271444204e+00 2.530886022555913328e+01 2.440427085583863231e+00 6.246733005659694804e-01
6.623902951596033972e+01 -1.036994719107894802e+01 -4.648145987231245613e+00 5.072309771587824656e+01 7.743984328791817084e+00 -3.688834446982566906e+00 -4.284468209523137894e-01 1.546206314318186692e+01 -1.477441335988525672e+01 9.728182830566375117e+00 7.722360972154502790e+00 -8.166097931998571369e+00
4.887072047129642272e+01 -3.304846644122486055e+01 -3.195130474489450734e+01 2.993392063546526316e+01 2.916378624397339525e+00 -6.739223574116451232e+00 -7.343580770369423583e+00 1.049114347507926226e+01 -8.554478051840272101e+00 2.395510835508390812e+01 6.374354463570066187e+00 -5.839553137962191443e+00
4.627856254050851703e+01 -3.400825842218286965e+01 -2.460940800914261928e+01 4.653520117051844096e+01 1.540621479286220108e+01 9.567847844432305848e+00 1.174359669499962777e+01 2.349955098140761578e+01 -7.051125757000816563e+00 1.404241531464157511e+01 -1.399250272651650917e+01 3.370203426241036304e-02
3.392782188255386444e+01 -3.654300693772444220e+01 -2.554067984827635840e+01 3.256915868835928762e+01 -4.795467022010873492e+00 -4.650779652875728587e+00 7.539301620773084522e-01 1.606355623583362302e+01 -6.531795406181462482e+00 1.666873499672892578e+01 1.820984004739963691e+00 -6.615558890772421208e+00
3.397016428850277237e+01 -3.469618656035694215e+01 -2.502879523523126792e+01 3.373802419787413953e+01 1.776034186980111684e+01 8.412681527149546312e+00 1.582545842328418928e+01 3.407408270685848350e+01 3.204289680752974601e+00 1.027947205680186826e+01 -8.282081773934852009e+00 1.807874325058937970e-01
4.072116366559949086e+01 -2.928562919570225631e+01 -1.526121396250886342e+01 4.862802924414694417e+01 2.073639343085626052e+01 1.329646971372283204e+01 1.810434138840065543e+01 2.281173356580092815e+01 -1.572565223257839762e+01 6.454816148305333456e+00 1.362983809944039226e+00 5.478321347109191386e+00
2.849124635912835757e+01 -5.625581443549887695e+01 -3.922494306758348870e+01 4.526878905795483377e+01 1.959587740247347654e+01 2.399794053856819431e+01 2.407146179658620966e+01 3.615001976068322165e+01 4.497925806512050428e+00 2.193290254531027728e+01 -4.267035936760950499e+00 7.814755459233751367e+00
4.484104617229437650e+01 -3.928790492716662186e+01 -3.429051744442426752e+01 3.840273143926661703e+01 1.621056759389952617e+01 6.544775461333650846e+00 2.075504628564991183e+00 1.708193721801783838e+01 -1.180465208405902366e+01 1.440981410063313106e+01 7.166201703417659274e+00 1.305743237395705592e+01
9.679645907805735305e+00 -5.719883149990933191e+01 -4.068234625989784803e+01 1.040682483899998623e+01 -9.330444951699011114e+00 -1.917399483607865829e+00 -2.385843905174886537e+00 7.444264666829111476e+00 -1.644477946346552955e+01 -5.007627982077936579e+00 8.465103916747159118e+00 2.810714370186656375e+00
