-1.062861971286156972e+02 7.628345602617329746e+00 -2.538407537542386194e+01 1.282846233523491186e+01 -1.517304523744283529e+01 1.352085140914563155e+01 -5.229853283670159669e+00 -3.528811552726227152e+00 -1.494328053694234271e+00 -2.057578199152073495e+01 8.463936557207359934e-01 -8.966522700520886957e+00
-9.870873578492043521e+01 2.715391297000881821e+01 -6.154429848582831042e+00 2.387174239684664911e+01 -1.155179513685846615e+01 2.174699243692394290e+01 -1.010159092639779743e+01 -9.005200861705264792e-01 -8.343567471677790337e+00 -3.177566259643368696e+01 2.310983901801822338e+00 -5.044351976454487740e+00
-4.976613933692163982e+00 6.706973358004557895e+01 7.291349121327016292e+00 2.184550784277461588e+01 -3.341450705196742810e+00 7.331939628739826631e+00 -1.265339838123778904e+01 -3.364743742260678516e-01 5.975420425665337376e+00 -2.064317956658256392e+01 9.386673864614213159e+00 -1.948665960337005032e+01
1.633555126068854690e+01 6.702200249224682693e+01 2.689562091789164811e+01 7.304363144562029397e-01 -1.318932444992263875e+01 2.808808739439103164e+01 -2.808861707849989031e+01 -8.786764592228850645e+00 1.409335460674884288e+01 -2.566243768820949711e+01 2.524964862634542229e+00 -3.389064126497869367e-01
-2.370461263093063486e+00 6.450095676449572579e+01 3.932951152869625133e+01 -1.054480606707682400e+00 -1.376891389147206013e+01 3.662413914076251586e+01 -2.194044751210848432e+01 9.123914608827599082e-01 1.058891978605002748e+01 -3.167106783120455304e+01 1.676492797805370571e+01 6.847323388381887810e+00
-2.550437808551223995e+01 6.173799835677104397e+01 7.428857380215785611e+01 -4.158544465430122017e+00 -3.740580066741925336e+00 4.720744763918050069e+01 -3.079445903915311078e+01 -1.010443259299198715e+01 1.180022669859508433e+01 -2.805999663366733188e+01 2.120016262595273560e+01 1.126568788671402999e+01
-3.879135923257254603e+01 4.688781143027051002e+01 5.314281735633028347e+01 3.225353968478625433e+00 -5.335156592292899624e+00 4.714068514270185517e+01 -2.333181167544762502e+01 -9.532473150355446734e+00 2.087901401732563045e+01 -2.362793145599192712e+01 2.464771052316555355e+01 1.672530551214347128e+01
-6.567669478646682535e+01 1.189410191616526191e+01 4.089921479226177325e+01 -1.076617309328969441e+01 -1.118367177217796105e+01 4.636194980049082659e+01 -1.148952491172480705e+01 -1.066622341726575129e+01 1.770886073986543607e+01 -3.405377747329126947e+01 -4.734663716827976820e+00 -1.693727601578150654e+01
-6.980604960149891269e+01 3.250648858777604744e+01 5.201142888245598073e+01 -1.437410274347485739e+01 -3.501552901022032760e+00 4.891184375779430837e+01 -3.953962200343373468e+01 -1.002163562844056521e+01 4.208668266003934733e+00 -4.342606714815570967e+01 1.424512560707067088e+01 -2.539592522202836378e+00
-8.551025381447007589e+01 4.801696469153373670e+01 5.679406478838960481e+01 -2.223763508459314586e+00 1.802145151261155220e+01 6.049619687619565411e+01 -4.053223988988754911e+01 -1.924304582439837574e+01 2.170865320622317185e+00 -3.403755550230245319e+01 2.919559702781688770e+01 4.158887666489897939e+00
-1.004648586074001031e+02 8.328081735814940600e+00 5.118784886032386794e+01 -1.918710496438590241e+01 -7.262193538575136387e+00 3.289657307850745838e+01 -3.675472617462952485e+01 -2.215008311988915324e+01 1.250825336525931064e+01 -4.870499524338777064e+01 1.450684815707228736e+01 -9.669330372369744353e+00
-1.198554520467165787e+02 1.894444794566757651e+01 5.974906716111703275e+01 -3.423456049681518287e+00 1.236407528293708147e+01 4.772292943935337206e+01 -2.678511261798686149e+01 -2.007751866876948910e+01 2.366332664187539336e+01 -3.728827990589817176e+01 2.622917092363173452e+01 -3.727000546822330840e+00
-8.318322639369677063e+01 2.473354760244050965e+01 5.591898882945612570e+01 -7.629667665083101902e+00 1.748018946401076690e+00 4.139709681586694501e+01 -2.131303133199006083e+01 -1.505287011462760383e+01 2.145017384973063201e+01 -4.160150392809174491e+01 2.179799082206303495e+01 -2.592179033090532769e+00
-3.715832590999996654e+01 2.527728403057616546e+01 5.071322161257461403e+01 -2.413761771043334647e+01 -1.458468228867957350e+01 2.745571558331242557e+01 -3.228941318674725380e+01 -1.268010583982642814e+01 1.626634812196344271e+01 -4.362468031828348813e+01 1.330636278898880498e+01 1.018722424377703994e+01
3.002280626707304378e+01 2.009470448215752469e+01 1.827139278612318662e+01 -2.753491981318726900e+01 -2.824302923648055952e+01 1.443331763539561940e+01 -3.597095250281140011e+01 -3.036388213917100387e+01 3.358975539707036440e+00 -4.371041030051020471e+01 6.813324981636564637e+00 4.268808813093969867e+00
2.064154172443216595e+01 3.886997974830339331e+01 8.434036482281310754e+00 -1.566801148761652129e+01 -2.330159495275082548e+01 3.153462623638562778e+00 -4.214546350421655063e+01 -2.875958041259726272e+01 3.488859046598882685e+00 -3.760324284445130161e+01 6.251836240052893956e+00 -5.276420622408716454e+00
1.758933405130872174e+01 6.823040024572652840e+01 3.287964286132668690e+01 7.204886530150323765e+00 -2.507326633437222085e+01 1.820070827520015655e+01 -3.461843585666856882e+01 -1.387814384879398766e+01 8.993563575632812501e+00 -3.707944263720594336e+01 1.237598345154325763e+01 1.493058981660774442e+00
-2.471799970930010204e+01 6.736784909281978173e+01 5.279639036733362190e+01 7.499861105299114428e+00 -2.620022241903525639e+01 2.776335756413826772e+01 -3.962799845379184660e+01 -9.585789488725287910e+00 1.632534372792647570e+00 -3.151339859671060495e+01 2.897394082381409675e+01 6.504863921705718255e+00
-3.485121888459997308e+01 5.255105735282840840e+01 2.452636876525083665e+01 2.162861573726775077e+01 1.446898604183120218e+00 3.917510544208030865e+01 -3.474275895789436674e+01 -1.063475839047330673e+01 7.583847907092393648e+00 -2.932226597770004517e+01 2.366638747941103560e+01 4.108038040520400003e+00
-3.658175390487647860e+01 5.428638717962842009e+01 2.300287178860605408e+01 1.800612107273989793e+01 -2.098988195429922499e+01 2.633519547037282393e+01 -2.393117328520991549e+01 -1.636153209329684444e+01 5.155306341861665587e+00 -2.916671671662533072e+01 1.267017930175291340e+01 -2.190040030534729620e+00
-7.899089553933220031e+01 3.610854643604068315e+01 -2.351752105539288706e-01 5.525150316900623970e+00 -3.266629518263129484e+01 -9.461375181872160312e-01 -4.303034950157424987e+01 -2.907926823549322393e+01 -1.460022441918622960e+01 -4.016878148946145188e+01 1.632047936293290480e+00 -6.373348631152805588e+00
-8.152203976727597023e+01 3.771639206957837587e+01 3.791802583940862448e+00 2.094868218383572156e+01 -2.111004725288950823e+01 1.179768111368506567e-02 -3.279397425359265839e+01 -1.059603508177042563e+01 -6.280095642614007545e+00 -2.580098882381052405e+01 2.282172440062078422e+00 -1.412369133731980142e+01
-6.417469813200794704e+01 1.608049428831438021e+01 -6.870216766276435294e+00 -1.373729173249777347e+01 -2.202436517910960845e+01 2.454106035767349425e+01 -2.093381151475839630e+01 -2.700308323370701657e+01 2.648681099117824189e+01 -2.583306555202884169e+01 8.354385963351907307e+00 -7.747579416600869351e-02
-8.142877386969863096e+01 -2.242342049786707392e+01 -3.175661200390297978e+01 -5.722523860831103093e+01 -5.114692407417823716e+01 3.769125779942026799e+00 -5.663876678218924354e+01 -3.826410831262299439e+01 1.851553324439580805e+01 -2.138734721644818393e+01 3.610240288645598383e+01 1.606481778089837675e+01
3.295402009233353624e+01 4.005212804920547853e+01 -3.144892914022899610e+00 -2.043322798713800381e+01 -2.314673787365610735e+01 -1.577305586719426556e+00 -2.211018331459128206e+01 -2.288541848327007244e+01 8.958907174406665064e+00 -1.789304443941171030e+01 3.709491593525239495e+00 -4.125973293139541198e+00
5.242388918198579972e+01 4.772054609568705530e+01 6.936934411751138008e+00 -1.203835944372844402e+01 -1.724882520882792747e+01 1.173113418077599057e+01 -2.931083692902649673e+01 -6.000892614583602125e+00 1.175589507961311853e+01 -1.014440840405966426e+01 3.486022386301284826e+01 1.187224200448856948e+01
4.921349425627978746e+01 1.460171844097822635e+01 -4.208971868438365505e+01 -4.652904926740454528e+01 -2.627181676243219854e+01 9.438080115798790359e+00 -3.272507851930688361e+01 -1.868740983648091003e+01 1.943907448355211898e+00 -1.676923212684321385e+01 3.600329378854750217e+01 2.478161757738377435e+00
5.531665753644798400e+01 1.931364391748402554e+01 -3.281447669930803102e+01 -6.028391474117245963e+01 -2.579882002717153000e+01 1.967104925194375653e+01 -2.053454888844236237e+01 -2.025146065437576226e+01 3.044332721224721205e-01 -2.816353813269801165e+00 3.735463031631043407e+01 5.246912360872176606e+00
5.523068098544506199e+01 1.033071388959018844e+00 -5.538146898034730015e+01 -5.446056734375160602e+01 -1.696299475995814987e+01 2.232800638234030899e+01 -3.127576437685128852e+01 -1.336615075728213320e+01 1.207202300759494307e+01 -9.363350877436539932e+00 2.824351723176469164e+01 -9.311196321242196206e+00
5.309925255526424337e+01 1.287521514751285778e+01 -4.978691124118859079e+01 -7.103684827343523978e+01 -2.348826038139777239e+01 2.761531406553408630e+01 -3.161365099387638011e+01 -1.179948434334312779e+01 -1.792178897909024737e-02 -1.346660974074891470e+01 2.904176003671574335e+01 -1.086279946230684423e+01
6.627316122441483515e+01 1.404008707970248437e+01 -3.399263019757817972e+01 -3.220869984400265196e+01 -6.433435767641466185e+00 4.001477646788011100e+01 -1.319319542213079188e+01 -1.085619540103835767e+00 2.153899948227004302e+01 -6.304332676451838147e+00 3.186786463001439529e+01 -1.070613302019596347e+01
5.844718821868599434e+01 3.165827968523930114e+00 -5.137490521059498860e+01 -5.631646669313725795e+01 -1.995668108338438529e+01 2.994890038923107056e+01 -2.776988590328330631e+01 -1.054706886297943846e+00 5.975444958729728029e+00 -9.263289339533280042e+00 2.220724745902570874e+01 -1.152107744969880798e+01
5.240440771075932958e+01 1.157669330965461896e+01 -5.078277038972024116e+01 -7.090816406114328174e+01 -1.705683075839752050e+01 2.257510333335243047e+01 -3.594243636924362306e+01 1.604466543791738253e-01 -4.259225968851589883e+00 -1.164643000776300141e+01 1.261735149671162048e+01 -2.269047841609425120e+01
6.229800521664060398e+01 2.229596685577634929e+01 -4.553724266696964662e+01 -4.551035921681830843e+01 -1.667101792892551515e+01 2.174217113537994805e+01 -2.370537455790307746e+01 6.569966078654265296e+00 3.494728001245940963e+00 -1.215181384196138126e+01 2.351630568689757439e+01 -1.198536799143849940e+01
2.973302614524975596e+01 9.113362616827929585e+00 -5.499482063045451952e+01 -7.081944100289328503e+01 -1.527386521329833968e+01 2.483196212023355276e+00 -4.281848944374919341e+01 -1.551151776512590885e+01 -6.460955552342964481e+00 -2.339433368224840848e+01 -4.739295454660303442e+00 -1.785012445493543254e+01
3.138657995074090934e+01 3.518405843418706525e+01 -3.035025370404241585e+01 -4.141468878143801646e+01 1.592678025058201996e+00 6.914473323647779779e+00 -1.823568133305257533e+01 -2.709128787685132433e+00 1.305275028530663661e+01 -3.062616847654538788e+00 1.815189633392811785e+01 6.721229270985880078e-01
2.386510951203585051e+01 2.586230899963383223e+01 -1.422532842507448692e+01 -4.965861002780715694e+01 -1.824890980829138698e+01 -6.600329052463161261e+00 -3.186629640580916600e+01 -6.134338086120706635e+00 1.051754991643943704e+00 -2.022211005353021562e+01 6.236056044151643718e+00 -1.731070805453543926e+01
3.065456837626758357e+01 4.452153328101039875e+01 -1.687573863027646226e+00 -2.806333298037035462e+01 -2.016790688754322147e+01 3.730793167258354970e-01 -2.942063622162574177e+01 3.131045650315045226e-01 1.706169965151982737e+01 -2.215631367181402567e+01 9.120081967414742863e+00 -1.612809461265155164e+01
1.428426772284683111e+01 2.605286848332884020e+01 -4.501285528191020902e+00 -4.509554424754341539e+00 -1.209258233180787379e+01 8.863358233801783115e+00 -1.985461049405112277e+01 6.561285035593916071e+00 2.594406097332011640e+01 -8.768207282032854266e+00 1.674272584401171571e+01 -9.260522438763745257e+00
6.890228736013119804e-01 3.613975051254519144e+01 3.500289449925086949e+00 4.533948501729442859e-01 -5.608406800202325293e+00 2.246838410884782178e+01 -2.193434922006616716e+01 -1.237277815765816591e+01 1.890326480807601683e+01 -2.010458217397645342e+01 1.636189630270758144e+01 -1.924038848682160463e+01
-4.630987534035464392e+01 -4.076652090862618927e+00 2.256677954713897805e+01 -1.995972370455656275e+01 -1.874205013952309784e+01 3.464129060129818072e+01 -3.588100991955408148e+01 -1.592410955202333334e+01 1.724695726720533884e+01 -2.063197251101689034e+01 1.018575777823865636e+01 2.677960267067160949e+00
-7.474735733343149491e+01 -3.092449285062071596e+01 2.080009816726817462e+01 -9.075250767544499553e+00 -2.984451724917619941e+01 3.536947086471392510e+01 -1.366863928693159025e+01 -1.533918824905533640e+01 1.235660862438137286e+01 -2.977939352285277863e+01 1.238570388099862640e+01 -8.739950194700483621e+00
-1.137001697680994994e+02 -3.529879897378624065e+01 4.536031041900835703e+01 -1.227619717929221110e+01 -3.015444442215786580e+01 3.031251402850808674e+01 -2.890725173906509582e+01 -1.497500249728929589e+01 2.303769843182568877e+01 -2.577073716363809552e+01 9.136925594076892310e-01 -1.298554066781544414e+01
-1.288872920068660051e+02 -5.112907097084492847e+01 4.302951822796174497e+01 -1.027498833674432532e+01 -1.128919353344557308e+01 2.923929637533386483e+01 -1.535024619006116531e+00 6.497507606867053198e+00 2.535639970837898360e+01 -1.644327592757365508e+01 -2.767557791194115602e+00 7.412517130624021178e+00
-1.389889819778944116e+02 -4.557317290372246532e+01 5.556649749259686644e+01 -2.149879145282211823e+01 -3.232686487318183310e+01 2.141087287796784722e+01 -1.251986773333899094e+01 -8.945383662542157666e+00 1.214014098973672517e+01 -2.942870373286276475e+01 4.597387245043869974e+00 -7.991313623889968909e+00
-1.237350943953299947e+02 -5.666099525082020705e+01 5.533568195456986416e+01 -4.159244180266276736e+00 -3.548065315789352780e+01 3.294956878867666461e+01 -7.164529250372755342e+00 -1.419678726203737540e+01 2.755338179672363097e+01 -1.830882851976404524e+01 1.522431180256473837e+01 5.052345533909973874e+00
-1.233301748559812410e+02 -4.633128230264061642e+01 5.590196775678315078e+01 -4.812530696269583075e+00 -4.843713901765929108e+01 3.165225660729547741e+01 -6.518886410986889146e+00 -1.147417004934652951e+01 3.827904984867357285e+01 -3.074651305292746883e+01 4.812153222794776752e+00 7.100003459839346220e+00
-8.891390861141221080e+01 -4.009038022328347495e+01 5.140101090041522980e+01 -1.823423427604269165e+01 -2.154640104452107607e+01 3.439834604657262673e+01 -1.196247641931785211e+01 -1.233629968461124449e+01 2.777472706240741473e+01 -1.172043429447217733e+01 -3.788784427133541910e-01 2.382642533901451198e+00
-1.343274511395916022e+02 -4.363637198309744747e+01 5.615107501630464526e+01 -7.196436225661001274e+00 -3.039681716995534089e+01 2.774366170369151163e+01 -2.570127402221435986e+01 -2.281878191606717010e+01 2.596484676306369010e+01 -2.078463258325279384e+01 4.275327981990458603e+00 7.292280325847833922e+00
-1.635374643099652872e+02 -6.644130907581242695e+01 3.858173181412223585e+01 -1.089192774386386908e+01 -3.383772213923224825e+01 3.323849595353564723e+01 -1.167427748777459229e+01 -2.460976267341906443e+00 4.278643117422743103e+01 -2.168950057072495952e+01 1.394585705127344610e+01 7.781569587255171783e+00
-1.703186687067849903e+02 -7.092751075749293932e+01 4.280831290401570044e+01 -1.269227156899873421e+01 -1.493407037363247092e+01 2.830145576286098574e+01 -1.268330331796983046e+01 -1.312029038241276169e+01 1.662818499945008455e+01 -1.709176645268970418e+01 5.909204182241839298e+00 -5.034466318356698444e+00
-1.491620447959205364e+02 -4.837867394553233424e+01 4.989577571627778241e+01 5.103395450632049801e+00 -2.616374575542680958e+01 2.801965042770783754e+01 -2.253279752662935209e+01 -1.520409450316357969e+01 2.798671595852731642e+01 -3.137376837968393062e+01 8.684863626349230259e+00 9.875852165981896746e+00
-1.408013277196528179e+02 -7.938203796499482223e+01 1.940968211927958009e+01 -2.205139299149477239e+01 -4.690682779657726087e+01 -5.180155273457773824e-01 -3.699518557629280480e+01 -8.866938342648525762e+00 2.539726028106362676e+01 -3.110957917635957770e+01 3.319415499965449268e+00 1.471552865986584191e+00
-1.213384974359153148e+02 -4.773970966485840961e+01 3.664227618199925729e+01 -1.104674435262836241e+01 -2.253571131663609606e+01 2.065934893277538009e+01 -1.923205213823232995e+01 8.587466563853448420e+00 3.556960217507732835e+01 -1.740889902618443585e+01 1.518043747074031025e+01 4.655596980580688715e+00
-1.106933740843236933e+02 -4.775046559109720334e+01 1.792456320065410580e+01 -2.502252277258061142e+01 -2.346992581895031194e+01 2.315837428545791710e+01 -3.472054742342574940e+01 -7.152003307956006140e+00 2.609622653672924386e+01 -3.325932681139295255e+01 2.631823107747117696e+00 7.988214368365702533e+00
-1.202771686855722919e+02 -5.978674795418488230e+01 2.739005415268746191e+00 -2.837889647991603681e+01 -4.742733170547721500e+01 3.165935326799185656e+00 -3.835005648310099957e+01 -2.083815241168383636e+01 1.464041134447750636e+01 -2.291474184855284690e+01 4.516171100722431220e+00 -3.392553247922406534e+00
-1.084663954697271038e+02 -5.843172266614040211e+01 2.712416333114971323e+01 8.337545172111791913e+00 -4.434759692478612436e+01 3.785483922022289249e+01 -1.034346246904222255e+01 3.247881488974695863e+00 3.033283889570033764e+01 -2.680805969503093422e+01 3.350610370892082024e+00 -1.603407982749491367e+01
-7.025363308971014931e+01 -2.974299858129806040e+01 2.002583711895860219e+01 -5.558953096761136692e-01 -3.974708664321011042e+01 1.089189210335997160e+01 -4.018471602453295333e+01 -1.248478442264682009e+01 1.646904262073179837e+01 -2.316050030375484425e+01 1.306869004286852309e+01 2.139848030138558066e-01
-9.483383258828891371e+01 -3.884734059722511290e+01 2.771394520640786396e-01 1.867794167921841364e+01 -2.333064000342762512e+01 2.543856337520276156e+01 -2.183251626926152511e+01 -1.621812579989178360e+01 -1.152525909364880974e+01 -3.025599371647090408e+01 1.194577564377681611e+01 -8.615068512315222193e+00
-9.596138893887496124e+01 -2.189099387305910227e+01 -1.114387567814056013e+01 2.010637348605330388e+01 -2.879960520448232586e+01 1.732954755074073461e+01 -1.594268659496239593e+01 -5.315977795018721253e+00 5.981583550560474194e+00 -2.166821528588631907e+01 4.753804669656383375e+00 -1.379726337960351223e+01
-7.531883341152342837e+01 -2.574420240803625415e+00 -1.445226863045587962e+01 5.736361271148801677e+00 -2.745625691396141121e+01 2.020632387045186107e+01 -1.059117518799559221e+01 -1.247044488150593367e+01 7.700385196333761506e+00 -2.096829687363424455e+01 -7.546432429663259001e-01 -1.112448116922296393e+01
-1.038767273296299578e+02 -9.274478589660038352e+00 -1.963458368681389388e+01 1.790788351426233049e+01 -4.050024655533017182e+01 5.618543126204796678e+00 -9.633013426202726492e+00 -1.992039464057233644e+00 2.141414317424619185e-01 -2.893549057293360249e+01 1.131361160618067530e+01 1.066318705096338970e+00
