-1.122197113393663699e+02 -3.116014753457716502e+00 -1.449423680323136665e+01 6.202078408147694510e+00 1.159742066088382018e+01 4.840283114243407958e+00 5.196849530946193063e+00 7.637683766032012933e+00 2.985745718702768414e+01 3.204185030493089670e-01 7.259003060419941811e-01 -2.657012365189152181e+00
-1.140700900999600833e+02 -3.248168465510405500e+00 -5.466363833455361920e+00 6.325772155442649591e+00 -5.847375813861821037e+00 3.422560951657738215e-02 1.163515272161577485e+01 -3.299179631354751230e+00 1.500819772964020160e+01 -8.126552515271999511e+00 -1.190553635304956792e+01 -2.978279436836638983e+00
-3.407039071824618048e+01 -3.882918068672254464e+01 2.588489204475477123e+01 -1.169211513339449482e+01 -8.452636670614928960e+00 9.885009001543423324e+00 -2.939755886651203554e+01 -1.559963279834448713e-01 3.010011810906489416e+01 -1.554521744213446688e+00 -1.623326345434276519e+01 9.496297344899706783e-01
-1.281274248125725634e+01 -2.796627766971661089e+01 2.959540776798658968e+01 1.267944868589031326e+00 -9.288540097272958818e+00 3.779874992189409966e+01 -8.921658042311634063e+00 -3.414543476381010301e+00 3.257162180546783503e+01 -1.151998586847922557e+00 1.414696495656601449e+01 3.468425209066210613e+01
-5.028939976734528017e+01 -5.029073904415921703e+01 4.785915689940361517e+01 1.638815206073052266e+01 -1.797254292206523552e+00 2.600033120811109910e+01 8.040207187353422214e+00 -7.834899371016475378e+00 3.801893607607600245e+01 -1.246636240552853714e+00 -2.451022320627947337e+00 2.365152961081427208e+01
-4.061216484059141862e+01 -7.054437296188736184e+01 2.820145878447928567e+01 1.215346426613745656e+01 -7.157775805949593284e+00 4.670158448737909751e+00 -4.745944896680134306e+00 -1.573313027388308427e+01 3.041302766873270613e+01 -1.020187218479319213e+01 1.180509156344584198e+00 8.487668309783373388e+00
-7.056181464818320137e+01 -1.234556378374821151e+02 1.601023075842726939e+01 -1.272259780663258688e+01 -4.433739303239624974e+01 -9.652648452185015771e+00 -3.020640122708735475e+01 -2.669570211598842491e+01 2.853911012061485053e+01 7.154706855871222793e+00 -1.783988996568209195e+00 1.042431049921786723e+01
-1.880904752696253723e+01 -1.159511938986503452e+02 4.749765344577008364e+01 1.413741245748791542e+01 -2.691414388728092177e+01 -8.789749679338326516e+00 -2.942379824793876963e+01 -2.569255050169663335e+01 4.359893298743101298e+01 -6.938890819261148479e+00 3.189837712782916945e-01 1.544693444354980016e+01
-7.695726451991407657e+01 -1.102888564900958670e+02 1.500043147363962426e+01 5.097590678679816634e+00 -1.222498100620248707e+01 7.401684580625500942e+00 -2.292847447466860444e+01 -1.685236762886620809e+01 2.890636650052668699e+01 7.212114414870233858e+00 -1.534053324588117206e+01 8.842756870357446175e+00
-7.234013608953807406e+00 -1.111069500873019535e+02 5.357170647612967684e+01 1.391773560277870203e+01 -2.106385396415476663e+01 6.589174535332455562e+00 -3.916891419946689101e+00 -1.504791381015784069e+01 3.546423335219267869e+01 7.645734160249806344e-01 -1.822843819610871563e+01 2.327927869153513463e+00
-1.622673757369683001e+00 -1.309348961751739751e+02 4.811796653019828796e+01 1.665681694354586995e+01 -1.693770782153182353e+01 2.110688127260000968e+01 -6.684803957160935894e+00 -3.325278725862073514e+01 3.327424841580797477e+01 -3.867500344501162424e+00 -1.938821130425104400e+01 1.053589844529250286e+01
-2.252409694060773759e+01 -9.476407161812595348e+01 4.640954409125768620e+01 8.975823840610285487e+00 -2.222603621385210459e+01 1.824129702187454782e+01 -4.479167229289237717e+00 -1.725455385957926779e+01 2.097032363207807393e+01 1.009064461397643342e+01 -1.977450127460861751e+01 -6.382494911695015816e-01
-2.026307180295499499e+00 -1.293010816180816391e+02 5.384249915623501437e+01 1.124390057390456832e+01 -5.036474487733338279e+00 1.239031366073406915e+01 -8.419803253666341192e+00 -3.057632346088832875e+01 3.469545266192795907e+01 4.154011098624181386e+00 -2.041823426000799913e+01 -9.138901715124680081e+00
-4.811855920017995913e+01 -1.584010364110594935e+02 4.548518037314047291e+01 2.324919766204609317e+01 -8.802949250881557663e-01 3.196704870612622429e+00 -4.913248596118243938e+00 -2.154660200270273407e+01 3.033909941530652787e+01 3.936604463746270266e+00 -1.403939249475895146e+01 6.374949878420483884e-01
-1.400850262515451448e+02 -1.712776332141806392e+02 1.378318247040180111e+01 5.815766170185958650e+00 -1.515482018505590389e+01 1.505922985823585947e+01 -2.164786603340505167e+01 -2.555996786420413258e+01 2.254463569190893679e+01 1.913220061824048912e+00 -2.168733162724856456e+01 -2.110303756806410913e-01
-1.510017538218375535e+02 -1.819571890797050173e+02 5.974136143491075046e+01 3.958211805064890854e+01 2.365324327261233606e+01 2.280330312016506156e+01 -1.568361139150663064e+01 -2.793322546976093435e+01 3.981034975973767587e+01 -2.738015526225154872e-01 -1.065556347252487690e+01 2.900519977022364859e+00
-5.544283590251568938e+01 -1.220068173691068409e+02 5.483874031398716653e+01 2.114254485712336873e+01 -1.359629771614538640e+01 6.105649591762425388e+00 -7.527457562463458984e+00 -1.362651279444498797e+01 2.882311084369953846e+01 -7.329920011131050295e+00 -1.101466973473619682e+01 3.019888747762683234e+00
-1.198733584272385144e+02 -1.289124505263171727e+02 5.434271586515649233e+01 3.357614647100006522e+01 -1.053942443351436431e+01 8.795330765780029481e+00 -2.058948159826201163e+01 -1.767851977621369031e+01 3.743601712403061299e+01 5.135001983663530112e+00 -2.439158267066449426e+01 -4.257178315654889467e+00
-6.514640515798402021e+01 -1.604745812400306590e+02 5.167673166813423791e+01 2.773967609998327788e+01 -4.726862544906618169e+00 3.239931783806312637e+00 -4.387151856436723563e+00 -2.217404973494660325e+01 3.496498545269320601e+01 -6.798028593852668777e+00 -1.625895416942366012e+01 2.600732468592359847e+00
5.823002590622987640e+00 -1.442937126136544919e+02 4.622670570372770271e+01 1.473852650411870613e+01 1.669958687311049683e+00 -1.041528090452084276e+00 -6.479443722964413510e+00 -1.761560496251290431e+01 4.669071224329928782e+01 -1.772360681476387256e+01 -1.508914635099499080e+01 6.344472108357562590e+00
-3.034108134255166789e+01 -1.418601780080791173e+02 2.713219726621467842e+01 3.365727936249000862e+01 -1.706520435510845601e+01 -4.826706687960713893e+00 -4.360641207349269166e+01 -2.957298685813055528e+01 2.862145078262538078e+01 -1.765877066348820534e+01 -1.649878197212902009e+01 4.346266457589213594e+00
3.943653801734153319e+01 -5.286797814616262770e+01 5.791859808104047858e+01 3.985979994118164882e+01 -8.631206102473727881e+00 1.316681793170383941e+01 -9.732547281370965919e+00 -1.346194313791563779e+01 2.944257374356908485e+01 -6.127525472650078520e+00 -1.519681940506240458e+01 -1.433622458418228085e+01
9.860776264392586654e+01 -5.815493314954465376e+01 2.707775920776024492e+01 5.258141369015397970e+01 -1.850948370681999933e+01 -1.691925821146931952e+01 -4.827527281551145677e+01 -4.347826083627255400e+01 2.735829518161969531e+01 -9.732395503613908261e+00 -8.775909504914308101e+00 9.865490600191410664e+00
7.520146515143184729e+01 -7.604815149190082479e+01 4.396793882989061153e+00 3.005468727028823039e+01 -2.436763158284000497e+01 -2.463192457177171235e+01 -6.172827550445543920e+01 -4.781800747047483213e+01 2.063930794447896133e+01 -8.396203956058073459e+00 -4.568967436471375265e+00 1.318495530343568234e+01
3.656904994346183457e+01 -3.301919974510219191e+01 4.936670684700868605e+01 5.287029434505780046e+01 -1.972525770253904653e+01 2.592573767518240757e+00 -2.229762679815220139e+01 -1.455508762090205011e+01 2.682265273165103281e+01 4.955512297944646427e-01 -1.595991931516968343e+01 -5.313765052426518309e+00
9.822512004008726194e+01 -7.621670113144443803e+01 3.114996120489848508e+01 6.795938828298635315e+01 -2.612570434586495338e+01 -1.632578571630276443e+01 -5.432951470717335951e+01 -3.388994186958863253e+01 2.497804792731605517e+01 7.797359467581378212e+00 -6.617005883544702982e+00 -8.723036291499455253e-01
6.036396922791716690e+01 -8.121343917323721939e+01 7.471041987777617521e+00 4.078850730406995240e+01 -2.253628121190942579e+01 -3.899469830604236620e+01 -6.354824060765380267e+01 -4.310246715138967488e+01 4.714289407034645940e+00 -7.658377788104073325e+00 -2.234432240170806594e+01 -1.751854437587136104e+01
4.573598876246288114e+01 -6.598072053952131455e+01 3.095089781777384808e+00 2.410801237177216905e+01 -1.629639555689315245e+01 -2.394072810520799166e+01 -3.217487519418162378e+01 -1.788363766285901590e+01 6.401781282112578353e+00 4.112389072004230428e+00 -1.422246492485619385e+01 4.683381457252743907e+00
7.437904765743068936e+01 -7.835091617611493575e+01 3.459255218164497592e+01 4.049601334033128808e+01 -1.996485293736881772e+01 -2.066137380289023184e+01 -4.623756011456872983e+01 -3.269565628084707498e+01 2.874369676392635853e+01 -7.983603581683069272e+00 -2.053974529131865268e+01 1.846399172819918721e+00
4.168331001586216189e+01 -7.064289610712620515e+01 4.024494935301091658e+01 4.363229605054395677e+01 -1.536317105660457116e+01 -3.033961873678646270e+01 -5.333322388366055122e+01 -3.621739541408989993e+01 2.280876661497060809e+01 -1.458037372372351648e+01 -2.357982717666196493e+01 -9.301498690367974831e+00
6.828090550697186245e+01 -5.665816508277482910e+01 3.707218056302195919e+01 3.749642761483587350e+01 -9.501171690414014215e-01 -9.059093184496610718e+00 -2.871171538924264155e+01 -1.320120376944554152e+01 2.655000222500045481e+01 -7.330362410316253019e+00 -1.768249898639592033e+01 -6.679508671004251497e+00
5.118348962086253096e+01 -2.323970893155027184e+01 2.782338447276063675e+01 5.793142156996188419e+01 3.159532178283978698e+00 -1.844179079020634493e+00 -2.540823101066878564e+01 -2.650873126789572609e+01 5.859547097024435658e+00 -4.248292067190831744e+00 -8.837133992623002143e+00 -6.820656837243687320e+00
1.018368928729492318e+01 -2.872577985805162015e+01 6.762626501549434899e+00 4.845004563551304955e+01 9.601739822232897126e+00 -1.729314485077274099e+01 -1.651621536257723477e+01 -3.101015240016649699e+01 5.712568446410479228e-02 -3.625790711890780837e+00 -1.051331284723528015e+01 -1.789374408694135354e+01
-1.166727041285864708e+01 -2.900725517860314540e+01 8.725607350513151061e+00 4.969390185541004712e+01 6.092991871154018746e+00 -3.310953918241301608e+01 -4.180467748185483856e+01 -3.008189800617723719e+01 1.837127008307511744e+01 1.206200402425987406e+01 3.232740154333546556e-01 -6.266461747657691816e+00
5.702087604517728892e+00 -2.320792247210847847e+01 7.860489233403585629e+00 5.439381614315823299e+01 6.841574874014641594e+00 -2.139125758090679241e+01 -1.998547333481398169e+01 -2.738932027032689831e+01 1.469557198906552031e+01 3.009567695605134485e+00 -5.071050074214401349e+00 -7.032168314686384036e+00
-2.263489575771967921e+01 -2.311030131256842779e+01 -1.923458609800545815e+01 1.963898872686534602e+01 -6.452155212741374157e+00 -4.070629744405827921e+01 -5.014326421335642436e+01 -4.113701094232120425e+01 -7.646062648535030704e+00 -2.138782738142423057e+01 -2.343998708579916723e+01 -2.871100676810756980e+01
-2.207746495218228944e+01 -7.702911437970701769e+00 -8.461758921168033964e+00 2.749036737063833158e+01 -1.091489808389000693e+01 -4.818887106570450385e+01 -4.512923526256821560e+01 -4.132573821798646918e+01 1.353080473559638897e+01 -6.036507752465920973e+00 -2.011428530505113343e+01 -3.262026018436063168e+01
-1.811793459315595101e+01 -4.615755736635068551e+00 -2.474163726727924395e+00 3.617073889075336268e+01 1.390870756637771422e+01 -2.230142439762620299e+01 -3.585516389731500908e+01 -4.754474798829870963e+01 -3.054080605040631280e+00 -1.115413572132312758e+01 -2.005217557163905084e+01 -2.410563543066957948e+01
-2.403435889429178118e+01 -1.381826396708264326e+01 -8.268203908167446770e+00 1.208254593287343859e+01 -2.335798910646610693e+01 -2.270708480899335058e+01 -2.747144143133793648e+01 -2.527052262896334867e+01 6.799053783119626715e+00 -1.429274271174520194e+01 -1.961525801748105380e+01 -1.582699250171858907e+01
-6.501578617515724545e+01 -6.321639975758727559e+01 6.395476489160154188e+01 -1.608986709394265802e+01 -2.551355866418141716e+01 2.684740001383137553e+01 -1.343304867236502886e+01 -2.036559346551598537e+00 1.250613144253916076e+01 -1.478854299343151268e+01 1.047836976263377373e+01 -6.108180681221679897e-01
-8.544282962762957823e+01 -6.189378817830190371e+01 6.505259167206428117e+01 -1.463117852525124540e+01 -2.280918884577282313e+01 2.743308345968979012e+01 -8.259579224919150420e+00 -7.347462897919024627e+00 2.244838772423904416e+01 -1.394917408460530339e+01 -9.388819978745726047e-01 5.669230017461033277e+00
-1.525533550444264108e+02 -8.555053883974613882e+01 7.206851776439700075e+01 9.808580060130365652e+00 -2.316387851073921667e+01 1.062677399904715969e+01 -1.635459530625727353e+01 1.087446321342123712e-01 2.887265710546430597e+01 -1.455338017562946185e+01 -1.334521353115566811e+01 9.307024129648972632e+00
-1.244375243650614209e+02 -8.481291661958348982e+01 6.254712463325165572e+01 1.372497684571937704e+01 -2.515523332596403705e+01 3.272027189361752075e+00 -3.406757922975992336e+00 1.335187098171866982e+00 3.120293471891669768e+01 -1.762514415727418537e+01 -9.163084572191095845e+00 -3.902577382648606541e-01
-1.107557093043433269e+02 -8.103068085085297412e+01 4.440913594976665024e+01 1.834573017893238855e+01 -1.216256481829949543e+01 -2.480442730292105047e+00 -5.794552043450050149e+00 -8.179806771453897341e+00 3.804666196421970881e+01 -2.176087708447489888e+01 -1.063709181709800156e+01 4.749779736899815141e+00
-1.506523932916814488e+02 -1.077730420658301398e+02 5.277584198570305318e+01 3.427148508171528274e+00 -2.207437763872728453e+01 -3.017190340988755715e+00 -1.354631524383270325e+01 8.451703672954176128e-01 3.685838198791493880e+01 -1.482709578199909473e+01 -5.831633204240251445e+00 1.698459473085679861e+01
-1.015782573925806531e+02 -1.008463238672373450e+02 5.048659396949814493e+01 8.523292003360369407e+00 -2.860958691605437565e+01 -1.313167019352660780e+00 -8.892740555789647061e+00 -9.906485090741476984e-01 4.431343801844541019e+01 -8.057399430203892265e+00 -8.469055154028078292e+00 1.616772457819319087e+01
-9.782725030003182098e+01 -1.031330026255379835e+02 5.798449861269023131e+01 1.731527565594591067e+01 -6.201340655828349924e+00 -3.959861073294012712e+00 -1.257700821941723035e+01 -3.079367870076245683e+00 3.322596312837902133e+01 -1.642486979041847661e+01 -1.721626187558482357e+01 8.901134152693341406e+00
-7.945415592061937105e+01 -1.042733423392203775e+02 5.837776163010431674e+01 1.481156439972000882e+01 -2.070608590725007581e+00 1.430401213185680476e+01 -1.504829582257836940e+01 1.033095782677157004e+01 3.416688428615957918e+01 -1.661114216825958323e+01 -1.021186808794863410e+01 1.031153776426228497e+01
-3.184884494020381851e+01 -9.896906365193589750e+01 4.950399424683733685e+01 9.664057176472041988e+00 -1.357729915169629642e+01 -1.856917899676633965e+01 -3.165391539730511283e+01 -1.402656715501348295e+01 2.536293316861283387e+01 -2.126044191318310794e+01 -7.193483882105633498e+00 -9.980915123665079491e-01
8.725668368992932855e+00 -3.435603564308255642e+01 5.685158126856948968e+01 3.156478379365854181e+01 4.802585506627082168e+00 -1.408693880258420350e+01 -1.581496835799851652e+01 -4.567078758596545995e+00 4.003542674796973699e+01 -2.882037866697457673e+01 -7.125735683805430654e+00 -1.783761175596453441e+01
3.621399218951712129e+01 -3.286648990732025766e+01 2.380494422582291492e+01 8.331838630841568616e+00 -3.614627757483628301e+01 -3.143476924047412524e+01 -4.849275257238880954e+01 -3.148435588685673636e+01 2.374673884556118253e+01 -1.785632320346072888e+00 -2.361190263235280895e+01 -2.144328401377009641e+01
5.314060176239438249e+01 -2.941189660351060553e+01 3.428656562208594494e+01 2.863190826411084799e+01 -3.343095446576018048e+01 -1.566266045087314396e+01 -3.302685390850217573e+01 -2.787475633382375406e+01 4.121894707389537160e+01 -4.043215816317080602e+00 -8.402843960809953217e+00 -1.170992218119966388e+01
4.835306187777511155e+01 -3.691433802802843900e+01 3.331294962069173238e+01 1.378437586384746538e+01 -3.619257251109976892e+01 -2.547819244614239764e+01 -3.580564399169887224e+01 -2.671304688051436216e+01 3.037233439167674476e+01 -1.990932862127742231e-02 -8.291454438808260718e+00 -1.508398427107364270e+01
3.527020116481027401e+01 -3.103297170011096640e+01 2.366812303094695125e+01 5.016328484696855661e+00 -3.287930314017725664e+01 -1.758275117540924981e+01 -3.410077868881936070e+01 -1.982019954058492317e+01 3.516829816505270401e+01 -5.495731030987847987e+00 -7.586248580198008185e+00 -1.301766333781750440e+01
6.604320976839417767e+01 -1.831703306679710153e+01 4.202706856220866172e+01 1.695289025818971140e+01 -2.031047510307396209e+01 -1.213485882204503952e+01 -1.353999903710001718e+01 -2.712179046649190184e+01 5.346294425313696763e+01 4.024044536414108642e+00 -3.695544637138251431e+00 -1.802481881056786861e+01
1.916712066485235866e+01 -2.842650695804594108e+01 1.527613554872835877e+01 -9.023883511063242935e+00 -2.652784140024400727e+01 -3.837495845087602220e+01 -3.694254296671807225e+01 -2.350500692072810693e+01 3.169776779172659786e+01 -1.124568158968222420e+01 -2.285132635083869701e+01 -2.245867334300395868e+01
4.403578312318479959e+00 -2.794531124014778811e+01 2.726008175360729879e+01 -1.184853461778620387e+00 -3.235843107187477585e+01 -3.747217716478162686e+01 -4.889370917395235949e+01 -2.309871685674168873e+01 2.977823749737822823e+01 -8.700711210702504417e+00 -1.751879699916069910e+01 -3.436988974275909925e+01
1.509226004801285193e+01 -3.303595375764481901e+01 2.447618884408435491e+01 -1.517171815173746197e+01 -1.938433026247056290e+01 -3.316298347416821457e+01 -2.772271525098329192e+01 -3.665968371886967248e+01 3.243552230829226346e+01 -2.341070754043466451e+01 -1.719776063862255810e+01 -2.285145553587405587e+01
1.130944149304205126e+01 -1.335711145142310130e+01 4.125810841504615212e+01 -6.000591468891686375e+00 -2.918210847883066172e+00 -3.787216888947402538e+01 -7.196735626515007311e+00 -3.116907708720380299e+01 4.093978398041813449e+01 -4.531756012449783100e+00 -7.544431279078581909e+00 -2.038855506353064229e+01
2.164621509160964408e+01 -8.177600414891914582e-01 4.376047138454751462e+01 -8.133620412642361686e+00 -5.293875377032618346e+00 -3.821649962228542563e+01 -1.406309202471705255e+01 -2.643734313550141479e+01 4.592760184865706208e+01 -4.816943294982708679e+00 7.723207924603805452e-01 -2.439639916603977099e+01
2.036328839340266228e+01 1.197644951519375223e+00 3.600886177582437142e+01 -4.662208370343743802e+00 -3.463453570611306986e+00 -3.453802213845742131e+01 -2.582520390775869501e+01 -3.289042223954646005e+01 4.403100959253558955e+01 2.229245495821457368e+00 -4.735750938393641363e+00 -2.104909487784705746e+01
3.044641514453457276e+01 2.326785409275394301e+01 3.925508521235769166e+01 -1.272226135458706686e+01 1.116372786430069297e+01 -3.462887654355779432e+01 -2.328329395936157908e+01 -4.470710987689675164e+01 4.585602761510774883e+01 -5.424099045569574784e+00 -1.807043452429997199e+00 -1.432442009160130070e+01
5.319296399512509765e+01 4.658140144148556061e+01 4.478744859812543666e+01 -7.312839085378487702e+00 6.115920077132747323e+00 5.708959589846942073e+00 -2.177208360939975051e+01 -2.870189706543281005e+01 1.888989720645055215e+01 -3.197282528873249419e+01 4.558497118236691570e+00 -1.018440299340306687e+01
5.711508754334955995e+01 3.291462496023694939e+01 2.571968730989335938e+01 -1.951397296814048588e+01 -8.318860988351733710e+00 -2.593784728093156744e+00 -2.189380878364759653e+01 -2.762094014033219125e+01 8.302305958918836382e+00 -3.967623168447083515e+01 -1.975766551067091203e+00 -8.734817062507286067e+00
7.072126020190680151e+01 3.181204964943177771e+01 2.678170119525726989e+01 -4.533492719680181082e+00 3.193425764591308891e-01 4.900318292534994846e+00 -1.630647710262948635e+01 -1.943632326232246044e+01 1.231884380035996074e+01 -2.623214396066668996e+01 5.341514823010771629e+00 -3.102783555304403862e+00
7.153317211980538559e+01 3.788988951629610114e+01 3.021832008744603115e+01 -7.517878933008161901e+00 9.637109491678518935e+00 2.159814769801468159e+01 -7.664511555769960793e+00 -7.952107970985121455e+00 2.875383864499254472e+01 -1.890273766517079679e+01 9.799767154537924796e+00 -2.051243065625039108e+00
7.249257515359107629e+01 7.162902319733338175e+01 4.666705872831257551e+01 -2.650414394459955858e+01 2.125809515347096834e+01 1.014096713068311040e+01 -1.565693263297939808e+01 2.854801515143052804e+00 2.574741072481888082e+01 -2.993404427860902928e+01 5.745619520304952488e+00 -3.243670144202956962e-01
6.936353402916464006e+01 3.925697505294443346e+01 3.293942336315134156e+01 -1.376254898709502328e+01 -1.249990078509559677e+00 3.837246002278183354e+00 -1.005385744768229017e+01 -1.163169432283584648e+01 1.450344405280323556e+01 -1.654093559496585186e+01 4.643199435077551840e+00 -1.216987684666323233e+00
6.611428314677073104e+01 3.104225587772248929e+01 2.522025887585335013e+01 -1.664327027409982662e+01 -6.656683355108256706e+00 -8.171437085702795144e+00 -2.406810081534833046e+01 -2.653153258420898197e+01 -2.735125443838756443e+00 -3.280320712587172238e+01 -3.722578619600001026e+00 -1.898613509575942881e+00
6.633669976709691696e+01 4.934472256079521202e+01 3.839628015800305860e+01 -1.079163874183962868e+01 -1.600602633014796439e+00 1.250264899734775703e+01 -2.521110619696565891e+01 -2.574934811230151510e+01 9.404677350033688654e+00 -3.960265575094925339e+01 -7.737746017096867490e+00 -4.290495601013405214e+00
6.001263445609559710e+01 6.588406487711245063e+01 6.407114092182423803e+01 -3.356229853769396865e+00 5.494002196293198637e+00 1.252547923108769012e+01 -2.678530218763507875e+01 -2.483063452700850604e+01 2.249767060843860733e+01 -3.711687938779091667e+01 -7.217539800973695741e+00 -1.116122631340554250e+01
5.857367348741302493e+01 7.676341406387068389e+01 6.439057185434518260e+01 -6.235067668708822453e+00 1.655458686732509221e+01 1.863835466210966985e+01 -2.721648463822068464e+01 -1.778297305916490245e+01 9.234850618837439740e+00 -3.735154257009173762e+01 -8.670256095100667082e+00 -4.017034015452134454e+00
4.619947068897985787e+01 5.131548754952564195e+01 4.335192438609085031e+01 1.455812332512280260e+00 4.242927135738231215e+01 -2.269982650215810338e+01 -2.928333051770419004e+01 2.142418468488701766e+00 7.485239025578051653e+00 -3.236301840748897973e+01 -1.196048273323252786e+01 -6.359376033835606457e+00
3.647050607307815540e+01 9.070968943450749222e+00 3.543972324941570662e+01 -3.050033077351828936e+00 5.478592461307995620e+01 -5.049354408509736203e+01 -3.203452542655676183e+01 6.940352880049079687e+00 1.019112035503952640e+01 -3.093024887827591840e+01 -2.225054021786172598e+01 -1.313528280729554076e+00
4.146527209795250712e+01 9.107853055967659373e+00 3.584389349287398829e+01 -7.719721668845021867e+00 2.519805025804126686e+01 -3.517162063062239952e+01 -2.708461763169990277e+01 1.450437037022715359e+01 -2.343948443823671290e+00 -2.319897733178869714e+01 -1.893768176192153874e+01 -1.023541160957482887e+01
4.466217208182530385e+01 3.198801132014332183e+01 3.158532384573168272e+01 -9.640440879778882532e+00 3.549536045750083701e+01 -1.356020717848556600e+01 -1.893975210477689330e+01 2.050158326099860062e+01 -2.989406481175435726e+00 -8.907666638281352078e+00 8.619635169877959413e-03 -1.018851501810449278e+01
6.132603456705126632e+01 9.366892085584861150e+01 3.456403298314805994e+01 -2.281133744752069248e+01 1.809755584018066443e+01 6.864814618085327780e+00 -5.865499206962408785e+00 1.366850550615495408e+01 2.119174799152561661e+01 -2.423183923012294372e+01 1.000717298364150842e+01 -7.431334345087661220e+00
7.436427670942987334e+01 5.160549223725433876e+01 2.117853436740544026e+01 -7.324450114670570500e+00 7.325217822120486666e+00 -9.929041007541041353e+00 -1.564598164566161742e+01 1.489506492795698911e+00 1.807727266921117515e+00 -1.722059890323703257e+01 1.076115903358669534e+01 -1.253406886189750580e+01
6.211240519137800931e+01 4.864735049629257446e+01 1.426488976833645062e+00 -6.828100056218786129e+00 9.262777743125250041e-02 -1.340172956557461070e+01 -2.323123599977246911e+01 -1.636778518952700523e+01 -1.257338005017475169e+01 -3.700336067725687172e+01 2.572604842089187827e+00 -2.680622006215123321e+01
6.503774280454675250e+01 6.072911372592858470e+01 4.543641620307952422e+01 -3.104358940975930459e+00 9.300683559197519656e+00 4.185247795980783003e+00 -1.591448430933941616e+01 -1.138763072413452448e+01 1.159819860042599515e+01 -4.036696505345425834e+01 2.582649472971010329e+00 -1.819446783724330530e+01
4.882512176016341954e+01 8.910696289397867531e+01 5.535549120070467666e+01 2.306415705212340850e+00 6.729643421738561671e+00 2.427141502968160580e+01 -2.571678777715494135e+01 -7.228439030074968130e+00 2.002987391531427974e+01 -4.619241032045835738e+01 -7.929189556950198892e+00 -1.502840263101069418e+01
5.572992297275700935e+01 6.993155210884609119e+01 4.705937879678961622e+01 -9.498997735469449921e-01 7.299173261114223266e+00 1.959089899446861693e+01 -2.329332420733060616e+01 -3.994675051190766268e+00 1.040237260323891277e+01 -3.503142593453461728e+01 -1.505053987236019353e+00 -1.522508126570832943e+01
5.912743978120218458e+01 3.727262464123351293e+01 1.606373661538981779e+01 -9.666231355114760504e+00 4.234291888645114632e+00 -1.561497608744724097e+00 -1.733206672292145356e+01 -9.691076542641955172e+00 -1.180413596983924895e+00 -3.277428697643809130e+01 -2.689809850851797357e+00 -1.883310178962847914e+01
7.047491602218029527e+01 3.746254887133457601e+01 2.561839967804164786e+01 3.395264377425032620e+00 1.804790414609263927e+00 2.136156314136544943e+00 -9.768871603617789390e+00 -8.622802014773943924e+00 1.068026682752775436e+01 -2.587212810939225349e+01 3.932322181874529754e+00 -4.900551593841253606e+00
7.304395014040835576e+01 4.385952365364376249e+01 5.558622071151037858e+01 9.840088798445256302e+00 5.256276351646547162e+00 -1.975614844250452862e+00 -2.180199966448732596e+01 2.195529342534820572e+01 1.892486227141742461e+01 -3.227601397728447807e+01 -9.927278450399930065e-01 5.752594107818469027e+00
7.530859691214396889e+01 8.042453959349384007e+00 4.181628953357373746e+01 -7.457422277146705802e-01 -5.501338206353599602e+00 -4.868223249951972864e-01 -3.677871445488320745e+01 -5.782314439651521809e+00 1.451737021439987174e+01 -2.931879113178856855e+01 -2.778095151734384594e+00 -2.743179843305728838e+00
3.991063348823827539e+01 2.752981150018882772e-01 6.774526717438028811e+01 2.686726285260796043e+00 6.562132432290662010e+00 -9.224046314318503192e+00 -3.399727216863618651e+01 -3.324214865887125114e-01 5.406770276284262877e+00 -4.873523885572542014e+01 -1.061266411921809194e+01 -3.408810520685200185e+00
2.117502652338725611e+01 -1.321834636237606198e+01 1.091192150662812423e+02 2.452032374229582956e+01 3.574627307960154265e+00 2.428012692313295862e+00 -3.868045587119523532e+01 -6.385195497129108055e+00 1.228282818142198707e+01 -4.808059045756057515e+01 -3.903691954233726058e+00 -3.799923108549634776e+00
9.755606719420235606e-01 -1.111508576221510580e+01 1.210292083637763767e+02 1.886947408276219917e+01 8.209727601875201231e+00 -5.820212115302879852e+00 -3.968797023254968082e+01 -4.532795094125834368e-01 5.931737691202635609e+00 -3.872796690259943375e+01 -1.110073698608530535e+01 2.482572580077650137e+00
1.778847058928471947e+00 -1.197726059112842734e+01 9.591250170093393024e+01 -1.421726288682183181e+01 -2.875064545837918928e+00 -1.419828755259238307e+01 -2.243172636512628415e+01 -3.700497503627017348e+00 -5.480641310915773445e+00 -3.271394469055371701e+01 -8.748669884676601782e+00 -4.170135827188534705e-01
2.819898273244392328e+01 -1.257548159593148895e+01 7.615536632455163613e+01 -1.922640685690969775e+01 -3.888058833796286251e-01 2.990626426314457298e+00 -2.304999605814624175e+01 5.163588583820717837e+00 1.577574600888664946e+01 -2.031217931557085521e+01 -3.552759067861808617e+00 5.835064910647609793e+00
1.271181340881016553e+01 -1.363910533234248135e+01 7.933873079952701346e+01 -2.048219010400242901e+00 -4.871391933081179459e+00 -1.179857265580990244e+01 -1.605869754838239771e+01 1.166013971257592630e+01 1.985733679733996837e+01 -1.678532809820801575e+01 -6.504983195620663849e+00 9.537680310871511580e+00
1.511000984649239243e+01 -2.545078657661203891e+01 8.089502184254635608e+01 -2.445821548509543319e+01 2.608887654064012018e+00 -2.710525025304622915e+01 -3.913821050792015654e+01 -1.401581419254004146e+01 5.081998499985236784e+00 -3.878505016255245152e+01 -1.418402063760929721e+01 -2.969611936281548292e+00
3.554419173083834593e+00 4.932978692521309938e+00 1.136383460673128241e+02 2.212390419834883559e+01 8.499283651835842335e+00 -4.454325262835922672e+01 -3.656564812151515298e+01 -1.303652086763415241e+01 1.073695885664203686e+01 -2.262123171113090692e+01 -1.264894359203574403e+01 4.003510062489186616e+00
1.565584423409696946e+00 7.064453707758090673e+00 1.391690713716956225e+02 2.602641354360089565e+01 -1.548923429988161793e+01 -5.293223393142039868e+01 -3.749948153147369112e+01 3.689936505845776260e+00 2.231756889903952157e+01 -3.253635299454658991e+01 -2.292008733031708090e+01 -1.352989819340500777e+00
1.499140090551524551e+01 -1.388852599784317121e+01 1.034937329818858274e+02 -3.202544716492828680e+00 6.708335154050347526e+00 -3.378520072763080861e+01 -2.838236960325650315e+01 -9.138978287845448634e+00 1.733336637789460788e+00 -3.186162481018672921e+01 -1.599156692090623366e+01 1.106346742082723544e+00
2.995414463205747069e+01 -1.970065747175122439e+01 7.062354990072155658e+01 -5.710808640400800940e+00 -1.245046603138849051e+01 -8.221360021227663850e+00 -1.937943878600713532e+01 -1.018824247276687966e+00 1.155135229871811475e+01 -2.418583166956715758e+01 -1.730981358356080335e+01 1.032851305804313746e+01
2.804774914887540405e+01 -1.280718425370550761e+01 8.144522473188041545e+01 2.539929090484204721e+01 -2.040036520438936574e+00 -1.481377730052040320e+01 -1.736406976568663652e+01 -1.564947206896338150e+00 1.862462719051438143e+01 -1.500346110148820067e+01 -2.653050807016086310e-01 5.000150205320998964e+00
2.412067371556690176e+01 -2.375908772482679510e+01 7.130502469561629653e+01 -2.211913845901564457e+01 5.211944133017025749e-01 -2.194718603122311151e+01 -2.778373031154563932e+01 -1.286197485403030072e+01 6.393631652999598458e+00 -2.325699613399189403e+01 -1.407673264848352090e+01 -3.282921894418802111e+00
-1.454568932916615509e+01 1.120633148263759793e+01 1.175207049701493531e+02 8.960602519803412491e+00 -8.803493035224263963e+00 -2.714604429878585989e+01 -2.824970444422324434e+01 7.954355449530918776e+00 4.472268187665934036e+00 -4.046837625650076831e+01 -2.366761712007977891e+01 3.952529675497105544e+00
-2.254039291030599301e+00 -8.410020130115862358e+00 1.203250529788123231e+02 1.265512617236154824e+01 2.560608297745963213e-01 -1.841192332121083552e+01 -2.593515226768086279e+01 -1.043450365447697692e+01 6.174058712202500132e+00 -2.936511963680180770e+01 -1.275038486736512766e+01 2.617637726337478377e+00
-5.720598149078906403e+00 -7.030615342272698243e+00 1.229839376370558170e+02 8.116212950598683307e+00 -1.273292774315414633e+01 -1.507689825884858870e+01 -3.361409019663383191e+01 1.210700222047110586e+00 3.284286057340470855e+00 -4.043010151142460984e+01 -1.905613435447719084e+01 3.054850628912856969e+00
2.037227793705051937e+01 -1.241764537436088389e+01 6.575566112460623458e+01 -1.527545655175942230e+01 -7.225129853340877872e+00 -4.908550001522744566e+00 -3.545340466938534973e+01 -6.822321467739552503e+00 1.070852631465210436e+01 -3.778325894539576524e+01 -1.511984913664035801e+01 -8.406726838276356029e-01
1.116836250309956746e+01 -5.924135292362352700e+00 9.765131410284669755e+01 2.489309912730876206e+00 1.358589831148127480e+00 -6.587455986342924064e+00 -2.319783635334246341e+01 1.127021683670814056e+01 2.459492803174962461e+01 -2.530100149265173570e+01 -6.678650940327713670e+00 1.166240772880368937e+01
2.154532346777160967e+01 -7.662077375677361246e+00 7.563082428695373949e+01 -1.182969101346390595e+01 2.607538314807598567e+00 -3.508267681244888525e+00 -1.870989403444932009e+01 4.909036951008491911e+00 1.081375609395617410e+01 -1.906319978777845492e+01 -4.181293383309112599e+00 8.700772973384532705e+00
8.121306545675377464e+00 -1.424781349252631202e+01 7.076530860130480960e+01 -1.232868052537150660e+01 -5.196524237051647788e+00 -4.537848566418071883e+00 -2.837309809679664596e+01 -1.167893811919123337e+01 1.456793134124871880e+00 -2.544176336193034160e+01 -2.578505790927445673e+01 5.716769735841347178e-01
9.322365955017939854e+00 -1.960477286541959074e+00 1.140865949393434846e+02 1.613049660938472840e+01 5.043517856882820283e+00 -5.355702136900187149e+00 -2.449759335802389515e+01 -5.147376327198058377e+00 9.028463848421955262e+00 -3.866009363818191957e+01 -1.467308737637609184e+01 -4.875007567421589805e+00
1.945026970373093889e+01 5.425718596468405153e+00 9.708938335869100911e+01 2.272404838796369830e+01 1.466571164431863394e+01 4.842485447534751408e+00 -2.684644462669380260e+01 -1.109457136917282583e+01 -1.574878605772533469e+00 -3.527676221335647000e+01 -1.729806008246240978e+01 -5.168933866157944479e+00
2.410641099035298396e+01 -1.091044540153267839e+01 6.734664837805730997e+01 -7.368165790201372189e+00 -9.110387759807338171e+00 -6.243398011672759651e+00 -2.660858224504065817e+01 -7.083298887498735041e+00 3.010070022490933361e+00 -3.411368012165232244e+01 -3.154081183151973988e+01 8.439195282089611005e-01
3.692197070764126465e+01 4.589939670510531755e+00 8.324237636414247277e+01 5.801156139974773751e+00 8.758731548528434274e+00 -4.264376553833977290e+00 -2.368263521431927643e+01 1.334083658117839200e+01 1.346349635125786293e+01 -2.879362940057157516e+01 -1.963599068406078985e+01 7.506854626567265321e+00
4.824466261739994621e+01 -7.957327122565315491e+00 5.215416388786987767e+01 1.294909495138516320e+01 1.896451627528172068e+01 -1.104941490131972870e+01 -2.755795277382651420e+01 1.014674122339563311e+01 1.332684279461082610e+01 -2.385098932586655707e+01 -1.598858798281381866e+01 6.464094970499455473e-01
4.243030512543450783e+01 -1.584251248904511300e+01 5.319725196488497687e+01 -5.339227869584871833e+00 7.766544766882024220e+00 -3.544323343435968887e+00 -2.976364787236042986e+01 -2.389612540129046003e+00 1.156857741422634334e+01 -2.455707000843255727e+01 -1.968951332286853173e+01 -9.548036469914080726e+00
1.159056964299668735e+01 -1.859028507085259818e+01 8.390029975437218468e+01 4.665424334339104462e+01 -1.537338963258263913e+00 -7.746070094906949421e+00 -1.816487321176885317e+01 1.615440554328958722e+00 1.871670025159491857e+01 -2.803477147003097159e+01 -1.536793069608122764e+01 1.836162984399277498e+00
-1.538035368634622202e+01 -4.034336070945605712e+01 7.746135246989024381e+01 5.318433833905102404e+01 -5.796136486140722965e+00 -1.961512365423681681e+00 -1.789106009872963909e+01 -8.562327999828397651e+00 2.029718840109514133e+01 -2.647019018743595709e+01 -1.706115250125923666e+01 -3.865383359391468598e+00
-1.861125397986126018e+01 -5.182406680696956158e+01 5.003357198387456606e+01 4.385990178752877711e+01 2.232705757735096164e+00 -2.859113586839837851e+00 -2.634798757495781629e+01 -6.202474363019229386e+00 1.978327549461509705e+01 -2.312281802304221046e+01 -2.916105862332145904e+01 -7.167546396795008157e+00
-2.838204955986488187e+01 -5.357252647427616665e+01 2.542299392806740599e+01 5.342066133080985324e+00 -1.563384984207957373e+01 -2.707611317076252355e+00 -2.301162524889871364e+01 -8.916954111159807184e+00 2.058707530084624437e+01 -3.027886550125935550e+00 -2.170608722471054364e+01 -2.140855115932512120e+01
-2.931409505544867500e+01 -5.593215163626797448e+01 3.613745913938494425e+01 1.711531523396231336e+01 -1.292365695501017520e+01 -4.569808823721473345e+00 -2.874040769232667358e+01 -3.618140846469029004e+00 2.021888608030253209e+01 -1.482551766148538341e+01 -1.751910660931786623e+01 -1.759548883469262393e+01
-3.065475918768947849e+01 -2.162509133371156622e+01 6.318454254300949202e+01 3.589006025670025224e+01 -3.133758247084418969e+01 -1.133706080414612316e+01 -2.792325650037500395e+01 -8.220818642602377935e+00 4.326744100010865424e+01 -9.403120030901543913e+00 -1.435659038424838663e+01 -1.191728339473745280e+01
-2.780855227152149212e+01 -1.547597316973362247e+01 5.029289868675996900e+01 1.897045130754591113e+01 -3.227787603242994408e+01 -4.435877826675902469e+00 -5.713641119951307523e+00 -1.479885639282840160e+01 2.504456762874739084e+01 -1.559278693685208594e+01 -1.380785952962698460e+01 -1.643443580259469172e+01
-6.512121782558106986e+01 -3.435363149894824275e+00 4.136184156498190134e+01 2.773716130473773234e+01 -2.381922634986027987e+01 -3.583632047337824478e+00 -1.425887781170595225e+00 -1.048923699769173012e+01 1.499101667105466262e+01 -1.628152171775673551e+01 -7.602636221689220264e+00 -1.285287223766171749e+01
