-8.804362514699079156e+01 2.103923024172405576e+01 1.020610268606679050e+01 1.329162159483583139e+01 3.404196340087078276e+00 8.666578496007211641e+00 1.770984978697600098e+01 2.905914008856535613e+00 1.474073204841644369e+01 -4.808192824515950647e+00 -5.374517228010199155e+00 5.920601426211803187e+00
-9.754056727428914542e+01 1.217758248049465841e+01 1.073961130282080489e+01 1.757580999230576424e+01 -4.266318942540646475e+00 4.558162280935205146e+00 1.477481166833241488e+01 -7.704832589540469456e+00 2.133090686363190969e+01 1.149050975949358566e+00 5.974675186454980746e+00 5.540780021264302135e+00
-1.031852517312496786e+02 1.645758141947974451e+01 9.103835917115203458e+00 1.871146190907617779e+01 1.647557169758312057e+01 5.010864685497755211e+00 6.273172668472369651e+00 -4.846238027245624025e-01 9.628917253200183879e+00 -1.850236820057431286e+00 5.075877477136187643e+00 8.168903002068299557e+00
-9.025264367992483017e+01 2.010724928901093733e+01 3.154674152423140754e+01 2.390486573450749574e+01 4.157607118102122357e-01 3.730601140735807064e+00 2.075429804212837226e+01 -7.160567253173306668e-01 2.639366287710354442e+01 2.332783322225449041e+00 -7.339056200274212571e+00 7.317817021613310047e+00
-1.018832598167786614e+02 1.473928928923669979e+01 1.530431551272710067e+01 2.555497591350470721e+00 -7.791900363223535741e+00 1.172047010589565907e+01 9.328398794579896958e+00 -4.846601460832399511e+00 2.133487564293919192e+01 -5.768178439729298113e+00 -1.413286008059967003e+01 7.415216945121838599e-01
-8.238766785444079233e+01 2.267630250450316254e+01 3.740045128098454086e+01 2.317923063846571097e+01 1.498641512748772442e+00 -4.078501465401174642e+00 -8.619746058107253361e+00 -1.027335949720643349e+01 1.414291712765032649e+01 -2.110814411920501854e+01 -1.351033971651987287e+01 -4.812266117769082308e-01
-1.156170539373146733e+00 2.819382898458815134e+01 4.969676788016144542e+01 1.257083271764439569e+00 -1.406659069902956283e+01 1.679875857160462616e+01 -1.113710736385161937e+01 -1.831863061110545488e+01 7.911203473120810514e+00 -1.375406598055520213e+01 -1.050436526922073455e+01 -3.406163810154661853e+00
4.281177924746837249e+01 2.371037845240347863e+01 6.967655287887498616e+01 3.027544261496763411e+01 -8.123998831465272019e+00 -6.042258064117545402e+00 -1.529544798618290713e+01 -7.413383975528271108e+00 1.432550822237540622e+01 -3.117600636242819334e+01 -1.625994854198784623e+01 1.781864388166584234e+01
-1.429953568498385508e-01 -3.141802922560125921e+01 7.112390034271854233e+01 3.927716294852136514e+01 2.287232025633684440e+00 -6.512695961721064464e+00 -2.818455215124184576e+01 -4.871697011056361326e+00 9.761115936855322417e+00 -3.421927738957500509e+01 -2.216904458126398225e+01 1.070599274390259481e+01
-1.362284554746029386e+01 -4.096165598901830407e+01 8.724275643839045813e+01 4.696636963008045029e+01 6.298788866859432289e+00 2.847982802566282778e+00 -2.563601174513048164e+01 -5.528027638849458469e+00 3.922701622387868348e+00 -2.935560696642399492e+01 -1.740320165767182203e+01 1.351257126943737674e+01
8.844136590711805468e+00 -2.396878490179293664e+01 8.962114260996008852e+01 4.316329588509096737e+01 -1.940280648115634676e+01 -7.895789928850287964e+00 -3.137319111325615495e+01 2.050625567868834764e+01 1.423500121257785800e+01 -3.824006500117253893e+01 -1.331418744830501666e+01 1.173751121313570955e+01
1.594798578728804905e+01 -2.336375396037453456e+01 8.302569083501704483e+01 4.090157886231224182e+01 -1.096774537129608973e+01 -1.205144713821636060e+01 -3.526831774749096127e+01 1.688031612327777964e+01 1.347008337246292342e+01 -3.964188071363852828e+01 -1.469836106247029406e+01 1.191731736305211342e+01
1.536033946850470677e+00 -1.959137755946250437e+01 1.062690615323596006e+02 5.087059119376748129e+01 -2.211748983485680498e+01 -2.730212664455902782e+01 -3.890561384864956551e+01 3.111125588182631674e+01 1.721114151613979004e+01 -4.117871651886713380e+01 -2.212702898244643279e+01 1.269026618593132127e+01
1.138350222501519227e+01 -2.631098430281819844e+01 9.840948478337344341e+01 5.100062469112663166e+01 -1.324874487631920239e+01 -2.975875596893070707e+01 -4.922476401147923752e+01 2.724449253984787589e+01 8.062160293194576610e+00 -3.844654103760842645e+01 -1.718259720307004557e+01 4.769594878403788485e+00
1.926066524168385996e+01 -4.009584822348563193e+01 8.662958062512953461e+01 4.450510755743528790e+01 -6.788200685841738746e+00 -2.980355798869035411e+01 -4.793912113906036865e+01 1.661199824397248648e+01 6.744396588983944341e+00 -3.674649097535775866e+01 -2.130372834595318920e+01 5.839880698910246082e+00
1.752492657339060500e+01 -5.873482609678274002e+01 8.126978251793708807e+01 4.779134848597769292e+01 -1.024971744699897158e+01 -1.784997080600037478e+01 -5.584854914538249204e+01 -5.034200151540163759e+00 1.291958442065456225e+01 -4.055577132137550223e+01 -1.252836969155554314e+01 4.925306661751273296e+00
5.141952097611257599e+00 -4.611745600092874042e+01 1.069393187558415406e+02 5.203106021335433695e+01 -9.632146166747833860e+00 -3.137139032407804251e+01 -6.550511656895508850e+01 4.241400840464161881e+00 1.814210690596477349e+01 -4.299028989376785859e+01 -1.790215634378026266e+01 1.112156248632164690e+01
1.587848604256702778e+01 -5.863192514167631941e+01 7.703060061627495259e+01 2.658880284756133250e+01 -1.202579752579463346e+01 -2.455216431726079662e+01 -6.108448436165274842e+01 3.752444550701701242e+00 1.822888979077456639e+01 -3.738898851383416400e+01 -1.078217725239497682e+01 1.044055844045379722e+01
-1.063528543908933699e+01 -4.781606015152512157e+01 7.340486146369116227e+01 2.129734258306045191e+01 -1.252951061105563824e+01 -3.562738136991633553e+01 -6.894121303143181478e+01 1.037346926982464446e+00 1.360704700814876489e+01 -1.961170860949662398e+01 -7.670940586148262241e+00 1.474586623206845282e+01
-1.079022626715977573e+01 -4.487336971727504675e+01 5.882231209579381215e+01 5.962486103012114569e+00 -1.956113098229042890e+01 -4.755038122114411436e+01 -6.881454537927074000e+01 -4.456591087412601127e+00 1.330788766480574026e+01 -1.373094431466744325e+01 -1.526968329434681415e+01 8.369959798880255875e+00
4.479689257957478787e+01 -4.536972206262687024e+01 6.286577877299875183e+01 -4.538302683124967984e+00 7.824620233459653740e-01 -3.438811017554080252e+01 -7.904327775461359806e+01 -3.408748565416876986e+00 3.397865723619754164e+01 -1.947662405254148155e+01 -3.555842358281978477e+00 1.036990475164337333e+01
5.335839143575216070e+01 -4.405505073904706137e+01 2.854445595945250602e+01 -6.150522196438465983e+00 -8.988607318515278166e+00 -2.945426237584153739e+01 -6.765753426930712067e+01 3.375034124108009514e-01 3.561926921033705895e+01 -2.647477935606383781e+01 -4.306513734159923779e+00 1.658234454615378795e+01
6.111635950466057920e+01 -3.962979054073394281e+01 4.004636229237213740e+01 -1.337776698384974239e+01 -7.516040826672327313e+00 -3.530891855800024359e+01 -7.229801465427027551e+01 5.648290727079245954e+00 4.408923431457856168e+01 -1.729251069175343858e+01 4.631544792834255908e+00 5.044196632956684745e+00
7.740992763760044681e+01 -5.551791955832374015e+01 3.429728595865633167e+01 -1.532401514875151349e+01 -9.524111712842065813e+00 -3.731819772462698381e+01 -6.375904801458653992e+01 2.222055465805293117e+00 4.343603035145401492e+01 -2.169473368662662693e+01 7.077784631307991958e+00 1.939887766489204246e+00
6.580492187516608737e+01 -5.864386814292679162e+01 2.845272528363803133e+01 -2.030222012081893723e+01 -9.534697679790038904e+00 -2.986005880111829924e+01 -7.036398409236713292e+01 9.617817919194159515e+00 3.589981685834140279e+01 -2.186299318725930974e+01 5.014594147275717173e-01 9.235252042877618806e+00
6.848296308284550094e+01 -4.864157120977962023e+01 1.766177843523740876e+01 -6.023984431683225615e+00 -1.490847055768952956e+01 -3.057506750417675079e+01 -6.499257796449148827e+01 4.073252105156583980e+00 3.650165570958757399e+01 -1.518199924358273378e+01 -3.745697386379596150e+00 1.192026959133491459e+01
4.486169885102852106e+01 -3.944603920881789350e+01 2.650948175051294697e+01 -1.237270734429588792e+01 -6.254143444696534715e+00 -3.013904645641866509e+01 -6.795267317625638270e+01 4.430167419186210154e+00 3.875359627010190167e+01 -1.320569368969978896e+01 -2.965685032838836666e+00 1.137581104687205524e+01
7.226375683358820368e+01 -4.241038107544639502e+01 2.088774907912101497e+01 -1.136257840681377118e+01 -7.278705302858038628e+00 -3.030101046275822085e+01 -6.566912647577544249e+01 3.646332172115018810e+00 3.322963181625318896e+01 -7.188842708302045637e+00 -6.684858372713248897e+00 1.472580789923270217e+01
4.505402612213127611e+01 -4.237417993873468447e+01 3.441916491969352876e+01 -1.819266625013670335e+01 -2.038819810201541571e+01 -2.052535747241288533e+01 -6.522960148419375059e+01 -2.135319463959662656e+00 3.489418006615434109e+01 -9.380292211904897925e+00 -2.761093838266957867e+00 9.617676747039748619e+00
5.941453908396864847e+01 -4.009987397187559566e+01 2.920142731500630617e+01 -2.417626772881124708e+01 -1.489276785517555801e+01 -2.060279298999338238e+01 -6.632960106615200857e+01 -5.661142511234178443e+00 3.668006694597534789e+01 -9.979090521915868095e+00 -2.205484831581985716e+00 1.292385427669955256e+01
6.324912045851338149e+01 -3.678797572204105393e+01 2.495921991245816685e+01 -3.979840471300143179e+01 -3.243349833307886509e+00 -2.510477288316729272e+01 -6.560850954331766616e+01 -8.028235620371074077e+00 3.571592268485002108e+01 -2.513901888571410836e+01 4.068735272629374400e+00 1.544671330333090609e+01
5.664220984146436422e+01 -2.738163053902999877e+01 8.488308781771035427e+00 -2.774650094988622584e+01 -8.131183060801017604e+00 -2.602920564897966216e+01 -5.876862398297033252e+01 -1.495750392640455217e+01 1.542034169647576825e+01 -1.879580025299908641e+01 -1.689954588669953406e+00 5.399906176075536912e+00
5.930483611709401259e+01 -2.961101574652290402e+00 4.312457459932164738e+01 -1.809070965241019735e+01 8.400017764237915685e+00 -9.380103112919853103e+00 -5.846803254850669163e+01 -1.592526150614826896e+01 2.156731394170826377e+01 -1.385060951813146701e+01 -9.632367129226182101e+00 1.796227714336815851e+01
7.104207503029621762e+01 2.679707781455209670e+01 3.031817635331783833e+01 -2.716371441532617670e+00 -8.555286385237488300e-01 -7.002150746814793436e+00 -5.097387643513425104e+01 -2.088689871867698500e+01 2.803692056678237776e+01 -3.907039284135388257e+00 2.644104446155138621e+00 2.045751144092350371e-01
7.034548580557023456e+01 3.365087684985861216e+01 2.343121156874956768e+01 2.526300247316798586e+00 1.042114029474165804e+01 -9.414715961089370921e+00 -3.794503069494277270e+01 -1.497046268285676440e+01 3.218836725132081256e+01 -3.060266753121645422e+00 1.072157082703245834e+01 1.699720250857361448e+00
6.238671850427702026e+01 3.617399470808739181e+01 1.348718353705462292e+01 1.682631562287945215e+01 1.936670557481005517e+01 -7.377865805326742077e-01 -4.054503396364302148e+01 -7.823401653460271277e-01 3.382262566675343862e+01 -1.343455590050411530e+01 -2.032622671538716119e+00 6.114363011832645967e+00
4.927401630964941148e+01 3.364816648634329965e+01 1.156249337084471307e+01 2.963137398467491934e+01 2.956206633617181012e+01 2.648844207316287669e-01 -3.191781802693516568e+01 -1.438485321610697554e+01 2.818137908291420146e+01 -6.496726311020113442e-01 -1.320077770123499405e+01 -8.904666455516414558e+00
5.047577733992186921e+01 4.134993478305798931e+01 9.097012679459240303e+00 2.147903979760424420e+01 9.351779219135874399e+00 -1.538980099983715633e+01 -4.473543075364140975e+01 -2.380694506825864920e+01 3.161475720669930922e+01 6.552390189193514347e-01 9.022108301839697475e-01 -1.214027486921180099e+01
3.682958001698418116e+01 5.585560905925702002e+01 1.412654215619559395e+01 1.755073566351019565e+01 4.627012347984125640e+00 -2.146549215182865566e+01 -4.890986922913464241e+01 -3.734943332195698673e+01 2.375864625286214249e+01 8.775961464464499429e+00 6.896641171454920283e-02 -1.183069967948236467e+01
2.331446076299187808e+01 4.994434918590567918e+01 -1.380274135668560387e+00 -1.915458410619857776e+00 -1.032248539068784332e+01 -4.245777202628498515e+01 -5.178416057447835641e+01 -4.190147366295242648e+01 6.769176055051881136e+00 -3.766523132508177163e+00 -1.376644375498726092e+00 -5.668641380176199895e+00
-3.627919935479702929e+00 3.799038529829334720e+01 -2.681794352484349986e+01 -3.254213752417835082e+01 -3.452551127682158949e+01 -4.223420491551187439e+01 -6.708226656293467727e+01 -5.602147149297694284e+01 -5.295804195003801951e+00 -1.239217237259303062e+01 -1.138124755559758050e+01 -2.137136464714335560e+01
-1.225321361569202061e+01 3.722674831810324747e+01 -1.553575383199807192e+01 -8.240223196708754472e+00 -1.913837207423927822e+01 -2.521290033883088455e+01 -2.607050808244675721e+01 -2.713477568581908272e+01 3.173855136449677516e+01 1.294325375355935392e+01 5.960765202865261791e+00 3.976912259827798835e+00
-2.437510306062350196e+01 2.652091075071559345e+01 -1.122235868499111966e+01 -1.777451319311939670e+01 -2.975194985980802898e+01 -2.255368648182344060e+01 -1.992683172501705968e+01 -1.301198526401783084e+01 1.823990171084509626e+01 1.605141344941989789e+00 -3.842758259259916986e+00 9.051945591326791885e+00
-7.750925881607858514e+01 -3.854968839393905711e+01 1.621573651771916502e+01 -2.690591772147857341e+01 -2.943631681812625800e+01 1.918371180619270078e+01 -2.621095479986541932e+01 3.460680935103344957e+00 2.161995388914844085e+01 -2.696239298293511411e+01 -1.668823141904329788e+00 1.398863964455443565e+01
-3.988167044791353533e+01 5.906792830506340408e+00 7.101345843705651362e+01 -1.821430875745749489e+01 -2.830695173149378618e+01 1.105503645122371736e+01 -1.595437821449309368e+01 5.470524926498683271e+00 2.990823882044372084e+01 -7.741870903623707889e+00 -4.525324130925941546e+00 1.213169512171159781e+01
4.579325801120789663e+01 -3.642494172546602016e+01 3.636531661463450860e+01 -1.913929046254461497e+01 -1.439108669822807585e+01 -1.890510836641370318e+01 -5.735581346230011235e+01 -2.015182428328193964e+01 2.378928573710083327e+01 -2.690127175681572780e+01 2.408442995066283121e+00 1.992313227365958994e+01
4.606073210361385151e+01 -1.173868081357647419e+01 2.047937451101223871e+01 -2.882518712943940287e+01 -1.867602998494139577e+00 -1.710999859203800710e+00 -5.030678677491420103e+01 2.455041217871934300e+00 3.483091008586767146e+01 -2.056662191512002380e+01 7.593635848811255418e-01 2.487103548281053733e+01
4.624316173901885918e+01 -4.348217747419274559e+01 2.573196622839776637e+01 -1.365883372076676494e+01 -1.316104698164469156e+01 -2.845283789129068808e+01 -4.702634535907774449e+01 -1.337964018011817124e+01 3.565552847312138596e+01 -8.098622993977434348e+00 8.509496344472122331e+00 2.391281624079958235e+01
2.910795631516872461e+01 -6.845710656437512398e+01 1.181109332899101538e+01 -1.344361736392183460e+01 -1.754770882519222397e+01 -2.738013709958097408e+01 -4.536949190714614133e+01 -1.011279632484111701e+01 2.840534521727456507e+01 -5.656814291802226613e+00 6.219113574249821141e+00 1.798455370143413745e+01
7.917368738956170882e-01 -5.508853877799249688e+01 9.250521738753775480e+00 -1.389296188303646673e+01 -1.813406247752200073e+01 -2.500005781845757014e+01 -5.084671866534069551e+01 -1.051633291357538624e+01 2.244636050444650976e+01 -1.006589052153374553e+01 1.644663401568815075e+00 7.049144916214107326e+00
3.754767790937555105e+01 -8.623045975932740248e+01 2.070539731127006888e+01 -1.321023939379026757e+01 -2.764698948570568859e+01 -1.832723327355940768e+01 -5.114571175346858922e+01 -3.981865008051720167e+00 2.277098624651489445e+01 4.458314677761677558e+00 1.423523092719467087e+00 1.878379969799911464e+01
4.802240651268341765e+01 -1.489680755873653695e+01 4.417859491352537304e+01 -3.504106433283189936e+00 -1.900527814986392627e+01 3.600240976567319340e+00 -5.959500323160133561e+00 9.331097969949961879e+00 1.883567798259301895e+01 -1.292702739609278240e+01 -4.988058435440489546e+00 2.174851197593119778e+01
1.891957915590613482e+01 -5.229990748061361927e+01 3.199822909338456611e+01 4.260708617903942397e+00 -1.098339293481310541e+01 -2.628798338033147886e+01 -3.525635873638907469e+01 9.174263748011237674e-01 3.560100841395794191e+01 2.305040434684100958e+01 1.422650977234213698e+01 2.303195300930679679e+01
2.124666084948246336e+01 -3.575708449575012082e+01 2.638686075751219562e+01 -1.559711664455035418e+01 -1.166045456503824074e+00 -1.206669969863179404e+01 -3.288752274759431771e+01 -1.908990940704012651e+00 2.722853263226737042e+01 -8.712178955420855075e+00 -8.609934447562402227e+00 -1.496765259644235790e+00
2.220065343860966678e+01 -5.234120700637579660e+01 3.055552574264328314e+01 -4.101034869560117357e+01 -5.772965021650927397e+00 -2.340382360678157880e+01 -3.927983864089512167e+01 -1.796707227408887064e+01 1.416453932462098386e+01 -1.474042748078717047e+01 -1.860225292289823074e+01 -6.110273959721843617e+00
7.675091206083487272e+00 -2.607808528779474244e+01 4.378650505385069636e+01 -3.062653360263907132e+01 -9.688730125345422550e+00 -9.580595617016486543e+00 -3.259921815608867490e+01 -1.761984885698059600e+01 1.561139639275505608e+01 -1.820510067254541298e+01 -6.094894477569704705e+00 -5.608078319026598813e+00
3.627135846160904009e+01 -6.553239096944227349e+00 5.502220268220176536e+01 -2.088512142620689005e+01 5.502471939946627089e+00 1.654061902090509761e+01 -4.143182756175169956e+00 -1.198473074901867363e+01 1.542692046549248097e+01 -3.133478815312477650e+01 5.909736219043645988e+00 6.571532175147533295e+00
5.995156506166077293e+01 -5.276377090365209632e+00 4.555931891422756053e+01 -1.449453245814648561e+01 -6.139803361414557514e-01 6.596035565309846582e+00 -2.565202504135050887e+01 -1.080957949520517269e+00 2.434671887655439093e+01 -1.454827040542214789e+01 -6.187810162742236386e+00 -6.816044583473072294e+00
5.627740449395314215e+01 -9.216825779964228360e+00 5.102081509467745946e+01 -2.009097713930552231e+01 -2.007556626925842025e+00 7.210297253565776998e+00 -2.776257786607752820e+01 -6.076072495796346118e+00 2.882534563421840801e+01 -1.630568417880624565e+01 -8.557018642213948922e+00 -5.335476946093869799e+00
5.420485177076319161e+01 -1.240351839920499266e+01 5.498751982940935079e+01 -1.884597353149067089e+01 -1.898643010534572184e+00 1.154591691667659248e+01 -2.927209271401178370e+01 -1.069682561375864793e+01 2.789820240384690919e+01 -1.819077344824518150e+01 -4.301720044513472452e+00 -2.881115903272296386e+00
3.476244566081659571e+01 9.950703250548404100e+00 4.656588640099474219e+01 -1.457906207930657061e+01 -1.206818261396310765e+00 1.198907878974780772e+01 -2.042152228738871500e+01 2.362580082558922268e+00 1.631866300372361422e+01 -2.327007032759393823e+01 -7.376216427480091653e+00 7.782510246836091383e+00
4.977431196890491805e+01 -1.066370801522488598e+01 6.164459798395205326e+01 -1.603401857997129554e+01 -2.099283463983019349e+00 9.641227518361665361e+00 -1.546975435302625712e+01 8.401538890879391985e-01 1.967326474006700110e+01 -2.600668868806886280e+01 -8.257214420219749940e+00 1.045693618251215185e+01
4.246661675210187781e+01 1.087038574686264880e+01 4.422277664313932632e+01 -8.884759122328187431e+00 4.646272182934424677e+00 2.005859259894868174e+01 -2.251259543080838199e+01 2.054187815985254240e+00 2.069692719064020991e+01 -2.860086408301500427e+01 1.126001095842744659e+00 6.063197827003040885e+00
7.604840621865821504e+01 -1.252482333325818864e+01 5.676064503240223758e+01 -1.247932339973395344e+01 3.338168316569385397e-01 3.719299217448327965e+01 -1.970238009495192699e+01 -7.195178422441575350e+00 2.041422063537033793e+01 -2.216770188891695526e+01 -5.688448928029075091e-01 8.267327656525016444e-01
7.777414832516004140e+01 -9.383398016491364402e+00 4.987221426158300375e+01 -7.515081380463196403e+00 -1.573100874729598253e-01 3.812096213052637950e+01 -1.757193363431311539e+01 -1.142983276348540578e+01 2.123265243979699690e+01 -2.104595352057217283e+01 -1.661025608751249827e-01 -1.342868992152651320e+00
8.014454834907212444e+01 -5.353886827389443326e+00 4.137835501997114562e+01 1.104944092822350932e+01 -2.777921397470363374e+00 2.788891586308751158e+01 -5.158057528637652212e+00 -1.117501114183173527e+01 1.335940581132307869e+01 -1.821371988652568774e+01 7.940748139541404793e-01 -1.910766687630598426e+00
5.842374196838770217e+01 2.495047904211231327e+01 4.830368127201744244e+01 1.835277397076479300e+00 -2.325566694760791364e+00 1.964317431295528138e+01 -2.111148881339739880e+00 -1.345727464469087309e+01 5.548762604556978673e+00 -1.638866792350733448e+01 -2.078078558041048129e+00 -4.946501532757832109e+00
2.940343266582060977e+01 7.247581141379079384e+00 4.241155727222173510e+01 -2.251266633706431719e+01 -1.014207502396945060e+01 2.234237818129727771e+01 -2.366367828720656519e+01 -1.697878610625902951e+01 8.852227574250179032e+00 -3.425010096016721661e+01 -9.262838225818233795e+00 -4.144990913015480061e+00
-5.498182733022187563e+01 1.552012923128576993e+01 3.917961610363814628e+01 -6.652508984144589910e+00 -1.066556227103353116e+01 3.966066617407705053e+01 -1.563144249341032754e+01 -1.323989164176314759e+01 1.350899790839855541e+01 -2.549985236127456645e+01 -1.146007885619048139e+01 -6.808819726023074281e+00
-8.425949144700081206e+01 9.523699304478288497e+00 7.279272982168721740e+01 -2.257494856641417158e+01 6.525116576450298744e+00 3.869222039083092568e+01 -2.344317466551583351e+01 -1.003764026223787020e+01 2.509418740814112780e+01 -5.810022111613763585e+00 -6.506269112249940534e+00 -1.887296569931037737e+01
-1.296888786863615195e+00 3.966735969523735150e+01 3.152072149230468057e+01 7.943896743047986320e+00 -4.859549774343132178e+00 8.889482093722271827e+00 -1.795255510283421785e+01 -1.675808371277561548e+01 1.519432887175266345e+01 -3.183563969841495478e+00 1.201789942945072909e+00 7.325599194276739112e+00
-2.042327478754004133e+01 4.710876688491001119e+01 2.793479759819160790e+01 8.290522739714343281e-01 3.817383431359708368e+00 9.691320864947918778e+00 -1.824636527044550860e+01 -2.584816372444410604e+01 1.844558861741132461e+01 -5.131897968478142502e+00 6.626095523079551519e+00 6.406860693917924010e-01
