-6.599654353219992231e+01 3.164762669542394136e+01 1.445306871892120526e+01 -1.929711034349919174e+01 3.921096777508222431e+01 -7.393528746754059355e+00 2.334613950961466600e+01 -1.294368335691064154e+01 1.707112378950214193e+01 -1.701021081920224987e+01 1.060017617758341757e+01 -9.779544310349018943e+00
-5.989459395768272998e+01 3.016106963383038675e+01 8.001081415271944053e+00 -2.389078625518440546e+01 3.488809178589953319e+01 -1.876653863540958156e+01 1.835318946095321380e+01 -5.883062648500011704e+00 1.599815547229356483e+01 -5.403877299339056250e+00 2.105966545874730755e+01 -5.671789488495242004e+00
-8.313306787426839151e+01 3.211872728085691620e+01 1.506710880992887525e+01 -1.326947238530421203e+01 4.429640127062103261e+01 -1.025313889889006980e+01 1.341084786490809577e+01 -1.001399610696933884e+01 1.031783394285601574e+01 -2.370120405657849716e+01 6.631129637395148713e+00 -1.001087087365976203e+01
-7.209166935992240610e+01 2.641719955638394168e+01 -2.603528832134953674e-01 -1.843565860767860443e+01 2.482357347332725084e+01 -9.364949926061022722e+00 2.233085830028333874e+01 -3.165590983632693423e-02 1.464897022711334174e+01 -9.946353498788287339e+00 2.269496614126519063e+01 4.077854765298738471e-02
-6.133655383220519042e+01 2.165714725808739871e+01 4.310453242974328525e+00 -1.715733618333621990e+01 3.103394929396181112e+01 -8.165339894776506569e+00 1.963262915461029579e+01 -1.660211252415551897e+01 7.713276273036948183e+00 -1.639396290423964686e+01 1.508202642959119544e+01 -5.498889995351918358e+00
-7.494332870264634039e+01 2.870303908587391106e+01 8.322832377433785567e+00 -2.017187740986911137e+01 3.304962816372633228e+01 -5.043602866905228410e+00 2.289476917419674606e+01 -1.355552205894584539e+01 7.906394817922567597e+00 -2.067770678228613690e+01 9.527057973823813697e+00 -1.525940858587044247e+01
-5.234653021669476658e+01 3.738526649170033522e+01 1.057564122010245455e+01 -1.993826926141849754e+01 2.855063536898055787e+01 -1.642214652370762096e+01 6.282252846024798387e+00 -2.507479272343833543e+01 1.212402452571057410e+01 -1.980784994814131750e+01 2.582728485190650503e+01 -1.931282076306819917e+00
-7.153134124323254639e+01 2.090801195734385942e+01 9.405299763535991175e+00 -2.189175322855577832e+01 2.562069778486664617e+01 1.529759055809700286e+00 3.082173650418551603e+01 -3.454874100380233681e+00 2.522524017101173044e+01 5.295004294742748030e+00 2.988330057492733971e+01 -8.372215510362668311e+00
-7.444765766186618805e+01 1.937699675291676726e+01 2.917409516557074056e+01 -2.287036627614405049e+01 2.322181055605123134e+01 -1.966999008270009508e-02 2.776336489916727857e+01 -2.342704142417940005e+01 1.877971744001537502e+01 -8.971310325032508359e+00 1.240876578400012242e+01 -7.780733597196285878e+00
-8.367716115717979619e+01 -1.066872388939987815e+01 3.584812083929175230e+01 -4.325989403256281207e+01 -1.784515664893698839e-01 7.583224745713128101e+00 1.490866152773133990e+01 -3.029372971379810053e+01 1.678682750295869042e+01 -8.349207820617372988e+00 5.411931580384925056e+00 -7.223156737561283736e-01
-9.753411075394552654e+01 -3.650643332861459811e+01 5.187379731793518545e+01 -3.477982929765696696e+01 3.363997405257313833e+00 1.124003436144100476e+01 5.756722572471514532e+00 -1.382020426016628889e+01 3.442298412246828576e+01 9.198959760819835907e-01 2.270330711445827276e+01 2.458123369013438975e+00
-9.098979479109777913e+01 -4.346536256402863785e+01 6.697096187334764750e+01 -3.442222897223113165e+01 3.119220977353670321e+00 2.170715924722652801e+01 -6.454911817495696980e+00 -1.412802180592380097e+01 1.383320484825559049e+01 -7.296019734108886823e+00 5.112816824400184146e+00 -8.648167153213101699e+00
-1.257223082452457987e+02 -2.079101438419682424e+01 7.691028794874583241e+01 -3.375691860455407323e+01 8.772374969040213077e-01 2.132363907862415076e+01 -6.094535698677649549e+00 1.056138848936135188e+00 1.916963549007655132e+01 7.834448643998924489e+00 5.702431981233787361e+00 -1.045299556992015511e+01
-1.336219424412869046e+02 -3.590813787309008376e+01 9.516237380895417175e+01 -5.767782361780120226e+01 6.742478076203070714e+00 1.057634150974333664e+01 -2.737116979581966092e+00 -2.273926826134570689e+01 8.486153179615294917e+00 -8.420470451026988101e+00 -4.364291679639087818e+00 -2.324931314392399173e+01
-1.112793027548795806e+02 -3.226162198479219967e+01 7.854750168008273192e+01 -4.768437914611295980e+01 1.491551731191706232e+01 2.677048177654430106e+01 -3.514024745632498004e+00 -9.175123094993111295e+00 1.533892250521362755e+01 -1.310974031787550231e+01 -7.840154823309608112e+00 -8.088374432024959759e+00
-1.418677354627394891e+02 -4.316655573262315215e+01 8.517872393578485912e+01 -4.825813281505791963e+01 -3.548366016526491862e-01 1.992325492868874548e+01 -4.174211647664858305e+00 -3.179743378221690620e+00 2.535563673192157452e+01 4.249544343585966999e+00 9.321952105747421058e+00 6.183141603324793678e+00
-7.659891939623378221e+01 -4.910992882845729213e+01 8.417192466138558871e+01 -5.918459133607688472e+01 1.353097548434930708e+01 6.518769718709474859e+00 -5.960863167256369444e+00 -1.550298079525994943e+01 2.479741108133635663e+01 -1.440818552487596982e+01 1.231601829224727496e+01 -3.514729693345488570e-01
-1.029777351412259350e+02 -3.904406360169195978e+01 9.572501202244376373e+01 -6.090059277171645391e+01 1.984357783720961521e+01 1.271641777687227304e+01 -2.901712567505506879e+00 -9.739761281839719231e+00 2.418035079957359557e+01 -1.235936027994885400e+01 5.022406076004325648e+00 -6.007212533598293991e-01
-1.456479117062768864e+02 -4.585951261813236357e+01 8.533719177464767824e+01 -4.973804951961228937e+01 1.123497292598139197e+01 4.084315268130775678e+01 -8.068280359921844891e+00 -2.080839035701485784e+01 1.035654164692934387e+01 -9.355351552188771791e+00 -1.112553657377825900e+01 2.099183419072236045e+00
-1.091896457603519934e+02 -5.635833820466284294e+01 5.241939857859963325e+01 -5.682305515686790187e+01 -2.220831129899966072e+01 -1.755347768735633807e+00 -2.634872501089772712e+01 -3.630692337370108191e+01 -5.733566502838906231e+00 -2.935017891026014070e+01 -2.996615929625290775e+01 -1.754253052409021052e+01
-3.983798768198074214e+01 1.027995540010618924e+01 1.174707630969546415e+02 -3.874927991002159899e+01 -1.531057468054966009e+01 2.296104680538570264e+01 2.993954444012484117e+00 -2.741000735932101051e+01 1.993674204877190448e+01 -7.761432187265031146e+00 -2.071067078150292673e+01 -6.068612056113674491e+00
1.669588665011058293e+00 -6.106890132807865967e+00 1.088986799341396079e+02 -2.117246587892934429e+01 -5.312250088376634594e+00 1.336944394480834575e+01 2.157201667773714249e+01 -3.691856780350229883e+01 1.990875622402133871e+01 5.503714876369617315e+00 -5.610886208177664258e+00 -1.525764395533936835e+01
1.509453187920112427e+01 9.707426360485785111e+00 8.819233516546188412e+01 2.161010110791265593e+00 -1.094906565449361047e+00 -3.818696689247391696e-01 2.141821711251932925e+01 -2.931662458757364220e+01 9.589448650054816170e+00 1.077644534709755852e+00 -7.027521249864156161e+00 -2.343084996735691306e+01
2.477082756361104288e+01 4.316627822411930993e+01 6.130430358105121513e+01 -1.368435150892402419e+01 3.186156677737082887e+00 1.454576660476793926e+01 3.808496484755659939e+00 -1.664239440593383890e+01 9.882417626636721408e+00 -1.077873678587657125e+01 -5.477525733464156943e+00 -1.119455663268374224e+01
2.566445191881179255e+01 2.860681805846633097e+01 5.510790693089245451e+01 -1.183732556833206928e+01 1.405212069264053731e+01 -5.392689884227547914e+00 1.010309404273851186e+01 -1.975681184194872131e+01 1.154733881137569185e+01 -9.286119545046245705e+00 -1.816631487502743614e+00 -1.795368528765679628e+01
1.323373090223329740e+01 8.807418183242056386e+00 5.508186349304548912e+01 -9.484985329257440867e+00 5.982617021872931318e+00 -7.962467383117660447e+00 6.438981682942531926e+00 -1.980911850603938262e+01 -1.035594528833472028e+00 -1.331722755399214186e+01 -4.927680790431745450e+00 -1.833751589769861567e+01
-3.712773794947712425e+00 6.154180452181149619e+00 6.657183426315285146e+01 -1.693435396020751327e+01 2.931206902220777621e+00 -2.577540335907455571e+00 1.494224482833887535e+00 -2.395571753774051516e+01 2.822266975648557885e+00 -2.440564796565531580e+01 -1.310649862745522398e+01 -1.233300140962805713e+01
2.442179013143410060e+01 9.086863166404466341e+00 3.701020083056441479e+01 -1.614844995645029258e+00 4.362718741666927968e+00 -1.286408485583870664e+01 -4.941196325713836934e-02 -1.723779160408022193e+01 2.045524464418278843e+00 -2.667796230461976847e+01 -5.121472896839740940e+00 -1.586167607991841066e+01
5.565185624137657783e+01 -8.152921009330892588e+00 1.018916841546373320e+01 8.053412343558084885e+00 2.215736008341854912e+00 -2.049430132937625615e+01 -7.851717227952464739e+00 -1.163197101715942239e+01 4.957277665947745326e+00 -7.100434970458644912e+00 -3.772469719561644119e-01 -1.713723678183196952e+01
6.781402027252710241e+01 4.654636932900600321e+00 4.283448655127219951e+01 2.900640211801635004e+01 4.946777369674212999e+00 -3.565479062435662172e+01 -1.863561924930423608e+00 -3.931106206997274199e+00 1.380269607147437583e+01 3.099235511009951871e+00 -5.877290617388271521e+00 -1.860432593456620154e+01
8.721766481551478023e+01 -1.169836847844919259e+00 2.939914731016833116e+01 2.896730362684935045e+01 1.301801363844202086e+01 -3.583033754612530686e+01 -1.091685134760137643e+01 -1.753538481780208880e+00 5.720101863117719176e+00 -3.619467496803222772e+00 -2.040011098742558371e+00 -1.334375483482920899e+01
4.085649298058371670e+01 -1.501616730961356083e+01 6.073301108465466314e+01 1.111155034158942101e+01 -8.322317573738295948e+00 -2.812818448380848224e+01 -3.408605186567473311e+01 -1.406114307405351838e+01 3.712770043230430694e+00 -2.410074419378464938e+01 -2.732560669133308551e+01 -1.288040424916606064e+01
7.470562279790391358e+01 -1.325403570618621352e+01 3.556024014473785400e+01 4.370076045447967772e+01 1.698868564399423065e+01 -5.292701318113809350e+01 -1.723627919710748557e+01 -1.844063690369191022e+01 -2.570377443310169596e+00 -2.699232926648339514e+01 -1.305023750551606909e+01 -2.563860898736651706e+01
7.700818604674938683e+01 -5.737019121710503100e+00 2.089637640099386573e+01 5.594923197466692244e+01 1.234050246774541826e+01 -3.899344066534858655e+01 -1.706213586164852458e+01 -2.292911598310259258e+00 1.160284497816801430e+00 -1.808029611895427280e+01 -1.073849281561402869e+01 -1.333626994574423996e+01
6.442231666713205129e+01 -1.987673009078296715e+01 1.256464377467491467e+01 3.687889460107354012e+01 9.953155235936797851e+00 -2.243338004595562296e+01 -9.517352725766134114e+00 1.082691905135005461e+00 3.951199572361656642e+00 -1.478480265993693266e+01 -1.142719513445448243e+01 -6.460175840996249086e+00
5.960272664034953038e+01 -3.371129648640717846e+01 5.327444944302424545e+00 3.337913580022242144e+01 -7.161358522348750810e+00 -4.534525542405882703e+01 -1.937039103088954306e+01 3.420478625835108311e-01 -3.050690516752731618e+00 -1.139602016780714067e+01 -1.334187255521347737e+01 -1.298754092046327457e+01
8.365844025105549520e+01 -3.385643391374093625e+01 1.919623587056709368e+01 5.778601732653785916e+01 2.713633470989764263e+01 -5.329174639190223672e+01 8.014832048594120462e-01 -1.395215943090468969e+01 -4.897942564711644131e+00 -1.389217758225525401e+01 1.493186593521525829e+00 -1.888597620893425599e+01
8.604747716551943881e+01 -3.635935558227397735e+01 1.891522865172625245e+01 4.996109983475126626e+01 2.490126379075573126e+01 -5.544553590738215121e+01 -3.502301650773293140e+00 -4.524428155248084948e+00 -6.129019410307025240e+00 -8.662709519170865846e+00 -2.734978124979681180e+00 -2.641039411516062430e+01
6.922562368475433914e+01 -3.159055270447428043e+01 3.247494072846280333e-01 4.287972592308861408e+01 8.690865785104826102e+00 -4.800236023441259903e+01 -1.122269050956017900e+01 -2.738251793465358741e+00 -3.316941012059260174e-03 -1.356060937069831418e+01 -1.688126614912323475e+01 -2.123089973280418263e+01
7.348881838909326802e+01 -3.974341417805116805e+01 7.168598984267504193e+00 3.100204154492684694e+01 2.102115847342728472e+01 -6.324160279402634899e+01 -4.606969052213807814e+00 -1.496310539777423898e+01 -4.941491431412277535e+00 -1.412938963598306685e+01 -6.594018175072297261e+00 -3.259792303853298279e+01
8.165754834660720007e+01 -3.747658320728901060e+01 1.176334261755249599e+01 3.599297333611283989e+01 1.810481755414850014e+01 -4.522547275776376097e+01 4.808064311495098941e+00 3.775986458108048893e+00 6.643867773466206827e+00 1.238953169486229466e+00 -8.172901255888396221e+00 -1.997315442119346329e+01
9.376746526379778857e+01 -5.093862795359019202e+01 -8.933784203594049345e+00 6.154795155403082418e+00 2.181433255750321010e+01 -3.862442825939069735e+01 2.290004168812757968e+01 -1.260414512721755642e+00 1.223373570530034016e+01 4.305467792858790332e-01 7.728477546091355954e+00 -2.049511633565162327e+01
6.533422720383438786e+01 -2.935613812812878365e+01 6.869612219276752363e+00 3.193091873068038922e+01 -1.788357174300256425e+00 -3.988493455027039403e+01 -1.231862834732131873e+01 -7.131764087112772543e+00 -3.340998348314319966e+00 5.871535912329131079e-01 -9.468780355966469386e+00 -1.198969030631385735e+01
8.018471139163028738e+01 -2.031276785254167550e+01 -2.394740125291973776e+00 3.391627384013293067e+01 1.401045002777927451e+01 -4.273652499207251765e+01 -8.074227403468695385e+00 -2.497006316188683517e+00 -6.753534852473741523e+00 2.323522925931520433e-03 -8.779128825792119173e+00 -1.275414314946652539e+01
8.928973558459875903e+01 -2.170142288885350723e+01 -6.580378669067503683e-01 2.400160655098540730e+01 2.137271677452222463e+01 -4.666757282703195386e+01 3.572366292414471456e+00 -8.948480029089676435e+00 1.414775499639642220e-04 -1.050826292490369518e+00 -7.303411150578730471e+00 -1.612973041107226990e+01
5.932404057458716551e+01 -3.576645652340904746e+01 -4.964402719448174572e+00 5.881368432880767827e+00 -5.505784031468818895e-01 -6.811997924571345209e+01 -8.792013866353952878e+00 -3.067037787541367067e+01 -2.269303115614849986e+01 -1.694170407342816986e+01 -1.930508841551392152e+01 -3.900439377438073763e+01
6.749459578137370386e+01 -2.631263202453456529e+01 8.847805978419700068e+00 2.713794805076551953e+01 -2.239980214657601110e+00 -4.174041473393509705e+01 -3.505177279107549282e+00 -2.474014400463880214e+00 -3.240803391272997658e+00 -9.172068534354002267e+00 -1.333288655843094084e+01 -2.249263869593800536e+01
8.784690576611066604e+01 -2.164227426959717349e+01 1.699724236882550343e+01 3.206855976376687778e+01 2.684662321590411693e+01 -4.382095648555000622e+01 2.064243210543993712e+01 -5.364645732093493713e+00 3.832008784865958972e+00 -9.393589781528373095e-01 7.395430502408809836e+00 -2.672976670260676713e+01
6.050679197008845023e+01 -1.934165161088217388e+01 5.587625432129071257e+00 1.688859032293276385e+01 -9.814033335196146624e+00 -4.694562396922633951e+01 -8.131092717761703170e+00 4.173824880343046217e+00 6.594262101302110768e-01 -7.528503504719502359e+00 -8.064146887321086865e+00 -2.026203370992235264e+01
8.677161014958893759e+01 -2.152579746144563444e+01 6.919218788134180009e+00 3.118194543851253897e+01 2.085172107627023408e+01 -4.376536221842204810e+01 -1.172980150635547503e+00 -1.479803136591830182e+01 -1.411768396333679654e+01 -5.932726404896101258e+00 -7.595429569374810619e+00 -1.574067887243367636e+01
9.411779638093199196e+01 -2.422702111475501496e+01 3.204039129884514381e+01 2.871677443478996139e+01 2.094976520777778006e+01 -4.537070083559669342e+01 1.643271541461639274e+01 -1.354750512733380674e+01 5.371740345796064631e+00 -1.467536810813496473e+01 3.636412640365803028e+00 -2.186699124892889756e+01
7.889740178150819361e+01 -6.751058543450710658e+00 1.045611313714595880e+01 2.181533777677024588e+01 1.967330850497587136e+01 -3.579388878278402331e+01 6.473684959743225553e-01 3.486579631020338521e+00 -4.993994030085080027e+00 -1.042192367619766813e+01 -1.221743533172612217e+01 -2.431345331082778216e+01
6.374240881172077877e+01 3.832012173415081158e+00 -5.636934784372686913e-01 2.326272328329283923e+01 1.627251836925412931e+01 -4.618863626863112870e+01 -1.002162639103850239e+01 -2.226660273357673248e+01 -1.612863917069696384e+01 -2.417120707716181371e+01 -1.547002386284822251e+01 -2.206292982944226111e+01
7.474820582415574677e+01 2.577689938265281100e+01 9.617055436589733830e+00 1.906784648237001178e+01 1.869058897346906178e+01 -2.351430216971908749e+01 8.446238760647954535e+00 -6.902623809327557147e+00 -3.502875749996083421e+00 -3.983774033767133904e+00 -6.812396039443334494e+00 -2.196210283290590226e+01
9.189671286895429603e+01 4.608087880485246046e+01 2.430786300441399916e+01 3.887814452508226992e+00 4.798736454731076151e+01 -2.619224286827851245e+01 1.105567640966538256e+01 -1.895821389643879584e+01 2.454608588774335409e+00 -1.492582893127523391e+01 1.136053404590847649e+01 -2.232792910649741458e+01
7.878900791001521497e+01 3.060919885827528120e+01 1.106618624982270660e+01 -2.759258983938716714e+00 1.224104182163108678e+00 -1.894950321711863950e+01 -3.577186682081085145e+00 -6.345451481926613901e+00 -1.231175407955379608e+00 -1.731725817567226500e+01 -5.978676196365863227e+00 -8.628165274097554516e+00
8.150835630178963243e+01 4.983500481993414155e+01 1.694714022312795976e+01 6.228685636255858249e+00 6.201357380274034270e+00 -2.095477562646490810e+01 5.488906441814993542e+00 -1.233596090101903364e+01 -3.425739228327413510e+00 -1.871039958988038521e+01 -7.786303849346466244e+00 -1.213489002496237035e+01
8.408783284191619600e+01 5.898712460779455569e+01 3.792433709833242972e+01 8.220979846709989047e+00 3.739693573752898459e+01 -1.987441563725347393e+01 4.694143478589374752e+00 -2.800602988285496764e+01 2.881819847306932747e+00 -2.316983884595249776e+01 5.794430869285564611e+00 -1.592386393997831640e+01
7.033557796846911003e+01 5.351095325463845143e+01 1.093894586926595203e+01 6.860604250945155691e+00 1.297108245101341950e+01 -1.368549617718553790e+01 1.757859251543179901e+00 -1.803274070296730258e+01 -7.089782247244059477e+00 -1.637544057617856197e+01 -9.249493810154557849e+00 -1.823500869273539848e+01
6.504742986246675684e+01 4.057650724022276734e+01 1.648490141833337219e+01 5.451644020740801011e+00 1.838600104853498607e+01 -1.800541528429205584e+01 -1.002162374130603384e+00 -2.125546160140160623e+01 -1.288555516955992530e+01 -2.002633317013640379e+01 -1.184485273331383937e+01 -2.296740430941262190e+01
5.337408648526155730e+01 6.341888856725712031e+01 3.105698791684758220e+01 6.475513103211617327e+00 2.762166922169472372e+01 -1.197581845361061426e+01 9.893664185368351127e+00 -1.239705659846030272e+01 -4.799812866386046650e+00 -1.916105018077140443e+01 -4.883611557472114839e+00 -1.785624203145783540e+01
4.545998795614865884e+01 5.966772872521497817e+01 4.019545218094491901e+01 4.343039338823348139e+00 3.279762533743986808e+01 -1.651801095546382214e+01 9.173930274373654825e+00 -1.286702230007612791e+01 1.273945925144076163e+01 -1.850787543682998404e+01 3.081041623667783114e+00 -2.216485697693108037e+01
4.864194007334063485e+01 5.915454396829399997e+01 2.758034477958766217e+01 9.059881309917873438e+00 5.436493750120725821e+01 -1.164333353052257003e+01 2.475591311083871204e+01 -2.234646094327817067e+01 1.742026232386544304e+00 -2.049967771195382937e+01 4.119944784866929055e-01 -2.581375743822055568e+01
4.747793816749590690e+01 5.959894042274359549e+01 2.008658699594501940e+01 1.850258139901266752e+00 2.678129897798941528e+01 -1.448783207206680146e+01 6.275463064609836827e+00 -1.051945298064951473e+01 1.787159053229756545e-01 -1.338614398883113843e+01 -1.773753354140051197e+00 -2.134996790958183510e+01
4.695624799542407146e+01 3.794517335977080563e+01 1.141127757214410821e+01 -7.010599006778635456e+00 1.575986825175981210e+01 -2.819533067706774787e+01 2.371055525944528952e+00 -1.923763876567629438e+01 -8.066919267236247748e+00 -2.640127283587220575e+01 -5.058990063893438194e-01 -2.797392997237284362e+01
3.695524078649859234e+01 6.203165315697481219e+01 3.046591867418316113e+01 9.713090218523442232e+00 3.082502891365413689e+01 -1.920229188595363468e+01 1.306580462006342636e+01 -1.685345021850589831e+01 -2.405646512471575793e+00 -1.192198854183796897e+01 6.702512419662236098e+00 -3.001165914708381877e+01
1.943460735874202783e+01 6.501172257975183300e+01 4.550402593420240294e+01 7.891670465743273688e+00 3.639625208424550351e+01 -2.189343879157807038e+01 2.508749088130462468e+01 -1.722899716961230965e+01 4.054220131582695785e+00 -2.053907834540162014e+01 8.727943324204264997e+00 -2.348365491283347950e+01
7.792460809056308335e+00 5.813109899064139796e+01 3.182660336897582809e+01 -5.616393946536812010e+00 3.157295501563607942e+01 -2.152790930745729270e+01 1.265545887301308525e+01 -1.484015333959361627e+01 4.988811668538945199e+00 -2.052929033112342339e+01 2.213220959869957927e+00 -2.834857252658130733e+01
1.338999639375244133e+00 3.167175792813115009e+01 8.482593690453324342e+00 -1.475994151728052373e+01 3.635108939943732764e+01 -3.589053931821218413e+01 4.315735306673648353e+00 -2.762895184324177222e+01 -7.473242195021800427e+00 -3.174181193870463247e+01 -6.745347279278359309e+00 -3.340485804421167870e+01
1.056491592976444593e+01 -7.503030665774562635e+01 -1.696268624924416102e+00 -1.306942630248810744e+01 1.964500385543792405e+01 1.076526158566745295e+01 3.242867690847883289e+00 -4.039754270138862324e+01 -1.016929569041545989e+01 -1.830621329214261550e+01 2.569722932509639346e+00 -1.236107101674640596e+01
-1.342640640591313073e+01 -5.923831238161926649e+01 2.434492922839866935e+01 -1.329231205757488254e+01 1.815480190856054676e+01 -2.638892034236675066e-01 -8.271723159247443391e+00 -5.228699433127323459e+01 -1.058276211675855549e+01 -2.111803496742809472e+01 1.020343798190863005e+01 -1.468585312199510717e+01
1.262960870809798353e-01 -8.197120862444607781e+01 3.035880864000205293e+01 -2.412181665091522120e+01 4.629343932427113728e+00 2.240174631583679243e+00 4.282504152637935491e+00 -2.529820227723229209e+01 1.916429849154494036e+01 -2.208134149001875102e+01 9.041401770645736136e+00 6.491583387663093951e+00
1.114078312457836972e+01 -8.984392035712781421e+01 1.807004759552529549e+01 -1.520642781008736932e+01 2.201809407806130992e+01 -1.509203680667439862e+01 -1.826223448043628395e+01 -6.065012514575895608e+01 -2.768979120801994487e+00 -2.960291529668474197e+01 1.587312401083662650e+01 -1.340896158012537143e+01
-1.419577855179812786e+01 -6.480802898824987324e+01 1.986797412247475592e+01 -1.647798907733786322e+01 -1.566891832567916154e+01 -3.145489655981091914e+01 -3.118024733695788697e+01 -4.772651670278906266e+01 -5.262693025125488866e-01 -2.357700424702140651e+01 2.814099060010535780e+00 -8.127013645451661716e+00
-1.743039453965953456e+01 -7.873968706535490014e+01 3.890471567027090316e+01 -1.798995103562438302e+00 8.906072541182041391e+00 -1.176264664842072349e+01 5.889104834949366207e+00 -4.294144143965641547e+01 8.660894662936431843e+00 -2.026430142654436040e+01 2.828323077793452711e+01 -9.564520868028079548e+00
-6.058648038185106088e+01 -1.020981780239580559e+02 5.239517308661029915e+01 1.118671635159217459e+01 1.755005017386716304e+01 1.470179612409262404e+01 2.868420179860136088e+00 -1.842938121800735018e+01 1.404432638464289340e+01 -2.134368619794002342e+01 1.406860614021196376e+01 -6.741993948159382910e+00
-6.143579746960701016e+01 -1.060073397392694403e+02 3.453549936941394094e+01 -3.912343106550178806e+00 -1.005900615382400254e+01 8.460309816746839573e+00 1.250721980480150819e+01 -2.108734875926005969e+01 7.185857473774214021e+00 -8.314085077815331459e+00 9.443126426788269967e+00 -3.139202028428195401e+00
-6.948468152736018055e+01 -1.115095866594093650e+02 5.548396501263644609e+01 5.655171303916460168e+00 -3.852789274785490381e+00 -1.339836629683413882e+00 -9.583829677113604006e+00 -3.700375482273048533e+01 5.279450970669213206e+00 -7.534529470243858995e+00 2.057065650995847150e+01 1.975798704450688348e+01
-5.378286196463955093e+01 -1.065401040519145681e+02 5.172485018844669469e+01 -8.827967941820796804e-02 2.999969377507758495e-01 -3.494412671236716061e+00 -8.632477187802509278e+00 -2.060761519580043100e+01 1.971911119616869001e+01 -2.090702429854228939e+01 1.275504145441845694e+01 1.634818439787375066e+00
-4.266660072918843127e+01 -1.034818897558395179e+02 4.938288316956177937e+01 -6.153429159762819900e+00 -7.001076338180311609e+00 -1.341117370841283574e+00 -1.502384633021162053e+01 -1.409044912285337503e+01 2.189472870830618234e+01 -1.365790021119847175e+01 -3.935433396076423840e+00 2.955246171539472222e+00
-1.610100702735988420e+01 -9.884973804318960333e+01 4.223298277968733316e+01 8.029154557770958434e+00 -6.371291379303860580e+00 -4.372124856554676642e-01 -3.060780580623218672e+00 -1.976691428589239408e+00 1.898307839392938234e+01 -1.677998004464281578e+01 5.716837275270116869e+00 4.570207059026641261e+00
-7.913973037897740426e+01 -1.408071420756331804e+02 5.160400878717285167e+01 3.971561027377124020e-01 3.601678421179834721e+00 -8.799719307729388262e+00 3.755429545699466853e+00 -1.643663604021753244e+01 3.332077576948789499e+01 -1.590689553494981823e+01 2.055687847267124013e+01 2.028542098229129209e+01
-1.035984876277450724e+02 -1.658160695948353975e+02 4.141113154600516566e+01 8.158714068768276206e+00 -1.458436803808615778e+01 -1.197366624658543621e+01 -5.144568294218447413e+00 -2.239414112097319531e+01 1.049320207888562351e+01 -3.113754421292910735e+01 -1.041759990707201666e+01 5.416666890199342888e+00
-1.146352438061774137e+02 -1.175887781859391907e+02 2.551508020788062225e+01 8.718868139254157823e-01 -1.754195205748154152e+01 1.884420313569672212e+00 -1.179005273061777359e+01 -2.641535218737592672e+00 1.756050041217785207e+01 -4.512328457346764132e+00 -6.041586234318165438e+00 6.563677762409067640e+00
-8.627238752613396855e+01 -1.151901261510024028e+02 4.819068207117580016e+01 2.857362451948895554e+01 -1.315695855911185319e+01 5.476929515325716480e+00 -6.921494510536941647e+00 -5.776557493959956879e+00 1.396427362106602388e+01 -8.438943290186204038e+00 6.693495350398123378e+00 1.288115891666377166e+01
-3.724499622627975981e+01 -9.462677208417672148e+01 2.745805493182223600e+01 1.388940502954055667e+01 -8.752199308993137805e+00 -4.244033611360358282e-01 -2.412627078510553691e+00 1.857220797344372842e+00 1.100045529491901952e+01 -1.495326588174911819e+01 -4.295913816791218309e+00 8.494161316779868187e+00
-9.422446088026453026e+01 -1.265716393220121176e+02 2.452666994141156920e+01 1.720444706937485080e+01 -9.081790757779751644e+00 -2.428509935045645385e+00 -1.262284328186090931e+01 -6.150024084220704346e-01 3.274845584405848342e+01 -1.484401164563983144e+01 -1.695707870947623519e+01 -7.171996805533860098e-01
-7.552047565490640579e+01 -1.237660752958768455e+02 5.283420285644115211e+01 1.374385198595331659e+01 -4.684352111896629367e+00 -5.369707586835802182e+00 -4.965662668346493724e+00 -1.128995966020346486e+01 2.620529762817810848e+01 -1.754152717182666521e+01 1.051187603473812437e+01 1.210775106693089498e+01
-7.167827729701542694e+01 -1.243953044405189416e+02 5.565362617425455483e+01 1.555579333036504153e+01 4.119379312983683761e+00 -7.459548140887488188e+00 9.291309981093471393e+00 -1.279313329750404371e+01 3.115120114985477784e+01 -1.792426032576985051e+01 3.210877840501882297e+00 2.020080776766785213e+00
-9.694338808793975204e+01 -1.206350898450191380e+02 4.312512011215061136e+01 6.734932098773232845e+00 -1.596767403815374564e+01 -9.579263485859048188e+00 2.270477215411058403e+00 -2.101255165622168875e+01 1.530775445723017292e+01 -3.016373375441966687e+01 -7.980029160155257539e-01 2.288077899035443785e+00
-4.614208148518022767e+01 -9.869895750282609015e+01 3.985928584865106927e+01 2.002970461492693843e+01 3.645293132202695130e+00 -1.366419049618788151e+01 -6.813764412507829604e+00 -3.835539177264227995e+00 3.198187082523722680e+01 -2.414957568400635068e+01 3.085407512350458070e+00 7.232200415502445523e+00
-9.053309994908202896e+01 -1.204641913931264554e+02 3.336957017971416661e+01 2.250983759947159513e+01 -1.776736411838310437e+00 -1.145097680024015041e+01 -5.314201719499637377e+00 -1.298351081193808554e+01 1.793290131559031408e+01 -1.887090885419308961e+01 9.896234595003884138e+00 2.306885630067568371e+01
-7.752278364536221034e+01 -1.193463399967768623e+02 3.726164101665960970e+01 1.396775279968829508e+01 5.667307792487001450e+00 -5.138846379393158692e+00 1.602134776058624510e+01 -1.141340678061083480e+01 3.875517322922969043e+01 -2.337815729871882908e+00 1.136132297810986458e+01 -4.974702524400368198e+00
-7.316935578704826071e+01 -1.217405497730833019e+02 3.619687936402876005e+01 2.579195647887253173e+01 1.481481480499859416e+01 -5.237014922285132990e+00 1.099503476703380667e+00 -2.817754251762196915e+01 2.129359355212426763e+01 -8.586900257878939513e+00 2.277652015638663840e+01 1.505002742135576099e+01
-7.778569334462892471e+01 -1.319714894801775245e+02 2.620351278187385802e+01 1.129457148116647147e+01 6.566778105663202414e-01 -2.999379049446110557e+01 9.405316596642941951e-01 -2.344343285634207774e+01 2.319633009367415610e+01 -3.738452060322006787e+01 1.492621803163386929e+01 1.495300152444595732e+01
-5.411467362573123552e+01 -1.143782661968821941e+02 1.642596098687035777e+01 1.132773787477519534e+01 2.787965964736744340e+01 -1.066197836314344016e+01 2.780536058997155990e+01 -9.563575957210392886e+00 3.590320277211888111e+01 -2.011245520820094157e+01 2.124424855443916016e+01 1.307184717539316310e+01
-4.338064895093049245e+01 -6.596662435493601606e+01 2.061159774908722397e+01 1.595670866332977056e+01 8.367158129504316477e+00 -1.483078774660296872e+01 5.654141123093204158e+00 -2.909874776031627164e+01 5.598142666893023645e+00 -2.998500040829641478e+01 -4.924044907705633634e+00 -1.130893209763428331e+01
-3.562912241481736686e+01 -4.866025569723235122e+01 1.781420420740652233e+01 1.012402715568375555e+01 1.663073349006110746e+01 -7.720165630963402137e+00 2.285651959863804450e+01 -2.569002288876193418e+01 2.799700654641553932e+00 -2.450286769736426606e+01 6.785388196159627405e+00 -5.040476518875931511e+00
-5.116476345990477625e+01 -5.411947461191086717e+01 -6.911661500959551674e-01 7.527210324051220702e+00 3.315782411473372804e+01 -1.458556384946334328e+00 2.019712640518176983e+01 -1.474004115675201376e+01 1.800435101914563063e+01 -1.917584563150374422e+01 1.755321258534737439e+01 2.171287094111993277e+00
-5.355514841272794513e+01 -5.328492446429265783e+01 -1.194613729064303342e+01 -1.670541872528362859e+01 2.334578726357258560e+01 -3.068762083414674535e+01 9.894898351345736032e+00 -1.767837066708155547e+01 4.263537567969937214e-01 -3.011346194816101018e+01 2.747055357202216186e+01 9.225631698535796232e+00
-5.175759727567408675e+01 -4.610974436565429357e+01 -7.878586469701085448e+00 -2.289376032862965005e+01 1.898993332080223695e+01 -1.163351284643134065e+01 1.598645622568507640e+01 -2.508650027405694516e+01 4.706609597668142797e+00 -2.845214761660588465e+01 1.929394144744361483e+01 1.586445820245383942e+00
-7.072768040881680918e+01 -4.320713300921286759e+01 -1.394553289921439543e+01 -2.121834968686818357e+01 2.818944242178437776e+01 -7.995284763343789791e+00 1.154045324765683844e+01 -9.628143029704627764e+00 1.798589377286035784e+01 -1.005569700955457790e+01 3.866934483933783895e+01 1.272014509693894091e+01
-4.099289853820604890e+01 -1.871924853872325656e+01 -8.857875637337240704e+00 -8.787256643996112615e+00 3.843983215095722983e+01 5.985211341466300183e+00 2.541400604928382023e+01 -1.558013340952475723e+01 5.908114228523487554e+00 -1.860394345432032281e+01 1.675799691074521647e+01 3.176535357474459698e+00
-4.798612349317043879e+01 -1.966604162983727733e+01 -5.653898731255307730e+00 -3.263433754089854233e+01 2.792587891138549239e+01 -3.798094853182350406e+00 1.753826586788959929e+01 -2.356254524125091976e+01 1.482724009579367497e+01 -9.474911946016469244e+00 2.122029491441408666e+01 6.561822040790506350e+00
