-8.725103826336825819e+01 -1.833975678956867483e+01 -2.866492215332270277e+01 1.651882960372475395e+01 1.135447689154525008e+01 -3.659868754523866130e+01 -2.282676314684489327e+01 -8.105060376812479817e+00 1.027199252870875412e+01 -1.507838357213842428e+01 -1.349585039445862300e+01 -5.551923701762627061e+00
-1.034972454582079422e+02 -1.676332398890203734e+01 -1.844939974296319463e+01 1.414716730424883906e+01 -4.098967223662753234e+00 -3.301846205222081920e+01 -1.334427413525610184e+01 -2.095109445058196407e-01 3.672064745084713699e+00 -2.163914335835099934e+01 -7.469275950638709638e+00 6.122439468234767368e+00
-9.373770282596356651e+01 -1.382409039981080134e+01 -1.943118261127524704e+01 -1.068340360464068084e+01 -5.697214304002657492e+00 -2.304110094209109860e+01 -4.839160592522850024e+00 -3.233686170887031697e+00 3.279559713057143444e+00 -7.849294433873288845e+00 5.013496788696496509e+00 -3.317676249194961180e+00
-9.770564453553888029e+01 -5.023611365789231620e+00 -1.412784493539158603e+01 -2.456105108487780520e+00 3.082007127362248244e+00 -1.524098813502338245e+01 -1.183137529635672758e-01 1.205207335718679662e+00 3.695733662248661844e+00 -1.015533855908051386e+01 -8.283747879696225169e+00 -2.855743821996882925e+00
-9.401955511583696534e+01 2.488899605907679558e+00 -1.202928925311781683e+01 -1.062466462108082155e+01 -2.566335291453158085e+00 -1.920880013651528984e+01 -7.191570011354942338e+00 -1.775598875161595203e+00 -2.946458843729637955e-01 -3.613677047559857414e+00 -5.201692613520974007e+00 -3.245071152400517800e+00
-8.598505711256595418e+01 -5.983062020065785802e+00 -1.219330083302373779e+01 4.116144409356658151e+00 -8.923544059722114952e+00 -1.134249208835735878e+01 -1.397799609691276146e+01 -1.370477607801214148e+01 -1.125883238080547422e+01 -1.720500825213468943e+01 -6.242145866472652571e-01 -4.991766564897790914e+00
-9.629263897146098827e+01 -1.311610610664472176e+01 -2.447405420136090015e+01 -9.204091861031196586e+00 3.353813057026302502e-01 3.435671625272888718e+00 -1.355908917964039517e+01 -9.925873618824699207e+00 4.156804148909889918e+00 3.497318838823177956e-01 4.965059157876258844e+00 -6.892011232484937189e+00
-9.807355872788645001e+01 5.674740186870648628e+00 -1.275342444679005460e+01 -2.098414290440295815e+00 7.638691113949287903e+00 -4.661612610683559588e+00 -4.741409106349034897e-01 -1.483537686315953508e+01 -9.343688429801675355e+00 -1.491490443917787623e+00 2.242371595098166193e+00 3.987705332745770992e+00
-8.726077809952774089e+01 -8.438501583181160726e+00 -1.155937660648723231e+01 -1.095361296450249533e+01 -8.508867291965730217e+00 -1.566095966983043297e+01 -1.507114126883085703e+01 -6.598922403046728391e+00 -5.518669606080400136e+00 -2.307401502515278313e+00 -3.466158671853712736e+00 1.904628927970850150e+00
-9.224339362152511512e+01 -1.331184396181411955e+01 -1.652860258958413198e+01 -9.295505598190851870e+00 -4.977397196866098383e+00 -1.186740467111416786e+00 -1.071646407439297288e-01 -6.614370336690589269e+00 -8.683907630137699840e+00 -1.107871886108057424e+00 6.805954047861491496e+00 2.420350554532487486e+00
-9.406425285210961817e+01 -1.760979337424755897e+01 -2.192345673345701940e+01 1.869492755904295755e+00 4.164311239079109050e+00 -2.631083727448314313e+00 -4.184100543745430389e-01 -1.077686797818994791e+00 -6.855498609716743630e-01 -7.296661315882502663e+00 4.084128612184416696e+00 1.804849257516167427e+00
-9.547983666671814262e+01 -1.543384801726883282e+01 -2.643668876181834548e+01 -8.367490022675022843e+00 -9.660677063673528409e+00 -8.503355958684899463e+00 1.442352873507474875e+01 3.479376688434816511e-01 7.558071595900643924e-01 -3.314506144419340217e-01 4.219311296764363561e+00 -5.946539891385832277e+00
-9.270839681249816522e+01 -3.430621097891033866e+00 -5.977220352021594074e+00 -7.656605456333295479e+00 -9.460975663376355982e+00 1.210176822081163950e+00 2.001516545471741182e+01 6.837253909553108855e+00 -7.432214162513413491e+00 -1.192897180632244059e+01 5.223390800534779999e+00 -6.199154479502231307e-01
-1.032927212633398000e+02 -1.678364667035102187e+01 -1.013592549986721103e+01 -9.654683913592272404e+00 -1.774791310301154112e+01 -1.473350606992104517e+00 1.217620112338383009e+01 3.963639556825885535e+00 -2.721865317774230242e+00 -1.312206380235191894e+01 1.222135514874038709e+00 2.264335568384870712e+00
-9.783347547056689564e+01 -6.328490528362999967e+00 -3.678806852587873877e+00 -2.097041572784857699e+00 -1.740000518734183821e+00 -3.219410737043174819e+00 7.381693310264990870e+00 -8.115448768906322385e+00 -2.025430287394036188e+00 -8.110294798035081243e+00 1.090641080503607441e+01 7.426461274847261151e+00
-8.973106257974643540e+01 -6.910322384541861318e+00 1.903065937191263490e+00 -1.086377508437577433e+01 -3.048041357487280223e+00 5.650424919113476996e+00 4.599832724257629124e+00 -1.210862956445937222e+01 -1.915413286585048525e+01 -1.767925843005816944e+01 -1.055924583481426371e+00 7.850693929702767804e+00
-9.610370986879914312e+01 -1.251865149139180922e+01 -1.594069963797805478e+01 -4.758937921889898170e+00 -6.384081011496566482e+00 9.382077492740039659e+00 1.925208308398887347e+00 -1.167556086480329824e+01 -9.928916830089770329e+00 -1.193431707672185382e+01 9.753714279401586307e-01 -4.352906640101066316e+00
-9.389360201663238570e+01 -1.404742875493291088e+01 -1.832519003272033231e+01 8.444948586524991807e-01 7.714465464793120120e+00 5.525463362800024925e+00 -2.304144893921574067e+00 1.315266573972850850e+00 4.309207670120596134e+00 2.081849613613995675e+00 1.802470377665412471e+01 6.453412697906344420e+00
-1.010458295861331806e+02 4.967201456000934101e+00 -2.713448463127292598e+01 -1.612231818020058682e+01 -9.382138488713617219e-01 -1.710387753966485791e+00 -1.072531358062112972e+01 -2.079200808441890302e+01 8.891838345358934248e+00 1.324804599082304080e+00 6.815990068376756028e+00 -1.089732812342822932e-01
-9.969787431307052827e+01 1.485396735502946441e+01 -1.983946986154830938e+01 -1.431512407740886061e+01 -5.689428068308354902e+00 6.941912449450051703e-01 -1.824403713107063396e+00 -5.172954446982640064e+00 7.116317357859278658e+00 -2.883130305154758766e+00 7.165310614769073716e-01 -6.233801885188523073e+00
-1.151674497165380444e+02 -7.099320863722093478e+00 -3.393699625271698039e+01 -1.728652413196143556e+01 -1.163779164886534367e+01 -8.784124869721081197e+00 -1.414587170556617757e+00 -1.276110518887645462e+01 8.156752472608426174e+00 -1.227690135157403972e+01 -5.197658373785849939e+00 -2.029889132001483176e+01
-1.094262561413155481e+02 -8.443321479316391986e+00 -1.920805358670263985e+01 -1.767179333993852453e+01 -1.079221522692560065e+01 -9.249409405602403211e+00 1.277237046894223127e+00 1.626065211938008570e+00 4.067905992867039799e+00 1.344463501294665742e+00 3.694327961836804786e+00 6.240075546823380392e-01
-9.652167402043862410e+01 -6.118708220223074257e+00 -2.404648065499053544e+01 -1.964047595379846456e+01 -6.142776739706754086e+00 -7.866284086641773143e+00 -9.788608346391841408e+00 -1.424779358317825562e+01 -3.928025397266196261e+00 -4.694264689591443940e+00 3.771080095625438222e+00 -6.849664835838856547e+00
-9.623108028764843880e+01 -9.112263907071760372e-01 -1.025691688608285546e+01 -1.492198478862923494e+01 -7.986473799558932107e+00 -2.642745494595160505e+00 -1.122956630628432428e+00 -2.952735515660886989e+00 1.279560975939915934e+01 5.910132399322737484e+00 2.901090092421667599e+00 -7.951763484543832305e+00
-9.072916895893365563e+01 5.889281060043066063e+00 -5.606420965816015567e+00 -1.876609871615906977e+00 -1.341681560944891061e+01 -7.904709699640724452e+00 -1.414106314993736291e+00 -2.306576509683153642e-01 -7.081183131871773284e+00 5.645551073933215314e+00 4.319914118091626953e+00 5.251652890702787069e+00
-8.551431977569632181e+01 1.208578487955895397e+00 -9.982837480414467279e+00 -9.629647193841371688e+00 -1.176950258815169903e+01 -1.948062642112063614e+01 -2.511800234382923769e+00 -3.264367540592557848e+00 5.229726780917993700e+00 1.180797446089846048e+01 -3.909346026399846519e+00 -3.819309191848518470e+00
-8.851133831700954602e+01 4.229070449824674505e-01 -7.371106762966226356e+00 -4.295183739781238685e+00 2.792248483152681260e+00 -1.246157276351305931e+01 2.607537328119877706e+00 -3.822969812828431735e-01 -5.533185427254305289e+00 -2.836838476237178996e-01 1.043819005440092340e+01 2.371109246361177703e-01
-8.573310740026465737e+01 4.431185700137278971e+00 -2.232203776281161822e+01 -9.389348407441621802e+00 -3.431352159076111796e+00 -1.280270184629981856e+01 1.189212672706224661e+00 -1.014733775309826491e+01 -1.684180799703448028e-01 7.098871373847858379e+00 -3.228629532980094474e+00 -1.106427223991596698e+01
-9.973416838965928832e+01 3.586150709959377569e-01 -1.635305883070683208e+01 -1.739143167556262748e+00 -3.466533026180972143e+00 -1.596737079027331596e+01 1.030658444313485633e+00 -2.073684837939482772e+00 9.505823896241853532e+00 6.591283855660194035e+00 1.005341868256793170e+01 -2.816607144538638252e+00
-8.821332379891821063e+01 -3.940999749466683078e+00 -1.510168627628719840e+01 8.242263291238650424e+00 -3.061816881589773054e+00 -1.438172559481176549e+01 -6.077196837407036867e+00 -6.782247517253787272e+00 -6.377745656855313250e+00 -6.852076239026572146e-01 5.551759426848916767e+00 9.240527309140572854e+00
-1.114515230683798279e+02 -2.420254901456991803e+01 -2.895386093770679992e+01 -7.270828809985422581e+00 -7.185788234251557327e+00 -8.288037845148055638e+00 -6.621943617433923457e+00 -1.628546069221395598e+01 -4.631725831704128105e+00 -7.253250136392214165e-01 -1.723745254560769824e-02 3.664429987873095929e+00
-9.693856126795057548e+01 -1.614766889145211692e+01 -3.016874874093607417e+01 -1.328389746802084126e+01 -2.800268763376032144e+00 -1.404475926966827970e+01 -9.063274773794676165e+00 -4.911388334271493683e+00 4.891647324232476279e+00 7.285717223027564415e+00 -4.205337425425783593e-01 -1.209216599423067784e+01
-9.551343944716893475e+01 -1.171402239757425257e+01 -2.642866568474689615e+01 -2.155400179344576728e+01 -3.845567614410819068e+00 -8.711730998722467589e+00 -6.269799542895849953e+00 -4.368573358031027531e+00 6.818943090366778037e+00 -7.235182804208921681e-01 -9.352706147311806717e+00 -8.499657693679857573e+00
-9.328269902213772014e+01 -9.754105860340965606e+00 -2.215962162711502970e+01 -3.226732583015019085e+00 -6.777287228929648855e+00 -1.261671375824344921e+01 -2.620129349856791467e+00 -4.256804408438927823e-01 3.764722697379188965e+00 -6.342914179791002027e+00 -3.043607053298631460e-01 7.981834727420442643e-01
-9.554580084459743716e+01 1.379089467900426413e+00 -5.303020455705660829e+00 -3.590169118058814668e+00 1.866407291516546385e-01 -5.368393303096051561e+00 3.467022425587927614e+00 -4.702999757416861826e+00 -9.729125927511288907e+00 -2.200526393874329134e+00 1.173811339295965084e+01 3.540646275060980841e+00
-1.086518679890452574e+02 -1.371205395363984714e+01 -2.224976140436566752e+01 -1.291303632872303986e+01 9.436886265682699060e-01 -1.942601364195419222e+01 2.674744969974394593e+00 -9.903767182372309463e+00 -5.219073102387201679e+00 -6.985801784418654847e-03 1.223370790459855328e+01 1.461480400173980065e-01
-9.559088311707247954e+01 -1.181402649416255102e+01 -1.426690966484483525e+01 -5.187051666280204643e-01 6.942410154069613704e+00 -3.187086543615657686e+00 4.068428313359423676e+00 -1.065162558548280813e+01 -7.544857707561629212e+00 -1.525672333873954845e+00 1.110720624770229747e+01 1.862219820553348448e+00
-8.503339014346161662e+01 2.894498555497290848e+00 -1.793466859781753442e+01 -1.025260577077353830e+01 -3.502078998196714643e+00 -1.209680117099109609e+01 9.072764504885343584e+00 -3.687013588036085920e+00 -9.502131430958542069e+00 -3.534852180206432326e+00 2.174479822553192498e+00 3.135446110821493715e-01
-9.048002513504798117e+01 -1.332696714830230533e+01 -3.739622480089289525e+01 -1.255327267605361641e+01 5.618377852563527952e+00 -5.570813732030016396e+00 4.275969678980358069e+00 -9.789806907854398332e+00 -2.984938116858446122e+00 -4.487719985222272889e+00 7.154637510150788415e+00 1.936146785915511259e+00
-8.936791599667463970e+01 -1.360769449584962931e+00 -2.287128796787208529e+01 -1.799113838951164013e+01 5.092189198248255444e+00 7.540925926640199561e-01 6.009157067302759003e+00 -1.330458137197283897e+01 -7.620446858676997337e+00 -1.093783421926286259e+01 2.694191252203979037e+00 3.820799154769505712e+00
-9.117634904654671857e+01 -4.528501372012248893e+00 -1.217514840716311930e+01 -8.888556441779755346e+00 5.370927305722558387e+00 3.614319262380418785e-01 7.553676991273681196e-01 -8.889710024287353463e+00 -2.505007743321198133e-01 -1.172417808483474033e+01 -2.581352198464196057e+00 1.512292353969544756e+00
-1.020397353698633367e+02 -3.930768463699199522e+00 -2.627961092190209058e+01 -1.026712362937286116e+01 -3.636474560065851236e+00 -7.604616529168461980e-01 -1.144779724764639184e+00 -7.166131302333287323e+00 -6.260081423486943741e+00 -4.435904391311005668e+00 -1.462660123916454946e+00 4.736351611961913122e+00
-9.123120013298964182e+01 -8.567963051767073068e+00 -2.485789924513694160e+01 -9.657139730966164848e+00 2.621704942988801079e+00 -2.154241900928042686e+00 -3.541007714836984288e+00 -7.726768072627791639e+00 -1.394471340080214450e+00 -8.922720121840277407e-02 8.501016792988188797e+00 2.416619691658635993e+00
-9.089106970521197582e+01 -1.648900530177572987e+00 -1.803899046925511129e+01 9.768673710244829556e-02 5.012460024578485829e+00 -1.920501161189156036e+00 6.343900237235353678e-01 -5.223871208062183413e+00 -5.734637570183227062e+00 -1.860771750964206106e+01 3.062747899167068244e+00 -3.307555712893746058e-01
-8.520112886177638245e+01 -5.080189804614624549e+00 -1.753184630471388772e+01 3.047262367361672553e+00 2.269150588501940291e+00 -3.309868843897119106e+00 6.955904864724614001e+00 -9.005594975449332296e+00 1.035970245550813518e+00 -5.062173065155435303e+00 1.816680223260488614e+00 1.183079571409891395e+00
-8.568135820846271145e+01 1.111595201926667720e+00 -1.487758203570816562e+01 1.076170858688771403e+01 1.339238741312763281e+01 1.831346643048019640e+00 2.787886477474816882e+00 -1.096127996109366265e+01 -6.663816305759281633e+00 -1.931017492611604069e+01 -1.640369276664780074e+01 -2.982960721255111469e+00
-1.013771223239683934e+02 -1.449963791645653899e+01 -2.025832219457379324e+01 -4.334547457121203706e+00 -1.561335168229444514e+00 5.881221309059487368e+00 9.892802359485267871e+00 2.535905143774241033e+00 -6.734521559553492409e-01 -1.208236004873742786e+01 6.284693377342160936e-01 -2.400651815704477166e+00
-7.945776852586233474e+01 2.158594453668796209e+00 -1.413393242484088219e+01 -9.126311904548982668e+00 2.758772707651094169e+00 3.308231943376654272e+00 -6.533035328684981380e+00 -8.872906110637394761e+00 -6.636316968296984697e+00 -1.165909679245999264e+01 1.053428381328598462e+01 4.687549348093013712e+00
-8.529150019433851071e+01 -2.416902045006223965e-01 -2.015944659211212553e+01 -6.228609419435475303e+00 -8.486999785299888188e+00 -9.846263977658832545e+00 -2.392168476208117056e+01 -2.112181141830247100e+01 -1.281736844451076607e+01 -2.670163440912887154e+01 -9.721477190085471065e+00 -2.205897082172539569e+01
-9.800943558742210371e+01 8.175351506314921579e+00 -4.900612451416265003e+00 1.855733884937187739e+01 -3.183270589883201218e+00 8.745291488064236063e+00 -8.007740812337420522e+00 -5.736916752869609226e+00 -1.215579247479768865e+00 -2.478513919843115332e+01 -6.946893986406860177e-01 -1.267736739293743042e+01
-1.270697430720991292e+02 7.264938108931579208e+00 -2.675638946544857344e+00 2.210104758896288502e+01 -1.189801594191703060e+00 -1.205707687522394700e+01 -1.249684702800917790e+01 -1.759633208121852199e+00 -3.313019891833363317e+00 -4.051149379180120746e+01 -3.967280945075548182e+00 -5.727642598249014227e+00
-1.811027023817757140e+02 -1.421204651591748025e+00 -1.483765565010330745e+00 2.944461658381311864e+01 -3.239204678809275872e+00 -2.012301332124306441e+01 -2.079021935771908147e+01 3.163162524629304695e+00 7.510053995655203707e+00 -4.732470432053002440e+01 -6.127372730824559355e+00 -8.968276333345603035e+00
-1.839956893204650896e+02 7.970105294082419078e-01 1.782689998820978872e+01 1.988476922160525717e+01 -1.780419205493512846e+00 -2.629366036596466927e+01 -3.642929579488912850e+01 5.653657865599903687e+00 -4.065009190208014545e+00 -5.132163820750399452e+01 -2.552963557413333007e+01 -2.166552883638003735e+01
-1.451962645629573103e+02 2.389183740860961080e+01 1.328411068417455354e+01 3.422076797097750500e+01 3.198003517655153338e+00 -1.947539146469824090e+01 -2.610539775748822677e+01 -5.761572021962777512e+00 -9.307605469226157169e+00 -5.977959017671507524e+01 -2.303628306367048140e+01 -1.662591201891450154e+01
-9.412303422732787794e+01 4.658008717022055123e+01 2.138333570715029808e+01 4.258774168120100256e+01 -4.998613754343596227e+00 -3.278026181078365653e+01 -3.475710510085258420e+01 -2.101596309186422928e+01 -3.580279172411641397e+00 -4.489752689127777785e+01 -3.195202715096013080e+01 -1.291139655206391978e+01
-5.794850893474104936e+01 4.295442870013432923e+01 1.845163628610876572e+01 3.288475230003574978e+01 -3.940252200950976658e+01 -5.332327784846099661e+01 -5.134488603005383567e+01 -1.985383447382715971e+01 4.056156257456791536e+00 -4.269383870362607780e+01 -2.978782965281083861e+01 -2.929114948743437807e+01
-2.732120250355856683e+01 4.843550620171686205e+01 1.051178747565108118e+01 6.195389711940672228e+00 -4.751973855328330387e+01 -6.902187249740499908e+01 -5.482665797556440168e+01 -1.813677814608114147e+01 9.415179645142901066e+00 -3.411552578089609966e+01 -2.322447394062893977e+01 -2.392665150037347388e+01
-1.554800664589286363e+01 4.758984536711460578e+01 -1.750152479342520273e+00 8.321713081254259237e+00 -6.042803735562663547e+01 -6.894048931610754494e+01 -5.899089564386886764e+01 2.275900583602955329e+00 1.345163676926406993e+01 -3.696124403517530510e+01 -2.630190394593225278e+01 -2.730494394544403747e+01
-4.020420355305427051e+01 3.639317429749407040e+01 7.485246224668886228e+00 -2.672127594581428234e+00 -4.898223054671019838e+01 -7.134404074806276697e+01 -6.297177404160896685e+01 2.070830957046442933e+00 5.621439126871143444e+00 -3.733355704222380211e+01 -1.390866859128871980e+01 -1.063924987207975903e+01
-3.920764539666755155e+01 5.295104918480409140e+01 3.525913336422468181e+00 -1.120224322963876240e+01 -4.816309031017152620e+01 -6.667034827814362075e+01 -5.217276981639093947e+01 -1.207478640468532483e+01 -6.370997530608464743e+00 -1.897786530050199261e+01 -8.436799013979168649e+00 -1.963609784483587006e+01
-2.560195303581519255e+01 4.905944322447946604e+01 1.191085671129497214e+01 -2.591418695946128725e+00 -3.890938390460473073e+01 -5.689815603960765600e+01 -5.826600001963969078e+01 -7.116052940530165571e+00 6.538994801169312865e+00 -2.308945893356164092e+01 -1.328635116850172793e+01 -1.519918046047163784e+01
-1.122887012009962149e+01 3.453832731778619802e+01 -4.959921532327988380e+00 -9.487304086330381026e+00 -4.020255372742538214e+01 -5.439323344768135371e+01 -5.433918764716092653e+01 -5.084992102027841909e+00 2.207781627377748190e+00 -2.354405746573733893e+01 -1.136664197169462298e+01 -1.773895111677018122e+01
1.261082581521823798e+01 1.958176621908588189e+01 -2.064275348978904390e+01 -9.069203734691722474e+00 -4.671102898146136084e+01 -5.485660853815798532e+01 -5.004518905453869593e+01 9.079433257068275864e+00 -1.474251450022422194e+00 -2.487769773479339364e+01 -3.115703923971048894e+00 -2.938535670651601706e+01
1.595472018426293914e+01 6.163051384732140647e+00 -2.157282658191979863e+01 5.893658374590899918e+00 -5.860764871981957924e+01 -6.053845849014232527e+01 -4.451655276440887121e+01 4.843991596384251253e+00 7.885993468327060718e+00 -3.451417910233630693e+01 1.074759977263053834e+00 -3.784809210784394651e+01
1.143724038187322023e+01 4.796795477532889151e+00 -2.367230995777903502e+01 1.941107198813631030e+00 -6.187850459339031772e+01 -5.833944744355375178e+01 -4.176955310302152213e+01 2.555839448372676515e-02 1.118735919749140173e+01 -3.817066471524179860e+01 -5.549912321477918908e-01 -3.461957409118945606e+01
2.057685512958798313e+01 -4.197050977297839935e+00 -2.286978638705347322e+01 -8.694967841213683268e-01 -6.779133155288883472e+01 -5.634660774517079318e+01 -4.438893527435941166e+01 7.081534963342960509e+00 3.751531218482122565e+00 -3.936521873112670278e+01 1.207379122001978722e+00 -3.410693265400762186e+01
2.256045576334577163e+01 -1.965890011985914398e+00 -2.899184739049613313e+01 -9.917118567340718727e+00 -6.641404527021043691e+01 -5.335177039407190591e+01 -4.173254954614867529e+01 5.547305578169812179e+00 4.952305114902386229e+00 -4.659594351229225140e+01 5.606747284022093325e+00 -1.934414202239790370e+01
1.949096181371145065e+01 -1.539114266204775916e+01 -2.560686703490912208e+01 -1.669865390205462674e+01 -6.899012494774017057e+01 -6.014328261312684276e+01 -3.693267808555241061e+01 6.863946071789310821e-01 1.268932383757551285e+01 -5.141582832095237166e+01 9.323702720403341360e+00 -1.963409354212652858e+01
6.984951283508075370e+00 -2.909593860053517034e+01 -3.135540670946612707e+01 -1.889197787279252694e+01 -7.173576475494550664e+01 -5.294406061924846085e+01 -3.115502873642225268e+01 9.734302675465126953e+00 1.400330108513683136e+01 -4.578923503963865471e+01 6.374206033572072272e+00 -1.488010378137887280e+01
3.546554917752025027e+00 -1.889917125666509889e+01 -2.765866235192160261e+01 -1.797610673498235556e+01 -5.772591250853886891e+01 -4.761214735397577158e+01 -2.545871255032769653e+01 1.822403500906202822e+01 1.964382760397280236e+01 -4.022020080540663400e+01 6.895413721926794359e+00 -2.006825995924067385e+01
2.556982558508902770e+00 -2.319844120674151355e+01 -2.752694548354472914e+01 -1.971764552672468085e+01 -6.730256745893123593e+01 -5.082361073409701646e+01 -2.980721962215442744e+01 9.064046345492300816e+00 1.413996807757517260e+01 -4.677401166755147699e+01 5.819591677259135842e+00 -2.839575945748131502e+01
-1.325127047690444870e+00 -1.502840760940890874e+01 -2.834178519398138718e+01 -1.904235506211325912e+01 -7.297350302504966635e+01 -5.914592328149267075e+01 -2.719965385048710260e+01 1.056149116742668603e+01 2.177441851850167964e+01 -4.524142481042944297e+01 1.328568005117114126e+01 -3.179172223750146031e+01
-2.327049824655476939e+00 -2.311467404453259533e+01 -2.773920493402264853e+01 -2.460929792841043806e+01 -6.426938224855972237e+01 -6.523107519115696107e+01 -2.290542677932830529e+01 8.615015363859864550e+00 1.348423123628374753e+01 -4.725365996528980617e+01 4.336981243828838650e+00 -2.588149998552683684e+01
-1.254445587456021727e+01 -2.732781450964529313e+01 -3.105933523481188274e+01 -2.776778912908859809e+01 -6.463751121094350083e+01 -6.074719693981357693e+01 -2.204225351036213709e+01 7.049004526683196659e+00 1.905518133936299208e-01 -5.998474222423740798e+01 8.518542915954618877e-02 -3.397562409763530411e+01
2.075074502953332178e+00 -2.558056036695701607e+01 -3.114682600151581227e+01 -2.194873913538911125e+01 -6.519313172900214681e+01 -5.947535094101843356e+01 -2.744695899109037995e+01 5.224518956167660377e+00 3.454743556685890837e-02 -4.933990092288281915e+01 6.334123775541641521e+00 -3.752970532552346583e+01
1.407111994615769746e+01 -2.489004650918601413e+01 -3.951947388470058797e+01 -2.919090600853805029e+01 -6.686762087469504934e+01 -5.374807807636453560e+01 -1.819433192721799486e+01 8.056931299714836570e+00 -3.133640528857888796e+00 -4.978163713167641902e+01 3.546091101400393519e+00 -2.695422795696123330e+01
1.566559156302035660e+01 -1.551062644915434063e+01 -3.896644328599428775e+01 -2.297038295797313268e+01 -6.548170281621975164e+01 -4.379287506546953779e+01 -2.416285362036566653e+01 1.184610822025491572e+01 9.606946297330840601e-01 -4.693362344372637551e+01 -1.091570226588808623e+01 -3.172847332021428812e+01
1.824443932910424948e+01 -1.581470401811565729e+00 -2.422275897361364372e+01 -3.012147697408042646e+01 -5.996178543548721507e+01 -4.323937017838724728e+01 -2.586334181574953561e+01 9.534384656411742043e+00 1.023306763720652413e+01 -4.454396119206573701e+01 -1.475425210087213657e+01 -3.798140045084860361e+01
2.130919866836946142e+01 -8.573179953363918582e-02 -2.703945751745701287e+01 -2.226454424528190401e+01 -7.441669240621598647e+01 -4.979847473317677498e+01 -2.226948718735221178e+01 9.292278562403046394e+00 -1.231630118458326706e+01 -6.165098650619597720e+01 -2.994107776852326452e+01 -2.308816602637678272e+01
1.256535941256749922e+01 8.853058779533082401e+00 -2.782620186567098486e+01 1.581157041349362524e-01 -4.476830688122593926e+01 -7.681727341539355791e+01 -2.024756428434985978e+01 -3.979071815068663254e-01 -2.156407881713071362e+01 -5.613765332167296407e+01 -2.567462408715967115e+01 -2.496493239802458675e+01
-6.025074091438851553e+01 7.496236785880310549e+01 -3.961890459420732924e+01 -1.216868331858573171e+01 -9.121207328148589255e+00 -8.809921427691716644e+01 -1.649886575671088096e+00 -2.426335838220952468e+01 -1.251054663183814952e+01 -5.114407146996805409e+01 -2.228824416198064995e+01 -1.732222177535871310e+01
-8.901542609971578202e+01 7.619281010674779964e+01 -2.162327399851061038e+00 -3.814547773805901443e+01 -2.876188118092967727e+01 -6.661461170679491772e+01 6.038036293569550850e-01 5.876071385435526651e+00 -2.190436334606346591e+01 -4.685933918182832514e+01 7.977531329765945589e-01 -2.058409435073595617e+01
-6.270557755705932124e+01 3.683106552982717119e+01 1.482848715860219357e+01 -3.426944857337596773e+01 -6.921121908466290051e+01 -6.291791618412820242e+01 -1.256386400288505456e+01 -2.396120191992128223e-01 -2.831872117243833031e+01 -4.468623928361046183e+01 -8.065511601792527685e-01 -2.792966089028204379e+01
-3.365586293395396922e+01 3.369662494856362400e+01 1.868797414051059036e+01 -3.430918321627122225e+01 -7.525645077990759546e+01 -6.303469457624838412e+01 -4.166168624468348014e+00 -8.745525442629984880e+00 -1.903772639701876557e+01 -4.838460009473213574e+01 -9.383904160534676464e+00 -1.539680237464569856e+01
-2.935411128417580784e+01 3.522948663105842115e+01 9.592609553621052498e+00 -3.740659024324440907e+01 -6.661322741524428181e+01 -5.935427661997385229e+01 -1.965398617635996814e+01 -1.796431128845921421e+01 -1.476140392637268661e+01 -4.171217275256885415e+01 -1.183314350123314895e+01 -2.560691579763766512e+01
-3.840390870208203467e+00 3.629575457774166125e+01 5.774778337038593889e+00 -3.030989388983515198e+01 -6.050760503201512108e+01 -4.199915223266295072e+01 -8.617452337620044034e+00 -2.218482569138438265e+01 -1.873914843644001849e+01 -3.083136313430755138e+01 -1.958340004945396506e+00 -2.585181734289317390e+01
-1.220708751166450057e+01 3.654594528963639988e+01 5.242305834684963806e-01 -1.316499405102029563e+01 -5.414889723108862540e+01 -5.127632711484338301e+01 -1.935202770041272302e+01 -2.202166856498390146e+01 -2.631205675192661175e+01 -3.872616136382944774e+01 -1.036316230238981007e+01 -2.265666772872809176e+01
-4.321638474770700356e+01 4.167283422025273865e+01 1.273861613048732444e+01 5.817626684207771959e+00 -4.966827013254737722e+01 -6.544692418134721379e+01 -1.933574637935392104e+01 -9.257190819158427786e+00 -2.081840291380823516e+01 -2.423176376622919292e+01 -4.438180975679186346e+00 -3.470814086784274366e+01
-5.923045507638191509e+01 4.793620440932785698e+01 1.068113365085129196e+01 -6.663470376277905949e+00 -5.692471099021335590e+01 -5.868204776843136727e+01 -2.119850870065904047e+01 6.941798504527185720e-01 -1.117986532674752986e+01 -2.086546135753141584e+01 1.069249248006877551e+01 -1.596338270580687890e+01
-5.056223287238871933e+01 3.523050992195168618e+01 1.302703461816500585e+01 -6.158266458591989512e+00 -5.197053453625614594e+01 -6.438818915472062088e+01 -2.249596498804169187e+01 8.183033875447655703e+00 -2.286981955535583033e+00 -2.087620662812131300e+01 5.771009597078434084e+00 -1.777964313702836208e+01
-7.964561397968482481e+01 6.091704987393383419e+01 1.338334103459442659e+01 -1.210347818027348410e+01 -6.231411033003686839e+01 -5.889351996211071594e+01 -3.114603884200160167e+01 8.334860489108695702e+00 -1.284651878129052527e+01 -2.634929297224580225e+01 9.357534498549174629e+00 -1.057148244833901529e+01
-8.006217231752293628e+01 6.977694662710254647e+01 6.756122266217451156e+00 -1.817440275631322777e+01 -5.008320043266472510e+01 -5.284129668962096105e+01 -3.463466071857340012e+01 -6.013732993494053325e+00 -1.630592961017460141e+01 -2.275455960870954897e+01 3.998759036556781776e+00 -1.434480961972109725e+01
-9.622336492836524258e+01 6.923737250246850294e+01 1.490859720076946893e+01 -2.740659540829607366e+01 -5.447599231217432703e+01 -6.285662715353308982e+01 -3.644403345622913548e+01 -1.226256213204051804e+01 -1.547061976904524805e+01 -2.062477008565588577e+01 6.322104557155334703e-01 -2.026135672787319564e+01
-9.666544992548114124e+01 6.946414689169496626e+01 1.405447275516325156e+01 -3.876843783157218581e+01 -4.529662258290326804e+01 -5.375626899024851468e+01 -4.891530928027358271e+01 -3.043625448943828005e+01 -2.258187242078805568e+01 -9.866546732972700795e+00 -8.188324854437688316e+00 -1.624458762333921413e+01
-9.166581466742451312e+01 7.531858833701450351e+01 2.056416183222187044e+01 -3.733443737580278565e+01 -3.533637993754828699e+01 -3.287214530011284097e+01 -4.421487578506189209e+01 -3.123854860543410439e+01 -1.707006488969111757e+01 4.731898065897338412e+00 -9.171357300368864429e+00 -1.725213060426075629e+01
-9.164475929928687492e+01 5.764643628769049144e+01 2.433038040133895663e+01 -3.929070860405820298e+01 -2.948348745765999723e+01 -3.381972773111792918e+01 -3.518172515618581997e+01 -2.491102315929074251e+01 -7.329629358113423976e+00 6.782145811409053593e+00 -1.751687645696286921e+01 -2.581756935213127235e+01
-8.134714985062350934e+01 5.927319720098086719e+01 2.231275198790114800e+01 -2.380816238110474004e+01 -1.344768516465341968e+01 -2.209932304053148044e+01 -1.419564924841683862e+01 -9.654982375198017053e+00 -1.595457333675446510e+00 1.157845746908073892e+01 -1.268577947599190026e+01 -2.474199214874958130e+01
-8.446808049510877936e+01 4.119662844721675299e+01 9.775238523878011065e+00 -1.720629711237685200e+01 -1.197659665056809786e+01 -1.228766389598651720e+01 -8.442864173029933639e-01 -1.261893450582056708e+01 -6.994199382055916736e-01 -1.626306506629426885e+00 -8.036959929238532752e+00 -1.292289224523917390e+01
-8.779089889209345188e+01 5.779597733644415314e+01 1.342307272535991913e+01 -1.813655198621398412e+01 -1.903231318649889658e+01 -1.053897607141925619e+01 -6.871313978174217851e+00 -8.266849772035502752e+00 6.700007142009206440e+00 -2.199737057969541443e+00 -1.447310589809599080e+01 -1.924199322000353973e+01
-8.878870454764910392e+01 4.806160121695043586e+01 1.745911105236367433e+01 -1.145035168416212912e+01 -5.386915401543889814e+00 7.271308688471830983e+00 1.104482789899394568e+01 -1.037108017661938320e+01 5.976469130278640129e+00 -1.037932067630608302e+01 -1.596478211056027341e+01 -2.232475668350490139e+01
-1.042799395229141624e+02 3.803797239188870094e+01 7.081435063529408325e+00 -3.005248797795223581e+00 -7.028102512320279160e+00 1.054743562698645221e+01 1.150169465123133605e+01 -8.585402234431271040e+00 -2.287797531144871499e+00 -8.700555331605800191e+00 -8.133054836468780024e+00 -2.705869477528715805e+01
-1.237591435470290264e+02 3.580029022289834018e+01 1.262084601064000822e+01 1.065032046676035016e+01 -1.776999480983178170e+00 1.880964192450853334e+00 9.492375223933574802e+00 -7.397074145252084953e+00 3.703664705825020942e+00 -2.291608836376315850e+00 4.026556281115523994e+00 -1.757495502220630001e+01
-1.200597350676608670e+02 4.214064169899403112e+01 6.973018888227175083e+00 5.104805004120399614e-01 8.007532866363513691e+00 1.254170274461134937e+01 9.061594263326087528e+00 -7.737514318674378444e+00 1.739309714798897399e+00 -5.594958840282355794e+00 5.471541805062216213e+00 -7.123923378066232104e+00
-1.282843008466630295e+02 4.370216861369756600e+01 1.000294167419410130e+01 5.096407134296656594e-01 1.329104421438305828e+01 1.226580496509517459e+01 7.892546178852819061e+00 -1.517579890127220921e+01 3.316499152458506572e+00 1.752759658847467428e+00 -7.130213195863844611e+00 -2.156571633628178475e+01
-1.100288364055850252e+02 5.074798708668209457e+01 1.494721204983194696e+01 -3.937653020047186203e+00 1.584129365400722911e+01 8.036466292342947071e+00 -5.750555189327514860e+00 -2.325016734935273277e+01 -4.570753551072044729e+00 -8.553684369818261857e+00 -1.468862845840726550e+01 -9.194714165133483164e+00
-1.047539734051764526e+02 4.891705591539380293e+01 1.366073300535354562e+01 4.061589541265858472e+00 2.413005529730013521e+01 1.135160318106365196e-01 -9.101773874036078738e+00 -1.901317997794065917e+01 9.966325469625427758e+00 -1.088570978156397118e+01 -1.433752105276673738e+01 -7.571533966317393727e+00
-1.153277570852962981e+02 3.403598243945765489e+01 1.345517375662902992e+01 3.521819437842520717e+00 1.874327837734866620e+01 3.264910881235761231e+00 5.363640828494697921e+00 -1.654983157329482424e+01 5.257501239784078351e+00 -1.478753779339192498e+01 -1.697334079196123824e+01 -1.322823462728084465e+01
-1.088209118070693080e+02 3.226465495406506534e+01 1.369754009669424022e+01 -3.750856994589370608e+00 1.868261470100017618e+01 -1.556201695464216606e+00 1.410338734132488980e+01 -2.145036069291113634e+01 -8.912331654169488360e+00 -2.696831902105168410e+01 -7.713689105296512416e+00 -4.217417734526344830e+00
-1.120237932075090868e+02 2.705118552151020594e+01 5.837065871080961088e+00 -9.720414023713431106e+00 5.485937231010204584e+00 -3.665312306103904127e+00 2.788934003144338369e+00 -1.996545756906902369e+01 -1.475426842012645956e+00 -9.324492642909255835e+00 -3.589296312205705775e+00 -4.915454515391263435e+00
-1.213540377860273622e+02 2.535661278673213559e+01 5.143016849230345855e+00 -1.004948861001166094e+01 7.743152422885994923e+00 3.075829640862739467e+00 2.651632175675592951e+00 -6.083910563646488967e+00 -1.639264106993984171e+00 -1.061252199448747824e+01 -6.205470396784500409e+00 -1.538129932616599405e+01
-1.158105605471990032e+02 2.744209117186049340e+01 5.021801937767681245e+00 -1.574765999085715684e+00 -5.478883363571474874e+00 -1.466555003215737685e+01 -1.682591084332339726e+00 -1.323530755958250360e+01 -1.016318702010988773e+01 -9.941928187588066734e+00 8.786387590261366398e+00 -8.033584446975263305e+00
-1.309156136571455136e+02 1.484474379212529271e+01 -2.791114757057693296e+00 -7.001729183283633695e+00 -4.399498179635434880e+00 -1.593316713261380002e+01 1.750865085358039863e-01 -6.557604572967314027e+00 -2.234269117727612830e+00 -2.159452471501013093e+01 5.371015640102517530e+00 -7.984851423929899994e+00
-1.090112185454143514e+02 1.083515796764058692e+01 6.010126669703848457e+00 -4.622230313833952664e+00 -3.707278529238133391e+00 -9.654176312973012930e-01 5.511141278876143801e+00 -2.813928640258391400e+00 8.112305839442413458e+00 -3.768647481408818578e+01 9.061525241186837221e+00 1.891221336299722999e+00
-1.175447898472565669e+02 -1.722625279025609801e+00 3.476239407873420895e+00 9.400680364238445108e-01 -1.245644532339668586e+01 -3.413302955832483221e+00 5.551182295084145402e+00 -7.175605587664966478e+00 4.377357303954412249e-01 -2.516355951351158993e+01 8.640846826991335661e+00 3.779891522397236692e+00
-1.215771436062012469e+02 -4.979763172933461490e+00 1.605085319948316824e+00 -8.074377158101793128e+00 -1.679226389723859114e+01 -1.950796003608965634e+01 -3.489569442794453025e+00 -5.903664087062199251e+00 4.957309003438012063e+00 -1.473971493796330989e+01 1.988293851008591417e+01 -1.650845886503141458e+00
