2.977413446761488913e+01 -5.346607050810253270e+01 -4.483496892640059173e+01 2.841701960184492037e+01 -3.291716143476022260e+00 -5.506038489277234049e-01 1.760744687160568756e+00 1.702621959903569859e+01 -7.656524221171745026e+00 2.032779789644059321e+01 3.553771713772083007e+00 -3.826355001821094337e+00
4.545598674271612083e+01 -5.160571014517205413e+01 -5.774848657226490900e+01 2.045329577813223310e+01 8.701070254462518250e+00 1.369931607754996961e+01 -6.063894357835908799e+00 7.747289711471137430e+00 -1.276783765950242433e+01 1.196665073663047707e+01 -1.168121379954107297e+01 -6.443311349063237436e+00
3.283517247938259231e+01 -5.608565221214351482e+01 -5.218641145994952524e+01 1.278725609734873636e+01 -5.951805296204679685e+00 2.708968282392629767e+00 -1.254724429631823313e+01 -5.185918062467873568e-01 -1.706188196843196891e+01 -2.772339631737994914e+00 -1.501157459859026844e+01 -9.898773826381800589e+00
2.173706761255677122e+01 -6.655765384859842015e+01 -6.212861602181494192e+01 1.239170827255974316e+01 -4.723411605367624944e+00 1.481149389750892453e+01 4.062414342252484545e+00 1.250763244759852100e+01 -5.995881741194049042e+00 2.116373653818460454e+01 -2.874047113053319613e-01 -7.270344317006958157e+00
3.490239336584182439e+01 -5.260497484408989521e+01 -5.325537373328826618e+01 1.080835649746846450e+01 -3.779318311289190824e+00 -4.382918345034348739e+00 -7.037654058064379825e+00 7.034642731004836946e+00 -2.354638910787690520e+01 -4.383921524828458871e+00 -7.989796098459611251e+00 -5.997967859228328535e+00
2.655734522543387044e+01 -5.574218672175788214e+01 -5.314169237580927074e+01 1.572092564843773488e+01 1.003902619593907453e+01 5.325693794475707676e+00 -6.311408182962750857e+00 1.656207988556193911e+01 -3.959385314310143400e+00 1.395379430543104782e+01 1.570552206830461905e+01 1.584608966233164296e+01
4.847377102685040029e+01 -4.262550299118980490e+01 -4.677186588651599664e+01 1.864407584233165238e+01 -5.981583862761465475e+00 -9.195729395549182783e+00 2.383217555090220596e+00 1.725793130783560514e+01 -1.531161292284107667e+01 1.086377166665750416e+01 -1.186597379315803025e+01 -1.022385730292855754e+01
3.801218254076746916e+01 -5.063505914202994518e+01 -5.483374466820225024e+01 1.881404754318033667e+01 1.176586098820387960e+01 7.746227457093337598e+00 4.727529052097118267e+00 1.095897237982482686e+01 -1.464746627399312651e+01 2.383925546535419571e+01 8.700554041925148141e-01 7.040656533742533085e+00
2.502770930886176615e+01 -3.780088818024655239e+01 -3.124041001865947464e+01 3.229367700321144241e+01 1.291895439103162779e+01 -1.170097867378150980e+01 -1.289408537818425238e+01 1.653179796108112498e+01 -4.634045606152312757e+00 1.274596878396966737e+01 -4.780763086363853276e+00 -1.026770878219062588e+01
2.691989590969460977e+01 -4.340870462793147766e+01 -4.262313836661303412e+01 1.697657203387278813e+01 1.220287112620728109e+01 1.453449253805806141e+00 -1.258397948082373574e+01 6.409234151443198968e+00 -4.988407486134658342e+00 2.212501515682657072e+01 1.145952884698946228e+01 2.148533186849916454e+00
3.809490114222461443e+01 -5.050225092979213315e+01 -4.700841118093693183e+01 2.465175139183863706e+01 6.440167919395615392e+00 7.574780947046485302e+00 -4.400109582505395522e+00 1.144845227618631966e+01 -1.248617857005282517e+01 6.339129574759843067e+00 -1.920279038331770050e+00 -4.304920009799302782e+00
5.709903819594705254e+01 -3.739707471436636865e+01 -4.703609436886172546e+01 2.295562181461540519e+01 5.406748020684740474e+00 -4.037679677678968737e+00 -2.315478176666871946e+00 6.392224348440856296e+00 -2.290559176161885091e+01 2.046197127172267471e+01 1.054823462983931037e+00 -2.491961772381745099e+00
5.057038229018074560e+01 -4.011421605574943072e+01 -4.623387903891422468e+01 2.384554303682254073e+01 -5.045782450035723343e+00 -9.851459937907025122e+00 -2.062190611613746327e+01 5.247349036717429804e+00 -9.237601143054446240e+00 1.527762687372958617e+01 -1.268190869266611820e+01 -1.763508320532857709e+01
5.900524917541863346e+01 -1.979999013102561989e+01 -1.842282565599846933e+01 4.753869745106582911e+01 1.694474918130049090e+01 6.787578748311541510e+00 7.525875187514544429e+00 3.095820496542817324e+01 -1.837269514247302560e+00 8.485027212465308111e+00 -1.199480355708214319e+01 -9.566832135981147900e+00
7.200522242583110710e+01 -1.617310688198245927e+01 -1.239555590648364358e+01 5.960081577594431224e+01 2.639263233481452886e+01 1.625427531010908666e+01 1.027209153668871444e+00 1.976403338298288404e+01 -5.909651653826693440e+00 1.592207719429477564e+01 3.699097727274489156e+00 -4.643084430079030156e+00
7.562922508093224394e+01 1.353872163487385816e+00 3.763923032610713371e+00 4.719665970324513893e+01 1.295760335179669909e+01 3.493217924627491922e+00 -3.147354812404240754e+00 1.938147942575818305e+01 6.938590275020238174e+00 1.892862730593962439e+01 2.344699994182143588e+00 -4.592027884919096969e+00
8.950163098531510286e+01 2.101233965832130934e+01 1.056684331724595083e+01 2.007077737907657422e+01 1.105175479997899046e+01 4.129354631592475400e+00 -6.784939232695373690e+00 -1.096321175991889607e+00 -2.748794721488400317e+00 -1.796678461993709952e+00 -1.015003685974812164e+01 -3.233106114453115687e+00
1.399152533712023114e+02 3.315194710968391689e+01 1.624243530511278522e+01 6.909586868168170781e+01 2.008206659086366841e+01 1.125701790911707434e+01 -9.474154863986935737e+00 1.013433733143119220e+01 -1.471624797990993549e+00 2.011282224253839246e+01 -7.478737204298415264e+00 -6.561850103522383293e+00
1.014564193874023488e+02 2.866379110951998399e+01 1.369728872215667437e+01 1.623325190602520962e+01 5.238119027322900578e+00 2.096236075832876189e+00 -5.867863694058533142e+00 -2.082852151296784360e+00 -6.803328499599134105e+00 -7.605006105475488276e+00 -1.306552410192606040e+01 -1.100927462748161645e+01
1.007387280440481874e+02 2.794526649536074814e+01 2.017158344819475957e+01 3.319145383098504709e+01 1.387526339168369205e+01 5.045442662851749915e+00 -2.830774681865605658e+00 6.149053274929228152e+00 -1.172994331832058146e+00 -6.170143856591528975e-01 -8.014205110307306867e+00 -6.906194728606351418e+00
1.316619888262706866e+02 2.155490615681781819e+01 1.300981774944276914e+00 7.265578234394010337e+01 2.635477288244148752e+01 1.224639767715255800e+01 4.225764680176377297e+00 2.542869882318857577e+01 -1.005946422741585522e+01 2.132565336144315182e+01 4.684520084896874437e+00 -7.350874714655576625e+00
1.048623029821755637e+02 4.276853360218749955e+00 -5.693560274032760660e+00 5.278512994908881240e+01 2.224766172825782462e+01 1.897850840410915652e+01 6.325938163710542739e+00 2.773284983684615312e+01 -1.903324982712495839e+00 1.339398385890577803e+00 -9.143015903664045041e+00 -2.191618586616966624e+00
1.135735620948241262e+02 7.909335842820754081e+00 -3.815149779418548714e+00 7.112956441670093000e+01 2.619189576856879142e+01 7.846614000363556052e+00 6.967676827278612706e-01 3.016550363678997115e+01 -8.543340058695623185e+00 7.331174151762003710e+00 -1.219256258510327484e+01 -2.734984458746309244e+00
9.619767594013177359e+01 -2.319698551170010958e+01 -2.912434573761356305e+01 8.309099890838382407e+01 2.371695465545680293e+01 1.544591988960127260e+01 3.159965687452262806e+00 4.593746166830360522e+01 -1.159647823639468101e+01 -6.394842786247445510e-02 -1.380672135034907200e+01 -2.667630963457481297e+00
1.185023509105948563e+02 -9.028881837207897831e+00 -2.724748881753069796e+01 9.429198909017671326e+01 2.734225804490702316e+01 1.021200714132920240e+01 -8.429722160727830982e+00 4.650608981059270519e+01 -1.288351733366051199e+01 3.757170632125503396e+00 -2.147653519771249364e+01 1.024723368598919926e+01
5.805350364154638498e+01 -2.397621428599022408e+01 -4.671629946993758331e+00 7.856464440318637799e+01 1.935740984847819135e+01 1.002552544289552472e+01 -1.858981322603919129e+00 3.585199109956727170e+01 6.115949908722060346e-01 4.069646649995590337e+00 -3.771981601868559686e+00 1.060744091437785386e+01
1.215798409732031473e+02 -2.600765652127304861e+01 -2.923086502802636844e+01 9.768724085057277762e+01 -3.266127955660470539e-01 1.729031910010712281e+01 -6.644713491334670152e+00 4.173582036899831849e+01 -6.180107814541599964e+00 6.790969675347170664e+00 -8.146398356619666714e+00 9.474641175130185999e+00
1.242992488850955652e+02 -2.218930272622878164e+01 -3.097767148875394838e+01 1.034141279885307796e+02 -4.904268902667933361e+00 2.210622798287723345e+00 -1.640486875648593923e+01 4.765979263016625112e+01 -9.147013150677006266e+00 7.120099524369655875e+00 -1.099563689394631538e+01 1.267736165247177382e+01
7.406143221391869247e+01 -4.449962982057638783e+01 -2.094541373459000155e+01 1.033454785797396482e+02 -2.092426619078837646e+00 1.100298644795399916e+01 -1.953891919295377733e+01 2.947636062525478451e+01 -9.973996835840612363e+00 1.392625621813073700e+00 -6.051030522670977518e+00 8.280342718992862672e+00
8.668899932938509778e+01 -3.960285970336697403e+01 -1.502356176134316179e+01 1.081277254881939456e+02 -2.064216797407274129e+01 9.486943841085372142e+00 -1.767465256441582966e+01 3.311078265099789775e+01 -7.735292602175002585e+00 -4.563247889280619418e-02 -7.076968065401096908e+00 1.000454783347535859e+01
5.197419017857774293e+01 -4.529926591176540995e+01 -2.811996762568437802e+01 9.572949202885808972e+01 1.695683490262407389e+01 -6.714640157401701170e-01 -2.697615446843388298e+01 3.577253838087253257e+01 -9.881754901519355094e-01 1.121488876627414655e+01 -9.352028835226594339e+00 1.810729888975247803e+01
4.084828733672621581e+01 -4.248558516206689717e+01 -2.154542567948362120e+01 7.103033959376369921e+01 2.952453589032733028e+00 3.521987794125361670e+00 -1.077036949836178792e+01 3.402803446913780760e+01 1.249485457713714054e-01 2.293024246611313988e+00 -9.114426923478609055e+00 1.399881499920242334e+01
1.321534605530086282e+01 -5.453792099675093397e+01 -2.037149113851247506e+01 6.853677280705322516e+01 7.793065373179070221e+00 -3.414187611933701127e-01 -1.523839224677445436e+01 2.583073940382283240e+01 -1.767754059674337963e+00 -3.973809198137443488e-01 -1.052643332814998800e+01 7.637473470426956013e+00
-3.024065053612319076e+01 -5.379130885698791076e+01 6.403575499357989642e+00 9.684980559079460249e+01 5.458902598802912287e+00 -9.194214226075221319e+00 -1.288926929304914282e+01 3.917301762873023563e+01 -3.566560443715477646e+00 -3.597528884286648854e+00 -6.414666018561980820e+00 1.827835971312950392e+01
4.791381764153264555e+01 -6.613708289309433042e+01 -3.212844761302876861e+01 1.132475872264846828e+02 -1.022737641780436668e+01 9.482265605460998614e+00 -2.375796329654198402e+01 4.518365880155589309e+01 1.539665469084325444e+00 3.293562133842155681e+00 -8.412596155009854471e+00 1.135868025670153969e+01
6.763628637712466229e+01 -9.674314155038221941e+01 -6.831552339269660479e+01 1.680329036681316097e+02 -1.871307286180147145e+01 1.735394550008925307e+01 -4.104728437701110977e+01 5.906159515227476220e+01 -1.431545299142770489e+01 1.820756782609406876e+00 -2.673254812658910140e+01 1.249003382647980409e+01
-5.330950709528345044e+01 -7.668329720416576833e+01 -1.381922062282763441e+01 9.111420570179646461e+01 8.326237294103108866e+00 -7.683123633307242351e+00 -1.330250146683602175e+01 4.434998525953568560e+01 -1.846714198194887580e+00 -3.676609509398615749e+00 -8.177175020052029453e+00 1.978289038499615771e+01
-2.480654265648153256e+01 -9.835710730465613949e+01 -4.048825219005319553e+01 1.270124411745119204e+02 1.316008890417718646e+01 8.590186100789495072e+00 -1.487510095471858662e+01 4.844278498234556452e+01 -2.062844066075757610e+01 -1.154947553066543264e+01 -2.764422905150096454e+01 9.781690040182219548e+00
2.100822491698274952e+00 -6.948641208155926563e+01 -4.022957136928068422e+01 7.446673411905786111e+01 -2.982322135627986093e+00 -1.013880644727978009e+01 -2.853642152142946031e+01 3.581476998074006701e+01 -1.626397996577630511e+00 3.295697578377274617e-01 -1.773918425505599572e+01 1.462804232387020775e+01
-1.937115706280633631e+01 -7.980991890188283833e+01 -3.042104632500113581e+01 7.744599434541497374e+01 -1.743418920555173202e+01 -1.682428633832824261e+01 -1.861996726652563439e+01 3.091851151243281492e+01 -1.376077288342959726e+01 -8.585299223765265886e-01 -5.479688421681795596e+00 9.343562918333242706e+00
3.690637116774358795e+00 -8.775763205320357940e+01 -4.875380092195757697e+01 9.134948603327704575e+01 -1.383987796731622311e+01 -9.693012788418158721e+00 -2.370353222821832873e+01 3.988101078361660257e+01 -1.112818144211454197e+01 2.550154580560668016e+00 -1.171472857249866095e+01 1.017485621658104478e+01
-1.590855902603714078e+01 -9.081006759188488786e+01 -5.410933795098563337e+01 1.097596818019653426e+02 -1.872201824432215034e+01 -2.651854955657152146e+01 -2.158878670919967036e+01 5.968112927678116364e+01 -2.598912023546949257e+01 7.840905659765060598e-01 -2.090666358926766666e+00 1.214021886425844166e+01
-1.443800259738757497e+01 -7.219974809100115465e+01 -2.781247212723837237e+01 7.266851240736303907e+01 -1.725455820293813503e+01 -1.816608538700707243e+01 -1.771172742573781989e+01 3.686583079540492491e+01 -9.705818883380338491e+00 -6.520627195960241096e+00 -9.705674982883083501e+00 1.454216049804211863e+01
1.061724238021984590e+01 -6.498791850770770395e+01 -3.214615326179894339e+01 7.013520967031411146e+01 -1.291210219822408334e+01 -9.571581028720721918e+00 -1.858330531288945764e+01 3.385005814086211728e+01 -6.603796751692435407e+00 -4.558456569474460096e+00 -1.314833460554063649e+01 1.368219642732528385e+01
-4.422346654623943607e+01 -8.248329091511635625e+01 -3.072165452526573404e+01 6.992533844756218286e+01 -6.082745834548536124e+00 -1.609395965368489811e+01 -2.074454764936405127e+01 3.495213005819879015e+01 -7.305759458257487182e+00 -7.081905685411759244e+00 -1.041146983932250158e+01 2.080543675289657557e+01
1.155974070715110891e+01 -7.626787653989659077e+01 -3.852471138895866432e+01 8.237738563249597235e+01 -1.564826879522136949e+01 -9.531277771945440236e+00 -2.099189950246496039e+01 3.434358890138182119e+01 -1.046225478206224047e+01 -4.470957850548740176e-01 -8.149251093914179123e+00 1.178919699534052512e+01
-5.941887739725324025e+01 -9.795199128167794811e+01 -4.051457843499140665e+01 6.414875713698829429e+01 8.436031868235351894e+00 -7.252500099865940797e+00 -2.070038348178104570e+01 2.739124017320443727e+01 -8.036223364311155803e-01 5.922454308625582087e-01 -1.162519553326262134e+01 9.413039398345642184e+00
-9.453503204141579630e+00 -8.671199033820926161e+01 -5.420834853701610712e+01 1.003693426750747335e+02 -1.307375961455026214e+01 -1.573207621662850286e+01 -2.989378723746913380e+01 4.737369365060101956e+01 -1.285211969940993804e+01 4.805232987725348792e+00 -2.006251192426717012e+01 8.326437978630565340e+00
-6.985547688141323874e+01 -1.029870992620301422e+02 -3.544939398601626124e+01 9.571144928548062580e+01 4.554712161620044775e+00 -1.177132087420157092e+01 -2.420641927458946796e+01 4.592629091310887901e+01 3.176057144656589948e+00 1.944754487022439138e+00 -2.025058166863703946e+01 8.370473928694861954e+00
3.701655262042170591e+01 -7.873824603777759989e+01 -5.027648648766528083e+01 8.963205163372131778e+01 -1.916733648713647753e+01 -2.639317101027991996e-01 -2.674404343324501099e+01 3.302696022631638328e+01 -9.712560505456581339e+00 2.408800192803050244e+00 -1.035103629436214590e+01 8.801227378280314539e+00
2.715484530922427808e+01 -7.513749262732844159e+01 -4.831153931614358754e+01 8.644810856787918851e+01 -2.049578239847880923e+01 -7.832980559949692001e+00 -2.742887938032183825e+01 3.830583677677275034e+01 -1.091247212695776803e+01 -3.374129542931267878e+00 -1.598114298965222346e+01 1.511238869539484320e+01
-5.557685631740790910e+01 -8.829953876746552055e+01 -2.600012390604326029e+01 8.448263425264900661e+01 -5.364974534039919973e+00 -1.969015631047533077e+01 -2.228742431182157446e+01 4.128419994423237682e+01 -1.237076009840982760e+00 -1.299047853548323861e+00 -1.448362647107354917e+01 1.253083437161619784e+01
-7.316768186422824272e+01 -9.818667630468451080e+01 -2.568244968240238535e+01 7.759456550086554216e+01 -8.930754528288630922e+00 -1.820521643671246181e+01 -1.943569835590989570e+01 3.045358959905205154e+01 -2.878391445966393292e+00 5.469006791315511151e+00 -4.134314704592075174e+00 6.258257394766999937e+00
4.176931627724355423e+01 -8.658654976063961328e+01 -5.250921058974756761e+01 1.015540040081870927e+02 -3.185087354480891264e+01 3.435890548264022293e+00 -2.396892936102068461e+01 3.515306982486742982e+01 -1.564008832540021743e+01 -7.021089590011688752e-01 -1.765075013624828548e+00 7.843065228005763778e+00
1.653751495143945860e+01 -1.100093103798100742e+02 -7.454973038900692472e+01 1.330651668748425323e+02 -1.527034140110646732e+01 -4.578892802416939745e+00 -3.216526801559474080e+01 4.115169788664113071e+01 -2.711214661173981000e+01 1.486780547931913787e+01 -1.362869105960170302e+01 5.311843837373097621e+00
-3.498946805111644665e+01 -8.746673034731989560e+01 -3.819546087895963637e+01 7.718789754774888934e+01 -1.195863041120663084e+01 -1.812565619522569449e+01 -2.339347258441331689e+01 3.808518251588370163e+01 -3.946466952227408065e+00 2.038778193782638137e+00 -1.223189357546084466e+01 9.188590416925430659e+00
-1.081406964206114596e+00 -6.992334976331531493e+01 -2.658929265166876377e+01 7.565489400691464539e+01 -2.161127221781151064e+01 -1.335623499783713442e+01 -1.372982568945405646e+01 3.580650171583747010e+01 -9.642561039594566452e+00 -3.023076222238109345e+00 -6.509516868997076600e+00 9.478174094954979978e+00
-4.154391224369162217e+01 -1.255371443448406978e+02 -6.747864888225922186e+01 1.245802661783323799e+02 -7.981755604021614658e+00 -7.730697499863643962e+00 -2.674093882888100637e+01 5.765584077072811908e+01 -1.272395278923758966e+01 5.209678933546229018e+00 -2.108446664373725099e+01 1.084251615909595934e+01
-6.070081060161570008e+01 -9.797886927113148658e+01 -3.891039112147308998e+01 7.235596416915680607e+01 4.712775542676229001e+00 -1.109725107185763626e+01 -2.135489049753706325e+01 3.486486258347023437e+01 2.633304934355857885e+00 2.972923207343306728e+00 -1.602051300351668672e+01 8.166253144998822933e+00
3.442923450463997881e+01 -7.270080467443769123e+01 -4.642273857866106823e+01 8.154470039640975187e+01 -1.830446657540917244e+01 -3.528383442113001145e+00 -2.488698623615812267e+01 3.169288659736578495e+01 -9.520315081772057653e+00 2.608461179244044192e+00 -8.644417861109268131e+00 1.102510016471236298e+01
-1.964395837965926539e+00 -7.677259860130341451e+01 -4.256115921409374891e+01 8.848706036100350047e+01 -8.815181524245378597e+00 -1.440377299119264265e+01 -3.017076211245121087e+01 4.099695877189078175e+01 -9.068376483382413866e+00 -2.083439342859748855e+00 -1.836544528103590679e+01 1.820373423079903219e+01
-8.349273764422918021e+01 -9.799552182850558779e+01 -2.871658050236621307e+01 5.942305478285638287e+01 -8.744576485202731675e+00 -1.213222176102119576e+01 -7.090089671789239212e+00 3.536643477714421380e+01 -5.975276118808274362e+00 -1.089544607989325797e+01 -1.205211799683503315e+01 1.141378627483377350e+01
2.930656020885745860e+01 -6.856768302796234593e+01 -4.072744234616946812e+01 7.470390240972685092e+01 -1.807010048343265396e+01 -6.084941454671607630e+00 -2.115058778881931545e+01 3.338078370837484954e+01 -9.110925831912631168e+00 -3.275341364914893028e+00 -7.220861154846911489e+00 1.288607924697178220e+01
-4.804394304245460212e+00 -9.991346425548910304e+01 -6.018065840728822025e+01 1.099737173271444988e+02 -5.704710933595789513e+00 -8.193812940075801521e+00 -2.639562217498915686e+01 4.656552846837448101e+01 -1.664292922552520082e+01 4.350636615636970461e+00 -1.428581205397590281e+01 1.150526770506992236e+01
2.092262342116421081e+01 -7.112359978226456292e+01 -4.189150085675439072e+01 7.599951207690210708e+01 -1.131586368814414278e+01 -5.563197041421808819e+00 -2.145281295329831295e+01 2.918910886611999445e+01 -1.092293474778548301e+01 9.777251848024117731e-01 -1.004377843598872388e+01 1.028957656094688389e+01
1.106312252697801490e+01 -8.570389052772598859e+01 -4.665177188834677224e+01 8.920454636157137429e+01 -2.305312627132030201e+01 -7.328203348514941595e+00 -2.423948870799176092e+01 3.805019277659587118e+01 -1.020111597388445190e+01 -2.664111521025930074e+00 -1.311336492160688394e+01 1.193873064478946233e+01
5.659562964550476494e+01 -9.660841950409506751e+01 -6.765463779882176709e+01 1.238459724435699627e+02 -3.638310264456297460e+01 6.290255541882125101e+00 -4.061309268762566660e+01 4.770443321631857003e+01 -9.523981314366416484e+00 -3.606899248125362778e+00 -1.457002556466354903e+01 1.122654447741011552e+01
-8.229346442459782907e+01 -1.048367470284652825e+02 -3.056247384170439574e+01 7.502819951357702166e+01 1.512046838118404146e+01 -6.338437466542949039e+00 -2.620584228823604178e+01 1.762223885889626018e+01 -1.977452853588923087e+00 4.508240479702404713e+00 -3.410564672880560977e+00 1.307253923871186174e+01
-3.249391288276574130e+01 -7.565886974560818601e+01 -2.874238990168709762e+01 6.070852188812472150e+01 1.978722705261630743e+00 -9.890814187646187250e+00 -1.599813290559833767e+01 3.337215333526977901e+01 4.185254769589455748e+00 -7.709983859083369140e-02 -1.242805221048703501e+01 8.987948540295178645e+00
7.072101325142556050e+01 -1.088894236412430416e+02 -8.118368431905483362e+01 1.486977449453383997e+02 -3.007473333803569560e+01 2.134984870247746613e+01 -2.757691631034618496e+01 5.287918107820668467e+01 -2.714526936038054927e+01 -6.024494247892393517e+00 -1.563113674251168739e+01 -9.719902770912292045e-01
-1.641841818312734347e+01 -4.869301073628279397e+01 4.969439176161679406e+00 9.161464277951733948e+01 3.108861639050014958e+01 8.575095469690026562e+00 -8.360206818132994044e+00 3.095119575875099827e+01 -1.941289163425854891e+00 -1.303494579748820925e+01 -3.227734048664581223e+01 -9.811650231566972025e+00
1.075313792063363962e+02 -3.181284380868639872e+01 -4.672882461360262596e+01 9.249973420242007194e+01 1.228493655597327106e+01 -1.362025112372036162e-01 -3.535212552222107263e+01 3.037871887970328899e+01 -2.272965617212658884e+01 -8.977883863985457680e+00 -3.127704788239699241e+01 6.871105071570843492e+00
2.756054385111990257e+01 -2.821150046645461629e+01 -7.126367477040822962e+00 5.753214301208485892e+01 -1.299318774498389395e+00 -1.762650759619824470e+01 -2.534548845023576646e+01 2.391119114257841005e+01 -4.898320330306386694e+00 -1.975348106316024399e+01 -3.934852773383605751e+01 -1.457715029748620772e+01
4.859037206488311966e+01 -4.061321860693011843e+01 -3.012322709113706054e+01 5.442166901212182495e+01 1.451254969269624162e+01 5.194631947080959655e+00 -1.963688390479741486e+01 1.393625559978037387e+01 -1.126628341617940166e+01 -7.833196155244896097e+00 -2.056662952869455196e+01 -5.565013286139650184e+00
4.867935167361308402e+01 -2.802816991133522251e+01 -1.479891917541005952e+01 4.822152289525248392e+01 8.994606599057849650e+00 1.078001819186660715e+00 -1.195993300783601399e+01 1.599330085378040778e+01 -8.439121051999626033e+00 -1.191327707427489990e+01 -2.276065390099059016e+01 -1.025607370325223222e+01
7.005875567970718976e+01 -2.231927834051749926e+01 -2.929833306285375727e+01 3.797857471608624991e+01 1.371437570174798992e+01 1.006886491005885986e+01 -8.131067159919112441e+00 1.982440909188779443e+01 -1.386445532140114345e+01 -2.760316391369967803e+01 -4.863223650895086791e+01 -2.553427029841330054e+01
1.186111582748553417e+02 -7.816084970191759851e+00 -3.013317785500242252e+01 5.826503649839521870e+01 1.233911431696882133e+01 1.331453482434719504e+01 -1.062147898556665027e+01 2.680366004028278581e+01 -1.266056359384520569e+01 -1.005448803939752800e+01 -3.265358438772059912e+01 -8.420514681053973050e+00
1.372910859755114075e+02 -7.429567790952877004e+00 -4.210075581553562074e+01 5.603293450873506032e+01 1.690674512668864438e+01 1.940955286423827175e+01 -9.211130558658869205e+00 2.951755243919070892e+01 -1.669301414258620753e+01 -1.162145423740841466e+01 -3.303453394998578574e+01 -7.078412544830419151e+00
1.033634328986728974e+02 -4.538204876231533902e+00 -2.888034841181042367e+01 3.834530482493904202e+01 3.011491352572783242e+01 3.316739145689318491e+01 4.811051739463422905e+00 2.215320490913037688e+01 -1.044299944835544558e+01 -1.205046737165673498e+01 -3.281563724115265046e+01 -2.066630730016191819e+01
1.134963366367077811e+02 -5.669027025471546466e+00 -3.782797935689615088e+01 3.898911827350963222e+01 2.589479691032083508e+01 2.808094491365216783e+01 -7.448004195572579533e+00 1.723969770665268442e+01 -1.282980996620504044e+01 -1.173047224476643358e+01 -3.615614329488906264e+01 -1.291162889175727102e+01
1.631071957393316438e+02 -5.052857177107558329e+00 -7.315968607513522670e+01 3.718380498947242785e+01 9.134712170389661878e+00 9.856373385560093681e+00 -3.564645952083056102e+01 1.442992160660122813e+01 -2.225186051204770621e+01 -6.083061994402847006e+00 -4.397802106430013680e+01 -1.350940030853054985e+01
1.104394578753085341e+02 4.640341850991111627e+00 -3.421547782538748805e+01 2.182535817995826477e+01 2.765353791787400439e+01 2.717303491312270936e+01 -1.575651464399956403e+01 1.027822845134099161e+00 -1.026480705947907524e+01 -3.413856963493645758e+00 -2.631460981062003412e+01 -7.187653344207660666e+00
1.111125282257442279e+02 -1.311205322506463489e+00 -3.640488876738000812e+01 2.907588151344219085e+01 2.330294147218505074e+01 2.151203710339530417e+01 -1.856263378388242558e+01 5.565813727962262369e+00 -9.652716656278482077e+00 -2.753429249700218406e+00 -2.304452332213888610e+01 -1.100226376654753757e-01
1.283830790697652731e+02 -1.465272371408199703e+01 -7.726445526656246443e+01 -5.164046981219727606e-01 -5.413771343835923844e+00 6.257943723399411518e+00 -4.350118505151935722e+01 -1.446248395981996815e+01 -2.607456259991429093e+01 -8.513408407947251622e-01 -2.883623776853895038e+01 -8.841544672829634521e+00
7.472453583738001726e+01 -2.659257562914802975e-01 -1.709856142309270766e+01 1.477993069114435798e+01 4.745645545444280522e+00 -3.541738350399034729e+00 -2.831533443984348253e+01 -9.990407459529144774e+00 -1.479757282456630207e+01 -1.317536481147492289e+01 -2.604801650739738150e+01 -6.261771986459360839e+00
1.130727655192712291e+02 2.487785413134910861e+00 -3.384653042343012430e+01 1.179621861793474302e+01 3.801199975324577984e+00 7.516933868802707863e+00 -1.774193566963020174e+01 1.713390796255475301e+00 -1.357267962950409412e+01 -7.079293871626181733e+00 -2.251493001253813731e+01 -7.775542023169899508e+00
1.254915818209980358e+02 7.687088217873428775e+00 -4.162265263220066913e+01 3.340262417315874810e+00 6.037060027923434546e+00 1.353792609263806312e+01 -1.845685885315046448e+01 -2.544002731174693555e+00 -1.752192675176064185e+01 -7.776543882975276212e+00 -2.714563053222659050e+01 -1.259468526212121908e+01
8.783610323535748421e+01 -6.298693393536185070e+00 -3.805562087198290300e+01 5.833320418754746939e+00 2.215038060566070399e+01 3.011279740959782103e+01 -8.154938722621754010e+00 -8.548127584832720061e+00 -2.066715123652695141e+01 -1.188700046347168282e+01 -2.929072402636808903e+01 -1.395528675660226980e+01
1.058054741534671166e+02 -2.346194984113552806e+01 -6.440957483768596603e+01 1.701177313169007732e+01 1.640771960133611707e+00 1.731106618442329648e+01 -1.651633526528624429e+01 1.400197917356581812e+01 -1.308285453262712750e+01 -1.284452509957854360e+01 -5.198486559147418262e+01 -2.911348775693651447e+01
8.755131546366344253e+01 -3.349255926193438881e+01 -7.459069027513970696e+01 1.944710568847079202e+01 2.817432919086572696e+01 4.082798684012120560e+01 -1.572029841746038059e+01 3.688720450587806177e+00 -2.096318771580371632e+01 -8.981901433699800208e+00 -4.182164939576495044e+01 -2.176930813830382405e+01
1.565296895995819000e+02 -2.956930546699595652e+01 -9.786514550475669694e+01 3.302301597828299862e+01 -8.113274283458386194e+00 2.374324663126465396e+01 -3.478866585120026400e+01 9.496815383325669657e+00 -2.470881686681568468e+01 1.678938708426100490e+00 -4.490039051185617325e+01 -1.489584168666019259e+01
1.096796177274315340e+02 -2.517060636141081176e+01 -7.126863037592747219e+01 1.766912589124761368e+01 -4.625779155438135781e+00 2.435992016825769380e+00 -4.332244632729348410e+01 -2.233506256767978204e+00 -1.961643629719620918e+01 -5.720597320272501562e+00 -4.275270959554678996e+01 -2.627200185501825302e+01
1.278665770465171931e+02 -1.067365776736094496e+01 -7.951000969666193896e+01 3.003035465715767316e+01 2.681620862179754283e+01 2.611774710498019303e+01 -4.407908676690384198e+01 1.114684011656331108e+01 -4.568909750249128265e+00 3.630070116501474153e+00 -4.476718670779635545e+01 -6.055752365387998104e+00
8.597193692966681056e+01 -1.709721220978122735e+00 -1.696448234824226375e+01 2.918688005842277278e+01 2.007312513122152353e+01 1.546558355257023543e+01 -1.210991562660146137e+01 2.350311716337593282e+00 -1.019361976314040774e+01 -9.307779030706669232e+00 -3.142623842333366113e+01 -2.040903283940525625e+01
1.716657799254743111e+02 1.038971481277747522e+01 -6.424159724357836865e+01 4.707983909613676587e+01 1.921959102005400766e+01 1.765226856484344609e+01 -2.834483111148958301e+01 1.464717641484891786e+01 -1.579773539991600195e+01 2.197076301474684001e+01 -3.954913297161283481e+01 -1.618435081986660506e+01
1.386571672201663716e+02 -1.760561900926902368e+01 -7.464847799441626819e+01 4.314008082978780578e+01 6.144603174420542047e-01 -2.149820205802967621e+00 -4.340700496119285390e+01 9.844927308069486571e+00 -1.950185602757121117e+01 1.653911223222981874e+01 -3.100196788552516125e+01 -1.795361544091555217e+01
1.036917478706106124e+02 -1.964875902736931135e-01 -2.899609376168709929e+01 4.269378271429124538e+01 2.742726902644936615e+01 2.332429551122657685e+01 -2.704547949247727345e+01 -6.300961991173934962e+00 -1.666814315588860040e+01 2.908916415792272225e+00 -2.874372464126723514e+01 -1.986329404382680508e+01
1.103850715582247517e+02 -1.892544569613031769e+01 -6.422113070663976941e+01 2.902378135136060422e+01 1.138426617947261832e+01 1.767191350397188998e+01 -2.929721745506737562e+01 3.594767319821559504e+00 -3.946129951351184051e+00 2.907458429713803838e+01 -2.222707952149880839e+01 -7.418494748248786408e+00
7.256239276263315219e+01 -1.261829714167907213e+01 -2.973208409205737013e+01 2.427209369562070762e+01 2.566682290555782942e+01 2.223064834215395891e+01 -1.510045860760302716e+01 8.291924389431819531e-01 -4.624922582531954873e+00 6.344167735465812363e+00 -1.384889921466263729e+01 -1.264523308860371742e+01
1.225100042837956238e+02 -6.891827442998696540e+00 -4.634313824365064249e+01 3.889158467106760497e+01 1.592932620534007171e+01 2.693707513698981515e+01 -1.366745771530164255e+01 6.390977607236890456e+00 -1.568791798461388964e+01 1.563158097201309538e+01 -1.720288165384898349e+01 -1.627766406274796651e+01
1.083463306535098241e+02 1.045421855614472317e-01 -3.580428656451537250e+01 2.140433848972005393e+01 2.609159525273944524e+01 3.134203010244072729e+01 -1.184119225014606513e+01 -4.263860790377524523e+00 -2.237886044135776231e+01 -1.042159717991770229e+01 -2.552338522740625137e+01 -7.975588468937867326e+00
8.833125690276628461e+01 -1.357758447951300163e+01 -3.655893817786988365e+01 2.362056982866539556e+01 1.659412736310393655e+01 2.493119478595592398e+01 -7.789647485312458208e+00 -3.494682323519508138e+00 -1.887846685090975285e+01 6.137224055147081359e+00 -1.462762497503172554e+01 -1.150136312120520188e+01
9.654443350989203054e+01 -1.662445362475999033e+01 -4.624059244444364225e+01 1.691485002796979487e+01 1.795236491900686460e+00 1.191359338999771822e+01 -1.345529611663565461e+01 7.674870505452205727e+00 -8.994918293693071831e+00 8.665732747929640212e+00 -1.572591126658284644e+01 -2.229260893298168611e+01
1.089069408350601122e+02 -1.897260667065783224e+01 -6.073071092630814860e+01 2.151145124634230399e+01 6.303246610767867963e+00 1.498281231896329446e+00 -1.638839007172452256e+01 5.900165930536522829e-01 -3.636586045899409214e+01 -3.200772761936324873e+00 -3.333274531105834626e+01 -1.784152871837945398e+01
9.369132189753953810e+01 -1.582267585117910791e+01 -4.049673357895295567e+01 3.565325508437604896e+01 1.413458987421422108e+01 1.441847589664773466e+01 -1.429448076815183910e+01 1.449660307635479484e+01 -8.787450821157978709e+00 1.646865631386476569e-01 -2.897308820487283043e+01 -1.386697457311303339e+01
6.235567778173961528e+01 -4.497743535855903474e+01 -5.662405493081895713e+01 3.096861783544669677e+01 1.707676464666672445e+01 1.299269483403790204e+01 -1.508867719650563188e+01 3.249325846091562831e+00 -2.640035306772838908e+01 -1.909316291167624247e+00 -1.690285092856793625e+01 -1.194106415241982155e+01
7.857212704516636848e+01 -4.486998300476089696e+01 -7.226061850938597786e+01 3.818900637750899563e+01 2.855761159064237376e+01 3.533557057374922294e+01 -1.056482715304220665e+00 2.253966878707200294e+01 -1.246036584252020596e+01 1.081012481216298227e+01 -2.859197009728680428e+01 -1.257439716582425149e+01
8.251252578476146482e+01 -3.983583833188336598e+01 -6.383805953612424133e+01 4.703744980928199482e+01 3.031149830228585884e+01 3.539988616967897883e+01 -1.554535733285469590e+01 1.662647424323230183e+01 -4.372048149299427422e+00 1.655773606167397105e+01 -1.321066305385472539e+01 -9.528815216795099019e-01
8.186765597055554622e+01 -4.008461373931270089e+01 -5.694217758495065596e+01 6.578073328070014725e+01 2.091165131404913780e+01 2.575252655413418523e+01 -2.705168452463556861e+01 1.276414508185064278e+01 -1.357215088653093105e+01 8.725026098269319519e+00 -2.828032836210613254e+01 2.236018115447096832e+00
6.754030815922786246e+01 -3.709054310535867671e+01 -6.531533230819101732e+01 4.858889242017257004e+01 2.130641839846998664e+01 2.788877310523403708e+01 -3.083221943686613642e+01 6.781664178988195957e+00 -7.724657752788524512e+00 1.689833074874474761e+01 -4.024637734716924342e+01 -1.584013983413203697e+01
4.223625236358330426e+01 -6.344727174237836209e+01 -7.391886378762553989e+01 4.308647333730758078e+01 2.196926079962764788e+01 2.895694107128944594e+01 -1.423689738917540915e+01 2.382915378333383671e+01 -3.271457709023770200e+00 9.907384659059616183e+00 -2.364891928263890719e+01 1.608013813292872740e+00
6.789335582271469605e+01 -5.423399613283311282e+01 -7.798916498702692479e+01 2.877339019007355603e+01 -3.270734091892546491e-01 1.098933587305714354e+01 -3.524349014481596498e+01 9.151281637697280757e+00 -1.230021041227799827e+01 -2.721256530648197725e+00 -2.744871472186757444e+01 -4.157462115413155246e-01
3.523344830592249366e+01 -5.554724977524185192e+01 -6.070900677469469997e+01 3.761637498434994598e+01 2.361499532209209917e+01 3.145579250829677065e+01 -5.415687951960864055e+00 2.919156823653324295e+01 9.055254517918536195e+00 1.241946279974350276e+01 -2.194792570466386294e+01 -3.349671994237229722e+00
5.811966267276424247e+01 -5.350363504736424858e+01 -7.040466719872847534e+01 1.854387695227247690e+01 -5.188236968676036120e+00 -8.197096558100005481e+00 -2.737187228896327795e+01 8.964075306537761634e+00 -1.758140729128567159e+01 -1.175687261782799808e+00 -2.405430648810376582e+01 -6.809625366776412392e+00
8.290509027954678345e+01 -4.617918057881605876e+01 -7.244268562846173154e+01 2.942657413556703716e+01 1.296136345316515914e+01 2.052942931706133578e+01 -1.342463765676599863e+01 1.305778131542830423e+01 -1.409196566401517892e+01 1.073506148689438433e+01 -1.498487043241514982e+01 5.061227920584485673e+00
6.872742311631580492e+01 -4.522585926199728590e+01 -6.007856380429657861e+01 3.690192783784713981e+01 5.417793565223885999e+00 6.021322793513269822e+00 -1.509609749932374001e+01 1.074969284816114801e+01 -2.740615612374803334e+01 -4.532372038923512036e+00 -2.646136466526230890e+01 -1.282372656825223878e+01
