6.360799223421766868e+01 -4.547584204981873768e+01 -6.812517061389888795e+01 2.751795643059810459e+01 -1.098106210152039131e+00 -1.005249985100316579e+01 -1.989016114669906443e+01 3.049203505951099658e+01 1.127999276955029551e+00 2.130876850036313641e+01 -1.449287974607469387e+01 5.921110425527571941e+00
5.898716622500139550e+01 -3.833285452495460532e+01 -4.907935911125837691e+01 1.823846304376185401e+01 -1.007673629197583853e+00 -9.183490936769493018e+00 -1.963889271055554531e+01 1.172897711467494908e+01 -8.540005228672914228e+00 2.335396124896121250e+00 -1.630245751077590199e+01 -4.074187378097735568e+00
5.921350698955537695e+01 -5.049286780257236273e+01 -6.733574203922678691e+01 1.260621422235612243e+01 -1.579067067632689714e+01 -1.708676861348762444e+01 -1.048826800966621065e+01 1.432905150541671979e+01 -2.032517032188676609e+01 6.870049647872352949e+00 -2.264605106722214600e+01 -2.073635874173576354e+01
6.849419246732476552e+01 -4.089399798560047827e+01 -5.283127354338825654e+01 2.252642708451306319e+01 -3.108319151752804377e+00 1.358820572769831969e+01 6.676435331806525930e+00 1.765569058260940594e+01 -1.485631919356336361e+01 9.036455953322793277e+00 -1.264116398354723181e+01 -4.073492599428479188e+00
5.836235765034329148e+01 -3.551110272507919774e+01 -4.031907371055793021e+01 1.279738444648831930e+01 -6.664957639304152082e+00 3.539636610316139187e+00 -8.101551706896300331e+00 -2.969144033289361495e+00 -2.216072965927641647e+01 -7.280743655546478621e+00 -2.208057279332777512e+01 -1.308646881481484137e+01
9.330897072035790529e+01 -2.498879521033842366e+01 -4.052910120131338090e+01 4.469859057623602894e+01 6.541891845907878533e+00 1.201263021631634231e+01 -2.785630336013451114e+00 2.001000155574585904e+01 -2.398503145387871172e+01 -6.386586516458558016e+00 -8.562734376446091034e+00 3.745280553559183545e+00
9.002415302379989726e+01 -1.177192702316215467e+01 -3.920716570942931867e+01 4.825090157665172086e+01 2.977035628519701049e+01 8.489927023245595450e+00 1.174215850559225949e+00 2.821075774074575548e+01 -1.229846367469477997e+01 1.791768374329789282e+01 -1.972910141682447716e+01 -1.092018975911273948e+01
1.080476722124175524e+02 7.364922185333318438e+00 -1.573258317518510196e+01 2.992785926276074093e+01 1.015137705086747033e+01 7.346635567199736983e+00 1.584038040912584933e+00 2.164131538867795967e+01 -1.819376143934989365e+00 3.327276013116988729e+00 -2.176553423241327323e+01 -8.606884823049803401e+00
1.157317580658115048e+02 2.157230377880259198e+01 -8.945527827724967906e+00 2.612922787087663323e+01 1.996940258563680715e+01 1.708904981054267935e+01 -1.187124810931327445e+01 1.901777756916700479e+00 -7.307310991943255729e+00 -1.605800517303934249e+00 -1.429786398304997341e+01 4.871275784852059587e+00
1.658604869463136993e+02 1.634532777151573768e+01 -4.391952558173973387e+01 4.345623001931581797e+01 1.462279531673494759e+01 1.092195976525818324e+01 -1.478001275961756456e+01 3.172796421980292081e+01 -1.161809650020759932e+01 -2.846426222282753660e+00 -3.095684112665816201e+01 5.637409186928570293e+00
8.740285183371467781e+01 9.309493464149559472e+00 -1.485096319703296430e+01 -2.700496736062705239e+00 -7.258823622672602838e+00 2.560531076112188664e+00 1.634390967568648101e+00 1.372235932843535977e+01 -4.941785647845451379e+00 -1.408421947175993161e+01 -2.254593457647579058e+01 -5.963858586987230481e+00
1.123221442306330573e+02 8.784092518124117177e+00 -2.250069579072078341e+01 1.492832889329625168e+01 9.744944322223624056e+00 1.605879450377658202e+01 -8.298823852281467239e-01 1.484352984704482381e+01 -4.447816296071208875e+00 -7.930720520319337830e+00 -2.618108229343730642e+01 -1.346718280134739487e+01
1.337113205889815504e+02 -7.028882905399589376e+00 -5.690154147364305004e+01 1.443450275767235880e+01 -7.241883498063776514e+00 1.419526932431612565e+01 -6.802612034425992604e+00 2.655581671292849677e+01 -1.425075910521531819e+00 8.839635839276720475e+00 -1.425485953679777751e+01 6.256211640770071858e-01
1.048517645040175807e+02 -1.242409299327190375e+01 -3.807448815135006015e+01 3.398016251935693788e+01 1.025251638341585014e+01 2.469740786826884005e+01 1.684086872179394234e+00 2.630331474250094459e+01 -1.109623815167858352e+00 6.786604396961077867e-01 -3.026151990437847772e+01 -1.339681278835577061e+01
1.123137312503872920e+02 -9.406542738331626907e+00 -4.293280166807495135e+01 4.644930514687703749e+01 8.566138442828121313e+00 1.003719393311225083e+01 -9.648537279387667809e+00 4.819164643982439600e+01 1.156468698636643211e+01 2.757939114268983083e+00 -2.780252428899716932e+01 6.531816719670744398e+00
6.138143439228994680e+01 -3.433339755927828207e+01 -4.010594923402673828e+01 3.098413314529850027e+01 1.003425094882535085e+01 1.312923638232791923e+01 -9.892206671942012974e+00 1.812937107782598645e+01 1.140362851103604580e+00 6.079221590292700483e+00 -1.186121138670754860e+01 7.247364878427915436e-01
5.810231623974962645e+01 -5.268585276129743278e+01 -6.513190474694347643e+01 2.590626290029514678e+01 8.078155652038535806e+00 1.543424394892575613e+01 -2.342932055989082940e+00 3.297311509170216937e+01 -3.899797698718287187e+00 -4.265688992977640481e+00 -1.929915465074072500e+01 4.004389369336452731e+00
5.163073175775683410e+01 -4.423819911081238132e+01 -6.002282586904023276e+01 1.221931500229712952e+01 1.376793754051832686e+01 2.951929441456580605e+01 1.785965271502839613e+01 4.599455977380642935e+01 9.030473380010166196e+00 -8.908356791835615240e+00 -3.621733061144699661e+01 -1.679885959196217726e+01
5.417380332574516189e+01 -3.023371749368075712e+01 -4.322653103707008881e+01 1.495965016602350062e+01 2.383864921629860234e+01 4.294098773925281876e+01 2.766679738430660507e+01 3.819742146490339252e+01 4.174892408372024022e+00 -9.907047279523549577e+00 -3.212597548980318152e+01 -7.128476903957761124e+00
1.352405057637940899e+02 3.601144355462144375e+01 -6.966913040665896339e+00 -5.300159690029249138e-02 -9.917884079301332534e+00 5.491000217400711314e+00 4.327999732449612225e+00 1.491617263010600603e+01 -6.726229196965542556e+00 -6.512042005816673473e+00 -1.240163170126154313e+01 4.231115577443955722e-02
1.105886325413840154e+02 2.588278272970553928e+01 -1.616176176728627922e+01 -1.913574482752001416e+01 -1.779049623250369905e+01 6.543239346505598242e+00 8.119856034835382985e+00 1.004432717539353526e+01 -1.337070490018424707e+01 -1.585531397089233430e+01 -2.267798556301785595e+01 -1.124383240681418705e+01
1.139160634158075993e+02 2.068325359234161809e+01 -2.740682105293321769e+01 -2.404415364827121948e+01 -1.916485865640200004e+01 7.219839659515951524e+00 3.295387741290493722e+00 5.586956713872150537e+00 -1.699210156498385160e+01 -1.429392609852248697e+01 -1.922493754324760218e+01 -2.646827607993384568e+00
1.981866313345408912e+02 2.870090421256944069e+01 -5.796271240910157019e+01 -1.953235838999184182e+00 -2.607821944371060141e+01 2.299938050597213390e+01 -1.317733458885494890e+01 7.870314707692608991e+00 -2.724338903263901557e+01 -5.391016933614267259e+00 -1.435279195842812072e+01 1.473723622374135722e+01
2.267936066433649103e+02 2.487166410965553354e+01 -6.762419608750170141e+01 1.292204658835931674e+01 -4.393482531373141597e+01 3.166440517059448823e+01 -1.768766313265200552e+01 1.152976453905171894e+01 -3.460759372446422333e+01 -1.687160892892014274e+01 -2.252801084609659910e+01 1.210335061464087225e+01
1.268280486950183530e+02 3.206729543389015902e+01 -1.640251091469030342e+01 -1.351097840534899852e+01 -1.240468452862471693e+01 8.352064371425150568e+00 -2.105379390749375634e+00 -2.388177055745175359e+00 -2.221125037680975112e+01 -1.289029435711328020e+01 -1.048713525565214333e+01 8.712656024253686127e+00
1.192606389292562312e+02 2.802938216685262418e+01 -1.095669313874124917e+01 -5.905105342133978752e+00 -5.570726901815079124e+00 8.828404485228251275e+00 -4.457265400722679516e+00 -7.971640687102352629e+00 -2.101862233215069509e+01 -6.525628113225838689e+00 -2.241754183663021038e+00 8.539943086543647865e+00
1.991549556066749744e+02 4.207071622872629746e+01 -5.839326164590943335e+01 -6.087217799730338719e+00 2.588716102688510823e+00 2.644253807965942116e+01 -1.890713319062887621e+01 -5.684108370656995035e-01 -2.517309178441065853e+01 1.023929552504358398e+01 -9.816314308493280905e+00 1.596268616258982576e+01
8.413547725098388241e+01 1.118869302678391975e+01 -4.391732896907025285e+00 5.578373008881753137e+00 7.106206370980297393e+00 7.921132550729033994e+00 -8.370589659503329116e+00 -1.282019867720157436e+01 -1.668226098505163790e+01 -6.195899714106174905e+00 -4.189418126365069384e+00 1.285497002210406858e+00
5.657941687731896252e+01 -3.917801882688641157e+00 -5.389209676639994839e+00 4.413867451256698438e+00 -4.678508785297976758e-01 -5.564680341344198311e+00 -1.342841848563848295e+01 -5.949012746009324282e+00 1.591591013590292647e+00 1.028097887378292086e+01 5.907206161309320969e+00 -4.937847036883911134e-01
1.185584825071450013e+02 2.247179079611413499e+01 -1.916102420550668839e+01 -4.123607434004163075e+00 -3.990531006534902225e+00 8.480234418846823274e+00 -1.233298596921196122e+01 -1.463128631826293002e+01 -3.136796065724621485e+01 -1.456432663702607933e+01 -8.644819560886373822e+00 1.366021783200104522e+01
2.048244754708547362e+02 2.038102701828640306e+01 -6.933904283474822705e+01 2.183542721011276910e+01 -9.772487432549320729e+00 1.535674629180807571e+01 -2.782318880538925754e+01 4.853866204009599450e+00 -3.331006597770155508e+01 5.945770388086867975e+00 -1.313523287712828136e+01 1.496699915388364488e+01
1.616849865429993542e+02 2.149861138225562485e+01 -5.309979703189356570e+01 -1.284402332733905361e+00 -2.095537553285145016e+00 1.508628923594788773e+01 -3.458024151875522278e+01 -2.008496696455254593e+01 -3.588649100310793472e+01 -6.532310448474826003e+00 -1.768816511148639847e+01 7.955549531976616073e+00
1.243233070216253395e+02 2.584303927204504703e+01 -2.061461440963903158e+01 -9.074537376540732225e+00 -1.009081072173698068e+01 -3.228900859975161186e-01 -2.444045949109311522e+01 -2.375038234862322994e+01 -3.234236077299597412e+01 -1.032258889559168402e+01 -6.863560314597593859e+00 1.044919081231633839e+01
1.336422815824932400e+02 2.953762046667316810e+01 -2.354022531086315695e+01 -7.111743721634073090e+00 -6.323213356640435379e+00 1.767061854046834579e+00 -3.055514000786028106e+01 -2.760244941543421504e+01 -3.154931184752238593e+01 -7.350303736868250226e+00 -1.522864742725921516e+01 -5.680023399038637066e+00
9.601475168878332056e+01 1.190926454267063050e+01 -2.069581746740409756e+01 -1.485610276751826220e+01 -1.405936904905034623e+01 -9.426370255021991440e+00 -2.899965251765272001e+01 -2.960434410261503757e+01 -3.031914743548013291e+01 -1.161558497913460997e+01 -1.061769755954896155e+01 -6.278537140101788872e+00
1.389107234125008858e+02 2.965853266313004610e+01 -2.283339202516150479e+01 1.077637830073500780e+01 1.304028293575218811e+01 2.098296423550241485e+01 -1.831238976749919090e+01 -1.400619165350097539e+01 -2.377107190480268173e+01 2.486611507369406393e+00 -8.379458543668087955e+00 -9.018661242772596509e-02
1.960997652885928915e+02 3.809926052956147657e+01 -4.084479351839450345e+01 2.062949595465042307e+01 -1.006988361855737324e+01 4.820046091426818613e+00 -4.285525408911720291e+01 -2.367214049338131332e+01 -4.397289952544249303e+01 -3.776949413756632623e+00 -2.523981915358235995e+01 4.335141202087779533e+00
1.311717867379027496e+02 2.825697548445063845e+01 -2.345330503744108341e+01 -4.279488531542450680e+00 -2.410840364432877525e+00 4.935030327115421223e+00 -2.986166727296467371e+01 -3.033896211659806141e+01 -3.729559050866873804e+01 -1.037062608585500101e+01 -1.530438110430667820e+01 -6.357385515364779138e+00
1.678834682121499497e+02 4.029964950431950399e+01 -2.651126545736894613e+01 1.325265657239070727e+01 5.061888799787178428e+00 1.606656855795952410e+01 -3.400005831553286839e+01 -2.446685089919862577e+01 -3.287294062274610695e+01 3.997235010269621913e-01 -1.168946854983512296e+01 4.518977053285899714e-02
1.069247100778437130e+02 2.200327199194435934e+01 -1.712714707160087357e+01 -1.181792020001957866e+01 -8.042812672379472616e+00 6.287323202235137742e-01 -2.461128650189474598e+01 -2.966760686100129618e+01 -2.960724329842503977e+01 -9.885074662181921878e-01 2.018746025749278861e+00 1.951256955530658699e+00
7.466056858216518322e+01 6.018727973480565652e+00 -7.125646510037401349e+00 -3.682085732042482018e+00 -6.477596513644527931e+00 -6.529287685517378925e+00 -1.211118356987677913e+01 -6.622522813703653810e+00 -4.262768531799458138e+00 2.140785361184061486e+00 -5.394044533744866143e-01 -5.868939217183233303e-01
7.265337493464926411e+01 -9.592452537471909402e-01 -1.397530639119280593e+01 -1.723554890385889271e+00 -2.679225488908418384e+00 -2.109564248297794542e+00 -1.202431870027457528e+01 -9.371667817987587412e+00 -1.193800775894294119e+01 -5.294366409361648707e+00 -8.435946790116618743e+00 -4.668092190462894919e+00
1.600043216961360031e+02 2.745299474137527795e+01 -3.945155323903664168e+01 4.813692713447525584e+00 -2.532391178543875743e+00 8.074532413148379106e+00 -3.266015371461600836e+01 -1.985391547978005278e+01 -3.270389267657157006e+01 4.345523343638718394e+00 -3.563624957605897592e+00 1.109192319234479385e+01
1.298160103993618577e+02 2.340836797395493818e+01 -2.256543553428282678e+01 -3.433029597101854513e+00 -1.421193986408509957e+01 -9.553278995550579467e+00 -3.250771684007515461e+01 -2.005462540455565801e+01 -2.269115598048735905e+01 -9.031736011749446069e-01 -7.842886417870945870e+00 4.174458251881911330e+00
1.072092164988325180e+02 1.628786741407320093e+01 -2.097948734573311924e+01 -2.834628613583127787e+00 -2.792339702036612081e+00 -4.546599218101277096e+00 -3.664232530702324198e+01 -3.285905673338626798e+01 -3.191586349948370938e+01 -1.122870379959370268e+01 -1.712173555621445331e+01 -8.196808913488245807e+00
1.218127007278039002e+02 3.266478355953361046e+01 -9.424221945608117768e-01 6.241369415380205510e+00 -2.976855903365196454e-01 -1.595553911624665311e+00 -1.981603967444791436e+01 -1.587004128605977549e+01 -1.853994948420143629e+01 -3.574299584605430624e+00 -5.430731506241576412e+00 4.292467911099954847e+00
1.145152758481592628e+02 2.839797173213427328e+01 -6.618821338379341057e+00 2.976657712404956468e-02 -3.962189492898956722e+00 9.139630683292732094e-02 -2.067154320861589412e+01 -1.895622307203210966e+01 -1.969090157900856042e+01 -2.204715765353248536e+00 -9.286094112154938074e+00 -8.890367881498303149e+00
1.291987671659358341e+02 2.953209398068722180e+01 -1.405895433040539899e+01 4.853326515481295900e+00 1.910020084298535537e+00 1.837388283066081485e+00 -2.954841052690381531e+01 -2.481464448464363670e+01 -2.571660747263387847e+01 -4.263840668280767687e+00 -1.597433018525035564e+01 -1.037289007017141884e+01
1.410317977681684170e+02 3.340863949101498065e+01 -1.206800891010696475e+01 1.566201768315070630e+01 6.982122903716351914e+00 9.210917260790491667e+00 -2.887768244584202648e+01 -2.229402238609545606e+01 -2.350126359294569767e+01 7.399626749261780656e-01 -1.253636716564806619e+01 -5.143423346868052803e+00
1.044588940894487052e+02 2.463897753361754184e+01 -2.515546563158919557e+00 2.222900473018866396e+00 6.372936593127701776e+00 1.357919835592368152e+01 -5.150390740033101711e-01 -4.173713148633087400e+00 -8.295731049606752450e+00 4.172469791095907432e+00 2.225257134775839418e+00 5.719637881653083511e-01
1.444711006332535703e+02 1.668428813513845554e+01 -2.562416352003299735e+01 3.851797600854908410e+01 1.565532427371161361e+01 1.725565543184383444e+01 -2.410103911454037728e+01 -7.550549208225480591e+00 -2.425983130716308622e+01 -5.488437789611557704e-01 -2.076872031424510112e+01 -7.374263733555319611e-01
1.038511937814718920e+02 1.022576153495257145e+01 -2.007450249183336410e+01 8.744601919819658065e+00 3.005357940129327776e+00 -1.863243830840346948e+00 -3.373303204279409329e+01 -2.838907720885776698e+01 -2.978301790232151092e+01 -4.922824797510223505e+00 -1.226489785744264793e+01 -6.766730442187480321e+00
1.076330502628582906e+02 3.742517319421030209e+01 2.073954501609269130e+01 1.884998281297313483e+01 2.604210519454390749e+00 -5.621863993112171443e+00 -1.564939071242573476e+01 -9.708874185834687864e+00 -1.161027730154581583e+01 -9.536393749573862877e+00 -1.397098341872086280e+01 -8.438176057057173551e+00
1.249874804368683101e+02 3.536898954561002029e+01 3.824836612980471173e+00 1.608228256550980362e+01 7.388598001745451782e+00 4.047744389025481837e+00 -1.691177626802102907e+01 -1.206354168282729944e+01 -1.821262473947107097e+01 -7.699251441239173488e+00 -1.510380560183491383e+01 -1.084350130994435446e+01
1.856082326883240228e+02 3.354148698513411375e+01 -3.034255467199578149e+01 5.313313849963738278e+01 2.310427355067586319e+01 1.990008121208875735e+01 -1.536932105773965418e+01 3.587330261775858453e-01 -3.957667145637671524e+01 6.336582024567210425e+00 -2.644022680445894480e+01 -9.482116207260300911e+00
1.196387363919968436e+02 3.825665560986882952e+01 1.440255883922261049e+01 2.832102808764139823e+01 1.693460998866574130e+01 8.120003346130220123e+00 -1.705033846630917793e+01 -9.491383082857092646e+00 -1.165821565550676553e+01 -5.148987349235000899e+00 -1.110737557519519392e+01 -2.101617792345194857e+00
9.462360005086276260e+01 2.448308740894198010e+01 8.348605021881294164e+00 6.003088662977508427e+00 -1.326786547544946515e+00 -1.210138230120762382e+00 -5.357149695197811035e+00 -3.832748061142928986e+00 -6.259234419971594576e+00 -1.530091866365521192e+00 -4.264800218716399804e+00 -4.081324004273217732e+00
8.770488446327104270e+01 1.232641269045421240e+01 -2.272988459473886280e+00 5.053463611186272075e+00 -1.043812157656520156e+01 -1.152648537912627980e+01 -2.151810202988188792e+01 -1.438806212784897198e+01 -1.279209150660255112e+01 -2.187264815312595090e-01 -3.647517044022908550e+00 -9.914862998362611535e+00
9.907252306003800868e+01 1.212191549863912599e+01 -5.810667366246714316e+00 1.652557594541940489e+01 -4.384917374707348436e+00 -5.961902434868644463e+00 -1.986619537207565145e+01 -1.826832641162946658e+01 -2.416254120137394423e+01 -9.249173525759335490e-01 -1.153271221588437001e+01 -9.523332351669015594e+00
1.071959028431054577e+02 4.042433687194689895e+01 2.787168249036626833e+01 2.606267071520595380e+01 4.202963100467525415e+00 4.594107707525147077e+00 -9.046005634996223677e-01 -5.877238322123626624e+00 -1.470063196245504145e+01 -6.407962539559827420e+00 -1.072258338242592579e+01 -3.899077758320779630e+00
1.117045321194495102e+02 2.033895433592191537e+01 5.632899932723699266e+00 4.329208787794000557e+01 1.939629456927977458e+01 1.446026315663145745e+01 1.992134792242743480e+00 1.362191372626240593e+01 -1.149657154527695724e+01 -7.459449992284408637e+00 -1.826145164823779865e+01 -1.313008574708406506e+01
1.407539645110859965e+02 3.446758222681739170e+01 1.573296706680068624e+01 6.739631861217237940e+01 1.777307828552950753e+01 3.553371885628032079e+00 -1.307644551506787423e+01 1.783574824850480134e+00 -2.804900187608448547e+01 -1.562065439764499519e+00 -2.762312937753730324e+00 -3.933497503461981459e+00
1.111615147855770545e+02 3.463789698000910278e+01 1.576538369896701042e+01 2.462441867837593890e+01 1.375174859684771000e+01 9.150592791978766627e+00 -4.417635746857708767e+00 -3.053491714484655617e+00 -9.261201207870357166e+00 -5.017463763004068600e-01 -9.418508389333679176e+00 -1.345109897530579346e+01
1.217851643598980331e+02 2.503595152635708843e+01 6.530579622672586737e+00 4.192624740541722872e+01 8.486246513052073226e+00 1.662563521260504995e-01 6.268575321786133969e-01 1.155235506601635720e+01 -1.264269842193831295e+01 6.105857133379224422e+00 -6.685753984156731278e+00 -1.268801593946303097e+00
1.122100744431226218e+02 3.705687286432872440e+01 1.830161424585911334e+01 2.267847400974864058e+01 7.962306771170852393e+00 5.129883101486147901e-01 -6.723674274474451096e+00 -6.980056376664502515e+00 -1.531516269472257008e+01 -4.670399936892592585e+00 -1.340516478672108391e+01 -1.026980510321384799e+01
1.269799239408908562e+02 2.726427972403566713e+01 -7.335306713463658479e-01 4.362693242395546633e+01 3.102125439681340247e+00 -1.450270587295885605e+01 -1.300221137003874894e+01 1.492814026093589597e+00 -3.362735633628056320e+01 -8.382077114972144471e+00 -2.147296536007733181e+01 -1.754536113781759710e+01
1.122935269575303749e+02 3.486096201317218402e+01 2.238680952531592538e+01 3.558699207307078893e+01 9.338272229409115610e+00 -4.729881350981444132e-01 -1.241728055046614987e+00 1.340102924902032733e+01 -4.307161156291490656e+00 -7.681792089011086233e+00 -1.250920668695456861e+01 -7.835700477515613827e+00
9.681319191440664440e+01 2.982683129155348567e+01 1.818912583824625528e+01 1.737867979722486211e+01 6.900829594014465052e+00 6.435340025776115525e+00 2.662474863040880102e+00 6.614757752975588545e+00 -6.733465536069598301e-01 -6.075002514200312120e+00 -7.622579684654319010e+00 -5.748620421589558660e+00
1.064286540183691443e+02 2.844132554158980497e+01 1.689018003027710790e+01 3.070649828409072057e+01 1.400042934941066619e+01 1.114179673758691003e+01 5.764158207955048852e+00 8.813891763862450546e+00 -7.943705790709674197e+00 -6.435958807952886218e+00 -6.050555520573677626e+00 -1.850051626669284133e+00
9.835121827824761453e+01 2.396341676508567176e+01 2.172880165569723232e+01 5.063109172483936504e+01 2.712007294358471299e+01 1.297354820860320146e+01 5.631258742269945827e+00 1.120515817439794937e+01 -6.504016151898227349e+00 2.592954969606801718e+00 -6.067605550054905095e+00 -4.466574335139298135e+00
1.191527904498770170e+02 3.553682870653425141e+01 2.730945694012778802e+01 6.998917787212097608e+01 2.245598132430182403e+01 2.441042218449044121e+00 -8.121609552303710178e-01 1.186468898894930746e+01 -1.339284891473174532e+01 1.216814908521523364e+01 1.759783351705700660e+00 -9.920559795413836923e+00
1.427151818546309414e+02 3.478449592781079502e+01 1.262317025140159288e+01 5.906669355473655969e+01 1.488125287842072808e+01 8.931513939980177952e+00 1.469607694732188996e+00 1.178997440400714503e+01 -1.805934467728467041e+01 8.725679039067554044e+00 1.867529960326096639e+00 -1.220287364035784083e+00
1.248458583158494548e+02 3.685725314751238102e+01 1.089599740904430192e+01 2.693880941393108230e+01 1.748699425485964554e+01 1.294586250115546555e+01 -2.599791413968143505e+00 7.464987655441940539e+00 -1.041192227158814543e+00 2.662345164191810110e+00 -4.028292050165054761e+00 -2.889388548719126870e+00
9.293168877640829351e+01 2.281525388526640086e+01 1.549614973891635294e+01 2.331572791161536173e+01 9.139410636119304598e+00 6.167045519957646604e+00 5.327922787836596452e-01 4.223266939230081007e+00 -2.115854342137038380e+00 4.863872647814521111e-01 -1.603471361351227698e+00 -3.059632093222842464e+00
8.189834289360999264e+01 9.521415596051399532e+00 -1.105940966264985281e+00 1.649208499791676985e+01 -5.034980656531333310e+00 -5.243804148388224284e+00 2.562445511033539347e+00 2.453736523696410998e+01 1.819824021443035900e+00 -1.322548281855128671e+01 -2.417514485501879307e+01 -9.214865607134274939e+00
1.029932233415241001e+02 1.543119771251590677e+01 -1.150003869836569237e+01 -1.434609023061467870e+00 -1.395614168418549639e+01 -1.501957083592060549e+01 -1.750631532626803022e+01 4.239757937318013425e+00 1.165055336828409116e+00 2.855947871530750692e+00 -3.714230672165189873e+00 1.851582410608580531e+00
1.250057258332614651e+02 2.171992509310084074e+01 -1.852933227080870182e+01 2.405272617463460882e+00 -5.223406356131993000e+00 2.443645607688973875e+00 -9.587941284457441427e+00 1.059331743100958256e+01 -9.373523735820784575e-01 -6.128772950084341531e+00 -2.346787294408682456e+01 -1.045616699618764933e+01
1.778714153976005434e+02 2.735997110489052631e+01 -3.162497993668313612e+01 3.024618411199280743e+01 -7.602143521481438349e+00 6.356716554821282728e+00 -7.050786351429377596e+00 2.650458972073389319e+01 -1.371455198376270879e+01 -7.214418300191276501e-01 -1.802495363439008003e+01 3.105540854169356102e+00
1.473505915593572979e+02 2.099332318785527463e+01 -1.226165107217444117e+01 4.379539899977662287e+01 -1.552340938154598859e+01 1.049676763967668514e+00 8.054892533680270361e+00 3.641637020368116850e+01 -1.571295571824265735e+01 -5.728211141979373089e+00 -1.320885771390200070e+01 3.435883185631330328e+00
1.497714937525672099e+02 -2.160657281905152871e+01 -7.281393563597583807e+01 5.353925738104261711e+01 1.232778563095979329e+00 1.794821919645246311e+01 -6.857449562000720533e+00 3.508504586978905593e+01 -3.168247844563957116e+01 -2.239269537480875094e+00 -2.334551634412161292e+00 2.804773653909501974e+01
1.112459201935589874e+02 -8.646863260091455672e+00 -3.393456684539672352e+01 4.209343587820509924e+01 1.880575678655995020e+01 2.473320758027330157e+01 5.855463378092505167e+00 2.663735443796186075e+01 -1.444008767086582878e+01 1.838367217321784652e+00 2.790290381749764848e+00 1.794766577368863381e+01
9.980233161828039101e+01 -2.782174325046226926e+01 -5.511195782070564064e+01 3.795091109785745687e+01 2.336893355863480082e+01 2.952334205282436486e+01 9.100180175679468686e-01 3.016066199715347196e+01 -3.503311870181081034e+00 1.757654855547481532e+01 9.272076093304130850e+00 1.855418590925932421e+01
5.853106521563040587e+01 -3.188630608440741554e+01 -4.320909714754130704e+01 2.440501381836867978e+01 3.226639470068785442e+01 3.408396702655637966e+01 2.798146877628469031e+00 1.342075927221462806e+01 -7.117767276343238692e+00 4.204480438881908810e+00 -7.430141093075688374e-01 1.713231015285653669e+01
1.470237783764194717e+02 -9.253791310347011745e+00 -6.002601758296642487e+01 3.958254170444773479e+01 1.534281035841417307e+01 3.951438126844054466e+01 1.142481536352668670e+01 3.817000313748588525e+01 -7.870438973674009020e+00 1.766416590775281392e+01 -1.302010490117757158e+00 2.043755728042044240e+01
1.394661189176723894e+02 9.154067068398088480e+00 -3.587788013902594031e+01 2.419480240352472578e+01 8.888619998129662747e+00 3.301296067373375820e+01 1.193992489421623659e+01 2.667664971403112517e+01 -6.399067489250088059e+00 5.094675808974220566e+00 -1.314427485601003553e+01 -4.094616481270163533e-02
7.180698933228109127e+01 -1.167654688849796063e+00 -1.761090718163192648e+01 -8.312926490589771511e-01 5.213733904139914443e+00 1.717698090439881042e+01 7.514131371796033854e+00 5.275396832684005055e+00 -9.573062878441948698e+00 -6.135223214350769005e+00 -7.755746554883022448e+00 2.773358339447775212e+00
1.113310484101635325e+02 2.775498811189932624e+01 -1.011371511153394742e+01 -1.325930956989279430e+01 -1.310382172471063811e+01 5.013713148710794876e+00 5.464093647461636394e+00 1.071746080270794721e+01 -3.549121330172781974e+00 -3.640704653641550159e+00 -8.500088799291189545e+00 4.807485493958791878e+00
1.392220413611867116e+02 4.036428408356947273e+01 -8.143310790478871297e+00 -1.899109808190326820e+00 -4.603632814894529801e+00 1.723747985106765412e+01 1.019147236524267086e+00 1.075718216637611135e-02 -1.573746783292119389e+01 -2.657410682981511840e+00 -4.102489938345510012e+00 1.004418667504535279e+01
1.042395843530582340e+02 2.225613364211599077e+01 -7.019915810610325657e+00 -8.757053664299598861e-01 -7.645928362403364709e-02 1.211871921806628549e+01 1.240292895964114184e+00 -2.570165377825943231e+00 -1.656736603242936923e+01 -8.948548202426522380e+00 -7.518581553314509947e+00 5.317814992194390911e+00
1.122958625095965317e+02 2.286036745088296840e+01 -1.866021495641805217e+01 -1.023894338622592137e+01 -5.883501145717808356e+00 1.312046562521156012e+01 -3.376875364723116446e-01 -3.001956888768058995e+00 -2.311235945752184051e+01 -1.630204799708985419e+01 -1.860578961300139156e+01 -1.005514807341972183e+00
1.637508582171263356e+02 5.522891398044458811e+01 -3.761798917512554397e+01 -3.785164427740537008e+01 -3.398711746901731345e+01 2.378583503663341503e+01 7.698076565041777286e+00 -2.596172471190213216e+00 -5.293392242972910822e+01 -2.682303275402652076e+01 -2.629905201021069416e+01 5.956148165780756898e+00
1.183600787078480892e+02 2.360173640391496264e+01 -2.464217171473223544e+01 -1.280453310303446557e+01 -9.081525931956834441e+00 1.322810415778169535e+01 -5.958911254071375119e+00 -9.712294202460441284e+00 -3.127252469002025848e+01 -1.706593341694718191e+01 -1.668872528505231401e+01 4.989380507906071571e+00
1.118410264300660231e+02 1.829909477288212827e+01 -3.030447520341699885e+01 -1.874206417488011667e+01 -1.461566401342351185e+01 9.670623240797393549e+00 -8.225813193236131582e+00 -1.187841761244885319e+01 -3.634152835917528535e+01 -2.197974120481232063e+01 -1.697112983120954510e+01 7.503086748275713092e+00
1.151345187358613629e+02 1.759912856342371157e+01 -3.312727781782956527e+01 -2.524685538377359961e+01 -1.877245106664722840e+01 1.067675882294979672e+01 -3.413695836632302694e+00 -7.887838035658336189e+00 -2.843730258106608133e+01 -1.359577046053940919e+01 -1.226434659621593859e+01 3.216470273887168219e+00
1.230791555919472557e+02 2.051497013467470509e+01 -3.627411508715954369e+01 -2.685451623824958034e+01 -1.878384071117056209e+01 1.031627486627822066e+01 -7.109407968735946604e+00 -1.140403005028938921e+01 -3.257894766770914430e+01 -1.570658429797576616e+01 -1.510824039134796415e+01 3.068394600475663925e+00
1.090351121243189709e+02 1.460656519891572813e+01 -2.861261980265416227e+01 -1.674131326971622613e+01 -7.460140399468193628e+00 1.202204846661826920e+01 -5.154892455402855234e+00 -7.374699192349529753e+00 -2.014515094538340279e+01 -8.138379042403967034e+00 -1.229015516680020426e+01 7.153564963065055515e-01
1.614000452581629474e+02 3.648592978093057582e+01 -4.125657201485273617e+01 -2.264159125109022597e+01 -1.240145930013378539e+01 2.429175005283625666e+01 6.519080145864597498e-01 7.004620720406768974e-01 -2.327046180520562402e+01 1.871441539397927123e+00 -1.011485268700231366e+01 -2.357035570619261389e+00
1.394316713905512870e+02 2.014038977296578281e+01 -3.886887807055913413e+01 -1.153893427045728970e+01 -7.748702492916216045e+00 1.467314733371716251e+01 -8.958506958141011722e+00 7.308982172657291221e-01 -1.289858370104627205e+01 2.452800851658501813e+00 -1.396680697708904795e+01 -5.768138611503301760e+00
1.549664300571058391e+02 1.668513126956435144e+01 -4.528726388618859744e+01 -3.990535842973715663e+00 -1.192665705655690900e+01 1.477156687044257666e+01 -1.018870164296752634e+01 7.854593722044763027e+00 -9.234183456666194445e+00 7.231185572050216948e+00 -6.221543404333997884e+00 6.959821502658023462e+00
8.557135669703836811e+01 2.638761602925262295e+00 -3.134382504681139636e+01 -1.660484177214480184e+01 -5.287819581747639219e-01 2.279611757156112617e+01 7.257924214370278904e+00 1.437945386192673869e+00 -9.727118082808019039e+00 9.201344470064036329e+00 1.229621901799610839e+01 1.945157426631863373e+01
2.045049651686916263e+02 3.008749389560357912e+01 -8.066157053879513228e+01 -1.286476775410309514e+01 -6.953558857822590866e+00 2.023835006404737413e+01 -3.246207287432819300e+01 -2.389210458566267459e+00 -2.700777214640534396e+01 5.250211101344433473e+00 -2.139399046986572017e+01 9.098577027759560565e+00
1.493276846664429058e+02 5.991963250665660823e+00 -7.775413446459563716e+01 -2.050740553841327696e+01 -1.361686480504185859e+01 1.727445416552427560e+01 -3.209902967121733042e+01 -1.711231794511224180e+01 -3.105412080967942501e+01 1.175372305887501234e+01 -2.141239927925747466e+00 1.719260695885586898e+01
1.889136550800030250e+02 2.180398366533271570e+01 -8.790807551219111815e+01 -2.336186513600378944e+01 -1.465204360415457430e+01 2.756457072564304767e+01 -2.723431385605508126e+01 -6.180715239217837720e-02 -1.614909331736466314e+01 2.709483143235528857e+01 4.253999773483233326e+00 2.103390895859803678e+01
2.015638812011909806e+02 3.059879010963305390e+01 -9.376882023827192825e+01 -2.935728183012395931e+01 -2.047495167149941864e+01 2.644557346982921331e+01 -3.098143725994911790e+01 -6.545254273539815593e+00 -2.313166415101473916e+01 2.952539480359954638e+01 -7.034626296864401773e+00 5.638120875171672708e+00
1.142696748580972894e+02 3.629214934729056985e-01 -5.970350950516370148e+01 -3.782806904964878925e+01 -3.109548779162857812e+01 -6.201526070812335867e+00 -2.470371330103594687e+01 -1.282457738814138359e+01 -2.306982115860058258e+01 -1.401770032534384036e+00 -8.107016845512642789e+00 7.663899314766064563e+00
1.594887048017442908e+02 2.019252909138813123e+01 -5.709369914279014324e+01 -1.755367265890018302e+01 -1.886026299552830565e+01 8.903877085201305164e+00 -2.000106575708967682e+01 7.291707103431237513e-01 -9.831359325390694792e+00 2.355597457038539488e+01 7.026116599823735598e+00 1.954862496697149865e+01
1.964218933308924875e+02 1.540041216450746830e+01 -7.471001205221560326e+01 -5.719699947422038022e+00 -3.023091668939406773e+01 1.493707478613261586e+01 -2.952187571088349927e+01 9.248235134603871588e-01 -2.065120710175699870e+01 6.743525289845904602e+00 -1.571456540213203112e+01 3.480240575315342699e+00
9.825911559434558740e+01 7.294992669463177037e+00 -2.799862287129892735e+01 -1.265986209264053741e+01 -2.393665705725231074e+00 1.334802948051191507e+01 -1.963234630362362232e+00 7.526155519573318742e-01 -2.849170125351024652e+00 1.103012689490035925e+01 1.136255029220924806e+00 -1.989124173824440511e+00
1.585240554331192584e+02 2.834719454138549111e+01 -4.128344996570970693e+01 -9.747574814307391478e+00 -1.227865685369769366e+01 5.172399531210562174e+00 -2.569355961301504010e+01 -9.057810859572303031e+00 -1.534641691310087452e+01 1.813849887997417554e+01 9.329478661436723996e+00 2.291560487848261829e+01
1.181064427031245287e+02 1.449983883835712639e+01 -3.085705089138875934e+01 -9.238249855829085533e+00 -7.963820452291712648e+00 1.159537032580973515e+00 -2.335740046345929599e+01 -1.492619529987279847e+01 -1.942485828454757169e+01 -1.868717347553365826e-01 -5.669134454848857807e+00 6.601107125800465880e+00
1.241902530526623991e+02 2.340787684613331265e+01 -2.288955877993745602e+01 -8.089056104148099280e+00 -7.890310546127327740e+00 2.897020586136856757e+00 -1.664933223103764348e+01 -8.682006302543872067e+00 -1.410631451318649532e+01 6.117161029595695965e+00 3.018159816816576413e+00 1.256059240352730022e+01
6.781483990799873141e+01 -1.184092903459345791e+01 -3.378712746692943369e+01 -2.366423773738970837e+01 -1.820079260363977625e+01 -3.678746231693209801e+00 -5.463909070180461569e+00 -1.306339384430592609e-01 -8.492440675751826262e+00 -9.787068896000254981e+00 -2.042624700862115716e+01 -2.215039894447114932e+01
1.153034974729955024e+02 1.950855611447907734e+01 -2.240023053938771014e+01 -1.606919770502865674e+01 -1.412131443430997990e+01 -7.960832838711520143e-01 -1.246942125941526669e+01 -7.412146019624950455e+00 -1.188472947518688194e+01 2.988611438893386207e+00 -4.873133139532015434e-02 6.029261171651178586e+00
1.377939572293434196e+02 2.784027678856308441e+01 -3.965730797865076340e+01 -2.602687187256895385e+01 -1.781932732737497460e+01 -6.552914114498875620e-01 -3.084317863532130488e+01 -2.221476583202568378e+01 -2.166197921116281577e+01 6.566171707036135174e+00 -7.999819714293000317e+00 -5.293162333375264872e+00
2.178781588738634980e+02 3.787379583407432193e+01 -6.096228544700392149e+01 1.343111292066387463e+01 -6.729250900169907013e+00 2.463065815434738681e+01 -2.040758124548129260e+01 8.680048233272987801e+00 -2.196712996767450932e+01 1.701480677722828005e+01 -7.079897776240247076e+00 9.125100925799891627e+00
1.627935678876793304e+02 3.260813821310031102e+01 -3.178539198720548953e+01 -2.504407133044511680e-01 -7.683705404217647583e+00 1.179989753187554768e+01 -1.602385676752897226e+01 2.946148291978919254e+00 -4.745391861155304980e+00 1.261122727855769021e+01 -9.804390084296699115e+00 -3.860259157167473809e+00
1.127078698638030971e+02 7.685020482453087887e+00 -3.677152913131806145e+01 -8.496939237140512802e+00 -3.461751344317240964e+00 1.398392704616957616e+01 -1.004715570809974956e+01 -2.750255514927316014e+00 -9.344852966213302636e+00 8.979457556938593044e+00 -6.064808254296050194e+00 -5.200715249116528938e+00
1.367175497693645241e+02 3.677967444619916648e+01 -1.676307220722396352e+01 -8.557989134912411089e+00 2.380176405766653680e+00 2.837447295935529468e+01 1.258988290906055063e+01 8.461349480127918099e+00 -5.836759673980647989e+00 1.259454932579652464e+01 4.326764579612157213e+00 6.876468611244368034e+00
1.097385011103996248e+02 2.668328862999434037e+01 -5.813796587227942680e+00 -4.565744425015568098e+00 -3.546331622599820932e-01 1.324822329938762522e+01 7.304502109798226783e+00 7.677325940637552470e+00 2.307298691097958709e-01 8.461211341350363568e+00 4.549414698237768562e+00 5.970286629777438847e+00
1.033912192226980551e+02 2.152129496130054065e+01 -4.291013553719860596e+00 4.644697577297238311e+00 5.000254802656388442e+00 1.476576548478891127e+01 9.785859906102066574e+00 1.307743543529756280e+01 -3.843911866030890856e+00 -1.155501845855319232e+01 -2.533982700102957253e+01 -2.066446735342831431e+01
1.290378959894009654e+02 3.399432562380156497e+01 -6.745307578647041780e+00 3.669291493482339739e+00 6.854283192657273815e+00 1.986208487509571086e+01 8.389857519047961176e+00 8.611941786173447966e+00 -8.242047458720195507e+00 -1.474313695302483795e+00 -9.229135364613444636e+00 -8.462402950007170688e-01
1.802937446423289316e+02 4.406281908887309839e+01 -2.318170165454684195e+01 2.048772065749331261e+01 7.999314448852455683e+00 2.324207777196912161e+01 -4.091187360807765572e+00 1.842878755029162363e+01 -2.378768927324952820e+00 1.334406246442807742e+01 -1.193282557447663450e+01 3.086001067990129521e+00
2.115491610428001366e+02 4.380584156620975023e+01 -3.391222030149071998e+01 3.361220418596315085e+01 -2.322549557989221913e+00 1.382529563946026840e+01 -5.135855935162405572e+00 2.291924537050229205e+01 -1.758106739560020770e+01 1.484119342834520872e+01 -3.877765677548478784e+00 4.037116445987753544e+00
1.107353635827807636e+02 2.326186026264847939e+01 -1.076093949089102253e+01 1.060068460949128877e+00 8.221644980620231635e+00 2.479435848666193465e+01 1.925275596485139218e+01 2.528382717457019169e+01 1.148337133886657568e+01 9.585152031886819302e+00 -6.307227303119937289e+00 -3.042394889483959641e+00
1.665156520950930599e+02 4.141324839802275903e+01 -1.146483530477426882e+01 2.247450380378111134e+01 2.571070101847809486e+00 2.681492412607526887e+01 6.607260190793514454e+00 1.351495781132149965e+01 -7.913625266838863581e+00 1.492406667955362742e+01 -1.601098972871574766e+00 1.020311513352955668e+00
1.395524267451604601e+02 3.753406418945113643e+01 -5.555637173897891579e+00 9.616080591435860470e+00 5.372382588963596106e+00 2.921577734544161586e+01 1.498090385841838668e+01 1.246567351416847202e+01 -3.026512802120403300e+00 1.526227396456625307e+01 2.872149546896788586e+00 -6.874516058109078287e+00
1.578204224673141027e+02 4.031144037258677315e+01 -2.930507498777586317e+00 2.839395116669196995e+01 1.269051829269521647e+01 2.245528479156999424e+01 3.883427002276489404e+00 1.520299960111451476e+01 -7.519834650279340060e-01 1.054532203406916935e+01 -8.010912548935685606e+00 -2.617311159347432081e+00
1.880308615549613478e+02 3.612675877722269746e+01 -2.090835139129288578e+01 4.531265041786447512e+01 5.003014200240322396e+00 2.397911697172256851e+01 1.619432514264977030e+01 4.163318927387227575e+01 -5.717130469793929137e+00 1.452617889083592218e+01 -2.771929013396467578e+00 -3.227299287142940898e+00
1.264247457710198717e+02 4.329380595886398453e+01 1.608114780483283823e+01 2.020294484822751713e+01 1.080650548013370305e+01 9.488209768645649689e+00 -4.221131632440513037e+00 2.181699601620943341e-01 -2.390284324363992907e-01 6.934925187164314941e+00 -4.837488037007935837e+00 -1.676060982225970886e+00
1.021030521036085190e+02 3.009867941696041527e+01 1.162779045179043891e+01 1.151666152476201788e+01 7.750576944626417664e+00 8.450151431502083810e+00 2.727065708587232518e+00 3.118471749751389410e+00 -1.483042085291682799e+00 2.403132368298078969e+00 -2.227578700670011180e+00 -3.252930488720600533e+00
1.092562449855582543e+02 3.299740455384970517e+01 7.887897415051735805e+00 2.893773368798986390e+00 -7.830118752676400451e-01 6.405960393233443462e+00 3.677528185452956677e+00 2.461903908663987117e+00 -5.497153522152125049e+00 -1.842146858685132838e+00 -6.064920750702756713e+00 -8.955206647719597512e+00
1.074096788343844935e+02 3.819595606339468929e+01 1.966865771854718048e+01 1.308686140901787098e+01 4.586001415955296423e+00 6.018304175099686404e+00 3.570637583899959111e+00 2.230774341440803443e+00 -4.728681961815416557e+00 -3.156616659484113185e+00 -8.798829813592416116e+00 -8.506320757444118641e+00
1.497154511779102677e+02 3.715805398917640900e+01 -7.866030906949905699e-01 3.034807705977729242e+01 7.678629262026394287e+00 1.371165577344241093e+01 2.738555052107987997e+00 1.307706022260316736e+01 -3.792697671356426881e+00 1.412029524956203197e+01 -3.923230671270458103e+00 -9.658082888335073335e-01
7.883859182518290254e+01 1.805546268218464334e+01 1.499500177009403856e+01 1.854077039757503798e+01 8.076305353679833487e+00 5.007938305253037292e+00 -1.659086587983508831e+00 -6.585006198046995607e+00 -1.842711744394706841e+01 -1.907880451138673905e+01 -1.420857795785433275e+01 -9.586655022141272298e+00
9.768423587906076477e+01 3.168127676793291414e+01 1.752018833785692209e+01 1.393276600366001716e+01 8.128332264780482319e+00 3.013639208315589180e+00 -3.435993372946945623e+00 -3.018194687017928146e+00 -4.954227949302788758e+00 1.187056964492681499e-01 1.986832664780313618e+00 2.697039066053726675e+00
1.444523695523279798e+02 4.706815866593167641e+01 1.482311716487211939e+01 2.468810294839042996e+01 -4.698234514112376026e+00 1.072976974620646828e+01 1.175770489631629268e+01 1.513850052542698421e+01 -9.633982015267207544e+00 3.541860645572427746e-01 -4.670912823508645673e+00 -1.550504125883759077e+00
9.598346162580831731e+01 3.205248772372697630e+01 2.167153148335744461e+01 1.916099422906047778e+01 6.463903013541909992e+00 7.884822657087209308e-01 -3.047028300924598199e+00 -7.268543697865773368e+00 -1.689772111761240225e+01 -1.244943208603627660e+01 -1.521286845154740774e+01 -1.537337883240767766e+01
1.034657076176884090e+02 3.343998856173419654e+01 1.771789648809342310e+01 1.657347807965302877e+01 6.179954396379138792e+00 3.632007446324066358e+00 -1.162345093546039987e+00 -1.834435813031619067e-01 -1.017546564680459298e+01 -5.792603394250434690e+00 1.890704692224476124e+00 3.506154384959067727e+00
1.649131458387209932e+02 4.432332420103903559e+01 -3.809689254877162590e+00 3.766095185226775044e+01 1.010643220920964502e+01 1.857897799604834699e+00 -1.560152854892244312e+00 2.107587377264176354e+01 -6.485700325215757900e+00 1.580151027643923634e+01 -5.060449305083581706e+00 -4.808390973059682771e+00
9.419954570846206821e+01 2.342102736627805726e+01 5.670796624315638468e+00 4.295105130856594400e+00 1.938766772946534100e+00 4.910399496486209436e+00 -6.276920281226286313e+00 -9.684692256987792902e+00 -1.208266063303041093e+01 -9.960960581150164472e+00 -1.482613927934140641e+01 -1.549686375164704444e+01
1.048298893977150357e+02 3.471665247758569706e+01 1.696185822073186955e+01 1.526630631307574859e+01 9.336027535415858836e+00 5.342603850591783221e+00 1.693981280959856672e+00 7.635256578724453291e+00 2.285453406488673345e-01 -3.271808977020087106e+00 -5.416357119110124074e+00 -3.780533358807436795e+00
1.077265219362525102e+02 2.947132110829893037e+01 1.483617114311355323e+01 2.832420634727535003e+01 1.101195159080166519e+01 1.427403775558570054e+01 3.571807173191762885e+00 -3.801961149102460968e+00 -2.033023770665597141e+01 -3.686798851847119529e+00 1.397356939649002427e+00 1.445432465182177939e+00
9.955088402774745759e+01 3.381444661721026534e+01 2.297179333329565765e+01 1.957686731321175699e+01 5.791211783165195470e+00 1.712680695736987779e+00 -1.975228225496872270e-02 2.470461836649973542e+00 -4.067230792865003330e+00 -3.677234907566784727e+00 -6.056033448179499956e+00 -9.858099965270177734e+00
1.317860515547172895e+02 4.180980441855898277e+01 2.350522183292848410e+01 4.132797151715827511e+01 6.026265654697433582e+00 7.677874316833053214e+00 5.170465573413853377e+00 9.022867616124528922e+00 -1.280793569751318017e+01 3.014745506109330897e-01 -3.044194079687776000e+00 -5.674388295419641182e+00
8.728213437748627257e+01 2.492913375693530043e+01 1.761209217281256656e+01 1.228280522452686974e+01 -1.994391902182577336e+00 3.655337635367938098e+00 5.187946838200871547e+00 1.373896396127278319e+00 -9.088016373382734159e+00 -1.242489454677387606e+01 -1.347089664715455370e+01 -1.352752444433781420e+01
1.423732832403185284e+02 4.079042864386330791e+01 1.041507566995898415e+01 4.643923221157919556e+01 1.790635262508448733e+01 1.342060671100522562e+01 1.750390167741722891e+01 2.261736647223336760e+01 -1.705109773779491533e+01 3.890944341515643057e+00 -9.715357446993124313e+00 -1.374107574973962365e+01
9.693295157101489679e+01 2.947360909878314317e+01 1.937781222908542489e+01 1.774089435820663141e+01 2.987496334153744826e+00 4.032217326937690416e+00 3.034812933098187226e+00 2.699596191534673117e+00 -7.651299028395978752e+00 -7.386155561336836151e+00 -5.187304700727554341e+00 -5.622169214399606929e+00
1.060204098738985863e+02 4.089998864012591184e+01 2.477825685494123320e+01 1.474961818264470281e+01 2.569031418426676705e+00 2.667662567432144805e+00 4.993213955166136975e-01 -7.357311126797051459e-01 -6.478725951743226297e+00 -8.062118589843252359e-01 2.220695707798477248e+00 -4.226118468517408466e+00
1.461447473673205195e+02 4.196335427019621278e+01 1.234255109225740554e+01 4.055385908615535584e+01 2.483757174574400928e+00 8.733959908302399100e+00 1.572498417278320204e+01 2.910042596731705444e+01 -5.224402874222249693e+00 6.418036298219430336e+00 -6.264035586866962824e+00 -7.563179220112472123e+00
8.980604534832599484e+01 2.735074420712619769e+01 1.988776905365245895e+01 1.711484517866101385e+01 4.373801637478566207e+00 1.009279257142783548e+00 8.546479642332092119e-01 6.814975645927322523e-01 -5.359818418069508539e+00 -4.405578101028664761e+00 -7.657694326720527300e+00 -5.776446221959913530e+00
9.970393176363548093e+01 3.305874540577990217e+01 2.343483894629333264e+01 2.600671803213528932e+01 7.781051311148124761e+00 -1.588160930937568605e+00 -7.989732218101426753e+00 -5.245092363126889978e+00 -6.778830930703241719e+00 5.108893787511983753e+00 3.493697726943914006e-01 -4.943180973796111211e+00
1.509777233118317668e+02 3.624116249814455415e+01 7.855808253856412904e+00 4.642724548725830402e+01 3.969341219112179964e+00 1.127160701645660446e+01 2.991755587203132727e+00 2.348810562462040963e+01 -2.850134008996142221e+00 8.817530180318405186e+00 8.855158765560631196e-01 -8.454734732560178045e+00
1.035639153782699111e+02 3.403947392174562481e+01 1.789440441626104672e+01 1.723211256568598770e+01 1.147336838767527922e+01 1.585174104573768616e+01 1.088008777679011274e+01 4.724585941457416283e+00 -5.784863655526273796e+00 -4.554016974683747776e-01 -3.480143590494325423e+00 -8.735129213584732710e+00
9.467695437641233980e+01 2.302106434560488779e+01 2.835926628214748835e+00 -2.606435762969788517e+00 -7.237480507205660274e+00 -1.871576493548038567e+00 -1.621118185458130689e+00 6.085559921005665451e-01 -8.602329019585383207e+00 -1.357734595295495694e+01 -1.537387186042378673e+01 -1.093023318013229073e+01
9.640733831977681234e+01 2.376613692244881548e+01 1.155084927038677023e+01 2.390644902873587796e+01 1.428877044714764288e+01 1.443102718578773391e+01 3.532682973501262147e+00 1.566720569069886437e+00 -6.682827748758544573e+00 2.214293905072730162e+00 -8.191068879364820532e+00 -1.451967450958662553e+01
1.080833086407527333e+02 3.060306851515816362e+01 1.160777828942479850e+01 2.183432285112227333e+01 1.429097651491658638e+01 2.218090787177353462e+01 2.118877581763823059e+01 1.727162850381136394e+01 -3.250552679456357286e+00 2.454094854237094836e+00 -3.240973300392127499e+00 -4.677576881845366685e+00
1.389219827710626589e+02 2.932522126916256155e+01 4.252281774126350555e+00 5.198860322295745107e+01 1.089516899705318309e+01 2.938107972506496246e+00 1.564372165278658855e+00 1.702787756060332214e+01 -1.383370484524020583e+01 1.081362080114105595e+01 -7.008460254035647985e+00 -7.077980149797319598e+00
1.085308928853771988e+02 2.071899958457454716e+01 9.998486046915509462e+00 3.869668220183758933e+01 7.557944066975481157e+00 1.070713313461100391e+01 1.161193510218086367e+01 2.030176685262951963e+01 -1.998677831128366167e+00 8.540483398432130002e+00 1.531514935477183759e+00 -7.174400053758771989e+00
1.050440521733601287e+02 2.416038892490033874e+01 1.136804232111307122e+01 2.731272884813265733e+01 3.473716597197541667e+00 2.401543236900407052e+00 1.865256273497220452e+00 1.149811097360473688e+01 -7.297816297631735338e+00 -3.819827202551540068e+00 -2.873617487501256562e+00 -5.214656848129494371e+00
9.289342968276179136e+01 1.363480205599393358e+01 4.415510659994752451e-01 1.584391120117635765e+01 -2.287222941340992577e+00 -6.756382662229169611e+00 -9.100648948600102983e+00 1.892651884125885253e+00 -8.840387648530924736e+00 -2.868342461435409607e+00 -1.135464342920291081e+01 -1.889975198670446588e+01
8.596380900077237186e+01 1.284717547013613625e+01 9.348097220029291776e+00 3.104573277984709989e+01 5.366144372099317827e+00 6.654259793915342058e+00 5.882888099884747035e+00 8.111187022506417321e+00 -3.888254404746102288e+00 7.819547273737724957e+00 -6.264116860510702267e+00 -1.495642434853122893e+01
1.019682520173846854e+02 4.518899915781973142e+00 -9.744220862454355370e+00 4.602092795351010324e+01 4.080891715322128910e+00 1.331071050607172346e+00 9.642909197869261817e+00 2.199909510522752498e+01 -1.605922296058055565e+01 8.627704152345071265e+00 -5.935266838195090600e+00 -1.180984611443487253e+01
8.168779175021160199e+01 -1.099971192237757656e+01 -2.730602251470172703e+01 3.210586657447025516e+01 7.600085551414561991e+00 -1.135931371608986673e+01 -1.322712228286033920e+01 2.335401755995503947e+01 -1.921463220737551936e+00 1.005227361089995952e+01 -1.462275512742025008e+01 -2.288621927572746273e+01
8.697741413553643497e+01 -1.175635239983826352e+01 -2.330563662831348282e+01 4.483285814564558081e+01 1.506215342981015226e+01 3.247611234291924553e+00 1.223768805402819737e+00 2.013332982172382657e+01 -8.893662315804565566e+00 2.280615605804181101e+01 -1.433852231423538015e-01 -7.641265666758896735e+00
7.183384954939711520e+01 -1.513671861870019164e+01 -1.920395311457511411e+01 3.290514667562766959e+01 4.385357724334273399e+00 5.842357040766242626e+00 3.767102327253177840e+00 1.127141542263056451e+01 -1.263159072782664616e+01 1.445483009985533052e+01 1.284172619520842318e+01 5.204437837598321792e+00
6.910729820180944216e+01 -1.737660863349447027e+01 -2.322240251872799632e+01 2.878842775940036347e+01 1.551065874689128066e+01 1.425032608357023989e+01 6.797630448145307369e+00 1.171088967277040815e+01 -1.352286533853932937e+01 6.941376847155855678e+00 -7.095091986716383303e+00 -3.695443177830755488e+00
4.980586258270967903e+01 -3.946081868888136768e+01 -3.408967049460483878e+01 5.075886670334135431e+01 1.120147281969316211e+01 7.352380560148811917e+00 9.500193860942207635e+00 3.114378441427936650e+01 -1.112845313054494056e+01 9.467473289240716738e+00 -7.727620821040920518e+00 -2.074878660925245200e+01
6.155955827837242111e+01 -3.291295455423986027e+01 -3.986645496636922559e+01 2.031202097098066872e+01 -3.165243748212666741e+00 -5.344151026768889423e+00 -1.137228078845371826e+01 5.962786088134018669e+00 -1.804486910416234835e+01 4.617418907055423460e+00 -5.466517381771601514e+00 -7.741155797701646080e+00
5.631922661507462635e+01 -3.089466615149096640e+01 -2.342156589108307685e+01 4.878463581101732416e+01 9.254571526830741135e+00 4.802334207365499097e+00 -1.008523114555551103e+01 3.918561004191691399e+00 -1.804001286706302665e+01 8.473091319445114067e+00 -7.659875404877239724e+00 -1.296214618788842898e+01
7.317786576685685418e+01 -2.435782867997853174e+01 -3.178501779469993238e+01 4.028223049006003009e+01 9.576393469433167382e+00 9.576212839637847196e+00 6.337775727007383786e+00 2.779017218402494649e+01 -1.451145440733089487e+01 3.507753282409305839e+00 4.647750270781235926e+00 -7.499573397288475718e+00
7.691465391956361941e+01 -2.415312002704106220e+01 -2.863175634977944384e+01 4.713926917591319210e+01 1.336350065411178889e+01 7.665937816555092432e+00 8.854488787356118440e-01 1.709584374375299731e+01 -9.146236749471917449e+00 2.535580255859322563e+01 2.430406148691865553e+00 -2.270992168523079613e+00
