4.721204620479062442e+01 -4.159753628785485091e+01 -4.485065528697067094e+01 2.576106180926687017e+01 7.255419601911935246e+00 7.205743102254179355e+00 9.717900558503034247e+00 2.826706282892777722e+01 -7.376222913344770760e+00 1.223941909337102096e+01 2.154038608919022657e+00 -1.754614669564887919e+01
1.693673820878061065e+01 -6.518341374948816735e+01 -6.511953209940132581e+01 -6.821607884840554803e-01 -1.235077164311467612e+01 -2.201233973915523734e+01 -2.036047150465737587e+01 -2.207565253724726340e+00 -2.864667278484180457e+01 -1.149398720276833075e+01 -2.723401531046075519e+01 -1.383208560450018609e+01
6.253790945788078659e+01 -2.787546438640312374e+01 -2.761821049846929910e+01 3.354324748428653891e+01 -4.119979863640252926e-01 -5.511655649706937332e+00 -9.133082541685924483e+00 4.478787071197193548e+00 -2.150242709742837732e+01 4.028891564502718126e+00 -7.025199748973841807e+00 -8.173189047483706560e+00
1.165840858549348411e+02 1.131492711575903876e+01 -7.450870196148895452e+00 3.935794958348131445e+01 1.555234849202610015e+00 -7.850397745444235298e+00 -3.054841918462746264e+01 -1.122852968769944937e+01 -2.789436627418318437e+01 -1.266161630816410799e+01 -1.341978393113178569e+01 8.991509690966603685e+00
1.143952281478272823e+02 1.227956082317584041e+01 -4.660716154832029723e+00 2.939998884635662790e+01 -1.363013600193458252e+01 -6.390198532405123366e+00 -1.271711842394261538e+01 -4.949170008662999720e-01 -2.416051644102515183e+01 -1.194595549443686266e+01 -1.040917203326110396e+01 -3.984172282070442606e+00
7.360661813864047076e+01 -2.872411933560621833e+01 -3.551560187459873674e+01 3.919667808563381328e+01 -4.751963381289801003e-01 -7.181381498953601117e+00 -3.145382901373807272e+01 -1.007465401843494135e+01 -2.675701475257696771e+01 6.209827676712165179e-02 -1.943392766042903119e+01 -8.627300587495099649e+00
7.543750628436026773e+01 -2.602889796681903078e+01 -3.340583445786361949e+01 4.105960777421171315e+01 7.416827620840158453e+00 -5.262521620763791041e+00 -7.918799606638493138e+00 1.397397602583640186e+01 -1.570484208348080024e+01 1.218517836774335983e+01 -8.667604039518318260e+00 -1.068403400359658084e+00
7.024069923247230918e+01 -2.279164944418397809e+01 -3.289696263456603731e+01 2.922767639262432837e+01 -6.083495236063727774e+00 -1.306602914937491100e+01 -2.823048279126524562e+01 -1.143190046881082722e+00 -1.966475634328521949e+01 7.864168791851505524e+00 2.575118859615582956e+00 -2.230710308712868084e+01
6.011152847715987946e+01 -2.235776269229054236e+01 -1.606287021573108120e+01 4.190265255665034516e+01 2.893484768489607006e-01 -1.036119863067217750e+01 -3.127753570496653523e+01 -6.440351721021306375e+00 -1.081219497279082020e+01 2.726929170595262519e+00 -5.988161747521164813e+00 4.716000308270486663e+00
5.394397636892080072e+01 -2.638559992343859051e+01 -3.775905307451805015e+01 3.330291593296949237e+00 -1.354089320149763687e+01 -2.264100857083515450e+01 -8.382012154460586117e+00 7.641293549227140325e+00 -1.880116102324674188e+01 5.084217062692691691e+00 -9.197828996539945123e-01 -7.829468592053412834e+00
4.480819020172636158e+01 -4.351421932274881499e+01 -4.911639447219162236e+01 1.870851152628463865e+01 -9.646971808576994434e+00 -2.454882058245469878e+01 -1.733640410262283282e+01 7.902656674139584503e+00 -1.995017470483739785e+01 1.482766231668792756e+01 6.046451904558480805e+00 -3.054873066607679100e+00
5.182664765629574788e+01 -3.867450329117552599e+01 -4.237942747666156151e+01 2.545155820921467438e+01 -1.396777139357716635e+01 -2.393266846252776148e+01 -2.569572303847026262e+01 -3.366227929597822133e+00 -3.080066616222078935e+01 -5.485581421213021613e+00 -2.038798561037592805e+01 -1.529052775016981869e+01
5.222797890197038839e+01 -3.682876627203656739e+01 -4.507280349501731109e+01 2.473401397931298362e+01 -1.774924560197450152e+00 -2.095496788665871435e+01 -2.455634428165903671e+01 6.193344299464034641e+00 -1.222017866584631918e+01 1.824365988856366272e+01 -3.642250170861135228e+00 2.768064985437979075e-02
4.513711104230715421e+01 -3.920268418998892201e+01 -3.449014320575291492e+01 2.058024217144748746e+01 -1.091622746592078741e+01 -1.304184640592254496e+01 -1.107939596074613675e+01 4.126028610902774396e+00 -1.330040412694737739e+01 1.201469386879578494e+01 4.155306364942849662e+00 1.134107480603892171e+01
3.289969674479591788e+01 -5.000918218946139859e+01 -4.314560654297743270e+01 2.098039788613743184e+01 -2.947429259206444385e+00 -3.456466050929979161e+00 -1.089220518365120149e+01 5.814523909867793883e+00 -1.311829775567344569e+01 5.521256557528868569e+00 -6.026123990204590442e+00 -3.086015854802944602e+00
4.402905672232587619e+01 -4.150678414563852670e+01 -3.715112502958544383e+01 2.737207128297113101e+01 -1.685395495602425964e+00 -8.534193915747161352e-01 4.852638925848660634e+00 2.247746314633627662e+01 -6.319957577061945386e+00 1.834826787441893003e+01 1.521568130537414554e+01 1.443713781360000681e+01
3.189521721078020633e+01 -4.399126488304609950e+01 -3.842030587334606651e+01 2.162386270227986884e+01 8.519918622600709535e-01 -1.269377730638425916e+01 -9.052820519953819201e+00 3.474558045959088570e-01 -2.147888415123268402e+01 8.811336971361846793e+00 -4.950857852353585997e+00 6.389288876862619482e+00
4.388873378297560635e+01 -4.224430300839478036e+01 -3.587543942472473901e+01 2.961178671676499619e+01 -1.168090828117210211e+00 -1.177863682912158039e+00 -5.269158828300820829e+00 1.244053558864830578e+01 -9.694163810205058240e+00 1.260792164590006337e+01 3.284234446719039635e+00 1.589120983311890001e+00
3.040817355138646860e+01 -4.878994238042383103e+01 -4.590202349896071610e+01 1.571399600194117596e+01 1.011884770693263924e+01 9.197840790635693153e+00 7.508279074350403093e+00 1.283638680804808985e+01 -1.214885103179300785e+01 9.183169940941573017e+00 -1.167911108514070762e+01 -9.419124899683765761e+00
1.164352077833187948e+01 -5.330886684376156381e+01 -4.180777894538654493e+01 1.439215759674881667e+01 1.973338909286989917e+01 2.213747913291142311e+01 1.831403259838234376e+01 2.223856743915578349e+01 -6.984393000225934678e+00 -5.285790110494495764e+00 -1.533022388177700535e+01 -6.273051304070957457e+00
3.825710025494385036e+01 -3.822620634711051935e+01 -3.330799137867187198e+01 2.325513846138307628e+01 -1.955423575078837128e+00 -5.561661872444624954e+00 5.314626002463790577e+00 1.673046931682021921e+01 -1.197241384639391271e+01 1.495987821363850934e+01 6.420820027860695056e+00 4.094393074080485917e+00
2.363560250068533719e+01 -6.141641603529595272e+01 -5.834952531994963465e+01 8.703060675803254043e+00 -3.159968008992083632e+00 1.303798656887406038e+00 -4.996871512255296466e+00 8.348907641696646564e+00 -1.089023606787017151e+01 6.789307695995253411e+00 -1.482991421386282838e+01 -8.155181032914512684e+00
3.400610034830083350e+01 -4.944763007171086144e+01 -4.245200899763274549e+01 3.439144350558740371e+01 -1.427415701250434044e+00 -1.840177930366727832e+00 -4.722695527702737373e+00 9.186805032157899120e+00 -1.426838246674448918e+01 2.217795705316062538e+01 8.154845902129178370e+00 -3.683147431239261138e+00
2.938126005031957533e+01 -4.680689244046112663e+01 -4.216842585621747475e+01 1.610634063146725836e+01 8.477594674568194932e+00 3.335778075157453060e+00 -3.499035620594117546e+00 8.326352814951704318e+00 -5.509441665920268960e+00 1.559235952447774132e+01 -1.343875031651141194e+00 6.272868674938759881e+00
3.767823885955112928e+01 -4.009071516218416775e+01 -3.791224980328961180e+01 2.385808771651828408e+01 5.074068855834132918e+00 -8.292259844076987463e+00 -9.747759307398265349e+00 1.648784826341401555e+01 -2.716584987898833514e+00 1.267859880199292277e+01 -4.040434518311958101e+00 2.067255462480673156e+00
3.213897200833243772e+01 -6.149815196201151934e+01 -6.619427276544351457e+01 1.533026404303202384e+01 3.985374508085748779e+00 6.426058805808847474e-01 -7.262045988949475728e+00 1.598776562553266167e+01 -1.695672325761110599e+01 -9.534711415438461568e-01 -1.211803629988025399e+01 -1.435591789160716658e+01
2.780607191686340229e+01 -5.324810078641203859e+01 -4.613884261689864275e+01 3.324888182220344390e+01 6.715524932396808921e+00 -6.032625102534787231e+00 -4.568225455234562915e+00 1.817757688679233397e+01 -1.147353911174301899e+01 1.137077885472290717e+01 -1.502545954590303090e+01 -9.915758275591500137e+00
3.627658438379545203e+01 -4.341843049856360892e+01 -4.624155746714525606e+01 2.377784993338561392e+01 1.256297430754487721e+01 1.633851677922380174e+00 -1.693354605376964583e+00 1.513827521217125138e+01 -1.175902624310813493e+01 1.457546992249713114e+01 -4.292175180273139823e+00 8.734444341820046809e-01
4.751590265146816705e+01 -4.600555035693261630e+01 -4.882534365436160328e+01 3.125000106671117095e+01 7.646992286997072341e+00 -1.018846350711483995e+00 -4.493797482334842996e+00 2.560156735562273056e+01 -3.172619162577157592e+00 1.789959553943206316e+01 1.263096616502267677e+00 5.677098502066161956e+00
5.272692034900619973e+01 -3.799902811448086482e+01 -4.513502658856434380e+01 2.276427296955053237e+01 9.602045081634170032e+00 2.043024705015946019e+00 6.824190788695066345e+00 2.437082976166930948e+01 -8.680657402067017969e+00 1.548558488170502656e+01 -4.052267741907822796e+00 -2.710615905228795253e+00
6.647504883271795961e+01 -2.520396446317262118e+01 -3.586052874818363989e+01 2.026729277112394101e+01 -3.291419919858076248e+00 -1.657101561369132980e+01 -2.887629514266119557e+01 -6.360711134745326234e+00 -2.095479692642716429e+01 2.162356454313514753e+00 -1.286677837253509971e+01 -2.741591560684701001e+00
6.364390316666288072e+01 -3.797204490024567747e+01 -6.166956693011985635e+01 6.769645546215979692e+00 1.405640605696858714e+01 2.711810685909500762e+01 -1.697326720796949928e+01 -1.410438931449287558e+01 -3.141501281081508523e+01 -8.451450886765396575e+00 -1.689954091041757778e+01 -1.466798888529744271e+00
1.391745639367513263e+02 2.443330042646706346e+01 -3.386609176442236446e+01 1.284454670326003800e+01 2.076736196027967196e+01 2.312190145813045916e+01 -2.363366550119427600e+01 -1.261034708100276802e+01 -2.293530856764256853e+01 5.791013931708752338e+00 -6.916123500446818895e+00 1.306870082217735174e+01
1.009636504177148737e+02 6.084514160004931504e+00 -2.518038698532386022e+01 2.133360245258155885e+01 2.315029367074529176e+01 2.071413521390712020e+01 -2.990185197692493801e+01 -3.066451420362819036e+01 -3.670201841359670425e+01 -6.054050609856750143e+00 -7.113591372301881322e+00 1.178144895869984765e+01
1.819479236363685288e+02 3.076058470842318648e+00 -6.805945689145349320e+01 4.378741200245119813e+01 1.031544510328544639e+01 4.473477438787179494e+01 -3.340024567140737588e+01 -1.322481447451270142e+01 -4.273297190947336333e+01 -4.125876140924270352e+00 -2.489157483250090053e+01 7.840077862951146059e+00
1.350246616147827581e+02 9.805953075820461606e+00 -4.708976492471244057e+01 1.136828504305544385e+01 1.515395554719895621e+01 2.868756270863652702e+01 -2.295455676957624291e+01 -1.996092741118427938e+01 -4.177696124792916521e+01 -8.226522217109057067e+00 -1.221489339694571541e+01 1.539628090509181213e+01
1.175082771349567281e+02 -2.416533886029211153e+00 -5.271880622107516956e+01 1.482004164129933876e+01 2.205815163025278025e+01 3.434889908439382111e+01 -1.984976905455025786e+01 -1.298280338895106922e+01 -3.387260482484688140e+01 -7.847814705087420073e+00 -1.881989857955850454e+01 8.153781379432935239e+00
1.948017529365940277e+02 6.502749176545424170e+00 -7.935232619225661210e+01 4.641026468769924662e+01 9.604069366773110517e+00 4.735514790957981290e+01 -4.046341441255002991e+01 -9.045503190385044689e+00 -3.798320685785073181e+01 4.560888943133553752e+00 -2.724269618344190391e+01 -6.060040460569968701e-01
1.396525783446936373e+02 6.730039546536815465e+00 -5.314557346596680532e+01 4.602654915437873484e+01 3.834413320283439219e+01 4.309714287251826192e+01 -3.955295657180510460e+01 -2.568943012418330696e+01 -4.216444263126369663e+01 6.301612450158790679e+00 -2.100499751046239183e+01 2.739227027520860780e-01
1.111181526456173003e+02 -1.342944465092904771e+00 -4.455460478581939299e+01 4.706772129979188435e+01 4.161378279832332794e+01 3.577439084739537378e+01 -4.028643231396573299e+01 -1.975656038164131445e+01 -3.214112738780320910e+01 -5.207781788475524642e+00 -2.998359140794504540e+01 1.910868919591783843e+00
1.512072769115119399e+02 2.872606212602494047e+00 -5.944155819786581674e+01 5.692068170001344640e+01 3.002688948691462656e+01 3.015599563627998236e+01 -4.842358793914308279e+01 -1.231946820280100141e+01 -3.535925799177763906e+01 6.434410055551217589e+00 -2.165352385031175331e+01 3.019469238737647387e+00
1.481070631313389185e+02 7.247147363696075928e+00 -5.216976332088599833e+01 4.748068049347413933e+01 2.591682436077530127e+01 2.871113520947531228e+01 -4.494850874835425003e+01 -1.664624240183661641e+01 -3.393879394698224417e+01 1.191799546899986240e+00 -2.653797561682291573e+01 5.644137907462621229e+00
1.656557174720384751e+02 2.172367269857888417e+00 -5.948410439632279179e+01 5.427971442013124204e+01 2.354876154710617087e+01 4.755437452082384198e+01 -3.644816441139099084e+01 -2.170060862804201207e+01 -4.922733970077850074e+01 -4.680631879584266741e+00 -2.243168173303253354e+01 9.971526496971948816e+00
1.255724137784015824e+02 6.369744889154096867e+00 -4.425035513916218122e+01 4.449421658594371820e+01 3.914793940509102299e+01 3.449764870101143543e+01 -4.473505771655295860e+01 -2.784955559838589068e+01 -3.826955990340562153e+01 -1.583897451568496706e+00 -2.188342103290420582e+01 7.230214804768973380e+00
1.787939537780151795e+02 -4.586374273202868501e+00 -6.221248264842745357e+01 6.273320624746222052e+01 1.645595738279588360e+01 4.315103683718571403e+01 -3.129671037956958202e+01 -6.763523677530924871e+00 -4.635021843884633341e+01 -1.254132325123723390e+01 -2.660083242459434416e+01 3.005794535578035109e+00
1.651065282996983683e+02 7.281806064513283161e+00 -5.375515433223229422e+01 4.077077631378793399e+01 7.306158714797335918e+00 1.995443900822411365e+01 -4.198806787660925011e+01 -9.577472784502148784e+00 -3.138166659671843561e+01 -2.880163494967080240e+00 -2.161082416554667418e+01 1.121161015036747344e+01
1.790532091392915959e+02 8.773096251567498172e+00 -6.154782478974165372e+01 5.178436300350308130e+01 1.656530063761153926e+01 1.297325965032659489e+01 -5.616099834248483802e+01 -1.597610985734076117e+01 -4.606055039103151216e+01 -3.105437127007935949e+00 -1.904108043872064115e+01 1.856881297977741951e+01
1.612631262693008694e+02 1.219159991855886283e+01 -5.626310414409149985e+01 2.591069527707261599e+01 1.202525647334853964e+01 1.843673248066570025e+01 -4.159473222024718098e+01 -1.516120239821040450e+01 -3.266128707782527840e+01 6.963223299387468757e-01 -1.975475109636807503e+01 1.000187952677074321e+01
9.827758270620402925e+01 6.329082130902365932e+00 -1.058714675009655437e+01 4.572390287758408078e+01 2.963765773902662914e+01 1.234066649255681192e+01 -3.976406731744476986e+01 -3.226609534376601829e+01 -3.925935148940600783e+01 -1.425144249748244896e+01 -1.609572377757602979e+01 8.499976788688883289e+00
1.860903028087150801e+02 -3.932672586668206627e+00 -6.732532362313897067e+01 7.246115339301431391e+01 1.534793780234759275e+01 2.423608448895636158e+01 -5.425342468207853130e+01 -1.634826117148813651e+01 -5.386412692932113089e+01 -9.408264291770601417e+00 -3.054276947741092840e+01 6.144394717159721964e+00
1.224581417458988142e+02 1.544691625135846813e+01 -2.638165212668515380e+01 1.919591709787595590e+01 1.797758173959412531e+01 1.383231232613723272e+01 -3.375476538363359680e+01 -2.839470676567491125e+01 -3.763422190809031065e+01 -9.200280612182059059e+00 -1.409059581309721487e+01 2.614494048959754124e+00
1.333085270845570278e+02 2.642488563588203121e+01 -1.964411084661821150e+01 1.810236770939153672e+01 1.886973956347055648e+01 1.664289318468776457e+01 -3.032238921883869409e+01 -2.741467838137656088e+01 -3.381514092452478337e+01 -6.251660263075990542e+00 -1.385879047605893000e+01 8.376085726991623348e-01
1.651672138322751380e+02 3.571641969238640968e+01 -3.838404399091554353e+01 1.404578192843020901e+01 1.688753182482899007e+01 2.091718242426165375e+01 -4.062196073410126473e+01 -2.605397725144912613e+01 -3.296985470845721267e+01 2.373878781452022579e+00 -1.542061897575895379e+01 1.257444640627279231e+00
1.391300514960099690e+02 3.299141283780343770e+01 -2.396497839913032735e+01 -3.748405706386819247e+00 8.057274816830998887e+00 1.866366224682624164e+01 -2.123294120919175043e+01 -2.415537041932513773e+01 -2.796632083217668452e+01 -5.844893809853872746e-01 -8.499210282970494745e+00 -4.266552702672945507e-01
1.037478370917064865e+02 1.912298683940185384e+01 -1.206982710265288716e+01 -2.681831771582754431e-02 5.339259514669471685e+00 1.156995393987151211e+01 -1.161068282676209762e+01 -1.710020204687953083e+01 -2.225634313883199766e+01 -3.244374519257806178e+00 -2.413531635133020270e+00 2.499553887522538709e+00
1.279199226597011716e+02 1.128830836172114438e+01 -3.250691636557455411e+01 9.964206294800757036e+00 8.617109303290954259e+00 1.784455970413655024e+01 -1.247987840766756840e+01 -5.218590984944913025e+00 -2.163687673410706935e+01 -5.844295966727715452e+00 -1.996120136126900491e+01 -7.603819852050021311e+00
1.578774952624501395e+02 1.782849070466089358e+01 -5.039165089167643430e+01 3.820568796998877303e+01 3.164291063447810259e+01 3.688482551591771141e+01 -3.573634809036485649e+01 -1.821072419618138483e+01 -3.504963367241960270e+01 6.914942318743671379e+00 -2.349138890826437631e+01 -3.691032463125648366e+00
9.948411160539583875e+01 1.061579047140667420e+00 -3.347253087679991523e+01 1.410174770629741126e+01 1.414850561905172732e+01 8.265727212829482085e+00 -4.377131000005736183e+01 -3.770457892085433826e+01 -4.000045868442346375e+01 -1.143538224209466669e+01 -1.711360032529518094e+01 -8.612538941556620031e-01
1.643129544433237754e+02 9.892488296992247854e+00 -6.529023608745409035e+01 3.842269853342514097e+01 2.942625163205768146e+01 3.084750665380654056e+01 -4.648044590143481258e+01 -2.639982671048511520e+01 -5.497542528312005317e+01 -5.277861335777888740e+00 -2.685619977540322623e+01 2.025147101330408539e+00
2.057050056647585734e+02 1.672467328930099484e+01 -8.232314789043186920e+01 4.711208090324478093e+01 2.599558433238032507e+01 3.292302999304426692e+01 -5.083317681531785581e+01 -1.187335578987963558e+01 -5.061458069955723715e+01 3.383346554673680728e+00 -2.490887218418004778e+01 2.675370022021534844e+00
1.166381717586402971e+02 2.412768741863969524e+01 -1.843703861209097994e+01 3.335972679110210670e+00 1.056209048402133277e+01 1.298145088526095137e+01 -2.699076724921752302e+01 -2.792814990252810148e+01 -2.479267258753308312e+01 9.178661019180929248e-01 -1.133205350862115246e+01 -7.521209322854905288e+00
1.140322033308302565e+02 1.569512103611810083e+01 -2.398122799942909822e+01 9.076814557446269305e+00 1.657716642949780805e+01 1.949019301439593832e+01 -1.754927765446841903e+01 -1.240726840342453663e+01 -1.376073783884158352e+01 9.886281493661481790e+00 -2.505574418069381748e-01 7.513463199157934369e+00
1.359832351520969382e+02 -6.565359281088827714e+00 -5.124658132683093470e+01 5.075943586539302288e+01 1.629477079076366053e+01 1.398600710346592990e+01 -5.374291782971531717e+01 -3.402081790893824120e+01 -6.128601982216883926e+01 -2.260513611235034048e+01 -3.986714444009233205e+01 -1.281497417518652782e+01
1.340710679088486756e+02 2.698493966813298783e+01 -1.836908124989167845e+01 2.328739086850124096e+01 1.857272694938595237e+01 1.949382423036012568e+01 -2.370579642331898285e+01 -1.964648688518732911e+01 -2.938307985258275323e+01 2.142542445384315375e+00 -8.310278324693875618e+00 4.242579225605913607e-01
1.147006293650966882e+02 9.789127535665812729e+00 -2.222564039144783976e+01 3.557077763619587785e+01 2.052576353022074329e+01 9.227009087967795509e+00 -4.873827129149463389e+01 -4.170982603946914224e+01 -4.594588600179133664e+01 -1.409626502527405556e+01 -2.625226965147693647e+01 -6.655061833174883645e+00
1.497086259345197163e+02 1.900635182877657314e+01 -3.314307123496126906e+01 3.106549568217747037e+01 1.362680558709694445e+01 2.101164215027694482e+01 -3.489601723554929436e+01 -2.241637746106078311e+01 -3.346803462697047848e+01 2.368777959768131325e+00 -1.376252402086521798e+01 -1.512339310500431910e+00
1.318749303312224868e+02 2.576279501653852222e+01 -2.067526624769615040e+01 1.437368491324569675e+01 6.766236894203303542e+00 5.585163019832803499e+00 -4.008688286209736873e+01 -2.917993981548652727e+01 -2.736603576079413003e+01 -2.035205018067491878e+00 -1.627734018675538508e+01 -4.392728984843129680e+00
1.152784815620051972e+02 2.135205894987761965e+01 -1.111227057927720097e+01 1.346422326053091822e+01 1.178006122658404209e+01 9.309347494976634607e+00 -2.241553215713883063e+01 -2.004733537385747866e+01 -2.384007526709801184e+01 -3.359893630029151090e+00 -4.807683490482185462e+00 6.080507312016775856e+00
1.890091001436524039e+02 2.825048448774068532e+01 -3.534757182969525502e+01 6.601573705089350597e+01 1.394003424298449545e+01 1.074653767398835313e+01 -4.065275912348032250e+01 2.416361206083059709e+00 -2.298498206263376886e+01 2.269296525424762123e+01 -4.201236591657463215e+00 5.161482213521799700e+00
1.075764885719610930e+02 2.461102860267921955e+01 5.930910535962811148e-01 2.332010033964482432e+01 1.075436911523873107e+01 5.086702758455539986e+00 -2.656895555815334475e+01 -2.643712141480518696e+01 -3.036136622681208053e+01 -9.955384292446966654e+00 -1.779868131866746950e+01 -1.130812135797611617e+01
1.211885613293700317e+02 2.525048579685596906e+01 -4.923323452771295905e+00 1.817230992660910260e+01 1.085126637108434267e+01 1.145656180687915793e+01 -7.399486895501281580e+00 3.391135900113917412e+00 -1.222674389534232686e+00 1.012309471801277105e+01 -8.954481211915694683e-01 2.352057804379553474e+00
1.299483169777611238e+02 1.412900180413264550e+01 -3.117510599766284685e+01 3.723923635888174033e+01 1.402166142654042602e+01 3.520452653766172446e+00 -4.429109780089572723e+01 -1.816598869099691171e+01 -2.998607089439909146e+01 2.107844953979323144e+00 -2.300187503117258103e+01 -7.391287352239731767e+00
1.092925481676613089e+02 9.971373715824135786e+00 -1.498376403679904456e+01 5.190523704271592464e+01 1.921936779329639933e+01 1.494315140189470092e+01 -3.173059216847006425e+01 -2.827354108690519396e+00 -9.892772980280666317e+00 1.106392766300480091e+01 -1.196387748858246525e+01 -3.902314302336585605e+00
1.016867349629099095e+02 1.770293979361500192e+01 -4.245133378702092841e+00 1.720272460316746788e+01 7.796075759571760244e+00 3.932501046782013177e-01 -1.624419195029854635e+01 -8.368048750273857195e+00 -1.494557291197614646e+01 2.428189743806851819e+00 -1.919038112412736474e+00 1.212151776305318451e+00
1.305273065206029344e+02 1.236818204841320856e+01 -3.260064669476385291e+01 2.663601630533734266e+01 8.919469106457873053e+00 8.198937261451477720e-01 -3.844945778229645583e+01 -1.272507088390885599e+01 -2.670548751918938990e+01 -4.509359449834285272e+00 -1.985397227395682762e+01 4.163719086678087322e+00
1.099189168765284705e+02 3.253716076434360005e+00 -1.186329000511576837e+01 6.863995170640720289e+01 3.240280260049092931e+01 2.166949110969865799e+01 -3.974100545880874691e+00 9.132366978766235377e+00 -2.589613270456846550e+01 2.960948574588041282e+00 -1.427258530137327774e+01 -1.006878185787807212e+01
1.333970146437437734e+02 2.005724245972940523e+01 -1.380550642515719773e+01 3.597682560883335867e+01 9.241500227444948479e+00 5.348325107654916089e+00 -2.684788070209139832e+01 -1.391068150805405779e+01 -2.477680099028396654e+01 8.347504188548629855e+00 -1.924908371531282691e+00 3.568559250351097223e+00
1.287419644981874853e+02 1.743182917205397331e+01 -1.866507896711080861e+01 2.661333748560701906e+01 9.547087923756778949e+00 2.180672182545308857e+01 -1.322233138275656472e+01 -2.235102123966044907e+00 -2.057344801474816620e+01 -5.713066838906398104e+00 -9.474426179762446054e+00 -1.305459348679026466e+00
1.461966053474837395e+02 2.875822170729116323e+01 -5.109729071473541495e+00 6.491025051072631413e+01 2.122757365998931078e+01 7.911794422596528875e+00 -2.764056975724005127e+01 -3.996053842467959694e+00 -2.442055352375155053e+01 1.518356001599739535e+01 -7.294983695300961024e+00 -1.091376660333109427e+01
1.029967129579833909e+02 1.293045464031336778e+01 -1.177208441395639937e+01 3.410701220484281038e+01 2.157845775849990488e+01 1.193713667516506760e+01 -2.015803678684052258e+01 -6.741620914496984085e+00 -1.260131686881396362e+01 1.196080940380698898e+01 -1.134857448201051788e+01 -1.288597442471852439e+01
8.784774999570498721e+01 1.141041048544055059e+01 -2.281509913713094306e+00 2.496136252265045385e+01 2.139017678252201549e+01 1.483344662336871167e+01 -7.254462632174054626e+00 -8.302511714623044270e+00 -1.676070046763518562e+01 6.971657635884813686e-01 -4.273194301948470830e+00 1.103788768927424613e+00
1.475841324279448656e+02 1.884532759455394668e+01 -1.966286338026474567e+01 4.410083713983928533e+01 1.222969484994692912e+01 1.627826069511200302e+01 5.074719384915691300e-01 2.473147516334393003e+00 -2.763666195773596712e+01 1.684456162951970981e+01 -4.424965041835655200e+00 1.555163186870979075e+01
1.158457893215764898e+02 -7.195284159491757592e+00 -2.776787834528269627e+01 5.661621792910688100e+01 2.115727865404976882e+01 2.459071953327151761e+01 -2.602757397825567587e+00 1.680693203251525247e+01 -1.728379868247309048e+01 7.031900839096609346e+00 1.415014126164593433e+00 -4.267200106256747283e+00
9.243745507966640673e+01 1.071121496965358943e+01 3.069086902948587436e+00 4.170610410314625938e+01 1.781812547652621248e+01 1.427915477893921725e+01 -3.081899670558495785e+00 -5.287922626968982520e+00 -2.780931552401163032e+01 1.740269477864353931e+00 1.232727516530470169e+01 1.668083268407569619e+01
1.154487931908419114e+02 1.881312977227691530e+00 -2.005782550341935178e+01 6.960373503611856449e+01 3.342876210956502803e+01 1.547515910396499805e+01 -6.913122524322179885e+00 1.629638354780793996e+00 -4.228900987562494151e+01 2.519155154552778608e+00 -6.108824674604254490e+00 -7.035080616430541056e+00
9.058422459789100856e+01 1.558885043951435456e+00 5.082132809648351568e+00 6.697155556875556215e+01 2.545083077350123091e+01 1.801396081616632117e+01 -9.817469216370920293e+00 -5.906331189970148721e+00 -2.394726504973700187e+01 9.500193829719988159e+00 8.178411584527356837e+00 1.282205229397174584e+01
6.661858345650549040e+01 -7.499484928942752759e+00 -4.625353454513932761e+00 3.265813887210046573e+01 1.239354414327324960e+01 1.150629174190587634e+01 3.644534754560363687e+00 2.338210784526624231e+00 -1.751376930515454688e+01 1.867155064647769258e+00 1.688873739579088262e+00 4.402441270215737390e+00
1.057100319711149439e+02 1.127973499631697907e+00 -1.882521534978712197e+01 4.921411499919173593e+01 1.420639190983443712e+01 1.116981213846762166e+01 8.496878516594217334e-01 4.167459930671777002e+00 -3.303769472947617203e+01 8.323344696194896031e+00 -2.371611374532655248e+00 1.245219046664930218e+01
9.070834172654693361e+01 -1.438959504626237340e+00 -1.304973070083024567e+01 3.873611215354148385e+01 1.866967476465684328e+01 9.077981628774049128e+00 -3.135436883486544701e+00 5.663485045147228725e+00 -1.861493417363389824e+01 1.485253414331079380e+00 -9.733345483785402763e+00 1.364837641181813943e+00
5.463284786680010541e+01 -2.814475007721803479e+01 -2.855332318467354469e+01 2.945912500146168256e+01 2.215812546348855605e+00 2.801299687371470171e+00 -6.629712908214016487e+00 7.341536891881291993e+00 -8.481548798639041209e+00 1.554199742918229710e+01 -3.964023598076584776e-01 -3.849354316292646239e+00
8.132728149760893643e+01 -2.118551384210805821e+01 -2.562915578344251344e+01 4.100575122553522789e+01 1.352488335980060796e+01 2.266177953686466395e+01 1.407254127179372105e+01 2.474868491227588407e+01 6.880879135034234650e-01 1.577011319319457350e+01 -1.209374353791533352e+01 -7.192882561303500566e+00
8.514506511425682334e+01 -1.400152243700188137e+01 -1.943882775705606747e+01 4.795242279655941786e+01 3.868404509002491665e+00 -5.984301433314183072e+00 -7.217849845082972671e+00 4.340331292900134308e+00 -2.953582098203423101e+01 1.757205443264973965e+00 -9.668668517245931682e+00 -6.387422611195987088e+00
5.707284151486324930e+01 -4.376474697450611018e+01 -4.991932682538451616e+01 1.435022713866685784e+01 -2.157843370465229071e+01 -1.943349844381849678e+01 -2.550276321006517577e+01 -1.535735757257969425e+01 -4.408139872219923205e+01 -1.798701356377627292e+01 -3.144475096884698218e+01 -3.002965082744317726e+01
