1.031595682882120002e+01 -5.702468793948295911e+01 -3.833847806339046826e+01 2.827249135983238304e+01 7.872129659809425917e+00 4.448672667545240600e+00 4.065533313063380838e+00 1.303277340744593893e+01 -1.000867495165638665e+01 1.394381451189218168e+01 3.081904306183040454e+00 -1.538046072629883909e+00
-2.441530733926410512e+00 -6.206725687102945699e+01 -4.209410688575044901e+01 2.615540272852839365e+01 7.714918532422001540e+00 1.673498959031037403e+00 6.826820507761119927e+00 2.133565242341761348e+01 -1.308836823576889863e+01 -6.940999016734687999e+00 -2.031117340426358453e+01 -9.890051909187837609e+00
1.864909673460113737e+01 -5.384529186285252678e+01 -4.281454514093326935e+01 1.604444389030606999e+01 1.695573849179295323e+00 4.105602894903433331e+00 7.899192146542082682e+00 1.968904690189586049e+01 -8.192521980138961268e+00 1.004679632412114287e+01 9.953813232143104983e+00 3.121101501751627261e+00
3.131096674264051316e+01 -3.255493625077483699e+01 -3.064922178561637622e+01 1.398518273793079025e+01 1.264555157771864913e+01 1.312302167542851983e+01 1.100446816180203413e+01 1.325499706082078433e+01 -9.189598825926514891e-01 1.659721727340331654e+01 -1.103243607414319527e+01 -2.005260294722130610e+01
2.875261689640634444e+01 -3.721668646428490490e+01 -2.935039106999568759e+01 2.597218099952316095e+01 1.862996617922126674e+01 3.854736163060200838e+00 1.590855656709420529e+00 1.069532590166396702e+01 -1.566858064712472043e+01 3.138282544888831183e+00 -2.716741976835495009e+00 -1.044898641258710015e+01
3.474441456228146308e+01 -4.066467901925304318e+01 -3.668863714358862183e+01 3.026915788329920076e+01 1.684337192400430894e+01 4.105805635189637037e+00 -1.610563007643253997e+00 1.975058325039328366e+01 -4.287746584142738016e+00 1.627957438536789425e+01 1.190839851992785370e+01 5.246166894171034656e+00
1.088113231563002081e+01 -5.082933328971759579e+01 -3.343236172976854448e+01 3.713167736388665219e+01 1.722318347479292200e+01 -8.789369334408847934e+00 -3.699604027391479200e+00 1.588788970547528301e+01 -1.444933462481227338e+01 7.930703447714724241e+00 -3.231470383603891161e+00 3.446333590260932667e+00
2.445949065534205857e+01 -4.853813358063517569e+01 -2.573779220040605509e+01 5.592344983458244201e+01 1.376853638014642733e+01 1.325677868687018535e-01 -1.297951933833973559e+00 1.474281139358394910e+01 -2.101068108471476847e+01 3.208569569064388283e+00 -9.360037715850719309e+00 -4.618731163437412413e+00
3.670469060676306583e+01 -4.480304874067813614e+01 -4.013399323978109123e+01 2.735263552347089444e+01 2.586378443534369964e+00 -6.404297726307708771e+00 -3.771271240327149776e+00 2.192603510403492351e+01 -4.383669783178410384e+00 1.018002252151578801e+01 -8.236835500206831640e+00 4.869758565416157481e+00
2.280787148296156630e+01 -4.452325271868349432e+01 -3.224203830314794317e+01 3.383752868757562737e+01 1.777669740891274230e+01 1.865984219910359121e+00 6.928688334113671132e+00 2.863544533667723613e+01 -2.048124330626545309e+00 6.999965893597888567e+00 -8.795242836077363791e+00 -3.150334281730724051e+00
1.384879204912470740e+01 -6.033678483729529773e+01 -4.299887163842357296e+01 2.672943124143941418e+01 -1.497727764630722369e+01 -2.378587026398326287e+01 -3.472188439306376750e+01 -2.707621369960050650e+00 -2.379173874548954970e+01 -1.198935292116349416e+01 -1.354107776341266245e+01 -7.735434111675902003e+00
3.306165698068454617e+01 -6.562103634943687780e+01 -5.454312806293670235e+01 4.503308034203835319e+01 -1.359410200601047336e+01 -2.037383849499964228e+01 -3.087554559712472724e+01 2.209889071580217035e+01 -9.352174491890091090e+00 1.279453785930763920e-01 -1.473194440854175014e+01 1.134133708935217921e+00
1.113343447992513404e+02 -1.722037028959958604e+01 -4.828791012518588843e+01 3.044712997220176476e+01 -2.322892237180245445e+01 -2.666847490964397593e+01 -4.483300993760136066e+01 1.565426635108577536e+01 -1.477953062934523221e+00 1.204070855423808695e+01 -1.517111968331110283e+01 -7.057479606787256721e+00
6.966750556570809749e+01 -5.005127923037273519e+01 -5.864572439042088092e+01 3.791180569394530409e+01 -2.084718885981046554e+01 -1.695680381885660282e+01 -3.211194201355396416e+01 2.050963225437978110e+01 -7.038425859930779183e+00 8.671220411355985647e+00 -1.428169048711578881e+01 -9.706857512727944837e+00
1.639132859774787789e+02 -4.274141187417026799e+01 -9.842974532744889871e+01 7.119023797118521202e+01 -2.640491399568526276e+01 3.716846034068179705e+00 -2.877568069528806660e+01 4.660146955490291987e+01 -6.784976817369182456e+00 3.918594571203635724e+01 -1.669638971258667226e+01 -1.430251424808154859e+01
6.505363038987232471e+01 -3.445210454871438799e+01 -5.172553394350083522e+01 1.767140617430835192e+01 -8.105439213726269188e+00 -9.377145741278264168e+00 -3.719783357217299624e+01 -4.485897970131516033e-01 -6.187824277510935111e+00 1.683970592331519001e+01 -7.487576063416046424e+00 -1.029572195195864026e+01
9.064410689436446944e+01 -4.901920236091081762e+01 -7.491600139479157860e+01 3.242579590776954745e+01 -1.719320729561773220e+01 -4.955112850847960715e+00 -2.538772028904098121e+01 3.036867992215230672e+01 4.007007239050551561e+00 2.571699083760018567e+01 -7.422072500809541395e+00 -8.458919287825306110e-01
7.000546495816857373e+01 -4.141131054731960148e+01 -6.572662362837596106e+01 2.215260323819439847e+01 -2.573453031991443485e+00 4.456004940502698020e-01 -2.909768095003084909e+01 1.865147300296484900e+01 3.326476869380704304e+00 2.070529135619967320e+01 -8.748481803088839825e+00 -6.378549354996973619e+00
1.103662600006253740e+02 -3.248053558149403841e+01 -8.416783604444395905e+01 1.808117744994052600e+01 -6.574707932302921165e+00 -2.296577120355253854e+00 -3.462382713490616482e+01 1.980226231996181951e+01 -1.434614145097648397e+00 3.931972753563655942e+01 7.078341087021343014e+00 4.535148855225770603e+00
1.287951933810872447e+02 -2.746885001692184503e+01 -8.966264876164922271e+01 3.428160348723901052e+01 -6.363549692875070107e+00 -8.174306773197532294e+00 -5.435919136408237051e+01 1.301411563498575852e+01 1.597275358683582613e+00 4.971912607714727272e+01 -1.245187754609504083e+01 3.575110119967528810e+00
1.133879731373785091e+02 -2.684545163933761813e+01 -6.371629657288624315e+01 3.110316071880028943e+01 -2.297919603004117128e+00 -3.861966934793719552e+00 -3.776560527244535592e+01 8.517776311544686507e+00 -1.031443463474558442e+01 1.772952069007253328e+01 -4.424657063524955802e+00 5.874413641505261907e+00
7.981019667108890303e+01 -4.337004769538187077e+01 -8.200610190887837803e+01 -1.136123332141259379e+00 -1.816723625757769867e+01 -1.280647045868854050e+01 -4.964196199642691454e+01 -1.109488846042775556e+01 -2.043023199340697715e+01 1.074225053766870808e+01 -1.239496463552439209e+01 -8.862844424284224587e+00
8.249481133083966711e+01 -3.813838619864232271e+01 -7.352991926397737643e+01 8.525993043678692374e+00 -1.184509466383484799e+01 -5.155257452835401821e+00 -4.494928741056790500e+01 -3.084117353169804066e+00 -3.337689663749715763e+00 3.045995013975686305e+01 4.353705892326697580e+00 1.031987564010005620e+01
1.131909005784240065e+02 -8.489609927295019176e+00 -4.058264863699312741e+01 1.872999542037802456e+01 -1.914574363293558434e+01 -1.173189650019692465e+01 -3.153343568051785084e+01 8.836455714450272225e+00 3.403770755135564929e+00 2.632718170750698761e+01 3.426124966522996029e+00 -6.417897545929884817e-01
1.443929640015491884e+02 -1.419108088781217347e+01 -7.576956594569611525e+01 3.169182428755307868e+01 -7.355809805407426794e+00 -1.084642247137631976e+01 -5.136447005327013926e+01 1.471630946747066027e+01 -7.768865211597857368e+00 2.499424247020300527e+01 -8.428420859806644572e+00 5.048536066916312848e+00
1.649459182346029991e+02 -2.134102350039898255e+01 -8.192750146038801518e+01 3.423101059883586572e+01 -3.031495889234077623e+01 -1.365370773042272390e+01 -4.949108954648275471e+01 7.053173911385437478e+00 -2.495929577447334680e+01 1.460391251768986187e+01 -1.456903232997630582e+01 -2.644887786626059611e+00
9.955782881952006846e+01 -4.846122870565323204e+00 -3.356368139773206849e+01 9.085734227144621755e+00 -4.356829284254152057e+00 6.695616886656738931e-01 -1.717446181260795157e+01 6.409014221284040858e+00 -8.651632089266769743e-02 1.851330845363507294e+01 6.002432327837816217e+00 6.277344336806146785e+00
9.238142003940748737e+01 -8.936551964538688608e+00 -4.350468944261700699e+01 -1.485700365639173270e+01 -1.956268174947786420e+01 -1.333377085647073557e+01 -2.613564439388240501e+01 -6.620247783282779963e+00 -1.515549863060358504e+01 -8.237010989202477873e+00 -2.404466663669177251e+01 -1.897440241679314354e+01
1.392428450201684882e+02 -2.301629861753722306e-01 -4.766039988104390801e+01 2.909537956858421381e+01 -3.516498300780050990e+00 2.737276292673202605e+00 -2.916873542686125376e+01 1.884508770296580593e+01 1.056873909133464196e+01 3.354639003740773262e+01 -6.648814629637387341e-01 5.456268716335497260e-01
1.496854022637202775e+02 8.951736018346785784e+00 -4.367091013925117693e+01 1.696367539066226016e+01 -1.087332081043827081e+01 -5.240129334752097634e+00 -2.977116947172587658e+01 9.725892857864154806e+00 -3.172242983054420762e+00 2.059849833393368002e+01 3.511550817467239849e+00 1.172413860593328394e+01
1.391220607702435359e+02 2.840579423035971018e+01 -1.625327564114445167e+01 4.514737127344483625e+00 -9.493470586146276702e+00 -1.228944662634343210e+00 -1.113386599080964245e+01 8.498870887588136469e+00 -3.502791732635712307e+00 4.845034045453893157e+00 -9.546381833498395864e+00 -2.759870779785886796e+00
1.527017181661713039e+02 1.303072954677841366e+01 -4.355886629286490574e+01 1.782931336081631102e+01 -1.704515027438156238e+01 -2.087529098185864029e+01 -4.919718407048019060e+01 -1.776733341036289771e+00 -1.140133932317345966e+01 1.284008809606739909e+01 -1.161038291436824288e+01 -6.588083183370665452e-01
1.337596754898310394e+02 1.974428777676143199e+01 -3.055600783979366852e+01 1.775989160996094052e+00 -1.438798162400440006e+01 -1.549436933178498421e+01 -4.405388998865454653e+01 -9.917146097146588346e+00 6.399603072921200564e-01 2.492341273913481814e+01 1.428909021818088654e+00 4.324063440028041994e-01
1.124684918910386529e+02 8.835544292932567600e+00 -2.927750243269578689e+01 5.639854887952039597e+00 -1.212456515866735174e+01 -1.662097778371441592e+01 -4.325082323753224500e+01 -1.120970436433008288e+01 -1.999782296204287269e+00 2.037947743442962789e+01 1.197810537563340549e+00 5.270111915656744195e+00
1.693140983379702220e+02 1.092367977486278718e+01 -6.349558695243811712e+01 4.654784058443564909e+00 -2.116483769935271653e+01 -6.836628694089371905e+00 -4.029296547100684478e+01 -1.149409824959550797e-01 -1.661719548295916837e+01 2.127049924238398759e+01 1.448525491285509670e+00 8.532197395137218976e+00
1.142473882118758723e+02 4.406178107111188069e+00 -3.748645245258234127e+01 -2.726313496989959617e+00 -1.998505240357138035e+01 -1.691806484845838554e+01 -3.665995460317458310e+01 -4.618549832326725557e+00 -1.713950484121683715e+00 1.996761274999671798e+01 4.233767605267311218e-01 -1.037269662116919733e+00
1.607867478702102915e+02 1.130597500197220207e+01 -5.574551179149294455e+01 1.234698157863092050e+01 -2.282125764851812377e+01 -1.629820302028036494e+01 -4.782596829489204993e+01 3.875083625695304956e+00 -7.762699407783160588e+00 2.303227161790456989e+01 -8.979043450156822814e-01 6.565540160539894643e+00
1.640881083611586178e+02 -1.072868823719613340e+00 -7.358480941775152928e+01 5.269519530531013629e+00 -3.090444995543975892e+01 -2.739569720367270378e+01 -5.954042030213740588e+01 1.207168036143355216e+00 -1.609908445727210946e+01 9.687026728168380174e+00 -1.360739147161803864e+01 -1.394169140713951371e+00
1.111111206305315022e+02 1.735365462928604163e+00 -3.613225788901155511e+01 -2.890941398125297379e+00 -2.431770265746495241e+01 -1.963522099308184110e+01 -3.001969084859000958e+01 1.200222449339909403e-01 -5.695735126441677565e+00 1.461137708965274484e+01 3.286854791612926263e+00 4.940464122158827465e+00
1.341568352051933175e+02 1.333074305971421758e+01 -3.797338092383709807e+01 -1.889821910447315290e+00 -1.353569823453514154e+01 -1.917560985898644210e+00 -2.190964932479606730e+01 3.742871310816967778e+00 -2.204535526616070662e+00 2.143167073674816692e+01 7.067133750916108070e+00 8.214453769898778290e+00
1.322896876281712366e+02 1.475804265750345223e+01 -2.964354762328100179e+01 9.961506417064118324e+00 -1.592261944545077412e+01 -2.820043837241186235e+00 -1.952540792449138252e+01 5.800637026115236239e+00 -4.394385042548331732e+00 2.370933007109392676e+01 8.234217456466222274e+00 1.009621872540768628e+00
1.476852551733919086e+02 1.236169122249195951e+01 -4.063433129132994992e+01 1.467413024530194576e+01 -2.100055784490314892e+01 -4.064166520681955497e+00 -2.235192380203967133e+01 9.749741997681407923e+00 -7.852960664456372974e+00 2.360568305307751302e+01 8.424664351838462295e-01 -1.457897508501040829e+00
1.918137325290674084e+02 -2.439121823586991145e+00 -6.393989102271608260e+01 4.820807414263006763e+01 -3.191198461374174400e+01 -2.731779926542843295e+00 -3.040453729911767056e+01 2.010882065510247330e+01 -1.942663364838273310e+01 2.324466548621722239e+01 3.947246414184655716e+00 1.250963039119387687e+01
2.112152635602743089e+02 6.461317415086151428e+00 -8.433437720528417003e+01 3.484155845027641618e+01 -1.831976814411359911e+01 -1.000698684641963254e+01 -3.512428113720415013e+01 3.154047309840792934e+01 -2.010564683345492654e+01 2.568570805337934004e+01 5.933644412079322805e+00 1.583300839232934365e+01
1.441687634978429742e+02 -7.702626574200396092e+00 -5.871735729925353553e+01 2.397903707416611851e+01 -2.169960795334802128e+01 -8.824607770879001833e+00 -2.065805697393267337e+01 2.971861505014550531e+01 -5.362620378888870221e+00 2.156240064234787113e+01 1.208206738393179869e+01 2.412474528245292404e+01
1.277174824898217764e+02 -1.511837080168270564e+00 -3.574500781473660282e+01 3.176156022323388584e+01 -1.992135523976114797e+01 -9.021058527136966987e+00 -2.668776131612764857e+01 1.498248710381355409e+01 -8.670400367205797210e-01 3.320672203322155269e+01 2.050344309464513870e+01 1.195622934463444587e+01
1.384710787512758543e+02 -3.060128597230905800e+00 -4.367136897458583178e+01 3.934012939936648934e+01 -1.461059238956933015e+01 -3.703573039354768337e-01 -2.374395386168332323e+01 1.386063330473136546e+01 -1.641890973879524296e+01 2.357727019869017226e+01 1.689302825778690931e+01 1.643588181190390785e+01
1.919193192366914786e+02 1.253614508241781067e+01 -7.083918148970093398e+01 2.659708450775815436e+01 -1.862262272020956999e+01 -8.423827793672895581e+00 -2.507392146114123221e+01 2.970549297992944204e+01 -1.563366684976960030e+01 3.234097335676106866e+01 1.587266250157887271e+01 1.868870259510112675e+01
1.761085824839955194e+02 -1.480413950751955099e+01 -7.537346260870953074e+01 4.733674453043053632e+01 -3.079961475427056428e+01 -7.284103706254273725e+00 -3.067404497722488799e+01 2.956077323174157812e+01 -1.197572427773576287e+01 3.727934734517827309e+01 1.553348281865509506e+01 2.187623779944471636e+01
1.535468051866634198e+02 1.056027751507872559e+01 -4.475689176724533525e+01 2.413015962639481060e+01 -9.809937230110826079e+00 -1.684760370521861006e+00 -2.278219320669212067e+01 1.591546378200114020e+01 -7.169285807690965129e+00 3.056771523076127650e+01 1.657298944490466042e+01 1.707327199904213444e+01
1.326686105842829875e+02 9.229001975584976591e+00 -3.213951807755925216e+01 1.811311580210090000e+01 -1.342708706663102269e+01 -4.055715949271665011e+00 -2.158480922536613278e+01 8.365849340742110840e+00 -4.387819581453256568e+00 2.451740854864425501e+01 1.304909633768882671e+01 1.491439453047395958e+01
1.869521933855774023e+02 1.272756765790732914e+01 -5.535635711560077965e+01 3.842105801477764260e+01 -1.267303671757774808e+01 -9.921864957307613864e+00 -3.385554281178504255e+01 1.842402351607942990e+01 -1.006779348337289015e+01 3.432679827816733820e+01 7.537080647247426768e+00 2.031579694414899251e+01
1.896527370069534300e+02 2.121211176913316621e+00 -6.102487628036506351e+01 5.490403665180433279e+01 -2.007395400389432183e+01 -3.800954048297918053e+00 -3.388597062720192099e+01 2.090562500690453973e+01 -1.871963592200489401e+01 2.859622985223589353e+01 8.216499749000636399e+00 1.416043974200481337e+01
1.525286226448289995e+02 8.959791807788306528e+00 -4.283434058813489997e+01 2.959750654884999932e+01 -7.485219131295305139e+00 4.170926472275853669e+00 -2.684306204004969487e+01 1.342666318459970221e+01 -6.850635735731438025e+00 1.990021556966888028e+01 2.721352966478058466e+00 6.688663045524468664e+00
1.185747185784634752e+02 1.602061028193659098e+01 -2.195442905998500294e+01 1.251311374583058011e+01 -2.163240418617058403e-01 -3.676771275507185521e+00 -2.921716900782271154e+01 -1.185253436231949564e+00 2.725452348839953132e+00 2.334025865686522749e+01 3.116787158060585483e+00 1.431331307341926262e+00
1.672174865892046114e+02 1.643531266122430878e+01 -4.808333362783321263e+01 3.053485559190083620e+01 -2.600794446614701272e+00 6.489084604337904238e+00 -3.442881980590254898e+01 3.808997826825217814e+00 -1.247480814048273245e+01 2.933148249125279960e+01 8.914506451483438454e+00 4.414150793584254551e+00
1.407159593386691370e+02 1.532304926163980952e+01 -3.988104430309864767e+01 2.032905319180309434e+01 1.896179093128034232e+00 2.107911766636778150e+00 -2.735093064399833906e+01 1.614647708133739457e+01 7.663003578852578102e+00 3.029379523408877262e+01 -5.038828665623055869e+00 -1.865682740537429218e+00
1.887903471769404291e+02 1.749686491719653958e+01 -5.315100602560526966e+01 4.603514455388031479e+01 -6.065034361607111180e+00 1.137210957102771935e+01 -1.321712560207297216e+01 2.428332905504288775e+01 -2.009757490449436190e+01 2.275340627038217178e+01 -1.175655653297669545e+01 -8.820900794416168367e+00
1.827576836878883739e+02 1.739808666397458836e+01 -4.294187332457781281e+01 3.913766205326365366e+01 -7.972907724976544763e+00 1.606585649784553027e+01 7.047424965233111571e+00 3.306320142858429278e+01 -2.053524199924296312e+01 1.196005809098475758e+01 -2.304408948381322819e+00 1.798592566551500127e-01
1.152258168571126475e+02 2.182332328814604949e+01 -7.826130616581585819e+00 1.331260010655661219e+01 1.770079322254411558e+00 7.659037469261711806e+00 2.788861645965186931e+00 1.663936076830830402e+01 3.036662381665530042e+00 9.845002584307176008e+00 -9.554804127339373565e+00 -1.214278821065498093e+01
1.639878796131725665e+02 -2.158556721660044531e+00 -5.830057886416039992e+01 3.798872887304821688e+01 -4.942128633597798526e+00 5.101601329292031473e-01 -1.562804858156875909e+01 2.484720540503324315e+01 -1.945831026444438550e+01 6.586203655027673243e+00 -2.531307454670420043e+01 -7.240661068242139287e+00
1.109969261771123286e+02 1.641069410339972734e+01 -1.315369894918950777e+01 1.509542816981356239e+01 4.010738747826557926e+00 1.615191598907072645e+00 -8.377528590717625789e+00 1.776853176808603507e+01 8.812387560363262651e+00 6.023267641670836170e+00 -1.913683266297015706e+01 -1.457617881748789479e+01
1.368832778741405605e+02 2.341426229749340138e+01 -2.436910614023087973e+01 9.396696413721919328e+00 1.251588458777203350e+01 2.651542153302218097e+01 2.022188962020136316e+00 1.141556462159003438e+01 -3.147053595644707435e+00 9.937522002688636391e+00 -8.725069762744244173e+00 -7.824397656622742225e+00
1.463835656650845181e+02 2.525619361341450286e+01 -2.469498600063420568e+01 1.696178982264624580e+01 3.939208708092715394e+00 2.344554480606087665e+01 -7.968056199305051379e-01 1.741315803943613005e+01 7.559067414028489695e-01 1.769651582025244352e+01 -1.429303907503606474e+00 -2.011123621549633533e+00
1.388734966329864733e+02 2.266155823142696235e+01 -1.194459470032814075e+01 3.311138483265046517e+01 1.095365175763481957e+01 1.742850897667234733e+01 1.433205713302921902e+00 1.626385334103945013e+01 -9.909413529780170649e+00 1.881079618387792696e+00 -1.371022262086433940e+01 -9.858973471420785728e+00
1.913111165744477375e+02 2.230154614887708320e+01 -4.026053010025729861e+01 4.114509242799604749e+01 -5.535708884689825027e+00 2.372332368392446256e+01 -1.524008508034056320e+01 1.548541865897565195e+01 -9.166260579308460166e+00 1.938760219596484902e+01 -1.591739014546092346e+00 -2.913597800305405272e+00
1.208135651096446850e+02 3.056838956491441905e+01 -3.121075154014476993e+00 5.582177272741738250e+00 4.391469121004856646e+00 1.388292329881102027e+01 4.824641626275482764e+00 1.082597259651663535e+01 3.442670320600649703e+00 6.323996107359423746e+00 -1.016386612123719502e+01 -8.764848936541259405e+00
1.046449946112545604e+02 1.850167744689417759e+01 -1.404546757001500801e+01 4.384184650543022643e-01 6.233347631815399303e+00 6.602168803475704451e+00 -1.445540703963451179e+01 -1.111328869633402938e+01 -1.254559665425006187e+01 1.871338466928590405e+00 -4.649927877492443962e+00 4.198508889018990331e-01
7.675405799649593064e+01 1.926046684260209751e-01 -1.707044851742429614e+01 3.974781496041605688e+00 1.022362637078665237e+01 1.368797538928723512e+01 -5.092888240926837007e+00 -2.668595497455937160e+00 -9.871481181703858354e-01 1.204789632056991877e+01 5.423248910492421970e-01 2.769706491149603877e-01
1.199402805189163104e+02 1.503574713221171777e+01 -2.332542570627907708e+01 2.464503389263441591e+01 7.039381899549701060e+00 1.868423807963420913e+01 -3.438845995451019100e+00 1.440675904873748436e+01 1.363292311970187631e+00 3.244099176129270745e+01 6.179865440965286894e+00 2.138622023916049164e-01
1.404453336091908113e+02 1.672047416857659030e+01 -2.455953755772388547e+01 3.730551054523706256e+01 6.201713732815902880e+00 1.920860035709099378e+01 3.146970639035843842e+00 2.816817310519225614e+01 -6.267123169026334040e-01 2.738094826867017417e+01 6.230031218869163112e+00 -1.402472833726935697e+01
1.351812394173706195e+02 1.431322595260106567e+01 -2.660281547699668181e+01 3.603355082065731096e+01 8.027218057913263038e+00 1.402641051176380671e+01 -2.517468924870005509e-01 3.050618297407673296e+01 7.516224063348445839e+00 3.746820183545329996e+01 7.431923985269588862e+00 1.291075047888783800e+00
1.589321213971566067e+02 2.269966772995769588e+01 -3.012289303434843646e+01 4.078681221106165822e+01 7.102936037749695508e+00 1.670014792337271814e+01 8.392672539727891845e+00 2.861904426884854757e+01 -8.007683461065976616e+00 3.438799407577825207e+01 2.904592784347073575e+00 -9.940664810407996654e+00
1.324259774619490315e+02 3.014948819801736235e+01 -5.911840381512295295e+00 1.347263163294740451e+01 2.719809558104450797e+00 1.591526725220160898e+01 1.161121591847147627e+01 2.422728537400375615e+01 4.518167324872599977e+00 9.034290761024742267e+00 7.680575647768058678e-01 -9.942177073330307202e-01
1.171020785038750205e+02 2.192767894469772472e+01 -1.011983034239053669e+00 3.072200071461432103e+01 3.267989661457193939e+00 3.623286525453212725e+00 -9.296719842452962013e+00 1.395650800447527651e+00 -1.032253429557220414e+01 1.653851719109828622e+01 4.737965785288608345e+00 -3.093583264927155074e+00
8.582430904247127046e+01 1.283717916022352412e+01 8.758926893599576768e-01 2.475905057388327535e+01 1.724144472538787554e+01 1.226570070371219501e+01 -5.711466305345595629e+00 4.314249890179266522e+00 3.172282179290659698e+00 1.049343682019842738e+01 -7.285530654922746763e+00 -9.095752084208321264e+00
1.393171168318659170e+02 2.865239834205087277e+01 -1.358787617960104299e+01 2.791559547118385609e+01 1.290010490839645740e+01 2.219821559285112755e+01 -9.738007232667231783e-01 2.003076594684802103e+01 2.806020183523145306e+00 1.665965899428107377e+01 -4.273922736881312190e+00 -1.166392216830264417e+01
1.489566640663928467e+02 2.594393320208775577e+01 -1.588507722381576315e+01 4.188591004520142747e+01 1.418450850449441525e+01 1.695126266210308330e+01 -3.196345377840935420e+00 1.977442752478235022e+01 -9.369180372092824172e+00 1.331461208595588630e+01 -7.735097563971960355e+00 -7.759419982016050987e+00
1.507303051983845421e+02 2.374312193563600459e+01 -2.566113718299180135e+01 3.931452713312286562e+01 1.448422844100095652e+01 2.342753975094039021e+01 -7.061122789328239335e+00 2.061631767947669047e+01 3.223217614668418829e+00 3.109959224582874882e+01 -2.669901104134265069e+00 -1.312108803543357993e+01
1.643731101988275896e+02 2.812163679044778775e+01 -2.683813968043382303e+01 3.739346076683389697e+01 1.498917888566299261e+01 2.475715085566311302e+01 -7.338765824980324481e+00 1.061021381846153844e+01 -9.343619368112424439e+00 2.533831485234838254e+01 -8.371778629031929597e+00 -6.259891604714646007e+00
9.025667232242045657e+01 1.238320955446936189e+01 -4.435468574473537373e+00 1.344134619845190848e+01 1.145960060239090517e+01 1.005114074143546432e+01 -4.754148079323172738e+00 -2.304028083663131721e+00 -1.204056944826897002e+01 -6.960000062621186423e+00 -1.095468884886328631e+01 -4.361526105953215549e+00
1.016608853914901260e+02 1.058514626245226253e+01 -1.427768745501637859e+01 2.865156704661145426e+01 1.791146008313540250e+01 1.418794947493133662e+01 -1.088011811210684243e+01 -1.333545111566209140e+00 -1.218546487587276062e+01 2.110461626806473134e+01 1.120540309338978702e+01 8.645911764757718387e+00
1.288578019320125350e+02 6.408169615651775786e+00 -2.170052146166713669e+01 5.238904617325168545e+01 1.140901036486369691e+01 1.866617927442239022e+01 -1.531416590166008174e+00 2.800015170320111224e+01 -1.624471715381213155e+00 2.995120827668514707e+01 2.211710484719695557e+01 -3.703528720833455523e-01
1.216392596409793185e+02 7.766743664854340423e+00 -1.937275319985094768e+01 3.932747978415464729e+01 1.561130163625259115e+01 1.884847549142194367e+01 3.816548387930029040e+00 2.472543727479975573e+01 7.679578455361017575e+00 2.484848964744389122e+01 -8.131741724791599069e+00 -8.250117715196893187e+00
7.889147221444956415e+01 -1.360541583055884907e+01 -1.341956906658758619e+01 5.703454003568556629e+01 3.036851176181438206e+01 1.828324011604097876e+01 -1.061145694897454561e+01 1.152093532534192200e+01 -4.425706560192184114e+00 1.465845156110759717e+01 9.501486285164634893e+00 1.351272349518485250e+01
1.139310540189012073e+02 8.069900319156213087e+00 -1.607636818739941376e+01 4.979061158967493839e+01 2.258157897079084364e+01 1.931504930505417406e+01 -1.676121550007994543e+01 4.625163064584757677e+00 -7.067850481073429947e+00 1.972802985229939310e+01 -1.054377128740362224e+01 -1.062593548331915727e+01
1.600680338554604702e+02 1.207259902721778033e+01 -2.433065367825586378e+01 5.841543333346508859e+01 -6.157002022309322697e+00 1.038015216218178272e-01 -3.118984657142422279e+01 8.676413228726334026e+00 -1.400551628883291855e+01 9.502795748412808052e+00 -1.386974489401344002e+01 -6.019833110060539560e+00
9.830061076284151511e+01 2.942478307408027405e+00 -1.807684279542308659e+01 2.320904543674732778e+01 -8.638347685322311786e-01 -4.972769187389345369e+00 -2.752558085715477176e+01 -1.104160628200598104e+01 -2.162905237185370666e+01 2.283914336863882788e+00 -4.972893593464322137e+00 -2.695066560947415368e+00
1.626777106266986266e+02 -2.524033934934220902e+00 -5.667794842530085475e+01 5.007917910158462860e+01 -6.019804281656449874e+00 -6.606565045092993138e+00 -5.156115462415976225e+01 -6.038909292326181344e+00 -2.650347880351121788e+01 3.076829551733678869e+01 1.092844445178988089e+01 2.416016007593152537e+01
1.218745442569556587e+02 1.460029480705795280e+01 -2.689728734743633964e+01 1.123336507509165649e+01 -6.694657594875907947e+00 -9.178515013832868163e+00 -3.681298422891060795e+01 -1.650065952468483843e+01 -2.209722145662063753e+01 1.343077751914731266e+01 9.174818052140819802e+00 1.020958528834862733e+01
1.263727426166879582e+02 3.805269768967626476e+00 -4.311602624268750361e+01 1.189293326816158824e+01 2.990891593678335347e+00 -2.485843456398450613e+00 -3.201136319632281868e+01 1.466569132780790596e-01 -1.361401027301037203e+01 7.314460724037501471e-01 -9.806079281870449194e+00 8.066346701626422089e+00
1.424003718270135437e+02 -2.624604575665311756e+01 -7.202710132466437187e+01 6.489267705317558921e+01 -3.291663032060567318e+00 -2.048300018376668774e+01 -4.794381673751916395e+01 1.800972349179895104e+01 -3.453139119349498287e+01 1.564067791376898775e+00 -2.056319622763965782e+01 2.052918850714378962e+00
8.083866309209264500e+01 -1.945672596442629043e+01 -2.275665867324763880e+01 5.246770184922648639e+01 6.275598254534706655e+00 -9.790296672707393455e+00 -3.573792375513420438e+01 5.396687926255238743e+00 -1.049806649501750044e+01 3.694258102969977919e+00 -6.256964489357445203e+00 2.257549578529873369e+00
1.408143180209147260e+02 -2.752316132932237380e+01 -5.942762626033298545e+01 6.878895277086439819e+01 -1.037634411229820586e+01 -3.711333885963643109e+00 -5.431422924088144555e+01 9.284800408343496514e+00 -1.528317953006066432e+01 1.114414323274624685e+01 -7.575715392692580430e+00 9.601408490631026638e+00
1.666451230917618886e+02 -1.472747888576182085e+01 -6.711215480819220147e+01 7.374165089647186733e+01 5.808557155032084696e-01 -1.671829252033953850e+01 -3.934469751048387565e+01 2.753396300981371070e+01 -2.737424884669713165e+01 1.938938677706110880e+01 3.401085816256777417e+00 2.204775515859662960e+01
1.400736380401547194e+02 -2.161165882339491517e+01 -5.842330982321929866e+01 4.446686511642467110e+01 -2.090905436326938371e+01 -1.174547164385007747e+01 -4.328354523050935398e+01 -8.095510812568114112e-01 -2.452298435443321978e+01 1.212639416522991098e+01 -1.048080283539520252e+01 8.464389905142040149e+00
1.237175996838068670e+02 -1.469760682454487721e+01 -4.382697785369938259e+01 4.179751252120591687e+01 -7.899167952951143157e+00 -9.934481583682305939e+00 -4.311710282199410216e+01 -6.431090166827909016e+00 -2.872314049117921542e+01 2.296805565209935729e+00 -6.753494185161372787e-01 1.715929576200968754e+01
1.400827944550816255e+02 -5.770994451083074628e-01 -3.858887697140478679e+01 4.114827883710773904e+01 -1.807931755634764670e+01 -1.450129226323736376e+01 -3.940115107305649644e+01 -2.745134314719116730e+00 -2.782203046881479125e+01 1.608479501843383019e+01 9.669541321439741210e+00 1.274079270316011936e+01
1.411088624536317297e+02 2.240337178477460167e+00 -4.435840251737846529e+01 3.102343996701414497e+01 -1.728679664106902214e+00 -1.012917922163567397e+01 -4.814246471876964506e+01 -5.941858560053582927e+00 -1.869402515047451274e+01 1.600429667508501197e+01 8.552609485797177058e+00 1.997860583983333882e+01
9.782138833690845559e+01 1.219085973136742052e-01 -2.455666691095927234e+01 1.215844169813647468e+01 -8.907469766403808720e+00 -1.862237815404732544e+01 -3.942290888163211093e+01 -1.261251303670319146e+01 -1.345013035054146755e+01 4.061788489999608842e+00 -3.772807585069005931e+00 1.654902755385890822e+00
8.924116395458793249e+01 2.364899995989366843e+00 -1.339543904127849672e+01 2.315012712722390731e+01 4.092580704217234633e+00 -1.844364972136675718e+00 -2.419703035363902188e+01 -4.048422251579173015e+00 -4.922516247991917560e+00 9.715050258354011703e+00 -1.518616761312811647e+00 8.569122343943211817e-01
6.991378397244669429e+01 -5.453371115098083699e+00 -1.515158760015877881e+01 4.380316345057695848e+00 -1.144958323317833049e+01 -1.526881963131038056e+01 -1.922798663954957377e+01 -8.113990292045434316e-01 -2.975202594052825944e+00 4.171011036898602420e+00 -3.083599098698525776e+00 -4.237648534559667723e+00
1.308646799166855033e+02 -1.495915196841247763e+01 -5.176457555971117586e+01 5.892097852366813981e+01 6.103885118072920335e+00 -3.693362558119519967e+00 -4.685701600982297776e+01 -6.159736832681265151e-01 -2.778585662784894339e+01 1.337321327786802883e+01 -6.903208221135111344e+00 1.590242194642217299e+01
1.067084098498643812e+02 -1.058551389664876297e+01 -3.659909133291635186e+01 3.161192398073530185e+01 -3.772572306714660151e+00 -7.212657516231253396e+00 -4.129272009349901396e+01 -8.900657377987149843e+00 -1.553929351255771607e+01 1.388760375562765503e+01 4.156058955647061737e-01 7.540407019042508985e+00
9.461963699009558582e+01 -2.747129904322523686e+00 -1.598715444340867542e+01 3.814424201367209832e+01 5.617397510443625563e+00 -6.411872797658928036e+00 -2.757509479924873119e+01 -2.403756799941803912e+00 -1.667624822411439922e+01 5.682731375472373614e+00 3.776908763367234023e+00 1.203619336390270433e+01
6.560219861654103113e+01 -9.688446893680445982e+00 -1.750830353061245148e+01 1.026324222854377766e+01 -1.796663657476370579e+00 -1.040941191812814637e+01 -3.039146151154111664e+01 -1.701051848672418032e+01 -1.032199485712602005e+01 8.468880377386657443e+00 3.460434650646716292e+00 5.170015651263506484e+00
1.474059576055227581e+02 -9.017657527596867340e+00 -6.613482933369846251e+01 2.951515184303460870e+01 -2.150057032734103757e+01 -2.295946573747202279e+01 -6.363628088630532886e+01 -1.731778003139220345e+01 -4.173687535904852552e+01 5.189796808573682085e+00 -1.181405936645258592e+01 -1.336498874201284437e+00
1.879764569423647345e+02 1.745051866455283829e+01 -4.648549290535271439e+01 4.578126151244607911e+01 -1.935742201902289139e+01 -7.959637897383442073e+00 -4.585229323506064247e+01 -8.820543083462457190e+00 -3.134926787410854487e+01 2.162245637345452565e+01 -2.166564147723913258e+00 9.192395776748099934e+00
1.446067968312499943e+02 7.045703428555704306e+00 -4.091688611143207766e+01 3.539489943326125854e+01 -3.208528912206305428e+00 -1.347134419156599705e+00 -5.446912573112798128e+01 -2.207625650110211879e+01 -2.528947396671483006e+01 1.107575712847858007e+01 -9.759759287801166749e+00 1.297431274472653229e+01
1.570171744295985548e+02 2.588734528374228461e+01 -1.502882490266997095e+01 4.297864693155146654e+01 -8.576517002592945360e+00 -9.569454179666356808e+00 -4.287527225150518007e+01 -2.016077835255973127e+01 -3.773032957594825376e+01 9.033808207239040655e+00 1.281595545713221895e+01 1.839362585741345413e+01
1.576941948003435812e+02 2.807058034109991240e+01 -2.062983681732904273e+01 3.341040494632173363e+01 -4.171669950699230967e+00 -1.356452268955052887e+01 -4.732800067527706744e+01 -1.669469061463698978e+01 -2.755364645122536160e+01 2.849049315913721792e+00 -1.417978371690659145e+01 5.974292020975180861e+00
1.913327492193864714e+02 3.483321452395522044e+01 -2.769584111977210128e+01 3.962675618763795171e+01 -1.311029769174888315e+01 5.452159178008910700e+00 -2.217028510454441204e+01 1.184552704230487086e+00 -3.224767698879766442e+01 1.469692018099505226e+01 1.463066879204178328e+01 9.285816421452823377e+00
1.059985885362051476e+02 6.076340064545525443e+00 -1.646855312752640543e+01 2.770726368152236319e+01 7.351691597193179550e-01 1.645926478952774552e+00 -2.917553581180913014e+01 -1.850701213266594536e+01 -3.246471448480695443e+01 7.617408468378980002e-01 1.094821494614831536e+01 1.129935162718613206e+01
7.315583292742645938e+01 -2.378652107157415152e+00 -1.033562052029200018e+01 2.774869799812977789e+01 4.777809357677364588e+00 -9.951364350541181736e+00 -3.460456917675673338e+01 -1.704840607997512691e+01 -1.617082779980082563e+01 1.007135760331445873e+01 1.814683138044540733e+00 7.160631639140451199e+00
1.134120438688953243e+02 1.403704002035509291e+01 -8.659436701147898319e+00 3.977580348330196358e+01 1.036807219777015199e+01 -4.801194804993002663e+00 -4.233819887770196289e+01 -1.950100214103932927e+01 -2.294506009426578785e+01 6.399951225090950935e+00 6.250016235201440118e+00 1.331321276583082280e+01
1.502305629931036606e+02 1.290973540215961890e+01 -3.462535888303496989e+01 4.386441725977864081e+01 4.052822378676264492e+00 -3.178195780977440266e-01 -2.868095157568676257e+01 -7.247332899730531963e+00 -3.636179785123137265e+01 1.723696068779259960e+01 -3.611542591710224404e+00 -5.387782614584370577e+00
1.235056646688006197e+02 1.811764843002607250e+01 3.169749394586519387e+00 5.522948104669853109e+01 1.094828806948953748e+01 6.374513264713298710e+00 -2.446335719090709304e+01 -1.618756006300193562e+01 -3.014192123044629312e+01 1.735943697254711093e+00 -7.783371155931122942e+00 -1.383462718876817021e+01
1.170750838305166184e+02 9.143742869323252975e+00 -1.124937761008093950e+01 6.348928699358286565e+01 1.559114187298071208e+01 -8.684711601531592606e+00 -4.976609324369300680e+01 -3.489556073115402057e+01 -5.576239857008066281e+01 -7.269374296394982338e+00 -2.273376752855974559e+01 -2.479258736685092401e+01
1.440087395009674651e+02 2.819168660691623884e+01 -8.458537126299564335e+00 3.551053605084342024e+01 7.936938991535706478e+00 7.179091855758371388e+00 -2.373826561460230167e+01 -1.659541120593206998e+01 -3.980007713022835247e+01 -1.314885535970745778e+01 -1.822554871825440159e+01 -1.317610279109303839e+01
9.813352539524919393e+01 2.672323709827960414e+01 1.506365646004778469e+01 2.326315238538538921e+01 3.357026659029331395e+00 -3.397620333299401274e+00 -2.091786045957457674e+01 -1.853882212265287066e+01 -2.255368771636613445e+01 -1.572734191241546142e+01 -1.984283566112776498e+01 -2.267794369612298766e+01
1.543718717011044816e+02 3.751048859417161196e+01 9.339805469057719023e+00 5.915007699347500392e+01 1.010280901177972979e+01 3.507822623298767262e+00 -2.755031773709302456e+01 -1.508461264470748198e+01 -3.222971910598316470e+01 -3.176323486930241025e+00 -1.589770995555781496e+01 -8.395992909248366942e+00
9.802967178866694553e+01 3.155770589773972645e+01 1.465932213118946947e+01 7.225651315096816241e+00 -2.352283792783603500e-02 -3.813896350427202542e+00 -1.008971980179811823e+01 -1.040973662807232181e+01 -1.063695881191597437e+01 -5.794632567533939849e+00 -8.215347650834303295e+00 -6.881565519781411844e+00
1.454407561643456575e+02 3.923853738740889696e+01 7.381888403643250385e+00 3.921486241405331441e+01 9.415659961459992289e+00 -9.826668372713243116e-02 -8.999801591621167773e+00 8.092042459598758342e+00 -1.799066081475026735e+01 -1.087042506001366871e+00 -2.514948858766759887e+00 -1.030836994982155197e+00
8.896957432514014386e+01 2.083073118437016547e+01 1.244685473831585121e+01 1.897872317357678540e+01 8.615502134929791112e+00 7.594072136734681067e+00 -1.648553482112320001e+00 -3.335132719151686409e+00 -6.810766916443776964e+00 3.884886962364326735e+00 3.970432313988622397e+00 -3.258038087970954066e+00
8.553466490780468234e+01 9.862000991941606287e+00 -3.769674976612705120e+00 8.816545535597434480e+00 1.765198363141050830e+00 2.946188837275676153e-01 -7.092110724982990888e+00 -5.625694476517999476e-01 -6.248487123585349856e+00 -4.005858598846507856e-01 -5.725938955480398107e+00 -1.045295260327377562e+01
1.159151108720015486e+02 1.073070258969548618e+01 -4.581793964177228062e+00 5.284695710972668792e+01 2.052886360773335639e+01 1.375705767653997036e+01 -1.759048316836417936e+00 8.544285572383650162e+00 -1.880839372188361835e+01 6.092673313485446940e+00 -9.700896546883704730e+00 -1.151502475094452294e+01
1.170490785310061170e+02 9.393449025608545000e+00 -2.842694824085992167e+00 6.505811967806634755e+01 1.709434213637088362e+01 6.689333126315933242e+00 -1.954809576836467500e+01 -2.981010454165996748e+00 -2.715457510488273130e+01 6.931112334699414568e+00 2.146116789558871751e+00 -8.835962055339511068e+00
1.164917264016600313e+02 1.736423843793863853e+01 7.508876250307958244e+00 6.927155796882995276e+01 2.198561473825500912e+01 1.208222837806765781e+01 -3.725294875743821343e+00 6.434076951193866023e+00 -2.840087719621131868e+01 -5.157845753635807107e+00 -8.397184093749441303e+00 -1.127105183311005554e+01
1.065673436870414434e+02 2.029468616532952296e+01 1.054328074747305877e+01 4.559148671668060615e+01 1.040149200524684048e+01 -2.527237800582918137e+00 -9.661184043590758108e+00 3.892138333943868211e+00 -1.286479702610806974e+01 5.965698799114021789e+00 -4.980506347091343322e+00 -1.194251096354966890e+01
8.812868163328647597e+01 1.398720572799834372e+01 1.452856199570013729e+01 4.321355846383055876e+01 1.448884719563375967e+01 1.243720698870754049e+01 3.775091885422041660e-01 1.669986795066173313e+00 -1.525920584179597839e+01 -5.758438601031429016e+00 -7.266570973722909166e+00 -8.668575926458684577e+00
8.241909805236525699e+01 5.088822896371955729e+00 5.205590008674411351e+00 5.522720374703726520e+01 2.319956650497288564e+01 1.955209290714107206e+00 -6.790467145742015376e+00 3.643027704837779268e+00 -2.539810190079019847e+01 -1.461487939260384294e+01 -3.200840080018971179e+01 -3.357608207742390505e+01
1.012512094168669421e+02 1.428305920615244951e+01 1.255326459275488027e+00 3.540112497145258885e+01 -1.523283649142573637e+00 -1.127258278100945788e+01 -2.238160166147820718e+01 -1.592234369766865498e+01 -3.515910457232739361e+01 -1.231070255622173626e+01 -2.077709127033179826e+01 -2.352147293687392704e+01
7.575156206311595497e+01 4.585378629155377972e+00 -5.185376981533505791e+00 5.116852593645841552e+00 -1.200585826516669563e+01 -2.361760489744695235e+01 -3.666901940274868821e+01 -2.826827765684594596e+01 -2.950496981937634544e+01 -2.586322708196667008e+01 -3.203224650445257993e+01 -2.830323635409325789e+01
9.426585868946750679e+01 1.437808878925856071e+01 1.969436256394470774e+01 5.915886192020389700e+01 1.460653887976906340e+01 7.146781259569426226e+00 -5.065742148720005389e+00 4.540079797594341215e+00 -1.632294608949922932e+01 -3.681001850205882775e+00 -5.904705865592132952e+00 -1.530471837443629468e+01
7.174640074197589001e+01 -6.562158907042907607e-01 8.317778772079490679e+00 5.549599070937266276e+01 9.290309408151745885e+00 -6.458155101781594354e+00 -6.538045098319818393e+00 6.750524130859743011e+00 -1.967117300749347564e+01 -3.147307693744019197e-01 -6.530324312146476018e+00 -1.376740996957774499e+01
1.224303029168759309e+02 2.480779054213878254e+01 9.682741575788295307e+00 5.807078632181406874e+01 1.643352119733544114e+01 -3.006336701280377666e-01 -9.465056919399431834e+00 7.923702610354403930e+00 -1.700168152405334610e+01 3.449178663759435715e+00 -8.258670656693874790e+00 -1.265399880363768048e+01
9.084653890957771694e+01 -2.061621894265233679e-01 -1.204208923045730373e+01 3.757762489263021877e+01 6.274482814404462871e+00 -2.980335283757338694e+00 -2.889793327726070782e+00 8.889907351012967140e+00 -2.450933457776952906e+01 -9.763771494319779531e-01 -6.536996311582345953e+00 -2.168766523109076161e+01
1.052081718586559873e+02 1.933839674720896440e+01 1.061475303215118515e+01 4.010710686252850365e+01 9.385505076816693659e+00 3.197923124071815337e+00 -7.221532951986896265e+00 4.172445517210787713e+00 -1.168535226781399672e+01 -6.415733942483202057e+00 -1.590483326740822001e+01 -1.250247914783053993e+01
8.927177787931498187e+01 2.829852090440005696e+01 2.262097362764787434e+01 2.440234329581899431e+01 8.446195385565145486e+00 -1.410306093390945925e+00 -5.313754449689223947e+00 -3.342903737365439554e+00 -9.401456095221508491e+00 -2.491023511151662539e+00 -6.013652713133875949e+00 -1.665799687178025579e+01
8.546199395245091068e+01 1.388347807460084127e+01 2.682800505772919841e+00 1.062507155592999730e+01 -8.647231535190581297e+00 -1.841686294117666378e+01 -1.617501766411423603e+01 -9.228872675375653145e+00 -2.137264954457281618e+01 -1.480981879326050610e+01 -1.983665346704474786e+01 -1.889145358778949557e+01
9.644315653259822341e+01 2.412950238827345828e+01 1.592571925040152081e+01 2.639298801807192518e+01 5.310660737784879792e+00 -2.478850229009600170e+00 -8.347665704039503254e+00 -6.660865834753442627e+00 -2.013265141652811963e+01 -1.025699900313813728e+01 -7.117693440923177128e+00 -1.180592097361601844e+01
9.081048387916683851e+01 1.394178175106370432e+01 3.142876567811932809e+00 3.298946647922751652e+01 1.244986814736051350e+01 2.940100304330851788e+00 -4.475103236613750535e-01 -6.865661947431125789e+00 -2.705330145431785382e+01 4.070595111160875135e+00 -9.327445614774488192e+00 -9.269745703282920246e+00
9.135885554833672018e+01 2.347152429520082961e+01 1.953348192738497602e+01 3.437773586498459366e+01 1.490475065093380991e+01 4.059385581630872153e-01 -8.367418750871169486e-02 5.241323515272705791e+00 -8.560163481674715413e+00 -1.365357913343573149e+00 -6.516819232637022452e+00 -2.762784515270091390e+00
9.906550879604814952e+01 3.097319588834219672e+01 1.770981672364347759e+01 1.908752178399874566e+01 7.669752781471141034e+00 2.057832089708774070e+00 -3.167628030283169860e+00 5.793254323864390543e+00 -3.734357216737825169e+00 -1.307004404051890845e+01 -9.115339324333669779e+00 5.490364177613427099e-01
8.343524066228403058e+01 2.273453726291826626e+01 1.995252627571404958e+01 2.014241936057135973e+01 -3.696092095834145663e+00 -6.467802010723592510e+00 8.269451336595972091e-01 -1.482780029142259703e+00 -1.923978277377204193e+01 -1.467555761498786282e+01 -1.059987770816887931e+01 -1.142683005700284404e+01
1.020047790595750854e+02 2.257793979201763079e+01 1.432622709424612495e+01 3.799916096168804813e+01 8.077948105368417231e+00 2.127528023439779314e+00 9.313374537046605894e-01 2.493712860853797508e+00 -1.658544573479469619e+01 -1.688889012436679549e+00 -8.141865331719642995e+00 -1.280739280754182019e+01
9.069624426504677217e+01 8.961292847068420997e+00 8.879407190685867590e+00 5.762236317638719640e+01 2.855115545203580751e+01 1.472289112446621928e+01 2.343179522722151464e+00 1.208363812245475444e+01 -1.596106039532824994e+01 -9.902298742842252643e-02 -9.788417397060633629e-02 -5.585610549000570302e+00
8.267540664937618544e+01 2.095146934180447396e+00 4.818208251971991096e+00 5.109907349283081146e+01 1.152459042330503181e+01 8.562880565755515150e-02 4.257059585026168769e+00 1.589345757507232193e+01 -1.139677215775594021e+01 9.556544584488953831e+00 -5.329239172248874112e-01 -4.858589665682026215e+00
8.162015312326954586e+01 1.628414900258245757e+00 4.385932950266957064e+00 4.597631117036752357e+01 1.418435439786115282e+01 8.444050845224847279e+00 5.250023634377980919e+00 6.743163990143482778e+00 -1.161061161365440952e+01 1.326570392052830982e+01 3.738766254972325953e+00 5.874764809105019303e+00
8.891088728980892597e+01 -2.288457553478431272e+00 -2.485685836107076607e+00 5.324995429804738478e+01 1.756792130011589848e+01 1.778809398367730310e+01 7.201142182829518568e+00 8.967295000969430774e+00 -1.413950871857626623e+01 8.265782996356104917e+00 -8.613135073287534027e+00 -9.036069844104458681e+00
7.719936640273981254e+01 -2.611835142317916247e+00 1.444431495479126193e+00 4.970074327092883237e+01 1.434127868365617253e+01 2.604017635889434246e+00 -8.124956140258547066e+00 -7.346592884750485553e+00 -2.236481963621005775e+01 8.732339456595763494e+00 -3.754841611651706490e+00 2.839431685227787661e+00
6.717661540283482680e+01 -1.064439522738428501e+01 -9.287470158339063531e+00 5.109087138362111347e+01 2.090542523430208632e+01 9.235454863408483206e+00 1.610981819466048393e+01 1.674944432912930736e+01 -1.845579328026036947e+01 1.798181070705981455e+01 -2.446131490943743714e+00 -1.947961691540697760e-01
7.951136560506209605e+01 5.089970857360126111e+00 2.879380840782971518e+00 4.266194088739843693e+01 8.236168846555006695e+00 -2.054130876206461398e+00 1.328253845037227343e+01 1.339480584146754438e+01 -3.114937400612526375e+01 -8.266768159524168880e+00 -9.477141773039264194e+00 -1.635335567967050707e+01
5.195479417302482261e+01 -2.992321068077290747e+01 -2.086431440762362399e+01 5.043034435961489947e+01 5.532530318544073289e+00 -3.148034105795150417e+00 -5.290544815267922196e+00 9.550779712494243512e+00 -3.493031142217918728e+01 -2.284259956072155617e+01 -3.319958527554709349e+01 -2.187396586518486430e+01
8.103756550337853071e+01 -2.478800383323635259e+01 -3.979217882276824980e+01 2.934497483820012320e+01 -4.288191023545356195e+00 -8.805878104969760756e+00 -2.452200113996007502e+01 -2.987281905455438036e+00 -3.012655888150122507e+01 -6.233185132377835558e+00 -1.903065287099526515e+01 -1.295899144633839306e+01
9.299905962535916615e+01 -1.773619643709426441e+01 -2.983812677877040898e+01 5.180284703217664344e+01 1.178162306292929173e+01 3.804896221197675565e-01 -7.619898539916555968e+00 2.097040247477541897e+01 -1.285440246807819165e+01 1.068659028307168413e+01 -1.248618191303074099e+01 -9.358374104230980706e+00
6.538557378082946059e+01 -1.855680148913837968e+01 -1.545068516494214883e+01 4.471666564526007903e+01 8.164414514085309715e-01 -1.415729255546667176e+01 -9.434284294767985912e+00 1.677955943376127479e+01 -6.914886201233224838e+00 1.460855541814161818e+01 6.698685520954312800e-01 -4.627832810589238122e+00
6.464454618131085795e+01 -2.295189005071223676e+01 -1.349665745570707998e+01 4.808434442494508687e+01 -9.167271556408335798e+00 -1.111033345702785091e+01 -7.220535240639245345e+00 1.711305422588126390e+01 1.143117244765530227e+00 2.878648249083419230e+01 7.401531695121066790e+00 2.036331036250783377e+00
7.033234605334016010e+01 -1.396503918990722681e+01 -1.459131809892205567e+01 4.403914806352895539e+01 6.230657087540380168e+00 -6.980191389088167497e+00 -1.459466357586366314e+01 1.014201077648537108e+01 -9.172861296081647353e+00 7.587188924091671005e+00 -8.675336312080103696e+00 -1.103249820697314121e+01
