-7.744076544555511532e+01 1.350924201656375203e+02 -5.681257948442996053e+01 3.062122810609611889e+01 -4.778828040781745301e+01 -6.522219359165731589e+01 -4.103484801124822923e+01 -9.264567651611219645e+00 -2.228731812158732595e+01 -2.861149901446425048e+01 -2.830113891379341595e+01 -1.190376483073274017e+01
-8.782197312596875349e+01 1.400978246023581164e+02 -3.520409980065163325e+01 3.216749330118603467e+01 -3.169177953562403260e+01 -5.957686213155885468e+01 -3.245672847116328796e+01 -3.050428097834130270e+00 -3.182733692348629972e+01 -2.799881671430576091e+01 -1.934371355982906948e+01 -1.864176914995347545e+01
-9.705412141521742342e+01 1.264842631156527801e+02 -2.773288339439290695e+01 1.899697250973882490e+01 -5.048403464344148261e+01 -5.485760389014171068e+01 -2.417635451279682712e+01 -4.385631985029460722e+00 -5.567788106645748769e+01 -2.310036848232534723e+01 -1.470825975018201603e+01 -3.475285794861441957e+01
-1.027359658693067672e+02 1.075261952416029914e+02 -3.097432353606784972e+01 4.465081247855044921e+01 -4.280984741566113883e+01 -4.446148523847035960e+01 -2.594674267792593980e+01 -8.902580235736630598e+00 -3.527956395316314797e+01 -1.981389962899805113e+01 -9.977235537608846627e+00 -2.473172030439763347e+01
-1.382570989292290164e+02 9.456314169112630452e+01 -4.816852986559834449e+01 4.981240520015361994e+01 -3.948307052602365275e+01 -4.875917236606068172e+01 -2.999470219176595265e+01 -6.292629146647707117e+00 -1.725414639875853950e+01 -2.133060953652130110e+01 -1.156055076335415066e+01 -8.123970262715197066e+00
-1.707332729654053765e+02 6.519671683242640370e+01 -5.939964684486119495e+01 2.382456413031941977e+01 -5.880805445229701434e+01 -4.440898095662247869e+01 -1.520607330621824715e+01 1.208213454123356456e+01 2.490406900311854521e+00 -2.873038276441593553e+01 -2.162088330077219922e+01 -6.726034750214548552e+00
-1.368939482277336310e+02 5.021788271222931144e+01 -2.037182766185499361e+01 1.687451742651155584e+01 -4.865696974740609448e+01 -3.776533164372236229e+01 -1.935477436139665741e+01 1.712861705298379889e+01 2.394045456509536152e+00 -2.136684675422393198e+01 -9.021970795602218374e+00 -7.501862698672974616e+00
-2.079906105395566129e+01 5.071010028386562851e+01 -3.379489497781576546e+01 -9.609841263000799216e+00 -5.113115346677032846e+01 -4.211362351200375542e+01 -3.765565711313566055e+01 9.818307558708262661e+00 -8.079677551845904304e+00 -1.769174482241002622e+01 -9.111056089858490026e+00 -1.845741271288805052e+01
3.262759126790064812e+01 3.323761317140041882e+01 -8.870378824332671286e+01 1.642523417295997934e+00 -4.824903321838025505e+01 -5.361913252858589374e+01 -3.387970919446875229e+01 7.020156849504461505e+00 4.831595976840490358e+00 -1.902681093723601435e+01 -1.490484513807888689e+01 -2.409087898867656818e+01
3.198366012928688917e+01 1.339719208684722496e+01 -1.102346879658452110e+02 5.864623049853793235e-01 -4.338644944399673875e+01 -5.049033215261597007e+01 -6.743227041240722031e+00 -6.700430393175490273e+00 3.741886218182197688e-01 -2.404440887220052048e+01 -1.893539761393333265e+01 -2.307981089352356108e+01
3.124080049177844742e+01 1.242267994229263728e+01 -1.134866186680735893e+02 9.184496190640459190e+00 -3.804267091975027171e+01 -6.009508813593686227e+01 4.911269226368917273e+00 -7.641163452481362306e+00 -4.003471755972702439e+00 -2.382917096096984721e+01 -2.220809526130168976e+01 -1.507713564750637225e+01
2.119429482372057194e+01 -9.986371774048401484e-01 -1.131467402116797700e+02 1.308322408344833399e+01 -2.637929285726070816e+01 -5.238565826810503268e+01 -9.073051734209369723e-01 -1.854022937267848903e+01 -6.222787143123319709e+00 -2.191415215100546021e+01 -2.062601312657901786e+01 -8.447267878270020347e+00
7.395356097113404914e+00 -1.651404626431334322e+01 -1.140014532380276648e+02 7.622398240271129666e+00 -2.762664674709822421e+01 -4.304309663223960314e+01 3.493766570959483175e+00 -2.024930348714694972e+01 -4.031168438447496172e+00 -3.063788970242836029e+01 -2.921644654890718940e+01 -9.693123882890990473e+00
-1.535499819964909030e+00 -2.835252571759460238e+01 -1.224964791416157937e+02 -9.520621883109996020e+00 -2.612259237782551935e+01 -5.119299429951109914e+01 8.341147787358655918e-01 -1.876024731323815686e+01 -3.346741518954842398e+00 -3.038923200559850812e+01 -2.884165459346842653e+01 -1.211479279345133619e+01
4.074030489859884696e+00 -2.385835598514419331e+01 -1.218205950651570362e+02 -6.031660694202360951e+00 -2.837610781542283434e+01 -5.504762544763443088e+01 -1.226345230766373717e+01 -2.282959885262838284e+01 -9.362176091539149425e+00 -4.199546700488172490e+01 -2.662942418758883889e+01 -1.372889815433275906e+01
1.425259607586759536e+01 -1.217949818857963251e+01 -1.197774438019441021e+02 -2.480636199895946081e+00 -2.423516074093886985e+01 -5.117538632235287821e+01 -4.409277701954981588e+00 -2.189963623647359725e+01 -7.352660721838262248e+00 -3.396482022271155188e+01 -2.678848876318384953e+01 -9.142944681107861626e+00
2.348125079695653383e+01 -5.640467969737057885e+00 -1.251457943042576630e+02 2.754996513837936867e+00 -1.926332723857997209e+01 -4.730001053916794262e+01 9.942451971346599748e-02 -1.431242338045975160e+01 -7.386931721308149790e+00 -2.439083033622717522e+01 -2.433769141057474883e+01 -3.307980772238055422e+00
2.587564351250018291e+01 -1.676608145197613453e+01 -1.409126486329803924e+02 1.349324598510579065e+00 -2.955010241125890502e+01 -6.278275121552867688e+01 7.635006930545862325e+00 -3.697958607977214029e+01 -5.282683920577301961e+00 -3.317147861804333786e+01 -3.622707231393832217e+01 -1.450019311691276158e+01
3.020480304856637588e+01 -7.441933448962355868e+00 -1.206509495905853271e+02 1.212909849931282125e+01 -2.860567131932081253e+01 -4.963635657306183191e+01 1.469208504407846405e+01 -2.807638020969186599e+01 6.384715345405743037e+00 -2.344931865271119520e+01 -3.660196606814400155e+01 -3.356339383054162795e+00
2.442856183135140213e+01 -1.018022806460853857e+01 -1.263984421288496804e+02 -1.767046160962631340e+00 -4.069954980623992924e+01 -6.513005971242058934e+01 3.096438506287207293e+00 -2.926489587429963990e+01 -5.675697550586932039e+00 -2.577108778557785485e+01 -4.522974565250894585e+01 -1.221648527828992847e+01
3.565264183709683721e+01 7.039053039400521294e-01 -1.098630355136995149e+02 1.822601376756932456e+00 -3.403521711257619131e+01 -6.503430125452669586e+01 3.287175075289526127e+00 -2.330503117834136617e+01 -1.564431165632719001e+00 -1.808611536782487761e+01 -3.710853282314332802e+01 -8.622528764415303471e+00
4.517098228814168692e+01 9.373829231469567702e+00 -9.801928903630876277e+01 4.577054709287397216e+00 -3.856473638959835881e+01 -5.575930756127526422e+01 -1.658545947622580385e+01 -2.897921615226282910e+01 -7.869475492218623636e+00 -2.551907743387552330e+01 -1.760574069084310622e+01 -8.544721492578123190e+00
4.553589603499096938e+01 2.600831447803356511e+01 -7.456368508567356912e+01 -2.347650665744167497e+01 -3.171309808325653634e+01 -3.180688335880540407e+01 -3.069463279755902363e+01 -2.059711423390486118e+01 -4.729591084278121471e+00 -3.729229153265740848e+01 -1.132283510071010113e+01 -1.742705901471054375e+01
3.391754935451562858e+01 2.669348022985685631e+01 -7.493314835312645528e+01 -3.193854376539309570e+01 -3.530920315321766623e+01 -2.324646954263803877e+01 -4.208431184660368274e+01 -2.055364837210026963e+01 -1.898099763648312432e+01 -4.451436318579702345e+01 -2.339160076979151981e+01 -2.557291125625265593e+01
1.935798812459680107e+01 6.199277118418834220e+01 -7.766105892513860454e+01 -1.294663161967225529e+00 -4.434956634466043113e+01 -1.226222026271814336e+01 -4.330612226365197870e+01 -1.811690123393368168e+01 -2.506186128861325457e+01 -3.498576506621004256e+01 -1.308173948124947472e+01 -1.287069059325161824e+01
-5.113028039043031825e+00 8.628599008913448642e+01 -8.370742838094750482e+01 1.246209690715641472e+01 -3.549652909974916781e+01 -1.245916264542972662e+01 -3.284248496539161977e+01 -2.162767855643291171e+01 -2.852366126969509708e+01 -2.983206243316846340e+01 -1.790572540756694409e+01 -5.378788650396219673e+00
-3.233168114623664735e+01 1.077911824822472084e+02 -8.671905700718346566e+01 -1.304621456535359325e+00 -2.536736472384374963e+01 -3.013977320198906540e+01 -3.073390156498826542e+01 -2.306069993945462926e+01 -2.206391056154722463e+01 -2.087626075286731719e+01 -1.407533619359747235e+01 -1.647146898952640015e+01
-7.994116761347564193e+01 1.290386612599075136e+02 -8.260108488190152798e+01 -7.108751589292451989e+00 -1.124105342094960669e+01 -3.501893939802138789e+01 -2.641419472170264271e+01 -3.420145012441545784e+00 -1.784391601389327064e+01 -1.131317254010373219e+01 -2.622953104914454059e+01 -1.900463883394702691e+01
-1.184730715675433714e+02 1.317859351237509031e+02 -7.266617904527026894e+01 -1.035616856601710012e+01 -7.740933219806997556e+00 -3.268932698005276194e+01 -1.929164081273592046e+01 -1.256967913173053830e+01 -3.522524787215136399e+01 -1.469768573311000281e+01 -2.524652617228062113e+01 -2.848239927403806249e+01
-1.365532201614848304e+02 1.588182123052620227e+02 -7.021069491809394947e+01 3.821552594791008950e+00 -1.467728337437858244e+01 -3.857200181365203662e+01 -2.749362689116346203e+01 -6.096410740038409326e-01 -3.944532121278271575e+01 -1.513392211018424405e+01 -1.983242195273899711e+01 -2.579770430478416898e+01
-1.334361718338405467e+02 1.264555126575913278e+02 -6.632035713741306893e+01 2.259229667281279319e+01 -1.929395826093708521e+01 -2.034318631688612555e+01 -7.911040271627552301e+00 1.103621032430248761e+01 -3.593267789354398900e+01 -1.628714192162403407e+01 -1.642906260343527691e+01 -1.900531244032567457e+01
-1.353776333257321198e+02 1.105024601783555340e+02 -7.002004427600893166e+01 3.065537311213058302e+01 -4.100686918943027592e+01 -4.147387757609180881e+01 -1.577390719299604704e+01 -4.251368647456393646e+00 -3.174733830858477646e+01 -8.310033031012459048e+00 1.689595079849107950e+00 -5.185899634203234854e-01
-1.351612603858523016e+02 8.710504678874329443e+01 -5.922833832480024796e+01 1.743711295250630755e+01 -3.553290135316267850e+01 -3.763764794273805592e+01 -4.113853069239033822e+00 -4.322138667140835722e+00 -2.331664035001889346e+01 -2.089031615033472633e+01 3.193808587201450777e+00 6.728524797682281289e+00
-1.382252439609256101e+02 6.647758448695189770e+01 -4.029050267652112893e+01 9.805274891412221194e+00 -2.833764900893467598e+01 -3.683771420922978734e+01 5.139990476074988379e+00 -2.086749891862520911e+00 -1.343763271944689919e+01 -1.480239814454005653e+01 9.410918892740260944e+00 6.303351035015785087e-01
-1.296378583680526617e+02 3.495717477446726207e+01 -4.176341592611176168e+01 1.015391224042753571e+01 -2.531894318071624994e+01 -2.913892870820833991e+01 -2.134750994073736408e+01 2.070028867020556440e+00 -7.496130660273256474e+00 -4.820695136617660914e+00 -8.608411381864094380e+00 8.843618757630453686e-01
-1.243440349345456468e+02 3.048922113681384971e+01 -3.854377959884406835e+01 1.242540825049978714e+01 -6.858101528677831293e-01 -2.707282258803094521e+01 -1.975373703486422272e+01 1.173461154883458590e+00 -6.530067960581225073e+00 -5.524219841334723213e+00 -1.478350309729865231e+01 -1.057493601646569559e+01
-1.074461899021404747e+02 5.389148144244645522e+01 -4.733289532718250570e+01 2.092813763881478550e+00 -1.919463034282721026e+01 -9.798993286114571433e+00 -1.195943791082881624e+01 -1.410716961795255386e+01 3.532675903869306300e+00 7.286766856730456432e+00 3.340450344677382777e+00 -3.520774540713899725e+00
-9.451130767921637243e+01 5.660268705674502598e+01 -4.639326425897098716e+01 4.626765410845385063e+00 -8.115107917180623076e+00 -1.248203724970541373e+01 -5.456613769953687409e+00 -2.098053343829230588e+00 -3.803255048651244863e+00 1.455445639777964484e+00 -7.626609243295680685e+00 1.629261197780647930e+00
-1.032816369320175340e+02 3.738164302209868595e+01 -3.687950474751062302e+01 -4.881557519184118732e+00 -9.137873921020222667e+00 -8.690070170205743239e+00 -1.861135174932666914e+01 2.533928648932358474e+00 5.208215379359502073e+00 2.539754672762940313e+00 -2.826152430005522298e+00 1.874789089345364701e+00
-8.056525408970435365e+01 2.730877200816538419e+01 -2.110253465788198213e+01 3.556436760472344361e+01 1.785870831716572127e+01 -3.097918714887955005e+01 -3.799937183495342907e+01 -1.522101436887213666e+01 -2.516889857474663472e+01 -1.056738857000402021e+01 -1.023770633056171775e+00 -1.244349163861615537e+01
4.958549979680823583e+01 3.870641537358770279e+01 -7.736690158949227225e+01 -1.589464058035396476e+01 -1.420926086720763770e+01 -2.002009405058543123e+01 -2.899315854748947174e+01 -1.706592745694086943e+01 -2.117703054263471429e+01 -1.371904558462773593e+01 -1.498698260496288404e+00 -2.525728008362542454e+01
8.496402198246659054e+01 -1.851725469586459738e+01 -8.809281777626250687e+01 -3.285441423105562819e+01 -2.871503072360751574e+01 -2.869913061965698375e+01 -4.603425635258506077e+01 -1.770951956251521153e+01 -2.566229726195950178e+01 -3.418755539768002905e+01 -6.159493166641502704e+00 -3.903027575103227065e+01
7.530681966719754428e+01 -2.764941036034741018e+01 -8.488526117701272256e+01 -2.974416391539684312e+01 -3.505399055108823347e+01 -1.162589228815828157e+01 -2.544183609290006487e+01 -1.018282585383480132e+01 -2.313628502222164585e+01 -3.657778142898832385e+01 7.374124954706328339e+00 -3.650208340818307562e+01
7.505432144926164995e+01 -2.899022152294462984e+01 -7.188938395804149195e+01 -2.501866832150067665e+01 -2.749649091306216775e+01 7.548958005882391298e-01 -2.676501420404370890e+01 -2.737091522529296661e+00 -2.498895214696197797e+01 -4.099855221812473616e+01 1.106489514506969130e+01 -3.331225342146696278e+01
5.683347964241700367e+01 -4.538727048553850807e+01 -6.694425998475537654e+01 -2.824056660787582373e+01 -2.472605713527989835e+01 1.333611745731672116e+01 -1.918093521288861325e+01 3.849811234998639087e+00 -2.990839970133230352e+01 -3.882686727196495724e+01 1.977695231739247106e+00 -4.146769076430130951e+01
3.441773207919030142e+01 -5.628613183246108775e+01 -8.372404569688421816e+01 -3.403260105999176943e+01 -4.548627700267289242e+01 -2.320387992573905045e+00 -3.286156406136148433e+01 -1.091708537694485948e+01 -3.392033666295935035e+01 -4.440352478317679896e+01 -1.159822618079454770e+01 -4.674540708940704548e+01
2.204200217459739708e+00 -4.641472727968412926e+01 -2.931961230604017743e+01 -4.080148572889270042e+01 -2.367177081792311100e+01 5.153520516990783840e-01 -2.298599668989400158e+01 -5.873515540173710470e+00 -2.211905509179176477e+01 -2.352920526310932559e+01 -2.538198670159779624e+01 -2.547265428235701279e+01
7.817163371689031415e+00 -4.177995860602933931e+01 -3.861362663581998333e+01 -2.563678293828036203e+01 -2.712943086509496737e+01 -7.194524099343712287e+00 -3.417308334899421141e+01 -4.256155162353139509e+00 -2.320121914072640479e+01 -3.215576105092533510e+01 -2.648831192897564790e+01 -2.940693815602429950e+01
7.752128201266814678e+00 -3.138948084170056063e+01 -4.307369436969742083e+01 -1.785574217617359238e+01 -2.575451113659475055e+01 -2.770077952238924013e+01 -3.579834518533363052e+01 2.200254009846990044e+00 -3.951206545557102601e+01 -3.208365085067725886e+01 -1.885659434425578951e+01 -2.943644236801629788e+01
2.865216143823268879e+01 -2.220209497004488952e+01 -2.922175020117381194e+01 -1.605793027895061442e+01 -4.163718664451671714e+01 -9.328081847728888931e+00 -2.749588954913227212e+01 1.486090675184256504e+01 -4.265243762137864536e+01 -4.281138150275851473e+01 3.004021630797908404e+00 -3.061772834622994210e+01
4.206040956912190154e+01 -4.912435011829900056e+00 -1.999571586886535357e+01 -1.680609733606988954e+01 -4.030947980763499316e+01 -9.605345010184199950e+00 -3.401915262914496196e+01 5.388404078501715766e+00 -3.334099260590464553e+01 -3.102836254574318531e+01 4.998362194856262875e+00 -3.613637313686378860e+01
6.781717647451654329e+01 6.070700009901494276e+00 -3.009550548478744503e+01 -1.041601301201929353e+01 -3.789618412459221020e+01 -1.408001575659561233e+01 -1.388581781418545091e+01 -6.005553126214463688e+00 -4.098661662645200465e+01 -3.719140864534352886e+01 3.805080556887740606e+00 -4.970199706681461294e+01
9.121481711277897375e+01 2.154453718367911819e+01 -3.330165984164961657e+01 4.402045340056801592e-01 -4.052097368734279570e+01 -2.467072398028424729e+01 -7.612098634312658874e+00 -8.319332676613957034e+00 -2.365394912429907492e+01 -3.517722251003707612e+01 8.336807106674912760e-01 -5.526144661444915585e+01
1.029975762517784688e+02 3.787099388438177527e+01 -2.739833910821817753e+01 -4.133433995311990294e+00 -3.626819626250322415e+01 -2.104221171332250861e+01 -4.876248829209139934e+00 -2.824481768893452127e+01 -3.176141428600887195e+01 -3.079044201521023894e+01 -3.517871421267010579e+00 -5.056580906086063010e+01
1.070014967663838945e+02 4.358865041112858307e+01 -1.848326741820544683e+01 -9.275660257892671012e+00 -4.206172862975252258e+01 -1.643104258444549259e+01 -3.274811953320966751e+00 -3.103583726833365120e+01 -4.715990636286699100e+01 -2.857855147821133812e+01 -1.718392862949142597e+01 -4.411489114584969684e+01
9.553805573647920824e+01 5.371901088093618171e+01 2.512987202340117410e+00 -1.238217881358750816e+01 -4.026681860512780986e+01 -1.598069934132701064e+01 -4.553239509918244110e+00 -2.500791934727514843e+01 -5.396066758783371142e+01 -1.841619064353274382e+01 -1.816197260894417553e+01 -4.918371270315394383e+01
4.310760117464130303e+01 6.221784605089167997e+01 7.504185366944902569e+00 -1.646272368723571589e+01 -3.135847286482685092e+01 -2.332265802429591162e+01 -3.277008224991523377e+01 -6.250952369390931018e+00 -6.935932710250384048e+01 -9.366309209869793762e+00 -2.092272141607732650e+01 -5.729966137790012226e+01
4.455982704941686734e+01 8.348483186785715304e+01 3.394870594480536852e+00 -1.505812403940112887e+01 -2.106677449030524940e+01 -8.081045178646238725e+00 -4.092621765733846217e+01 -8.171782044188237393e+00 -7.787132128448816104e+01 -1.048075682139375076e+01 -1.584792957356557075e+01 -4.401270448681540870e+01
4.653934445482052240e+01 7.270642217647618111e+01 2.813258449669028494e+00 -2.067588948336034349e+01 -3.010557512135984126e+01 -1.588629043197127721e+01 -5.865960717554648340e+01 -2.528503752721806563e+01 -7.699034645584296754e+01 -2.502703145941232776e+01 -1.986671608322910387e+01 -3.361575179236442068e+01
5.037995576620946281e+01 7.473914036910511527e+01 1.076350098009407930e+01 -1.687134736567787741e+01 -2.415722386398184085e+01 -2.303709017039361129e+01 -5.609083984804197343e+01 -2.034777278572251547e+01 -7.167818944622209187e+01 -1.054424442586522659e+01 -2.071434676105111095e+01 -2.414657946208849282e+01
4.203882317798156265e+01 5.270631153777149791e+01 1.905353491297339019e+01 -1.949378518097667978e+01 -4.434305046076239876e+01 -3.214159945553087994e+01 -5.268733963971908452e+01 -4.054361520456789947e+01 -5.699320102811336852e+01 -1.563702060332149024e+01 -2.827035905890651080e+01 -2.830475282617515731e+01
3.432973187835833073e+01 7.743459777690137003e+01 5.789105861262461161e+01 1.626614521289810877e-01 -4.670605600689186332e+01 -7.632145298802583966e+00 -3.294690571676819957e+01 -5.607210701379935358e+01 -6.059361507349525766e+01 -9.128356889947378150e+00 -1.679855432424313477e+01 -2.340681231979856847e+01
2.874566456398819270e+01 6.719939421834985183e+01 4.596825438136767872e+01 -1.151131672663755046e+00 -3.519437575053389367e+01 -9.350863532384197541e+00 -3.166085259775651295e+01 -5.356285081967234163e+01 -4.611174640639303846e+01 -1.773088769718763302e+01 -1.020371343930942842e+01 -1.030833181598666926e+01
2.596283092260517122e+01 6.410747121491971257e+01 3.709046584655499856e+01 -1.546843084851545669e+01 -3.830560012816674487e+01 -2.082546022101704608e+01 -3.477213692114473531e+01 -4.543100238561009263e+01 -4.068994643930867028e+01 -3.873122596863392175e+01 -1.066373787375238891e+01 -2.766681984445476861e+00
2.286838318399179570e+01 5.823848662082705374e+01 5.346008979697617569e+00 -1.368170408597315202e+00 -1.365628621422200162e+01 -2.527922193687874497e+01 -2.659527104147431942e+01 -4.839390643177592466e+01 -5.416187549724066486e+01 -3.617277874787721714e+01 1.546363717624213319e+00 -8.196747014262500741e+00
1.089123665638351923e+01 5.248778921574908907e+01 9.470886304269885869e+00 -7.474956528336716310e+00 -1.402815774549745598e+01 -2.294524035897218539e+01 -2.700925067715881767e+01 -5.681711047424602157e+01 -6.009501462324122656e+01 -4.134133219945282178e+01 -1.511456133551143033e+01 1.180318364663540720e+01
2.334103308213152594e+00 4.541616606958873348e+01 -1.210655279090272263e+00 -9.886897000692812298e+00 -1.942300769632068835e+01 -3.102111259767763585e+01 -3.100731175505976722e+01 -6.160737547971123718e+01 -4.899936442538835024e+01 -3.544174553606460165e+01 -1.729439020778492164e+01 1.380909061480990729e+01
-2.103656612839715390e+00 4.532697621748752681e+01 5.017244276597636166e+00 -3.197165284971169807e+00 -4.624797557063304865e+00 -2.123754090080993961e+01 -2.292118800814079549e+01 -7.139274684420465178e+01 -5.364952332510252830e+01 -5.232208379933841513e+01 -1.862475784103383702e+01 -1.085345620846387860e+00
4.569388347665132022e-02 4.633268368001131421e+01 1.005859955384348048e+01 -7.204643439920968007e+00 -5.831084748580238397e+00 -3.030571059263102285e+01 -3.987749389206735628e+01 -5.298902163945537325e+01 -3.375758287130584279e+01 -4.390146502307450760e+01 -1.636207965302778433e+01 -6.842055223855290080e-01
-6.450122909112881331e+00 3.861838063965498691e+01 1.473089435415352710e+01 -9.324955385848415546e+00 -3.820038944664106317e+00 -3.312550724963304560e+01 -3.328947244187270371e+01 -5.666618099778405337e+01 -3.721149211878007890e+01 -4.528592075272753448e+01 -1.440340078854887729e+01 1.112744527920010640e+01
-2.183072323670692683e+01 3.530826945389471661e+01 1.346821512008108890e+01 -6.748414096330405343e+00 -5.188702661035209829e+00 -3.857245453741643360e+01 -1.676345038333876403e+01 -5.370803439610622831e+01 -2.853266881394675281e+01 -5.173976149454588835e+01 -2.480449342865920670e+01 1.364149559642366505e+01
-2.814519977107015336e+01 1.444188762094870171e+01 -7.255904126378278640e-01 7.560655274169442386e+00 -7.993396995837377617e+00 -4.682596756695325269e+01 -2.479178012546038445e+01 -3.869954851008394314e+01 -3.786370223661928236e+01 -5.445150079228722007e+01 -1.388049828916036255e+01 1.892388136968272505e+01
-4.054965703114625342e+01 5.717937448480703289e+00 7.890582869526914678e+00 1.469721444675625932e+01 -1.441768474260043753e+01 -6.503589970502875417e+01 -3.922301301763241099e+01 -3.273895407167872662e+01 -2.952284287203394442e+01 -5.961104226505639048e+01 -1.005744214281071436e+01 2.353639300126398126e+01
-4.534966522267565381e+01 -1.888333874433745763e+01 1.270480255718027607e+01 2.177896866678430143e+01 -7.704775711229906676e+00 -7.291777353259504935e+01 -4.454877328962000149e+01 -1.852716530648960713e+01 -2.593306334153842840e+01 -5.307538974543357568e+01 -6.509039554917607440e+00 1.933160163099445583e+01
-5.655624655042579718e+01 -2.947003146746771662e+01 8.488904584777646534e+00 1.072517072420226114e+01 6.148504926554460681e+00 -6.297852205939393855e+01 -3.569611507196613331e+01 -4.891253003385085840e+00 -3.364936546684671725e+01 -6.282440423919116768e+01 2.743380107550562386e+00 2.162187081302295155e+01
-4.071728068506019582e+01 -3.489906595423113345e+01 -1.093934284486220765e+00 2.935552550095280466e+01 1.142224957296541099e+01 -6.913242516554700501e+01 -3.957060207586590650e+01 -1.055135738520298361e+01 -4.737878119857735726e+01 -6.435349481274985806e+01 -3.678324978829249581e+00 1.066805552664473211e+01
-5.276594311475409427e+01 -2.635178580427575667e+01 1.095849629082287713e+01 2.424991136584734619e+01 2.857601825652191341e+00 -5.190739353725037120e+01 -3.654123107177341012e+01 -1.168839949509623111e+01 -4.093163134630741240e+01 -5.950059173592937611e+01 -8.765215660611847426e+00 9.850476788156647956e-01
-5.542778845538570920e+01 -2.774517718896981222e+01 1.585378353785223959e+00 1.506532813430501250e+01 4.491745680708187471e+00 -4.244650484304583671e+01 -4.052096982501950606e+01 -7.664707837314679750e+00 -2.926018259184747450e+01 -5.901243675895221941e+01 5.129114670236189610e+00 2.520561038809785437e+00
-7.349170763223605718e+01 -3.539892893589065181e+01 -2.112029168952286895e+01 2.872003060856727785e+01 2.495741098857124030e+01 -3.495224010097670231e+01 -1.413691493328352777e+01 -3.533009989022729780e+00 -2.788974996379913307e+01 -5.365051154608775619e+01 -4.076540716309287049e+00 9.731019730132180356e+00
-6.975283786192244406e+01 -4.477567043884037190e+01 -2.597750229230584296e+01 2.500585757661701791e+01 1.242853913135332888e+01 -2.261734608084217868e+01 -1.283594682156109634e+01 -6.989475010018058043e+00 -2.047430832873927642e+01 -3.762743508398605030e+01 -2.236052302709340189e+00 1.230296110081725480e+01
-6.274967858449262792e+01 -4.080291974409168176e+01 -3.114141000451666486e+01 1.526795228501747026e+01 8.556689145831780863e+00 -2.972470213203537170e+01 -1.382210997276961706e+01 -1.102399073418564157e+01 -2.536035172690916539e+01 -3.763768787568143637e+01 -7.344049139647339075e+00 9.027091634014126953e+00
-5.642021317354981136e+01 -2.643657112575951373e+01 -9.702721851545438980e+00 1.180344522786187333e+01 -6.584207637789052381e-01 -1.756044653744491058e+01 -1.415052688152395888e+01 -1.485933254524475977e+01 -2.401262867286657254e+01 -2.787825760110025541e+01 -1.007333058002249970e+01 7.917823762043312286e+00
-6.646548077091152606e+01 -1.339788331731847393e+01 -9.769417042471934209e+00 1.166507858787140961e+01 -3.340678073224617073e+00 -2.283923595448073485e+01 -1.071497165301714638e+01 -1.054481667758076924e+01 -1.560506067419536613e+01 -2.744994089070082310e+01 -8.893937308755152316e+00 4.819456925747387377e-01
-8.660765442052397134e+01 -1.878792709709008690e+01 -1.350376293657329541e+01 2.058383785756822348e+01 -6.121840286949399967e+00 -4.171755490694175705e+01 -9.520767858154677299e+00 4.499049582359917920e+00 9.048172466757563370e+00 -1.834238178415505161e+01 -1.973879694939655138e+01 -7.132088644907054409e+00
-1.076314476834841969e+02 -4.774297942767942970e+01 -3.147038387859431552e+01 2.424269730009367407e+01 6.330850772799887949e+00 -1.819222171765272122e+01 -8.314961382837680048e+00 5.214927601204104590e+00 1.271331398741278385e+01 -1.029852912092936990e+01 -2.119099025176036122e+01 -1.931696799348145532e+00
-9.118369017560945622e+01 -4.025091890032685171e+01 -1.859402973446259466e+01 2.388482121233495903e+01 1.067531529740151441e+01 -1.720118559521943524e+01 -1.587604575841051613e+01 -6.463139597223599431e-01 1.305155986975348625e+01 -1.619335781258001106e+01 -2.420560988626976595e+01 -1.165161547475787707e+00
-9.745016273870189139e+01 -3.552683630296115780e+01 -1.980697144171372415e+01 1.380088717683475252e+01 7.969395903554143956e+00 -1.481441459818242734e+01 -8.908426211011864382e+00 2.165802473943496409e+01 2.527048197958639619e+01 9.564672472864398367e-01 -1.713909947553677782e+01 -2.728138748676778746e+00
-1.025936056020495073e+02 -3.020428824436323723e+01 -1.867449221132615378e+01 1.080808027370857083e+01 -6.003903503755006810e+00 -1.805515808309542081e+01 -6.691850019651436554e+00 1.856172808029104004e+01 1.060238337377340656e+01 -1.082471152642600565e+01 -9.525079443288113623e+00 5.970907047516750943e+00
