7.366892089033155935e+04
-1.265404021364664892e+06
-1.312430736622429686e+06
-1.302621435842483537e+06
-3.217471024150088779e+05
-3.448344287426453666e+05
-3.413968441238893429e+05
-3.366826695927242981e+05
-1.815263749994541053e+06
-1.940476942916352069e+06
-1.878897512243708363e+06
-1.801023981582167791e+06
-3.350142681661113747e+05
-2.626933913283626898e+05
-2.673332700499389903e+05
-9.363089826337654376e+05
-8.252199319880003168e+04
-2.071850050368300435e+04
-7.010289348329567292e+04
-2.551300608279977314e+04
-8.073032371885795146e+04
-1.111950697580604610e+05
-1.449658600302598497e+05
6.492950582257145288e+04
