-2.965257140414618334e+04
-1.247011588301574346e+06
-1.278677163339457707e+06
-1.287159799899173900e+06
-3.396561144523305702e+05
-3.439408153072043206e+05
-3.400375050785597414e+05
-3.374710347255567904e+05
-1.866020379218844464e+06
-1.872559566231830977e+06
-1.880287913614636753e+06
-1.758424336389692267e+06
-2.064189175694065925e+05
-2.320423847686767112e+05
-1.963363750201036455e+05
-1.888610151592760812e+05
-4.468017655501051922e+04
1.654419378161943314e+04
-2.351590713509426496e+04
-4.917857639755105629e+04
-2.017893789369886799e+05
-1.022965296209068620e+05
-5.891953053410984285e+04
-1.457645498946054431e+05
