-4.985515616337091342e+04
-1.270884353869746206e+06
-1.376713671081869397e+06
-1.331970128432199825e+06
-3.404726259616302559e+05
-3.365647952800349449e+05
-3.408416926289435360e+05
-3.350841973900833982e+05
-1.669419062300708611e+06
-1.758583490543970140e+06
-1.576158403946066508e+06
-1.727171239665908506e+06
-3.864707622022120049e+05
-2.877154764308367739e+05
-3.853730103080029949e+05
-2.157984690867874597e+05
-2.812499508716254422e+04
-7.222654477084045357e+04
-3.850697893562399258e+04
-1.887566733208769074e+04
1.313746121276238227e+04
-3.393248041551279312e+04
-7.636329910943360301e+04
-9.099900622614214080e+04
