1.598076342961750000e+12
1.618212006773666504e+12
1.074482991316250000e+12
2.198355765233333008e+12
1.324751211538416504e+12
1.426494175507500000e+12
1.383804917679250000e+12
1.066609595139333252e+12
5.279158823276667480e+11
5.893493404479166260e+11
7.157256488183332520e+11
8.026781457273332520e+11
1.213638413665666504e+12
1.554659330192000244e+12
1.563972751016750000e+12
1.630324982271666748e+12
2.399276853400833130e+11
2.024741339470000000e+11
1.648988183480833435e+11
1.813187767620000000e+11
1.017908586179500000e+12
1.082646885777666504e+12
1.074832366304333252e+12
1.366730319012666504e+12
