1.752673641316083252e+12
1.503931784989666504e+12
1.583118401293500000e+12
1.683475980919833496e+12
1.504039168412249756e+12
1.509430307799500000e+12
2.191573348165583008e+12
1.201224591388999756e+12
1.331428414708333252e+12
1.186879122883333252e+12
6.916579348010000000e+11
1.494114000798833008e+12
1.431923149941000000e+12
1.376236699125666504e+12
1.822778853149416504e+12
1.361038246503333252e+12
2.552525620728333130e+11
1.894444349152500000e+11
1.883716845915833130e+11
2.841977330648333740e+11
1.125154976795333252e+12
1.084453106153000000e+12
1.318827667870000000e+12
1.001178036054000000e+12
