1.240882670188666504e+12
1.130216367053250000e+12
1.183739395541666504e+12
1.081975903694000000e+12
1.232610133067166748e+12
1.247810071814500000e+12
1.391439269310083496e+12
1.418643538124000000e+12
9.103508030053332520e+11
1.006602483284749756e+12
1.050536275527333374e+12
1.138376617823916748e+12
9.300440688346667480e+11
9.852648869240832520e+11
9.067555309322500000e+11
1.039139666811500000e+12
1.492293346958333130e+11
1.295326050394166565e+11
1.275672416333333130e+11
1.329035052092499847e+11
7.585767070700000000e+11
8.623113928052500000e+11
1.025172277735666626e+12
9.675231853433333740e+11
