1.521053533341000000e+12
8.559353703486666260e+11
1.001249945249250000e+12
1.884897039369333496e+12
1.916160909000916504e+12
1.703333327796833496e+12
2.284294249153666504e+12
1.466860751188166748e+12
3.765488522724167480e+11
8.076270293512500000e+11
1.044713038527333252e+12
1.312687769487333252e+12
1.932758157771666504e+12
2.119896255987999512e+12
2.209440837865000000e+12
2.004273634269166504e+12
2.962006221117500000e+11
2.428361383933333435e+11
1.620910763551666565e+11
1.847914837611666565e+11
1.265929618295500000e+12
1.581064306457333252e+12
1.594550028234000000e+12
1.359051137996750000e+12
