2.439250376823832576e+20
4.772612086569775268e+20
7.185026532684917637e+20
8.867655911188635320e+20
1.090710004822287843e+21
1.273447908423966130e+21
1.527587526486717891e+21
1.615159284652001198e+21
2.178408071936923140e+21
2.684150927539979682e+21
3.688460186270785077e+21
4.264077346682061193e+21
4.430927239141752046e+21
4.630713273683698254e+21
4.882899147487309726e+21
5.166804977193572106e+21
5.188885345148071838e+21
5.209864856453510070e+21
5.231397068479824658e+21
5.252602023606275277e+21
6.668261446948586783e+21
7.099905320753100227e+21
7.439031470635106697e+21
7.768100165651391316e+21
