1.636464301058070938e+20
3.556471250741273559e+20
5.676537890807520952e+20
6.584552346605801964e+20
7.802843487810186117e+20
8.161868776070675169e+20
1.061918989221158584e+21
1.092912719092518224e+21
1.549924590069584495e+21
1.856549329675546526e+21
2.398364082274072265e+21
2.818023854570033119e+21
2.882159794486826238e+21
2.986951290512752509e+21
3.099346402869203960e+21
3.197507962443512938e+21
3.218764307559296270e+21
3.232773003737337692e+21
3.236751141757524640e+21
3.254426305671243235e+21
4.127566453399792124e+21
4.556265300756073021e+21
4.937243460024299160e+21
5.285398521791679300e+21
